[22, 49, 74, 97, 118, 215, 286, 363, 376, 393, 406, 428, 486, 520, 548, 551, 628, 658, 661, 693, 737, 819]
[3, 11, 32, 98, 157, 214, 255, 334, 335, 371, 390, 451, 508, 525, 553, 588, 594, 696, 718, 745, 809, 864]

[22, 49, 74, 97, 118, 215, 286, 363, 376, 393, 406, 428, 486, 520, 548, 551, 628, 658, 661, 693, 737, 819]
[3, 11, 12, 20, 32, 37, 40, 41, 46, 56, 63, 79, 85, 87, 98, 108, 114, 117, 127, 140, 147, 148, 157, 162, 164, 168, 182, 186, 191, 193, 194, 214, 222, 230, 237, 240, 247, 255, 256, 272, 284, 288, 290, 298, 299, 306, 308, 330, 334, 335, 341, 349, 353, 365, 367, 371, 390, 392, 394, 415, 425, 430, 451, 465, 483, 490, 508, 515, 521, 525, 530, 553, 588, 589, 594, 596, 606, 615, 618, 619, 626, 637, 640, 646, 653, 655, 673, 683, 688, 696, 718, 729, 733, 735, 745, 748, 761, 775, 781, 792, 809, 815, 823, 825, 826, 827, 830, 831, 832, 840, 841, 842, 843, 854, 856, 860, 861, 864, 874, 878, 879, 888]

[22, 49, 74, 97, 110, 118, 120, 136, 167, 176, 215, 276, 284, 286, 351, 363, 372, 376, 392, 393, 406, 428, 463, 486, 505, 520, 529, 536, 548, 551, 568, 579, 592, 620, 628, 658, 661, 687, 693, 696, 702, 706, 709, 726, 737, 769, 793, 811, 819, 821, 862]
[3, 11, 12, 20, 32, 37, 40, 41, 46, 56, 63, 79, 85, 87, 98, 108, 114, 117, 127, 140, 147, 148, 157, 162, 164, 168, 182, 186, 191, 193, 194, 214, 222, 230, 237, 240, 247, 255, 256, 272, 284, 288, 290, 298, 299, 306, 308, 330, 334, 335, 341, 349, 353, 365, 367, 371, 390, 392, 394, 415, 425, 430, 451, 465, 483, 490, 508, 515, 521, 525, 530, 553, 588, 589, 594, 596, 606, 615, 618, 619, 626, 637, 640, 646, 653, 655, 673, 683, 688, 696, 718, 729, 733, 735, 745, 748, 761, 775, 781, 792, 809, 815, 823, 825, 826, 827, 830, 831, 832, 840, 841, 842, 843, 854, 856, 860, 861, 864, 874, 878, 879, 888]

[14, 18, 22, 49, 74, 97, 110, 118, 120, 121, 131, 136, 167, 176, 181, 188, 215, 245, 274, 276, 277, 284, 286, 299, 345, 351, 363, 372, 376, 392, 393, 406, 425, 428, 430, 431, 450, 460, 463, 473, 486, 505, 517, 520, 522, 529, 536, 537, 548, 551, 568, 579, 592, 620, 628, 658, 661, 687, 693, 696, 702, 704, 706, 707, 709, 721, 726, 737, 769, 793, 811, 819, 821, 838, 862, 880]
[3, 11, 12, 20, 32, 37, 40, 41, 46, 56, 63, 79, 85, 87, 98, 108, 114, 117, 127, 140, 147, 148, 157, 162, 164, 168, 182, 186, 191, 193, 194, 214, 222, 230, 237, 240, 247, 255, 256, 272, 284, 288, 290, 298, 299, 306, 308, 330, 334, 335, 341, 349, 353, 365, 367, 371, 390, 392, 394, 415, 425, 430, 451, 465, 483, 490, 508, 515, 521, 525, 530, 553, 588, 589, 594, 596, 606, 615, 618, 619, 626, 637, 640, 646, 653, 655, 673, 683, 688, 696, 718, 729, 733, 735, 745, 748, 761, 775, 781, 792, 809, 815, 823, 825, 826, 827, 830, 831, 832, 840, 841, 842, 843, 854, 856, 860, 861, 864, 874, 878, 879, 888]

[6, 14, 18, 22, 36, 49, 62, 68, 74, 95, 97, 110, 116, 118, 120, 121, 127, 131, 136, 167, 176, 181, 182, 188, 190, 215, 224, 245, 270, 274, 276, 277, 284, 286, 299, 345, 351, 363, 372, 376, 382, 392, 393, 395, 396, 406, 425, 428, 430, 431, 442, 450, 460, 463, 466, 473, 486, 499, 505, 517, 520, 521, 522, 529, 536, 537, 548, 551, 568, 579, 592, 620, 625, 628, 658, 661, 687, 693, 696, 702, 704, 705, 706, 707, 709, 721, 726, 727, 737, 769, 770, 793, 811, 819, 821, 823, 834, 838, 862, 880, 885]
[3, 11, 12, 20, 32, 37, 40, 41, 46, 56, 63, 79, 85, 87, 98, 108, 114, 117, 127, 140, 147, 148, 157, 162, 164, 168, 182, 186, 191, 193, 194, 214, 222, 230, 237, 240, 247, 255, 256, 272, 284, 288, 290, 298, 299, 306, 308, 330, 334, 335, 341, 349, 353, 365, 367, 371, 390, 392, 394, 415, 425, 430, 451, 465, 483, 490, 508, 515, 521, 525, 530, 553, 588, 589, 594, 596, 606, 615, 618, 619, 626, 637, 640, 646, 653, 655, 673, 683, 688, 696, 718, 729, 733, 735, 745, 748, 761, 775, 781, 792, 809, 815, 823, 825, 826, 827, 830, 831, 832, 840, 841, 842, 843, 854, 856, 860, 861, 864, 874, 878, 879, 888]

[1, 6, 14, 18, 22, 36, 49, 62, 68, 71, 74, 95, 97, 101, 110, 116, 118, 120, 121, 127, 131, 135, 136, 141, 143, 167, 175, 176, 181, 182, 188, 190, 215, 217, 224, 245, 270, 274, 276, 277, 284, 286, 299, 326, 336, 343, 345, 351, 363, 369, 372, 376, 382, 392, 393, 395, 396, 406, 412, 425, 428, 430, 431, 442, 450, 460, 463, 466, 473, 478, 486, 499, 505, 517, 520, 521, 522, 529, 536, 537, 545, 548, 551, 566, 568, 579, 592, 596, 599, 620, 625, 628, 630, 658, 661, 687, 693, 696, 702, 704, 705, 706, 707, 709, 721, 726, 727, 737, 769, 770, 777, 784, 793, 811, 819, 821, 823, 825, 834, 838, 841, 845, 862, 880, 885, 887]
[3, 11, 12, 20, 32, 37, 40, 41, 46, 56, 63, 79, 85, 87, 98, 108, 114, 117, 127, 140, 147, 148, 157, 162, 164, 168, 182, 186, 191, 193, 194, 214, 222, 230, 237, 240, 247, 255, 256, 272, 284, 288, 290, 298, 299, 306, 308, 330, 334, 335, 341, 349, 353, 365, 367, 371, 390, 392, 394, 415, 425, 430, 451, 465, 483, 490, 508, 515, 521, 525, 530, 553, 588, 589, 594, 596, 606, 615, 618, 619, 626, 637, 640, 646, 653, 655, 673, 683, 688, 696, 718, 729, 733, 735, 745, 748, 761, 775, 781, 792, 809, 815, 823, 825, 826, 827, 830, 831, 832, 840, 841, 842, 843, 854, 856, 860, 861, 864, 874, 878, 879, 888]

[1, 6, 11, 14, 18, 22, 36, 40, 49, 62, 68, 70, 71, 74, 95, 97, 101, 110, 112, 116, 118, 120, 121, 127, 131, 135, 136, 141, 143, 167, 174, 175, 176, 181, 182, 188, 190, 199, 206, 215, 217, 218, 224, 245, 270, 274, 276, 277, 284, 286, 296, 299, 303, 326, 331, 336, 343, 345, 351, 363, 369, 372, 376, 382, 392, 393, 395, 396, 406, 412, 425, 428, 430, 431, 442, 447, 449, 450, 460, 463, 466, 471, 473, 475, 478, 486, 499, 505, 511, 517, 520, 521, 522, 529, 536, 537, 545, 548, 551, 564, 566, 568, 572, 579, 592, 596, 599, 620, 625, 628, 630, 658, 661, 678, 682, 687, 693, 696, 702, 704, 705, 706, 707, 709, 711, 721, 726, 727, 737, 738, 739, 757, 769, 770, 777, 784, 793, 804, 811, 818, 819, 821, 823, 825, 834, 838, 841, 845, 862, 867, 880, 885, 887]
[3, 11, 12, 20, 32, 37, 40, 41, 46, 56, 63, 79, 85, 87, 98, 108, 114, 117, 127, 140, 147, 148, 157, 162, 164, 168, 182, 186, 191, 193, 194, 214, 222, 230, 237, 240, 247, 255, 256, 272, 284, 288, 290, 298, 299, 306, 308, 330, 334, 335, 341, 349, 353, 365, 367, 371, 390, 392, 394, 415, 425, 430, 451, 465, 483, 490, 508, 515, 521, 525, 530, 553, 588, 589, 594, 596, 606, 615, 618, 619, 626, 637, 640, 646, 653, 655, 673, 683, 688, 696, 718, 729, 733, 735, 745, 748, 761, 775, 781, 792, 809, 815, 823, 825, 826, 827, 830, 831, 832, 840, 841, 842, 843, 854, 856, 860, 861, 864, 874, 878, 879, 888]

[1, 6, 7, 11, 14, 18, 22, 29, 34, 36, 40, 49, 51, 62, 68, 70, 71, 74, 95, 97, 101, 110, 112, 116, 118, 120, 121, 127, 131, 132, 135, 136, 141, 143, 151, 158, 167, 171, 174, 175, 176, 181, 182, 184, 188, 190, 196, 199, 204, 206, 215, 217, 218, 224, 244, 245, 270, 274, 276, 277, 284, 286, 296, 299, 303, 326, 331, 336, 343, 345, 351, 363, 369, 372, 376, 382, 392, 393, 395, 396, 406, 412, 425, 428, 429, 430, 431, 442, 447, 448, 449, 450, 460, 461, 463, 466, 471, 473, 475, 478, 486, 496, 499, 505, 511, 517, 520, 521, 522, 529, 531, 536, 537, 545, 548, 551, 564, 566, 568, 572, 575, 578, 579, 582, 592, 595, 596, 599, 620, 625, 628, 630, 634, 638, 658, 661, 671, 678, 682, 687, 693, 696, 702, 704, 705, 706, 707, 709, 711, 719, 721, 726, 727, 734, 737, 738, 739, 757, 769, 770, 777, 778, 784, 793, 797, 804, 811, 814, 818, 819, 821, 823, 825, 834, 838, 841, 845, 862, 867, 880, 885, 887]
[3, 11, 12, 20, 32, 37, 40, 41, 46, 56, 63, 79, 85, 87, 98, 108, 114, 117, 127, 140, 147, 148, 157, 162, 164, 168, 182, 186, 191, 193, 194, 214, 222, 230, 237, 240, 247, 255, 256, 272, 284, 288, 290, 298, 299, 306, 308, 330, 334, 335, 341, 349, 353, 365, 367, 371, 390, 392, 394, 415, 425, 430, 451, 465, 483, 490, 508, 515, 521, 525, 530, 553, 588, 589, 594, 596, 606, 615, 618, 619, 626, 637, 640, 646, 653, 655, 673, 683, 688, 696, 718, 729, 733, 735, 745, 748, 761, 775, 781, 792, 809, 815, 823, 825, 826, 827, 830, 831, 832, 840, 841, 842, 843, 854, 856, 860, 861, 864, 874, 878, 879, 888]

[1, 6, 7, 11, 14, 18, 22, 27, 29, 34, 36, 40, 49, 51, 56, 62, 63, 68, 70, 71, 74, 80, 95, 97, 101, 110, 112, 116, 118, 120, 121, 127, 131, 132, 135, 136, 141, 143, 145, 148, 151, 158, 167, 171, 174, 175, 176, 181, 182, 184, 188, 190, 196, 199, 204, 206, 215, 217, 218, 224, 233, 243, 244, 245, 269, 270, 274, 276, 277, 280, 284, 286, 294, 296, 299, 303, 323, 326, 331, 336, 337, 338, 343, 345, 351, 356, 363, 369, 372, 376, 382, 392, 393, 395, 396, 406, 409, 412, 425, 428, 429, 430, 431, 442, 447, 448, 449, 450, 460, 461, 463, 466, 471, 473, 475, 478, 481, 486, 496, 497, 499, 501, 505, 508, 511, 517, 520, 521, 522, 528, 529, 531, 536, 537, 545, 548, 551, 560, 564, 566, 568, 572, 575, 578, 579, 582, 592, 595, 596, 599, 620, 625, 628, 630, 632, 634, 638, 658, 661, 671, 678, 682, 687, 693, 696, 700, 702, 704, 705, 706, 707, 708, 709, 711, 719, 721, 726, 727, 734, 737, 738, 739, 757, 769, 770, 777, 778, 784, 793, 797, 802, 804, 811, 814, 818, 819, 821, 823, 825, 834, 836, 838, 841, 845, 851, 862, 867, 880, 885, 887]
[3, 11, 12, 20, 32, 37, 40, 41, 46, 56, 63, 79, 85, 87, 98, 108, 114, 117, 127, 140, 147, 148, 157, 162, 164, 168, 182, 186, 191, 193, 194, 214, 222, 230, 237, 240, 247, 255, 256, 272, 284, 288, 290, 298, 299, 306, 308, 330, 334, 335, 341, 349, 353, 365, 367, 371, 390, 392, 394, 415, 425, 430, 451, 465, 483, 490, 508, 515, 521, 525, 530, 553, 588, 589, 594, 596, 606, 615, 618, 619, 626, 637, 640, 646, 653, 655, 673, 683, 688, 696, 718, 729, 733, 735, 745, 748, 761, 775, 781, 792, 809, 815, 823, 825, 826, 827, 830, 831, 832, 840, 841, 842, 843, 854, 856, 860, 861, 864, 874, 878, 879, 888]

[1, 6, 7, 11, 14, 18, 22, 27, 29, 34, 36, 40, 49, 51, 56, 62, 63, 68, 70, 71, 74, 77, 80, 83, 88, 95, 97, 101, 110, 112, 116, 118, 120, 121, 127, 131, 132, 135, 136, 137, 139, 141, 143, 144, 145, 148, 151, 157, 158, 167, 171, 174, 175, 176, 181, 182, 184, 188, 190, 196, 199, 204, 206, 209, 212, 215, 217, 218, 224, 226, 233, 243, 244, 245, 251, 269, 270, 274, 276, 277, 280, 284, 286, 287, 294, 296, 299, 303, 304, 313, 323, 326, 331, 336, 337, 338, 343, 345, 346, 351, 355, 356, 363, 369, 372, 376, 381, 382, 392, 393, 395, 396, 406, 409, 412, 425, 428, 429, 430, 431, 442, 447, 448, 449, 450, 460, 461, 463, 466, 471, 473, 475, 478, 481, 482, 486, 496, 497, 499, 501, 503, 505, 508, 511, 516, 517, 520, 521, 522, 528, 529, 531, 536, 537, 545, 548, 551, 555, 560, 564, 566, 568, 572, 575, 578, 579, 582, 592, 595, 596, 599, 614, 620, 625, 628, 630, 632, 634, 638, 645, 658, 661, 666, 671, 678, 682, 687, 693, 696, 700, 702, 704, 705, 706, 707, 708, 709, 711, 719, 721, 726, 727, 734, 737, 738, 739, 757, 769, 770, 772, 777, 778, 784, 793, 797, 802, 804, 811, 814, 818, 819, 821, 823, 825, 834, 836, 838, 841, 845, 851, 862, 867, 880, 885, 887]
[3, 11, 12, 20, 32, 37, 40, 41, 46, 56, 63, 79, 85, 87, 98, 108, 114, 117, 127, 140, 147, 148, 157, 162, 164, 168, 182, 186, 191, 193, 194, 214, 222, 230, 237, 240, 247, 255, 256, 272, 284, 288, 290, 298, 299, 306, 308, 330, 334, 335, 341, 349, 353, 365, 367, 371, 390, 392, 394, 415, 425, 430, 451, 465, 483, 490, 508, 515, 521, 525, 530, 553, 588, 589, 594, 596, 606, 615, 618, 619, 626, 637, 640, 646, 653, 655, 673, 683, 688, 696, 718, 729, 733, 735, 745, 748, 761, 775, 781, 792, 809, 815, 823, 825, 826, 827, 830, 831, 832, 840, 841, 842, 843, 854, 856, 860, 861, 864, 874, 878, 879, 888]

[0, 1, 6, 7, 11, 14, 18, 22, 27, 29, 34, 36, 37, 40, 49, 51, 56, 62, 63, 68, 70, 71, 74, 77, 80, 83, 88, 94, 95, 97, 101, 109, 110, 112, 116, 118, 120, 121, 127, 131, 132, 135, 136, 137, 139, 141, 143, 144, 145, 148, 151, 157, 158, 163, 167, 171, 174, 175, 176, 181, 182, 184, 188, 190, 196, 199, 204, 206, 209, 212, 215, 216, 217, 218, 224, 226, 233, 241, 243, 244, 245, 246, 251, 252, 261, 268, 269, 270, 274, 276, 277, 280, 284, 286, 287, 294, 296, 299, 300, 303, 304, 313, 314, 323, 326, 331, 336, 337, 338, 343, 345, 346, 351, 355, 356, 363, 369, 372, 376, 381, 382, 392, 393, 395, 396, 401, 406, 409, 412, 425, 428, 429, 430, 431, 442, 446, 447, 448, 449, 450, 457, 460, 461, 463, 466, 471, 473, 475, 478, 479, 481, 482, 486, 496, 497, 499, 501, 503, 505, 508, 511, 516, 517, 520, 521, 522, 528, 529, 531, 536, 537, 545, 548, 551, 555, 560, 561, 564, 566, 568, 572, 573, 575, 578, 579, 582, 592, 595, 596, 599, 610, 614, 620, 625, 628, 630, 632, 634, 638, 645, 650, 654, 658, 661, 666, 671, 678, 682, 687, 693, 696, 700, 702, 704, 705, 706, 707, 708, 709, 711, 719, 721, 726, 727, 734, 737, 738, 739, 752, 757, 769, 770, 772, 777, 778, 784, 793, 797, 802, 804, 811, 814, 817, 818, 819, 821, 823, 825, 829, 834, 836, 838, 841, 845, 851, 862, 867, 880, 885, 887]
[3, 11, 12, 20, 32, 37, 40, 41, 46, 56, 63, 79, 85, 87, 98, 108, 114, 117, 127, 140, 147, 148, 157, 162, 164, 168, 182, 186, 191, 193, 194, 214, 222, 230, 237, 240, 247, 255, 256, 272, 284, 288, 290, 298, 299, 306, 308, 330, 334, 335, 341, 349, 353, 365, 367, 371, 390, 392, 394, 415, 425, 430, 451, 465, 483, 490, 508, 515, 521, 525, 530, 553, 588, 589, 594, 596, 606, 615, 618, 619, 626, 637, 640, 646, 653, 655, 673, 683, 688, 696, 718, 729, 733, 735, 745, 748, 761, 775, 781, 792, 809, 815, 823, 825, 826, 827, 830, 831, 832, 840, 841, 842, 843, 854, 856, 860, 861, 864, 874, 878, 879, 888]

[0, 1, 5, 6, 7, 11, 14, 18, 22, 27, 29, 31, 34, 36, 37, 40, 49, 50, 51, 56, 58, 62, 63, 68, 70, 71, 74, 77, 80, 83, 88, 94, 95, 97, 100, 101, 109, 110, 112, 116, 118, 120, 121, 127, 131, 132, 135, 136, 137, 139, 141, 143, 144, 145, 148, 151, 157, 158, 163, 167, 171, 174, 175, 176, 178, 179, 181, 182, 184, 188, 190, 196, 199, 204, 206, 209, 212, 215, 216, 217, 218, 224, 226, 233, 241, 243, 244, 245, 246, 251, 252, 261, 268, 269, 270, 274, 276, 277, 280, 284, 286, 287, 291, 294, 296, 298, 299, 300, 303, 304, 313, 314, 323, 326, 331, 336, 337, 338, 342, 343, 345, 346, 351, 355, 356, 363, 366, 369, 372, 376, 380, 381, 382, 392, 393, 395, 396, 401, 406, 409, 412, 417, 425, 428, 429, 430, 431, 442, 446, 447, 448, 449, 450, 454, 457, 460, 461, 463, 466, 471, 473, 475, 478, 479, 481, 482, 486, 492, 496, 497, 499, 501, 503, 505, 508, 511, 516, 517, 520, 521, 522, 523, 528, 529, 531, 534, 536, 537, 545, 548, 551, 555, 560, 561, 564, 566, 568, 572, 573, 575, 578, 579, 582, 592, 595, 596, 599, 605, 610, 614, 620, 625, 628, 630, 632, 634, 638, 645, 648, 650, 654, 658, 661, 666, 671, 678, 682, 687, 693, 696, 700, 702, 704, 705, 706, 707, 708, 709, 711, 719, 721, 723, 726, 727, 734, 737, 738, 739, 748, 751, 752, 757, 767, 769, 770, 772, 777, 778, 784, 793, 797, 802, 804, 811, 814, 817, 818, 819, 821, 823, 825, 829, 834, 836, 838, 841, 845, 851, 862, 867, 870, 876, 880, 885, 887]
[3, 11, 12, 20, 32, 37, 40, 41, 46, 56, 63, 79, 85, 87, 98, 108, 114, 117, 127, 140, 147, 148, 157, 162, 164, 168, 182, 186, 191, 193, 194, 214, 222, 230, 237, 240, 247, 255, 256, 272, 284, 288, 290, 298, 299, 306, 308, 330, 334, 335, 341, 349, 353, 365, 367, 371, 390, 392, 394, 415, 425, 430, 451, 465, 483, 490, 508, 515, 521, 525, 530, 553, 588, 589, 594, 596, 606, 615, 618, 619, 626, 637, 640, 646, 653, 655, 673, 683, 688, 696, 718, 729, 733, 735, 745, 748, 761, 775, 781, 792, 809, 815, 823, 825, 826, 827, 830, 831, 832, 840, 841, 842, 843, 854, 856, 860, 861, 864, 874, 878, 879, 888]

[0, 1, 5, 6, 7, 11, 12, 14, 18, 22, 27, 29, 30, 31, 34, 36, 37, 38, 40, 49, 50, 51, 56, 58, 62, 63, 66, 68, 70, 71, 74, 77, 80, 83, 88, 94, 95, 97, 100, 101, 109, 110, 112, 116, 118, 120, 121, 127, 131, 132, 135, 136, 137, 139, 141, 143, 144, 145, 148, 150, 151, 157, 158, 163, 167, 171, 174, 175, 176, 178, 179, 181, 182, 184, 188, 190, 196, 199, 204, 206, 209, 212, 215, 216, 217, 218, 224, 226, 233, 241, 243, 244, 245, 246, 249, 251, 252, 261, 268, 269, 270, 274, 276, 277, 280, 284, 286, 287, 291, 294, 296, 298, 299, 300, 303, 304, 313, 314, 323, 326, 331, 336, 337, 338, 342, 343, 345, 346, 351, 355, 356, 363, 366, 369, 372, 376, 380, 381, 382, 392, 393, 395, 396, 397, 401, 406, 408, 409, 412, 417, 420, 425, 428, 429, 430, 431, 442, 446, 447, 448, 449, 450, 454, 457, 460, 461, 463, 466, 471, 473, 475, 478, 479, 481, 482, 485, 486, 492, 496, 497, 499, 501, 503, 505, 508, 511, 516, 517, 520, 521, 522, 523, 526, 528, 529, 531, 534, 536, 537, 545, 547, 548, 551, 555, 560, 561, 564, 566, 568, 570, 572, 573, 574, 575, 578, 579, 580, 582, 592, 595, 596, 599, 605, 606, 610, 614, 620, 624, 625, 628, 630, 632, 634, 638, 643, 645, 648, 650, 654, 658, 661, 666, 671, 678, 682, 687, 693, 696, 700, 702, 704, 705, 706, 707, 708, 709, 711, 719, 721, 723, 725, 726, 727, 734, 737, 738, 739, 742, 748, 750, 751, 752, 757, 763, 767, 769, 770, 772, 777, 778, 784, 791, 793, 797, 802, 804, 811, 814, 817, 818, 819, 821, 823, 825, 829, 834, 835, 836, 838, 841, 845, 851, 859, 862, 867, 870, 876, 880, 885, 887]
[3, 11, 12, 20, 32, 37, 40, 41, 46, 56, 63, 79, 85, 87, 98, 108, 114, 117, 127, 140, 147, 148, 157, 162, 164, 168, 182, 186, 191, 193, 194, 214, 222, 230, 237, 240, 247, 255, 256, 272, 284, 288, 290, 298, 299, 306, 308, 330, 334, 335, 341, 349, 353, 365, 367, 371, 390, 392, 394, 415, 425, 430, 451, 465, 483, 490, 508, 515, 521, 525, 530, 553, 588, 589, 594, 596, 606, 615, 618, 619, 626, 637, 640, 646, 653, 655, 673, 683, 688, 696, 718, 729, 733, 735, 745, 748, 761, 775, 781, 792, 809, 815, 823, 825, 826, 827, 830, 831, 832, 840, 841, 842, 843, 854, 856, 860, 861, 864, 874, 878, 879, 888]

[0, 1, 5, 6, 7, 11, 12, 13, 14, 18, 22, 27, 29, 30, 31, 34, 36, 37, 38, 40, 49, 50, 51, 56, 58, 62, 63, 66, 68, 70, 71, 74, 77, 80, 83, 87, 88, 94, 95, 97, 100, 101, 109, 110, 112, 115, 116, 118, 120, 121, 126, 127, 131, 132, 135, 136, 137, 139, 141, 143, 144, 145, 148, 150, 151, 157, 158, 161, 163, 167, 171, 174, 175, 176, 178, 179, 181, 182, 184, 188, 190, 191, 196, 199, 204, 206, 209, 212, 215, 216, 217, 218, 224, 226, 227, 233, 241, 243, 244, 245, 246, 249, 251, 252, 257, 261, 267, 268, 269, 270, 274, 276, 277, 280, 284, 286, 287, 291, 294, 296, 298, 299, 300, 303, 304, 313, 314, 316, 323, 326, 331, 333, 336, 337, 338, 342, 343, 345, 346, 351, 355, 356, 358, 363, 366, 369, 372, 376, 380, 381, 382, 384, 392, 393, 395, 396, 397, 401, 406, 408, 409, 412, 417, 420, 425, 426, 428, 429, 430, 431, 442, 446, 447, 448, 449, 450, 454, 457, 460, 461, 463, 466, 469, 471, 473, 475, 478, 479, 481, 482, 485, 486, 487, 492, 496, 497, 499, 501, 503, 505, 508, 511, 516, 517, 520, 521, 522, 523, 525, 526, 528, 529, 531, 534, 536, 537, 545, 547, 548, 551, 555, 560, 561, 564, 566, 568, 570, 572, 573, 574, 575, 578, 579, 580, 582, 592, 595, 596, 599, 605, 606, 610, 614, 620, 624, 625, 626, 628, 630, 631, 632, 634, 638, 643, 645, 648, 650, 654, 658, 661, 666, 671, 677, 678, 682, 687, 693, 696, 700, 702, 704, 705, 706, 707, 708, 709, 711, 719, 721, 723, 725, 726, 727, 734, 737, 738, 739, 742, 748, 750, 751, 752, 757, 763, 767, 769, 770, 772, 777, 778, 784, 791, 793, 797, 802, 804, 811, 814, 817, 818, 819, 821, 823, 825, 827, 829, 832, 834, 835, 836, 838, 841, 843, 845, 851, 857, 859, 862, 867, 870, 873, 876, 880, 885, 887]
[3, 11, 12, 20, 32, 37, 40, 41, 46, 56, 63, 79, 85, 87, 98, 108, 114, 117, 127, 140, 147, 148, 157, 162, 164, 168, 182, 186, 191, 193, 194, 214, 222, 230, 237, 240, 247, 255, 256, 272, 284, 288, 290, 298, 299, 306, 308, 330, 334, 335, 341, 349, 353, 365, 367, 371, 390, 392, 394, 415, 425, 430, 451, 465, 483, 490, 508, 515, 521, 525, 530, 553, 588, 589, 594, 596, 606, 615, 618, 619, 626, 637, 640, 646, 653, 655, 673, 683, 688, 696, 718, 729, 733, 735, 745, 748, 761, 775, 781, 792, 809, 815, 823, 825, 826, 827, 830, 831, 832, 840, 841, 842, 843, 854, 856, 860, 861, 864, 874, 878, 879, 888]

[0, 1, 2, 5, 6, 7, 11, 12, 13, 14, 18, 22, 27, 29, 30, 31, 34, 36, 37, 38, 40, 49, 50, 51, 56, 58, 62, 63, 66, 68, 70, 71, 74, 77, 80, 83, 87, 88, 94, 95, 97, 100, 101, 109, 110, 112, 115, 116, 118, 120, 121, 126, 127, 131, 132, 134, 135, 136, 137, 139, 141, 143, 144, 145, 148, 150, 151, 157, 158, 159, 161, 163, 167, 171, 174, 175, 176, 177, 178, 179, 181, 182, 184, 188, 190, 191, 196, 199, 204, 206, 209, 212, 215, 216, 217, 218, 224, 226, 227, 233, 241, 243, 244, 245, 246, 249, 251, 252, 257, 261, 267, 268, 269, 270, 274, 276, 277, 280, 284, 286, 287, 291, 294, 296, 298, 299, 300, 303, 304, 313, 314, 316, 322, 323, 326, 331, 333, 336, 337, 338, 342, 343, 345, 346, 348, 350, 351, 355, 356, 358, 363, 364, 366, 369, 372, 376, 380, 381, 382, 384, 387, 388, 392, 393, 395, 396, 397, 398, 401, 402, 406, 408, 409, 412, 415, 417, 420, 425, 426, 428, 429, 430, 431, 442, 446, 447, 448, 449, 450, 454, 457, 460, 461, 463, 466, 469, 471, 473, 475, 478, 479, 481, 482, 485, 486, 487, 492, 495, 496, 497, 499, 501, 503, 504, 505, 508, 511, 516, 517, 520, 521, 522, 523, 525, 526, 528, 529, 531, 534, 536, 537, 541, 545, 547, 548, 551, 555, 560, 561, 564, 566, 568, 570, 572, 573, 574, 575, 577, 578, 579, 580, 582, 592, 595, 596, 599, 605, 606, 610, 611, 614, 620, 623, 624, 625, 626, 628, 630, 631, 632, 634, 638, 643, 645, 648, 650, 654, 658, 661, 666, 671, 675, 677, 678, 682, 687, 693, 696, 700, 702, 704, 705, 706, 707, 708, 709, 711, 713, 719, 721, 723, 725, 726, 727, 729, 734, 737, 738, 739, 742, 748, 750, 751, 752, 757, 758, 763, 767, 769, 770, 772, 777, 778, 784, 791, 793, 797, 802, 804, 811, 814, 817, 818, 819, 820, 821, 823, 825, 827, 829, 832, 834, 835, 836, 838, 841, 842, 843, 845, 851, 857, 859, 862, 867, 870, 873, 876, 880, 885, 887]
[3, 11, 12, 20, 32, 37, 40, 41, 46, 56, 63, 79, 85, 87, 98, 108, 114, 117, 127, 140, 147, 148, 157, 162, 164, 168, 182, 186, 191, 193, 194, 214, 222, 230, 237, 240, 247, 255, 256, 272, 284, 288, 290, 298, 299, 306, 308, 330, 334, 335, 341, 349, 353, 365, 367, 371, 390, 392, 394, 415, 425, 430, 451, 465, 483, 490, 508, 515, 521, 525, 530, 553, 588, 589, 594, 596, 606, 615, 618, 619, 626, 637, 640, 646, 653, 655, 673, 683, 688, 696, 718, 729, 733, 735, 745, 748, 761, 775, 781, 792, 809, 815, 823, 825, 826, 827, 830, 831, 832, 840, 841, 842, 843, 854, 856, 860, 861, 864, 874, 878, 879, 888]

[0, 1, 2, 5, 6, 7, 11, 12, 13, 14, 18, 22, 24, 27, 29, 30, 31, 34, 36, 37, 38, 40, 49, 50, 51, 56, 58, 62, 63, 66, 68, 70, 71, 74, 76, 77, 80, 83, 87, 88, 89, 94, 95, 97, 98, 100, 101, 109, 110, 112, 115, 116, 118, 120, 121, 126, 127, 131, 132, 134, 135, 136, 137, 139, 141, 143, 144, 145, 148, 150, 151, 157, 158, 159, 161, 163, 167, 171, 174, 175, 176, 177, 178, 179, 181, 182, 184, 186, 188, 190, 191, 196, 199, 204, 206, 209, 211, 212, 215, 216, 217, 218, 224, 226, 227, 233, 236, 241, 243, 244, 245, 246, 247, 249, 251, 252, 254, 257, 261, 267, 268, 269, 270, 274, 276, 277, 280, 284, 286, 287, 291, 294, 296, 298, 299, 300, 303, 304, 313, 314, 316, 322, 323, 326, 328, 331, 333, 336, 337, 338, 342, 343, 345, 346, 348, 350, 351, 355, 356, 358, 363, 364, 366, 367, 369, 372, 376, 380, 381, 382, 384, 387, 388, 392, 393, 395, 396, 397, 398, 401, 402, 406, 408, 409, 412, 415, 417, 420, 425, 426, 428, 429, 430, 431, 442, 446, 447, 448, 449, 450, 454, 457, 460, 461, 462, 463, 466, 469, 471, 473, 475, 478, 479, 481, 482, 485, 486, 487, 492, 495, 496, 497, 499, 500, 501, 503, 504, 505, 508, 511, 516, 517, 520, 521, 522, 523, 525, 526, 528, 529, 531, 534, 535, 536, 537, 541, 545, 547, 548, 551, 555, 559, 560, 561, 564, 566, 568, 570, 572, 573, 574, 575, 577, 578, 579, 580, 582, 592, 595, 596, 599, 605, 606, 610, 611, 614, 620, 623, 624, 625, 626, 628, 630, 631, 632, 634, 638, 643, 645, 648, 650, 654, 658, 661, 662, 666, 671, 675, 677, 678, 682, 687, 688, 693, 696, 700, 702, 704, 705, 706, 707, 708, 709, 711, 713, 716, 719, 721, 723, 724, 725, 726, 727, 729, 731, 734, 737, 738, 739, 742, 748, 750, 751, 752, 757, 758, 763, 767, 769, 770, 772, 777, 778, 783, 784, 791, 793, 796, 797, 802, 804, 811, 814, 817, 818, 819, 820, 821, 823, 825, 827, 829, 832, 834, 835, 836, 838, 841, 842, 843, 845, 851, 857, 859, 862, 867, 869, 870, 873, 876, 880, 884, 885, 886, 887]
[3, 11, 12, 20, 32, 37, 40, 41, 46, 56, 63, 79, 85, 87, 98, 108, 114, 117, 127, 140, 147, 148, 157, 162, 164, 168, 182, 186, 191, 193, 194, 214, 222, 230, 237, 240, 247, 255, 256, 272, 284, 288, 290, 298, 299, 306, 308, 330, 334, 335, 341, 349, 353, 365, 367, 371, 390, 392, 394, 415, 425, 430, 451, 465, 483, 490, 508, 515, 521, 525, 530, 553, 588, 589, 594, 596, 606, 615, 618, 619, 626, 637, 640, 646, 653, 655, 673, 683, 688, 696, 718, 729, 733, 735, 745, 748, 761, 775, 781, 792, 809, 815, 823, 825, 826, 827, 830, 831, 832, 840, 841, 842, 843, 854, 856, 860, 861, 864, 874, 878, 879, 888]

[0, 1, 2, 5, 6, 7, 11, 12, 13, 14, 16, 18, 22, 24, 27, 29, 30, 31, 32, 34, 36, 37, 38, 40, 43, 49, 50, 51, 56, 58, 62, 63, 66, 68, 70, 71, 74, 76, 77, 78, 80, 83, 87, 88, 89, 90, 93, 94, 95, 97, 98, 100, 101, 109, 110, 112, 114, 115, 116, 118, 120, 121, 126, 127, 131, 132, 134, 135, 136, 137, 139, 141, 143, 144, 145, 146, 148, 150, 151, 157, 158, 159, 161, 163, 165, 167, 171, 174, 175, 176, 177, 178, 179, 181, 182, 184, 186, 188, 190, 191, 196, 199, 204, 206, 209, 211, 212, 215, 216, 217, 218, 224, 226, 227, 233, 236, 241, 243, 244, 245, 246, 247, 249, 251, 252, 254, 257, 261, 267, 268, 269, 270, 271, 274, 276, 277, 280, 284, 286, 287, 291, 294, 296, 298, 299, 300, 303, 304, 313, 314, 316, 322, 323, 326, 328, 329, 331, 333, 336, 337, 338, 340, 342, 343, 345, 346, 348, 350, 351, 355, 356, 358, 363, 364, 366, 367, 369, 372, 376, 380, 381, 382, 384, 385, 387, 388, 392, 393, 395, 396, 397, 398, 401, 402, 406, 408, 409, 412, 415, 417, 420, 425, 426, 428, 429, 430, 431, 437, 442, 446, 447, 448, 449, 450, 454, 455, 457, 460, 461, 462, 463, 466, 469, 471, 473, 475, 478, 479, 481, 482, 485, 486, 487, 492, 494, 495, 496, 497, 499, 500, 501, 503, 504, 505, 508, 511, 516, 517, 520, 521, 522, 523, 525, 526, 528, 529, 530, 531, 534, 535, 536, 537, 541, 545, 547, 548, 549, 551, 555, 559, 560, 561, 564, 566, 568, 570, 572, 573, 574, 575, 577, 578, 579, 580, 582, 590, 592, 595, 596, 599, 602, 605, 606, 610, 611, 613, 614, 620, 623, 624, 625, 626, 628, 630, 631, 632, 634, 638, 641, 643, 645, 648, 650, 654, 658, 661, 662, 666, 671, 675, 677, 678, 682, 687, 688, 693, 696, 698, 700, 702, 704, 705, 706, 707, 708, 709, 711, 713, 716, 718, 719, 721, 723, 724, 725, 726, 727, 729, 731, 734, 737, 738, 739, 742, 748, 750, 751, 752, 757, 758, 760, 763, 767, 769, 770, 772, 777, 778, 783, 784, 791, 793, 796, 797, 802, 804, 811, 814, 817, 818, 819, 820, 821, 823, 825, 827, 829, 832, 834, 835, 836, 838, 841, 842, 843, 845, 851, 857, 859, 862, 867, 869, 870, 873, 876, 880, 884, 885, 886, 887]
[3, 11, 12, 20, 32, 37, 40, 41, 46, 56, 63, 79, 85, 87, 98, 108, 114, 117, 127, 140, 147, 148, 157, 162, 164, 168, 182, 186, 191, 193, 194, 214, 222, 230, 237, 240, 247, 255, 256, 272, 284, 288, 290, 298, 299, 306, 308, 330, 334, 335, 341, 349, 353, 365, 367, 371, 390, 392, 394, 415, 425, 430, 451, 465, 483, 490, 508, 515, 521, 525, 530, 553, 588, 589, 594, 596, 606, 615, 618, 619, 626, 637, 640, 646, 653, 655, 673, 683, 688, 696, 718, 729, 733, 735, 745, 748, 761, 775, 781, 792, 809, 815, 823, 825, 826, 827, 830, 831, 832, 840, 841, 842, 843, 854, 856, 860, 861, 864, 874, 878, 879, 888]

[0, 1, 2, 5, 6, 7, 11, 12, 13, 14, 16, 18, 22, 24, 27, 29, 30, 31, 32, 34, 36, 37, 38, 40, 43, 49, 50, 51, 56, 58, 62, 63, 66, 68, 70, 71, 74, 76, 77, 78, 80, 83, 87, 88, 89, 90, 93, 94, 95, 97, 98, 100, 101, 109, 110, 112, 114, 115, 116, 118, 120, 121, 126, 127, 129, 131, 132, 134, 135, 136, 137, 139, 141, 143, 144, 145, 146, 148, 150, 151, 157, 158, 159, 161, 163, 165, 167, 171, 173, 174, 175, 176, 177, 178, 179, 181, 182, 184, 186, 188, 190, 191, 196, 199, 204, 206, 209, 211, 212, 215, 216, 217, 218, 224, 225, 226, 227, 233, 236, 241, 243, 244, 245, 246, 247, 249, 251, 252, 254, 257, 261, 267, 268, 269, 270, 271, 274, 276, 277, 280, 284, 286, 287, 291, 294, 296, 298, 299, 300, 303, 304, 313, 314, 316, 320, 322, 323, 326, 328, 329, 331, 333, 336, 337, 338, 340, 342, 343, 345, 346, 348, 350, 351, 355, 356, 358, 359, 363, 364, 366, 367, 369, 371, 372, 376, 380, 381, 382, 384, 385, 387, 388, 392, 393, 395, 396, 397, 398, 400, 401, 402, 406, 408, 409, 412, 415, 417, 420, 425, 426, 428, 429, 430, 431, 437, 441, 442, 446, 447, 448, 449, 450, 454, 455, 457, 460, 461, 462, 463, 466, 469, 471, 473, 475, 478, 479, 481, 482, 485, 486, 487, 490, 492, 494, 495, 496, 497, 498, 499, 500, 501, 503, 504, 505, 508, 511, 516, 517, 520, 521, 522, 523, 525, 526, 528, 529, 530, 531, 534, 535, 536, 537, 541, 543, 545, 547, 548, 549, 550, 551, 555, 559, 560, 561, 564, 566, 568, 570, 572, 573, 574, 575, 577, 578, 579, 580, 582, 590, 592, 595, 596, 599, 600, 602, 605, 606, 610, 611, 613, 614, 620, 623, 624, 625, 626, 628, 630, 631, 632, 634, 636, 638, 641, 643, 645, 648, 650, 654, 658, 661, 662, 666, 671, 675, 677, 678, 679, 682, 687, 688, 689, 693, 696, 698, 700, 701, 702, 704, 705, 706, 707, 708, 709, 711, 713, 716, 718, 719, 721, 723, 724, 725, 726, 727, 729, 731, 734, 737, 738, 739, 740, 742, 746, 748, 750, 751, 752, 757, 758, 760, 763, 765, 767, 769, 770, 772, 777, 778, 783, 784, 791, 793, 796, 797, 802, 804, 810, 811, 814, 817, 818, 819, 820, 821, 823, 825, 827, 829, 832, 834, 835, 836, 838, 841, 842, 843, 845, 847, 850, 851, 857, 859, 862, 864, 867, 869, 870, 873, 876, 879, 880, 884, 885, 886, 887]
[3, 11, 12, 20, 32, 37, 40, 41, 46, 56, 63, 79, 85, 87, 98, 108, 114, 117, 127, 140, 147, 148, 157, 162, 164, 168, 182, 186, 191, 193, 194, 214, 222, 230, 237, 240, 247, 255, 256, 272, 284, 288, 290, 298, 299, 306, 308, 330, 334, 335, 341, 349, 353, 365, 367, 371, 390, 392, 394, 415, 425, 430, 451, 465, 483, 490, 508, 515, 521, 525, 530, 553, 588, 589, 594, 596, 606, 615, 618, 619, 626, 637, 640, 646, 653, 655, 673, 683, 688, 696, 718, 729, 733, 735, 745, 748, 761, 775, 781, 792, 809, 815, 823, 825, 826, 827, 830, 831, 832, 840, 841, 842, 843, 854, 856, 860, 861, 864, 874, 878, 879, 888]

[0, 1, 2, 4, 5, 6, 7, 9, 11, 12, 13, 14, 16, 18, 22, 24, 25, 27, 29, 30, 31, 32, 33, 34, 36, 37, 38, 40, 42, 43, 47, 49, 50, 51, 56, 58, 62, 63, 66, 68, 70, 71, 74, 76, 77, 78, 80, 83, 85, 87, 88, 89, 90, 93, 94, 95, 96, 97, 98, 100, 101, 109, 110, 112, 114, 115, 116, 118, 120, 121, 126, 127, 128, 129, 131, 132, 134, 135, 136, 137, 139, 141, 143, 144, 145, 146, 148, 150, 151, 157, 158, 159, 161, 163, 165, 167, 171, 173, 174, 175, 176, 177, 178, 179, 181, 182, 184, 186, 188, 190, 191, 193, 196, 199, 204, 206, 209, 211, 212, 215, 216, 217, 218, 224, 225, 226, 227, 233, 234, 236, 241, 243, 244, 245, 246, 247, 248, 249, 251, 252, 254, 257, 261, 267, 268, 269, 270, 271, 274, 276, 277, 280, 284, 286, 287, 291, 294, 296, 298, 299, 300, 303, 304, 306, 313, 314, 316, 320, 322, 323, 326, 328, 329, 331, 332, 333, 334, 336, 337, 338, 340, 342, 343, 345, 346, 348, 350, 351, 355, 356, 358, 359, 363, 364, 366, 367, 369, 371, 372, 376, 378, 380, 381, 382, 384, 385, 387, 388, 392, 393, 395, 396, 397, 398, 400, 401, 402, 406, 408, 409, 412, 413, 415, 417, 420, 425, 426, 428, 429, 430, 431, 437, 441, 442, 445, 446, 447, 448, 449, 450, 454, 455, 457, 460, 461, 462, 463, 466, 469, 471, 473, 475, 478, 479, 481, 482, 485, 486, 487, 490, 492, 494, 495, 496, 497, 498, 499, 500, 501, 503, 504, 505, 508, 511, 516, 517, 520, 521, 522, 523, 525, 526, 528, 529, 530, 531, 534, 535, 536, 537, 541, 543, 545, 547, 548, 549, 550, 551, 555, 559, 560, 561, 564, 566, 567, 568, 570, 572, 573, 574, 575, 577, 578, 579, 580, 582, 590, 592, 595, 596, 597, 599, 600, 602, 603, 605, 606, 608, 610, 611, 613, 614, 617, 618, 620, 623, 624, 625, 626, 628, 630, 631, 632, 634, 636, 638, 641, 643, 645, 648, 650, 654, 658, 661, 662, 666, 671, 675, 677, 678, 679, 682, 687, 688, 689, 693, 696, 698, 700, 701, 702, 704, 705, 706, 707, 708, 709, 711, 713, 716, 718, 719, 721, 723, 724, 725, 726, 727, 729, 731, 734, 737, 738, 739, 740, 742, 746, 748, 750, 751, 752, 753, 757, 758, 760, 763, 765, 767, 769, 770, 772, 777, 778, 783, 784, 791, 793, 796, 797, 802, 804, 810, 811, 814, 817, 818, 819, 820, 821, 823, 825, 827, 829, 832, 834, 835, 836, 838, 841, 842, 843, 845, 847, 850, 851, 857, 859, 862, 864, 867, 869, 870, 873, 876, 879, 880, 884, 885, 886, 887]
[3, 11, 12, 20, 32, 37, 40, 41, 46, 56, 63, 79, 85, 87, 98, 108, 114, 117, 127, 140, 147, 148, 157, 162, 164, 168, 182, 186, 191, 193, 194, 214, 222, 230, 237, 240, 247, 255, 256, 272, 284, 288, 290, 298, 299, 306, 308, 330, 334, 335, 341, 349, 353, 365, 367, 371, 390, 392, 394, 415, 425, 430, 451, 465, 483, 490, 508, 515, 521, 525, 530, 553, 588, 589, 594, 596, 606, 615, 618, 619, 626, 637, 640, 646, 653, 655, 673, 683, 688, 696, 718, 729, 733, 735, 745, 748, 761, 775, 781, 792, 809, 815, 823, 825, 826, 827, 830, 831, 832, 840, 841, 842, 843, 854, 856, 860, 861, 864, 874, 878, 879, 888]

[0, 1, 2, 4, 5, 6, 7, 9, 10, 11, 12, 13, 14, 16, 18, 22, 24, 25, 27, 29, 30, 31, 32, 33, 34, 36, 37, 38, 40, 42, 43, 47, 49, 50, 51, 52, 56, 58, 62, 63, 66, 68, 70, 71, 74, 76, 77, 78, 80, 83, 85, 87, 88, 89, 90, 93, 94, 95, 96, 97, 98, 100, 101, 109, 110, 112, 114, 115, 116, 118, 120, 121, 126, 127, 128, 129, 131, 132, 134, 135, 136, 137, 139, 141, 143, 144, 145, 146, 148, 150, 151, 157, 158, 159, 161, 163, 165, 167, 171, 173, 174, 175, 176, 177, 178, 179, 181, 182, 184, 186, 188, 190, 191, 193, 196, 197, 198, 199, 202, 204, 206, 209, 211, 212, 215, 216, 217, 218, 221, 224, 225, 226, 227, 233, 234, 236, 241, 243, 244, 245, 246, 247, 248, 249, 251, 252, 254, 257, 261, 263, 265, 267, 268, 269, 270, 271, 274, 276, 277, 280, 284, 286, 287, 291, 294, 296, 297, 298, 299, 300, 303, 304, 306, 308, 313, 314, 316, 319, 320, 322, 323, 325, 326, 328, 329, 331, 332, 333, 334, 336, 337, 338, 339, 340, 342, 343, 345, 346, 348, 350, 351, 355, 356, 358, 359, 363, 364, 366, 367, 369, 371, 372, 376, 378, 380, 381, 382, 384, 385, 387, 388, 392, 393, 395, 396, 397, 398, 400, 401, 402, 406, 408, 409, 412, 413, 415, 416, 417, 420, 425, 426, 428, 429, 430, 431, 437, 441, 442, 445, 446, 447, 448, 449, 450, 454, 455, 457, 460, 461, 462, 463, 466, 467, 468, 469, 471, 473, 475, 478, 479, 481, 482, 485, 486, 487, 490, 492, 494, 495, 496, 497, 498, 499, 500, 501, 503, 504, 505, 508, 509, 511, 516, 517, 520, 521, 522, 523, 525, 526, 528, 529, 530, 531, 534, 535, 536, 537, 541, 543, 545, 547, 548, 549, 550, 551, 555, 559, 560, 561, 564, 566, 567, 568, 570, 572, 573, 574, 575, 576, 577, 578, 579, 580, 582, 590, 592, 595, 596, 597, 599, 600, 602, 603, 605, 606, 608, 610, 611, 613, 614, 617, 618, 620, 623, 624, 625, 626, 628, 630, 631, 632, 634, 636, 638, 641, 643, 645, 648, 650, 654, 658, 661, 662, 666, 671, 672, 675, 677, 678, 679, 682, 687, 688, 689, 693, 694, 696, 698, 700, 701, 702, 704, 705, 706, 707, 708, 709, 711, 713, 716, 718, 719, 721, 723, 724, 725, 726, 727, 729, 731, 732, 734, 737, 738, 739, 740, 742, 746, 748, 750, 751, 752, 753, 755, 757, 758, 760, 763, 765, 767, 769, 770, 772, 774, 777, 778, 783, 784, 791, 793, 796, 797, 799, 802, 804, 810, 811, 814, 817, 818, 819, 820, 821, 823, 825, 827, 829, 832, 834, 835, 836, 838, 841, 842, 843, 845, 847, 850, 851, 857, 859, 862, 864, 867, 869, 870, 873, 876, 877, 879, 880, 884, 885, 886, 887]
[3, 11, 12, 20, 32, 37, 40, 41, 46, 56, 63, 79, 85, 87, 98, 108, 114, 117, 127, 140, 147, 148, 157, 162, 164, 168, 182, 186, 191, 193, 194, 214, 222, 230, 237, 240, 247, 255, 256, 272, 284, 288, 290, 298, 299, 306, 308, 330, 334, 335, 341, 349, 353, 365, 367, 371, 390, 392, 394, 415, 425, 430, 451, 465, 483, 490, 508, 515, 521, 525, 530, 553, 588, 589, 594, 596, 606, 615, 618, 619, 626, 637, 640, 646, 653, 655, 673, 683, 688, 696, 718, 729, 733, 735, 745, 748, 761, 775, 781, 792, 809, 815, 823, 825, 826, 827, 830, 831, 832, 840, 841, 842, 843, 854, 856, 860, 861, 864, 874, 878, 879, 888]

[0, 1, 2, 4, 5, 6, 7, 9, 10, 11, 12, 13, 14, 16, 18, 22, 24, 25, 27, 29, 30, 31, 32, 33, 34, 36, 37, 38, 40, 42, 43, 47, 49, 50, 51, 52, 56, 57, 58, 62, 63, 65, 66, 67, 68, 70, 71, 73, 74, 76, 77, 78, 80, 83, 85, 87, 88, 89, 90, 93, 94, 95, 96, 97, 98, 100, 101, 108, 109, 110, 112, 114, 115, 116, 117, 118, 120, 121, 126, 127, 128, 129, 131, 132, 134, 135, 136, 137, 139, 141, 143, 144, 145, 146, 148, 150, 151, 157, 158, 159, 161, 163, 165, 167, 171, 173, 174, 175, 176, 177, 178, 179, 181, 182, 184, 186, 188, 190, 191, 193, 196, 197, 198, 199, 202, 203, 204, 205, 206, 209, 211, 212, 215, 216, 217, 218, 220, 221, 224, 225, 226, 227, 233, 234, 236, 241, 243, 244, 245, 246, 247, 248, 249, 251, 252, 254, 257, 261, 263, 265, 266, 267, 268, 269, 270, 271, 274, 276, 277, 280, 284, 286, 287, 291, 294, 296, 297, 298, 299, 300, 303, 304, 306, 307, 308, 313, 314, 316, 319, 320, 322, 323, 325, 326, 328, 329, 331, 332, 333, 334, 336, 337, 338, 339, 340, 342, 343, 345, 346, 348, 350, 351, 355, 356, 358, 359, 363, 364, 366, 367, 369, 371, 372, 376, 378, 380, 381, 382, 384, 385, 387, 388, 392, 393, 395, 396, 397, 398, 400, 401, 402, 406, 408, 409, 412, 413, 415, 416, 417, 420, 425, 426, 428, 429, 430, 431, 433, 435, 437, 441, 442, 444, 445, 446, 447, 448, 449, 450, 454, 455, 457, 460, 461, 462, 463, 466, 467, 468, 469, 471, 473, 475, 478, 479, 481, 482, 485, 486, 487, 490, 492, 494, 495, 496, 497, 498, 499, 500, 501, 503, 504, 505, 506, 508, 509, 511, 516, 517, 520, 521, 522, 523, 525, 526, 528, 529, 530, 531, 534, 535, 536, 537, 541, 543, 544, 545, 547, 548, 549, 550, 551, 555, 559, 560, 561, 564, 566, 567, 568, 570, 572, 573, 574, 575, 576, 577, 578, 579, 580, 582, 590, 592, 595, 596, 597, 599, 600, 601, 602, 603, 605, 606, 608, 610, 611, 613, 614, 617, 618, 620, 623, 624, 625, 626, 628, 630, 631, 632, 634, 636, 638, 641, 643, 645, 648, 650, 654, 658, 661, 662, 666, 671, 672, 675, 677, 678, 679, 682, 687, 688, 689, 693, 694, 696, 698, 700, 701, 702, 704, 705, 706, 707, 708, 709, 711, 713, 714, 716, 718, 719, 721, 723, 724, 725, 726, 727, 728, 729, 731, 732, 734, 737, 738, 739, 740, 742, 746, 748, 750, 751, 752, 753, 755, 757, 758, 760, 763, 765, 767, 769, 770, 772, 774, 775, 777, 778, 780, 783, 784, 785, 791, 793, 796, 797, 799, 802, 804, 810, 811, 812, 814, 817, 818, 819, 820, 821, 823, 825, 827, 829, 830, 832, 834, 835, 836, 838, 841, 842, 843, 845, 847, 850, 851, 857, 859, 860, 862, 864, 867, 869, 870, 873, 876, 877, 879, 880, 884, 885, 886, 887]
[3, 11, 12, 20, 32, 37, 40, 41, 46, 56, 63, 79, 85, 87, 98, 108, 114, 117, 127, 140, 147, 148, 157, 162, 164, 168, 182, 186, 191, 193, 194, 214, 222, 230, 237, 240, 247, 255, 256, 272, 284, 288, 290, 298, 299, 306, 308, 330, 334, 335, 341, 349, 353, 365, 367, 371, 390, 392, 394, 415, 425, 430, 451, 465, 483, 490, 508, 515, 521, 525, 530, 553, 588, 589, 594, 596, 606, 615, 618, 619, 626, 637, 640, 646, 653, 655, 673, 683, 688, 696, 718, 729, 733, 735, 745, 748, 761, 775, 781, 792, 809, 815, 823, 825, 826, 827, 830, 831, 832, 840, 841, 842, 843, 854, 856, 860, 861, 864, 874, 878, 879, 888]

[0, 1, 2, 4, 5, 6, 7, 9, 10, 11, 12, 13, 14, 16, 18, 22, 24, 25, 27, 28, 29, 30, 31, 32, 33, 34, 36, 37, 38, 40, 42, 43, 47, 49, 50, 51, 52, 56, 57, 58, 62, 63, 65, 66, 67, 68, 70, 71, 73, 74, 76, 77, 78, 80, 81, 83, 85, 87, 88, 89, 90, 93, 94, 95, 96, 97, 98, 100, 101, 108, 109, 110, 112, 114, 115, 116, 117, 118, 120, 121, 126, 127, 128, 129, 131, 132, 134, 135, 136, 137, 139, 141, 143, 144, 145, 146, 148, 149, 150, 151, 157, 158, 159, 161, 163, 165, 167, 171, 173, 174, 175, 176, 177, 178, 179, 181, 182, 184, 186, 188, 189, 190, 191, 193, 196, 197, 198, 199, 202, 203, 204, 205, 206, 209, 211, 212, 215, 216, 217, 218, 220, 221, 224, 225, 226, 227, 233, 234, 236, 241, 243, 244, 245, 246, 247, 248, 249, 251, 252, 254, 257, 261, 263, 265, 266, 267, 268, 269, 270, 271, 272, 274, 276, 277, 280, 284, 286, 287, 291, 294, 296, 297, 298, 299, 300, 303, 304, 306, 307, 308, 313, 314, 316, 319, 320, 322, 323, 325, 326, 328, 329, 331, 332, 333, 334, 336, 337, 338, 339, 340, 342, 343, 345, 346, 348, 350, 351, 353, 355, 356, 358, 359, 363, 364, 366, 367, 369, 371, 372, 376, 378, 380, 381, 382, 384, 385, 387, 388, 392, 393, 395, 396, 397, 398, 400, 401, 402, 405, 406, 407, 408, 409, 412, 413, 415, 416, 417, 420, 425, 426, 428, 429, 430, 431, 433, 435, 437, 441, 442, 444, 445, 446, 447, 448, 449, 450, 454, 455, 456, 457, 460, 461, 462, 463, 464, 466, 467, 468, 469, 470, 471, 472, 473, 474, 475, 478, 479, 481, 482, 483, 485, 486, 487, 490, 491, 492, 494, 495, 496, 497, 498, 499, 500, 501, 503, 504, 505, 506, 508, 509, 511, 513, 515, 516, 517, 520, 521, 522, 523, 525, 526, 528, 529, 530, 531, 534, 535, 536, 537, 541, 542, 543, 544, 545, 547, 548, 549, 550, 551, 555, 559, 560, 561, 564, 566, 567, 568, 570, 572, 573, 574, 575, 576, 577, 578, 579, 580, 582, 590, 592, 595, 596, 597, 599, 600, 601, 602, 603, 605, 606, 608, 610, 611, 613, 614, 617, 618, 620, 623, 624, 625, 626, 628, 630, 631, 632, 634, 636, 638, 641, 643, 645, 648, 650, 653, 654, 658, 661, 662, 666, 670, 671, 672, 675, 677, 678, 679, 682, 684, 687, 688, 689, 690, 693, 694, 696, 698, 700, 701, 702, 704, 705, 706, 707, 708, 709, 711, 713, 714, 716, 718, 719, 721, 723, 724, 725, 726, 727, 728, 729, 731, 732, 734, 737, 738, 739, 740, 742, 746, 748, 749, 750, 751, 752, 753, 755, 757, 758, 760, 763, 765, 767, 769, 770, 772, 774, 775, 777, 778, 780, 783, 784, 785, 791, 793, 796, 797, 799, 802, 804, 810, 811, 812, 814, 817, 818, 819, 820, 821, 823, 824, 825, 827, 829, 830, 832, 834, 835, 836, 838, 841, 842, 843, 845, 847, 850, 851, 857, 859, 860, 861, 862, 864, 867, 869, 870, 873, 876, 877, 879, 880, 884, 885, 886, 887]
[3, 11, 12, 20, 32, 37, 40, 41, 46, 56, 63, 79, 85, 87, 98, 108, 114, 117, 127, 140, 147, 148, 157, 162, 164, 168, 182, 186, 191, 193, 194, 214, 222, 230, 237, 240, 247, 255, 256, 272, 284, 288, 290, 298, 299, 306, 308, 330, 334, 335, 341, 349, 353, 365, 367, 371, 390, 392, 394, 415, 425, 430, 451, 465, 483, 490, 508, 515, 521, 525, 530, 553, 588, 589, 594, 596, 606, 615, 618, 619, 626, 637, 640, 646, 653, 655, 673, 683, 688, 696, 718, 729, 733, 735, 745, 748, 761, 775, 781, 792, 809, 815, 823, 825, 826, 827, 830, 831, 832, 840, 841, 842, 843, 854, 856, 860, 861, 864, 874, 878, 879, 888]

[0, 1, 2, 4, 5, 6, 7, 9, 10, 11, 12, 13, 14, 16, 18, 22, 24, 25, 27, 28, 29, 30, 31, 32, 33, 34, 36, 37, 38, 40, 42, 43, 47, 49, 50, 51, 52, 56, 57, 58, 62, 63, 65, 66, 67, 68, 70, 71, 73, 74, 76, 77, 78, 80, 81, 83, 85, 87, 88, 89, 90, 91, 93, 94, 95, 96, 97, 98, 100, 101, 108, 109, 110, 112, 113, 114, 115, 116, 117, 118, 120, 121, 124, 126, 127, 128, 129, 131, 132, 134, 135, 136, 137, 139, 141, 143, 144, 145, 146, 148, 149, 150, 151, 157, 158, 159, 160, 161, 163, 165, 167, 168, 171, 173, 174, 175, 176, 177, 178, 179, 181, 182, 184, 186, 188, 189, 190, 191, 193, 196, 197, 198, 199, 200, 202, 203, 204, 205, 206, 209, 211, 212, 215, 216, 217, 218, 220, 221, 224, 225, 226, 227, 233, 234, 236, 237, 241, 243, 244, 245, 246, 247, 248, 249, 250, 251, 252, 253, 254, 257, 258, 261, 263, 265, 266, 267, 268, 269, 270, 271, 272, 273, 274, 275, 276, 277, 280, 284, 286, 287, 291, 294, 296, 297, 298, 299, 300, 303, 304, 306, 307, 308, 313, 314, 316, 319, 320, 322, 323, 325, 326, 328, 329, 331, 332, 333, 334, 336, 337, 338, 339, 340, 342, 343, 345, 346, 348, 350, 351, 353, 355, 356, 358, 359, 363, 364, 366, 367, 369, 371, 372, 376, 378, 380, 381, 382, 384, 385, 387, 388, 392, 393, 395, 396, 397, 398, 400, 401, 402, 405, 406, 407, 408, 409, 410, 412, 413, 415, 416, 417, 420, 425, 426, 428, 429, 430, 431, 433, 435, 437, 440, 441, 442, 444, 445, 446, 447, 448, 449, 450, 454, 455, 456, 457, 460, 461, 462, 463, 464, 466, 467, 468, 469, 470, 471, 472, 473, 474, 475, 477, 478, 479, 481, 482, 483, 484, 485, 486, 487, 490, 491, 492, 494, 495, 496, 497, 498, 499, 500, 501, 503, 504, 505, 506, 508, 509, 511, 513, 515, 516, 517, 518, 520, 521, 522, 523, 525, 526, 528, 529, 530, 531, 534, 535, 536, 537, 541, 542, 543, 544, 545, 546, 547, 548, 549, 550, 551, 555, 559, 560, 561, 564, 566, 567, 568, 570, 572, 573, 574, 575, 576, 577, 578, 579, 580, 582, 590, 592, 595, 596, 597, 599, 600, 601, 602, 603, 605, 606, 608, 609, 610, 611, 613, 614, 617, 618, 620, 622, 623, 624, 625, 626, 628, 630, 631, 632, 634, 636, 638, 641, 643, 645, 648, 650, 653, 654, 658, 659, 661, 662, 666, 670, 671, 672, 675, 676, 677, 678, 679, 680, 682, 684, 687, 688, 689, 690, 693, 694, 696, 698, 700, 701, 702, 704, 705, 706, 707, 708, 709, 711, 713, 714, 716, 717, 718, 719, 721, 723, 724, 725, 726, 727, 728, 729, 731, 732, 734, 737, 738, 739, 740, 742, 746, 748, 749, 750, 751, 752, 753, 755, 757, 758, 760, 763, 765, 767, 769, 770, 772, 774, 775, 777, 778, 780, 783, 784, 785, 791, 793, 796, 797, 799, 802, 804, 810, 811, 812, 814, 817, 818, 819, 820, 821, 823, 824, 825, 827, 828, 829, 830, 832, 834, 835, 836, 838, 841, 842, 843, 845, 847, 850, 851, 857, 859, 860, 861, 862, 864, 867, 869, 870, 873, 876, 877, 879, 880, 884, 885, 886, 887]
[3, 11, 12, 20, 32, 37, 40, 41, 46, 56, 63, 79, 85, 87, 98, 108, 114, 117, 127, 140, 147, 148, 157, 162, 164, 168, 182, 186, 191, 193, 194, 214, 222, 230, 237, 240, 247, 255, 256, 272, 284, 288, 290, 298, 299, 306, 308, 330, 334, 335, 341, 349, 353, 365, 367, 371, 390, 392, 394, 415, 425, 430, 451, 465, 483, 490, 508, 515, 521, 525, 530, 553, 588, 589, 594, 596, 606, 615, 618, 619, 626, 637, 640, 646, 653, 655, 673, 683, 688, 696, 718, 729, 733, 735, 745, 748, 761, 775, 781, 792, 809, 815, 823, 825, 826, 827, 830, 831, 832, 840, 841, 842, 843, 854, 856, 860, 861, 864, 874, 878, 879, 888]

[0, 1, 2, 3, 4, 5, 6, 7, 9, 10, 11, 12, 13, 14, 16, 18, 19, 22, 24, 25, 27, 28, 29, 30, 31, 32, 33, 34, 36, 37, 38, 40, 42, 43, 47, 49, 50, 51, 52, 56, 57, 58, 62, 63, 65, 66, 67, 68, 70, 71, 73, 74, 76, 77, 78, 80, 81, 83, 85, 87, 88, 89, 90, 91, 93, 94, 95, 96, 97, 98, 100, 101, 108, 109, 110, 112, 113, 114, 115, 116, 117, 118, 120, 121, 124, 126, 127, 128, 129, 131, 132, 134, 135, 136, 137, 138, 139, 141, 143, 144, 145, 146, 148, 149, 150, 151, 153, 157, 158, 159, 160, 161, 163, 165, 167, 168, 171, 173, 174, 175, 176, 177, 178, 179, 181, 182, 184, 186, 188, 189, 190, 191, 193, 196, 197, 198, 199, 200, 202, 203, 204, 205, 206, 209, 211, 212, 215, 216, 217, 218, 220, 221, 224, 225, 226, 227, 233, 234, 236, 237, 241, 243, 244, 245, 246, 247, 248, 249, 250, 251, 252, 253, 254, 257, 258, 261, 263, 265, 266, 267, 268, 269, 270, 271, 272, 273, 274, 275, 276, 277, 279, 280, 284, 286, 287, 291, 294, 296, 297, 298, 299, 300, 303, 304, 306, 307, 308, 309, 313, 314, 316, 319, 320, 322, 323, 325, 326, 328, 329, 331, 332, 333, 334, 336, 337, 338, 339, 340, 342, 343, 345, 346, 348, 350, 351, 353, 355, 356, 358, 359, 363, 364, 366, 367, 369, 371, 372, 374, 376, 377, 378, 380, 381, 382, 384, 385, 387, 388, 392, 393, 395, 396, 397, 398, 400, 401, 402, 405, 406, 407, 408, 409, 410, 412, 413, 415, 416, 417, 419, 420, 425, 426, 428, 429, 430, 431, 433, 435, 437, 440, 441, 442, 444, 445, 446, 447, 448, 449, 450, 454, 455, 456, 457, 459, 460, 461, 462, 463, 464, 466, 467, 468, 469, 470, 471, 472, 473, 474, 475, 477, 478, 479, 481, 482, 483, 484, 485, 486, 487, 490, 491, 492, 493, 494, 495, 496, 497, 498, 499, 500, 501, 503, 504, 505, 506, 508, 509, 511, 513, 515, 516, 517, 518, 520, 521, 522, 523, 525, 526, 528, 529, 530, 531, 533, 534, 535, 536, 537, 541, 542, 543, 544, 545, 546, 547, 548, 549, 550, 551, 553, 555, 559, 560, 561, 564, 566, 567, 568, 570, 572, 573, 574, 575, 576, 577, 578, 579, 580, 582, 587, 588, 590, 592, 595, 596, 597, 599, 600, 601, 602, 603, 605, 606, 608, 609, 610, 611, 613, 614, 615, 617, 618, 620, 622, 623, 624, 625, 626, 628, 630, 631, 632, 634, 636, 638, 639, 641, 642, 643, 645, 648, 650, 653, 654, 658, 659, 661, 662, 664, 666, 670, 671, 672, 675, 676, 677, 678, 679, 680, 682, 684, 687, 688, 689, 690, 693, 694, 696, 698, 700, 701, 702, 704, 705, 706, 707, 708, 709, 711, 713, 714, 716, 717, 718, 719, 721, 723, 724, 725, 726, 727, 728, 729, 731, 732, 734, 737, 738, 739, 740, 742, 746, 748, 749, 750, 751, 752, 753, 755, 757, 758, 760, 762, 763, 764, 765, 767, 769, 770, 772, 774, 775, 777, 778, 780, 783, 784, 785, 791, 793, 796, 797, 799, 802, 804, 810, 811, 812, 814, 817, 818, 819, 820, 821, 822, 823, 824, 825, 826, 827, 828, 829, 830, 832, 834, 835, 836, 838, 841, 842, 843, 844, 845, 847, 850, 851, 857, 859, 860, 861, 862, 863, 864, 867, 869, 870, 873, 876, 877, 879, 880, 884, 885, 886, 887]
[3, 11, 12, 20, 32, 37, 40, 41, 46, 56, 63, 79, 85, 87, 98, 108, 114, 117, 127, 140, 147, 148, 157, 162, 164, 168, 182, 186, 191, 193, 194, 214, 222, 230, 237, 240, 247, 255, 256, 272, 284, 288, 290, 298, 299, 306, 308, 330, 334, 335, 341, 349, 353, 365, 367, 371, 390, 392, 394, 415, 425, 430, 451, 465, 483, 490, 508, 515, 521, 525, 530, 553, 588, 589, 594, 596, 606, 615, 618, 619, 626, 637, 640, 646, 653, 655, 673, 683, 688, 696, 718, 729, 733, 735, 745, 748, 761, 775, 781, 792, 809, 815, 823, 825, 826, 827, 830, 831, 832, 840, 841, 842, 843, 854, 856, 860, 861, 864, 874, 878, 879, 888]

[0, 1, 2, 3, 4, 5, 6, 7, 9, 10, 11, 12, 13, 14, 16, 18, 19, 22, 24, 25, 27, 28, 29, 30, 31, 32, 33, 34, 36, 37, 38, 40, 42, 43, 47, 49, 50, 51, 52, 56, 57, 58, 60, 62, 63, 65, 66, 67, 68, 70, 71, 73, 74, 76, 77, 78, 80, 81, 82, 83, 85, 87, 88, 89, 90, 91, 93, 94, 95, 96, 97, 98, 100, 101, 108, 109, 110, 112, 113, 114, 115, 116, 117, 118, 120, 121, 124, 126, 127, 128, 129, 131, 132, 134, 135, 136, 137, 138, 139, 141, 143, 144, 145, 146, 148, 149, 150, 151, 153, 157, 158, 159, 160, 161, 163, 165, 167, 168, 170, 171, 173, 174, 175, 176, 177, 178, 179, 180, 181, 182, 184, 186, 188, 189, 190, 191, 193, 196, 197, 198, 199, 200, 202, 203, 204, 205, 206, 209, 210, 211, 212, 215, 216, 217, 218, 220, 221, 224, 225, 226, 227, 231, 233, 234, 236, 237, 241, 243, 244, 245, 246, 247, 248, 249, 250, 251, 252, 253, 254, 257, 258, 261, 263, 265, 266, 267, 268, 269, 270, 271, 272, 273, 274, 275, 276, 277, 279, 280, 284, 286, 287, 288, 291, 294, 296, 297, 298, 299, 300, 303, 304, 306, 307, 308, 309, 313, 314, 316, 319, 320, 321, 322, 323, 325, 326, 328, 329, 331, 332, 333, 334, 336, 337, 338, 339, 340, 342, 343, 345, 346, 348, 350, 351, 353, 355, 356, 358, 359, 363, 364, 366, 367, 369, 370, 371, 372, 373, 374, 376, 377, 378, 380, 381, 382, 384, 385, 386, 387, 388, 391, 392, 393, 395, 396, 397, 398, 400, 401, 402, 405, 406, 407, 408, 409, 410, 412, 413, 415, 416, 417, 419, 420, 425, 426, 428, 429, 430, 431, 433, 435, 437, 440, 441, 442, 444, 445, 446, 447, 448, 449, 450, 454, 455, 456, 457, 459, 460, 461, 462, 463, 464, 466, 467, 468, 469, 470, 471, 472, 473, 474, 475, 477, 478, 479, 481, 482, 483, 484, 485, 486, 487, 490, 491, 492, 493, 494, 495, 496, 497, 498, 499, 500, 501, 503, 504, 505, 506, 508, 509, 511, 512, 513, 514, 515, 516, 517, 518, 520, 521, 522, 523, 525, 526, 528, 529, 530, 531, 533, 534, 535, 536, 537, 541, 542, 543, 544, 545, 546, 547, 548, 549, 550, 551, 553, 554, 555, 559, 560, 561, 562, 564, 565, 566, 567, 568, 570, 572, 573, 574, 575, 576, 577, 578, 579, 580, 582, 587, 588, 590, 592, 595, 596, 597, 599, 600, 601, 602, 603, 605, 606, 608, 609, 610, 611, 613, 614, 615, 617, 618, 620, 622, 623, 624, 625, 626, 628, 630, 631, 632, 634, 636, 638, 639, 641, 642, 643, 645, 648, 650, 653, 654, 658, 659, 660, 661, 662, 664, 666, 670, 671, 672, 675, 676, 677, 678, 679, 680, 682, 684, 687, 688, 689, 690, 693, 694, 696, 697, 698, 700, 701, 702, 703, 704, 705, 706, 707, 708, 709, 711, 713, 714, 716, 717, 718, 719, 721, 722, 723, 724, 725, 726, 727, 728, 729, 731, 732, 734, 737, 738, 739, 740, 742, 746, 748, 749, 750, 751, 752, 753, 754, 755, 757, 758, 760, 762, 763, 764, 765, 767, 769, 770, 772, 774, 775, 777, 778, 780, 783, 784, 785, 791, 793, 796, 797, 799, 802, 804, 810, 811, 812, 814, 817, 818, 819, 820, 821, 822, 823, 824, 825, 826, 827, 828, 829, 830, 832, 833, 834, 835, 836, 837, 838, 841, 842, 843, 844, 845, 847, 850, 851, 857, 859, 860, 861, 862, 863, 864, 867, 869, 870, 873, 876, 877, 878, 879, 880, 884, 885, 886, 887]
[3, 11, 12, 20, 32, 37, 40, 41, 46, 56, 63, 79, 85, 87, 98, 108, 114, 117, 127, 140, 147, 148, 157, 162, 164, 168, 182, 186, 191, 193, 194, 214, 222, 230, 237, 240, 247, 255, 256, 272, 284, 288, 290, 298, 299, 306, 308, 330, 334, 335, 341, 349, 353, 365, 367, 371, 390, 392, 394, 415, 425, 430, 451, 465, 483, 490, 508, 515, 521, 525, 530, 553, 588, 589, 594, 596, 606, 615, 618, 619, 626, 637, 640, 646, 653, 655, 673, 683, 688, 696, 718, 729, 733, 735, 745, 748, 761, 775, 781, 792, 809, 815, 823, 825, 826, 827, 830, 831, 832, 840, 841, 842, 843, 854, 856, 860, 861, 864, 874, 878, 879, 888]

[0, 1, 2, 3, 4, 5, 6, 7, 9, 10, 11, 12, 13, 14, 16, 18, 19, 22, 24, 25, 26, 27, 28, 29, 30, 31, 32, 33, 34, 36, 37, 38, 40, 42, 43, 45, 47, 49, 50, 51, 52, 56, 57, 58, 59, 60, 62, 63, 64, 65, 66, 67, 68, 70, 71, 73, 74, 76, 77, 78, 80, 81, 82, 83, 85, 87, 88, 89, 90, 91, 93, 94, 95, 96, 97, 98, 100, 101, 108, 109, 110, 112, 113, 114, 115, 116, 117, 118, 120, 121, 124, 126, 127, 128, 129, 131, 132, 134, 135, 136, 137, 138, 139, 141, 143, 144, 145, 146, 148, 149, 150, 151, 152, 153, 157, 158, 159, 160, 161, 163, 165, 167, 168, 170, 171, 173, 174, 175, 176, 177, 178, 179, 180, 181, 182, 183, 184, 186, 188, 189, 190, 191, 192, 193, 196, 197, 198, 199, 200, 202, 203, 204, 205, 206, 209, 210, 211, 212, 215, 216, 217, 218, 220, 221, 224, 225, 226, 227, 231, 233, 234, 236, 237, 241, 243, 244, 245, 246, 247, 248, 249, 250, 251, 252, 253, 254, 256, 257, 258, 260, 261, 263, 265, 266, 267, 268, 269, 270, 271, 272, 273, 274, 275, 276, 277, 279, 280, 284, 286, 287, 288, 291, 294, 296, 297, 298, 299, 300, 303, 304, 306, 307, 308, 309, 313, 314, 316, 319, 320, 321, 322, 323, 325, 326, 328, 329, 331, 332, 333, 334, 336, 337, 338, 339, 340, 342, 343, 345, 346, 348, 350, 351, 353, 355, 356, 358, 359, 361, 363, 364, 366, 367, 368, 369, 370, 371, 372, 373, 374, 376, 377, 378, 380, 381, 382, 384, 385, 386, 387, 388, 389, 391, 392, 393, 395, 396, 397, 398, 400, 401, 402, 405, 406, 407, 408, 409, 410, 412, 413, 415, 416, 417, 418, 419, 420, 422, 425, 426, 428, 429, 430, 431, 433, 435, 437, 440, 441, 442, 443, 444, 445, 446, 447, 448, 449, 450, 454, 455, 456, 457, 459, 460, 461, 462, 463, 464, 466, 467, 468, 469, 470, 471, 472, 473, 474, 475, 477, 478, 479, 481, 482, 483, 484, 485, 486, 487, 490, 491, 492, 493, 494, 495, 496, 497, 498, 499, 500, 501, 503, 504, 505, 506, 508, 509, 511, 512, 513, 514, 515, 516, 517, 518, 520, 521, 522, 523, 524, 525, 526, 528, 529, 530, 531, 533, 534, 535, 536, 537, 541, 542, 543, 544, 545, 546, 547, 548, 549, 550, 551, 553, 554, 555, 559, 560, 561, 562, 564, 565, 566, 567, 568, 570, 572, 573, 574, 575, 576, 577, 578, 579, 580, 582, 583, 587, 588, 590, 592, 595, 596, 597, 599, 600, 601, 602, 603, 605, 606, 607, 608, 609, 610, 611, 613, 614, 615, 617, 618, 620, 622, 623, 624, 625, 626, 628, 630, 631, 632, 634, 636, 638, 639, 641, 642, 643, 645, 648, 650, 653, 654, 658, 659, 660, 661, 662, 664, 666, 670, 671, 672, 675, 676, 677, 678, 679, 680, 681, 682, 684, 687, 688, 689, 690, 693, 694, 696, 697, 698, 699, 700, 701, 702, 703, 704, 705, 706, 707, 708, 709, 711, 713, 714, 716, 717, 718, 719, 721, 722, 723, 724, 725, 726, 727, 728, 729, 731, 732, 733, 734, 737, 738, 739, 740, 742, 746, 748, 749, 750, 751, 752, 753, 754, 755, 757, 758, 760, 762, 763, 764, 765, 767, 769, 770, 772, 774, 775, 777, 778, 780, 783, 784, 785, 791, 793, 796, 797, 799, 802, 804, 810, 811, 812, 814, 817, 818, 819, 820, 821, 822, 823, 824, 825, 826, 827, 828, 829, 830, 832, 833, 834, 835, 836, 837, 838, 839, 841, 842, 843, 844, 845, 847, 850, 851, 854, 855, 857, 859, 860, 861, 862, 863, 864, 866, 867, 869, 870, 873, 876, 877, 878, 879, 880, 884, 885, 886, 887]
[3, 11, 12, 20, 32, 37, 40, 41, 46, 56, 63, 79, 85, 87, 98, 108, 114, 117, 127, 140, 147, 148, 157, 162, 164, 168, 182, 186, 191, 193, 194, 214, 222, 230, 237, 240, 247, 255, 256, 272, 284, 288, 290, 298, 299, 306, 308, 330, 334, 335, 341, 349, 353, 365, 367, 371, 390, 392, 394, 415, 425, 430, 451, 465, 483, 490, 508, 515, 521, 525, 530, 553, 588, 589, 594, 596, 606, 615, 618, 619, 626, 637, 640, 646, 653, 655, 673, 683, 688, 696, 718, 729, 733, 735, 745, 748, 761, 775, 781, 792, 809, 815, 823, 825, 826, 827, 830, 831, 832, 840, 841, 842, 843, 854, 856, 860, 861, 864, 874, 878, 879, 888]

[0, 1, 2, 3, 4, 5, 6, 7, 9, 10, 11, 12, 13, 14, 16, 18, 19, 22, 24, 25, 26, 27, 28, 29, 30, 31, 32, 33, 34, 36, 37, 38, 40, 42, 43, 45, 47, 49, 50, 51, 52, 56, 57, 58, 59, 60, 62, 63, 64, 65, 66, 67, 68, 70, 71, 73, 74, 76, 77, 78, 80, 81, 82, 83, 85, 87, 88, 89, 90, 91, 93, 94, 95, 96, 97, 98, 100, 101, 108, 109, 110, 112, 113, 114, 115, 116, 117, 118, 120, 121, 124, 126, 127, 128, 129, 131, 132, 134, 135, 136, 137, 138, 139, 141, 143, 144, 145, 146, 148, 149, 150, 151, 152, 153, 157, 158, 159, 160, 161, 162, 163, 165, 167, 168, 170, 171, 172, 173, 174, 175, 176, 177, 178, 179, 180, 181, 182, 183, 184, 186, 188, 189, 190, 191, 192, 193, 196, 197, 198, 199, 200, 202, 203, 204, 205, 206, 207, 209, 210, 211, 212, 213, 215, 216, 217, 218, 220, 221, 224, 225, 226, 227, 231, 233, 234, 236, 237, 239, 241, 243, 244, 245, 246, 247, 248, 249, 250, 251, 252, 253, 254, 255, 256, 257, 258, 260, 261, 263, 265, 266, 267, 268, 269, 270, 271, 272, 273, 274, 275, 276, 277, 278, 279, 280, 284, 286, 287, 288, 291, 294, 296, 297, 298, 299, 300, 303, 304, 306, 307, 308, 309, 313, 314, 316, 317, 319, 320, 321, 322, 323, 325, 326, 328, 329, 331, 332, 333, 334, 336, 337, 338, 339, 340, 342, 343, 345, 346, 348, 350, 351, 353, 355, 356, 358, 359, 361, 363, 364, 366, 367, 368, 369, 370, 371, 372, 373, 374, 375, 376, 377, 378, 380, 381, 382, 384, 385, 386, 387, 388, 389, 391, 392, 393, 395, 396, 397, 398, 400, 401, 402, 403, 405, 406, 407, 408, 409, 410, 412, 413, 415, 416, 417, 418, 419, 420, 422, 423, 424, 425, 426, 428, 429, 430, 431, 433, 435, 437, 440, 441, 442, 443, 444, 445, 446, 447, 448, 449, 450, 454, 455, 456, 457, 459, 460, 461, 462, 463, 464, 466, 467, 468, 469, 470, 471, 472, 473, 474, 475, 477, 478, 479, 481, 482, 483, 484, 485, 486, 487, 489, 490, 491, 492, 493, 494, 495, 496, 497, 498, 499, 500, 501, 503, 504, 505, 506, 508, 509, 511, 512, 513, 514, 515, 516, 517, 518, 520, 521, 522, 523, 524, 525, 526, 528, 529, 530, 531, 533, 534, 535, 536, 537, 541, 542, 543, 544, 545, 546, 547, 548, 549, 550, 551, 553, 554, 555, 559, 560, 561, 562, 564, 565, 566, 567, 568, 570, 572, 573, 574, 575, 576, 577, 578, 579, 580, 582, 583, 587, 588, 590, 592, 593, 595, 596, 597, 599, 600, 601, 602, 603, 604, 605, 606, 607, 608, 609, 610, 611, 613, 614, 615, 617, 618, 620, 622, 623, 624, 625, 626, 628, 630, 631, 632, 634, 636, 638, 639, 640, 641, 642, 643, 645, 648, 650, 652, 653, 654, 657, 658, 659, 660, 661, 662, 664, 666, 670, 671, 672, 675, 676, 677, 678, 679, 680, 681, 682, 684, 687, 688, 689, 690, 693, 694, 696, 697, 698, 699, 700, 701, 702, 703, 704, 705, 706, 707, 708, 709, 710, 711, 713, 714, 716, 717, 718, 719, 721, 722, 723, 724, 725, 726, 727, 728, 729, 731, 732, 733, 734, 737, 738, 739, 740, 742, 745, 746, 748, 749, 750, 751, 752, 753, 754, 755, 757, 758, 760, 762, 763, 764, 765, 767, 769, 770, 772, 774, 775, 777, 778, 780, 781, 783, 784, 785, 791, 793, 795, 796, 797, 798, 799, 802, 804, 808, 810, 811, 812, 814, 817, 818, 819, 820, 821, 822, 823, 824, 825, 826, 827, 828, 829, 830, 832, 833, 834, 835, 836, 837, 838, 839, 841, 842, 843, 844, 845, 847, 850, 851, 854, 855, 857, 858, 859, 860, 861, 862, 863, 864, 866, 867, 869, 870, 873, 876, 877, 878, 879, 880, 884, 885, 886, 887]
[3, 11, 12, 20, 32, 37, 40, 41, 46, 56, 63, 79, 85, 87, 98, 108, 114, 117, 127, 140, 147, 148, 157, 162, 164, 168, 182, 186, 191, 193, 194, 214, 222, 230, 237, 240, 247, 255, 256, 272, 284, 288, 290, 298, 299, 306, 308, 330, 334, 335, 341, 349, 353, 365, 367, 371, 390, 392, 394, 415, 425, 430, 451, 465, 483, 490, 508, 515, 521, 525, 530, 553, 588, 589, 594, 596, 606, 615, 618, 619, 626, 637, 640, 646, 653, 655, 673, 683, 688, 696, 718, 729, 733, 735, 745, 748, 761, 775, 781, 792, 809, 815, 823, 825, 826, 827, 830, 831, 832, 840, 841, 842, 843, 854, 856, 860, 861, 864, 874, 878, 879, 888]

[0, 1, 2, 3, 4, 5, 6, 7, 9, 10, 11, 12, 13, 14, 16, 18, 19, 22, 24, 25, 26, 27, 28, 29, 30, 31, 32, 33, 34, 36, 37, 38, 40, 42, 43, 45, 47, 49, 50, 51, 52, 56, 57, 58, 59, 60, 62, 63, 64, 65, 66, 67, 68, 70, 71, 73, 74, 76, 77, 78, 80, 81, 82, 83, 85, 87, 88, 89, 90, 91, 93, 94, 95, 96, 97, 98, 100, 101, 108, 109, 110, 112, 113, 114, 115, 116, 117, 118, 120, 121, 124, 126, 127, 128, 129, 130, 131, 132, 134, 135, 136, 137, 138, 139, 141, 143, 144, 145, 146, 148, 149, 150, 151, 152, 153, 157, 158, 159, 160, 161, 162, 163, 165, 167, 168, 170, 171, 172, 173, 174, 175, 176, 177, 178, 179, 180, 181, 182, 183, 184, 186, 188, 189, 190, 191, 192, 193, 196, 197, 198, 199, 200, 202, 203, 204, 205, 206, 207, 209, 210, 211, 212, 213, 215, 216, 217, 218, 220, 221, 224, 225, 226, 227, 231, 233, 234, 236, 237, 239, 241, 243, 244, 245, 246, 247, 248, 249, 250, 251, 252, 253, 254, 255, 256, 257, 258, 260, 261, 262, 263, 265, 266, 267, 268, 269, 270, 271, 272, 273, 274, 275, 276, 277, 278, 279, 280, 281, 284, 286, 287, 288, 291, 293, 294, 296, 297, 298, 299, 300, 302, 303, 304, 306, 307, 308, 309, 313, 314, 316, 317, 319, 320, 321, 322, 323, 325, 326, 328, 329, 331, 332, 333, 334, 336, 337, 338, 339, 340, 342, 343, 344, 345, 346, 348, 350, 351, 353, 355, 356, 358, 359, 361, 363, 364, 366, 367, 368, 369, 370, 371, 372, 373, 374, 375, 376, 377, 378, 380, 381, 382, 384, 385, 386, 387, 388, 389, 391, 392, 393, 395, 396, 397, 398, 399, 400, 401, 402, 403, 404, 405, 406, 407, 408, 409, 410, 412, 413, 415, 416, 417, 418, 419, 420, 421, 422, 423, 424, 425, 426, 428, 429, 430, 431, 433, 435, 436, 437, 440, 441, 442, 443, 444, 445, 446, 447, 448, 449, 450, 451, 454, 455, 456, 457, 459, 460, 461, 462, 463, 464, 466, 467, 468, 469, 470, 471, 472, 473, 474, 475, 477, 478, 479, 481, 482, 483, 484, 485, 486, 487, 489, 490, 491, 492, 493, 494, 495, 496, 497, 498, 499, 500, 501, 503, 504, 505, 506, 508, 509, 511, 512, 513, 514, 515, 516, 517, 518, 520, 521, 522, 523, 524, 525, 526, 528, 529, 530, 531, 533, 534, 535, 536, 537, 541, 542, 543, 544, 545, 546, 547, 548, 549, 550, 551, 553, 554, 555, 556, 559, 560, 561, 562, 564, 565, 566, 567, 568, 570, 572, 573, 574, 575, 576, 577, 578, 579, 580, 582, 583, 586, 587, 588, 589, 590, 592, 593, 595, 596, 597, 598, 599, 600, 601, 602, 603, 604, 605, 606, 607, 608, 609, 610, 611, 613, 614, 615, 617, 618, 619, 620, 621, 622, 623, 624, 625, 626, 628, 629, 630, 631, 632, 633, 634, 636, 638, 639, 640, 641, 642, 643, 645, 648, 650, 652, 653, 654, 656, 657, 658, 659, 660, 661, 662, 663, 664, 666, 670, 671, 672, 675, 676, 677, 678, 679, 680, 681, 682, 684, 687, 688, 689, 690, 693, 694, 696, 697, 698, 699, 700, 701, 702, 703, 704, 705, 706, 707, 708, 709, 710, 711, 713, 714, 716, 717, 718, 719, 721, 722, 723, 724, 725, 726, 727, 728, 729, 731, 732, 733, 734, 737, 738, 739, 740, 742, 745, 746, 748, 749, 750, 751, 752, 753, 754, 755, 757, 758, 760, 762, 763, 764, 765, 767, 769, 770, 772, 774, 775, 777, 778, 780, 781, 783, 784, 785, 790, 791, 793, 795, 796, 797, 798, 799, 801, 802, 804, 808, 810, 811, 812, 814, 817, 818, 819, 820, 821, 822, 823, 824, 825, 826, 827, 828, 829, 830, 832, 833, 834, 835, 836, 837, 838, 839, 841, 842, 843, 844, 845, 847, 850, 851, 853, 854, 855, 857, 858, 859, 860, 861, 862, 863, 864, 866, 867, 869, 870, 873, 876, 877, 878, 879, 880, 882, 884, 885, 886, 887]
[3, 11, 12, 20, 32, 37, 40, 41, 46, 56, 63, 79, 85, 87, 98, 108, 114, 117, 127, 140, 147, 148, 157, 162, 164, 168, 182, 186, 191, 193, 194, 214, 222, 230, 237, 240, 247, 255, 256, 272, 284, 288, 290, 298, 299, 306, 308, 330, 334, 335, 341, 349, 353, 365, 367, 371, 390, 392, 394, 415, 425, 430, 451, 465, 483, 490, 508, 515, 521, 525, 530, 553, 588, 589, 594, 596, 606, 615, 618, 619, 626, 637, 640, 646, 653, 655, 673, 683, 688, 696, 718, 729, 733, 735, 745, 748, 761, 775, 781, 792, 809, 815, 823, 825, 826, 827, 830, 831, 832, 840, 841, 842, 843, 854, 856, 860, 861, 864, 874, 878, 879, 888]

[0, 1, 2, 3, 4, 5, 6, 7, 9, 10, 11, 12, 13, 14, 16, 18, 19, 22, 24, 25, 26, 27, 28, 29, 30, 31, 32, 33, 34, 36, 37, 38, 40, 42, 43, 44, 45, 47, 48, 49, 50, 51, 52, 56, 57, 58, 59, 60, 62, 63, 64, 65, 66, 67, 68, 69, 70, 71, 73, 74, 76, 77, 78, 80, 81, 82, 83, 85, 87, 88, 89, 90, 91, 93, 94, 95, 96, 97, 98, 100, 101, 106, 108, 109, 110, 112, 113, 114, 115, 116, 117, 118, 120, 121, 124, 126, 127, 128, 129, 130, 131, 132, 134, 135, 136, 137, 138, 139, 141, 143, 144, 145, 146, 148, 149, 150, 151, 152, 153, 155, 156, 157, 158, 159, 160, 161, 162, 163, 165, 167, 168, 170, 171, 172, 173, 174, 175, 176, 177, 178, 179, 180, 181, 182, 183, 184, 186, 187, 188, 189, 190, 191, 192, 193, 194, 196, 197, 198, 199, 200, 201, 202, 203, 204, 205, 206, 207, 209, 210, 211, 212, 213, 215, 216, 217, 218, 219, 220, 221, 224, 225, 226, 227, 230, 231, 233, 234, 236, 237, 239, 241, 243, 244, 245, 246, 247, 248, 249, 250, 251, 252, 253, 254, 255, 256, 257, 258, 260, 261, 262, 263, 265, 266, 267, 268, 269, 270, 271, 272, 273, 274, 275, 276, 277, 278, 279, 280, 281, 284, 286, 287, 288, 291, 293, 294, 296, 297, 298, 299, 300, 302, 303, 304, 306, 307, 308, 309, 313, 314, 316, 317, 319, 320, 321, 322, 323, 325, 326, 328, 329, 331, 332, 333, 334, 336, 337, 338, 339, 340, 342, 343, 344, 345, 346, 348, 350, 351, 353, 355, 356, 358, 359, 361, 362, 363, 364, 365, 366, 367, 368, 369, 370, 371, 372, 373, 374, 375, 376, 377, 378, 380, 381, 382, 384, 385, 386, 387, 388, 389, 391, 392, 393, 394, 395, 396, 397, 398, 399, 400, 401, 402, 403, 404, 405, 406, 407, 408, 409, 410, 412, 413, 415, 416, 417, 418, 419, 420, 421, 422, 423, 424, 425, 426, 428, 429, 430, 431, 433, 435, 436, 437, 438, 440, 441, 442, 443, 444, 445, 446, 447, 448, 449, 450, 451, 454, 455, 456, 457, 459, 460, 461, 462, 463, 464, 466, 467, 468, 469, 470, 471, 472, 473, 474, 475, 477, 478, 479, 481, 482, 483, 484, 485, 486, 487, 489, 490, 491, 492, 493, 494, 495, 496, 497, 498, 499, 500, 501, 503, 504, 505, 506, 508, 509, 511, 512, 513, 514, 515, 516, 517, 518, 520, 521, 522, 523, 524, 525, 526, 528, 529, 530, 531, 533, 534, 535, 536, 537, 539, 541, 542, 543, 544, 545, 546, 547, 548, 549, 550, 551, 553, 554, 555, 556, 559, 560, 561, 562, 564, 565, 566, 567, 568, 570, 572, 573, 574, 575, 576, 577, 578, 579, 580, 582, 583, 585, 586, 587, 588, 589, 590, 592, 593, 595, 596, 597, 598, 599, 600, 601, 602, 603, 604, 605, 606, 607, 608, 609, 610, 611, 613, 614, 615, 617, 618, 619, 620, 621, 622, 623, 624, 625, 626, 628, 629, 630, 631, 632, 633, 634, 636, 638, 639, 640, 641, 642, 643, 644, 645, 648, 650, 652, 653, 654, 656, 657, 658, 659, 660, 661, 662, 663, 664, 666, 667, 670, 671, 672, 675, 676, 677, 678, 679, 680, 681, 682, 684, 687, 688, 689, 690, 693, 694, 696, 697, 698, 699, 700, 701, 702, 703, 704, 705, 706, 707, 708, 709, 710, 711, 713, 714, 716, 717, 718, 719, 721, 722, 723, 724, 725, 726, 727, 728, 729, 731, 732, 733, 734, 737, 738, 739, 740, 741, 742, 745, 746, 748, 749, 750, 751, 752, 753, 754, 755, 757, 758, 760, 762, 763, 764, 765, 767, 769, 770, 772, 773, 774, 775, 777, 778, 780, 781, 783, 784, 785, 790, 791, 793, 795, 796, 797, 798, 799, 801, 802, 804, 805, 808, 810, 811, 812, 814, 817, 818, 819, 820, 821, 822, 823, 824, 825, 826, 827, 828, 829, 830, 832, 833, 834, 835, 836, 837, 838, 839, 841, 842, 843, 844, 845, 847, 850, 851, 853, 854, 855, 857, 858, 859, 860, 861, 862, 863, 864, 865, 866, 867, 869, 870, 873, 874, 876, 877, 878, 879, 880, 882, 884, 885, 886, 887, 889]
[3, 11, 12, 20, 32, 37, 40, 41, 46, 56, 63, 79, 85, 87, 98, 108, 114, 117, 127, 140, 147, 148, 157, 162, 164, 168, 182, 186, 191, 193, 194, 214, 222, 230, 237, 240, 247, 255, 256, 272, 284, 288, 290, 298, 299, 306, 308, 330, 334, 335, 341, 349, 353, 365, 367, 371, 390, 392, 394, 415, 425, 430, 451, 465, 483, 490, 508, 515, 521, 525, 530, 553, 588, 589, 594, 596, 606, 615, 618, 619, 626, 637, 640, 646, 653, 655, 673, 683, 688, 696, 718, 729, 733, 735, 745, 748, 761, 775, 781, 792, 809, 815, 823, 825, 826, 827, 830, 831, 832, 840, 841, 842, 843, 854, 856, 860, 861, 864, 874, 878, 879, 888]

[0, 1, 2, 3, 4, 5, 6, 7, 9, 10, 11, 12, 13, 14, 16, 18, 19, 22, 23, 24, 25, 26, 27, 28, 29, 30, 31, 32, 33, 34, 36, 37, 38, 40, 42, 43, 44, 45, 47, 48, 49, 50, 51, 52, 56, 57, 58, 59, 60, 62, 63, 64, 65, 66, 67, 68, 69, 70, 71, 73, 74, 75, 76, 77, 78, 80, 81, 82, 83, 85, 87, 88, 89, 90, 91, 93, 94, 95, 96, 97, 98, 100, 101, 103, 106, 108, 109, 110, 112, 113, 114, 115, 116, 117, 118, 120, 121, 124, 126, 127, 128, 129, 130, 131, 132, 134, 135, 136, 137, 138, 139, 141, 142, 143, 144, 145, 146, 148, 149, 150, 151, 152, 153, 155, 156, 157, 158, 159, 160, 161, 162, 163, 165, 167, 168, 170, 171, 172, 173, 174, 175, 176, 177, 178, 179, 180, 181, 182, 183, 184, 186, 187, 188, 189, 190, 191, 192, 193, 194, 196, 197, 198, 199, 200, 201, 202, 203, 204, 205, 206, 207, 209, 210, 211, 212, 213, 215, 216, 217, 218, 219, 220, 221, 224, 225, 226, 227, 228, 230, 231, 233, 234, 236, 237, 239, 241, 243, 244, 245, 246, 247, 248, 249, 250, 251, 252, 253, 254, 255, 256, 257, 258, 260, 261, 262, 263, 265, 266, 267, 268, 269, 270, 271, 272, 273, 274, 275, 276, 277, 278, 279, 280, 281, 284, 286, 287, 288, 291, 293, 294, 296, 297, 298, 299, 300, 302, 303, 304, 306, 307, 308, 309, 313, 314, 316, 317, 319, 320, 321, 322, 323, 325, 326, 328, 329, 331, 332, 333, 334, 336, 337, 338, 339, 340, 342, 343, 344, 345, 346, 347, 348, 350, 351, 353, 355, 356, 358, 359, 361, 362, 363, 364, 365, 366, 367, 368, 369, 370, 371, 372, 373, 374, 375, 376, 377, 378, 380, 381, 382, 384, 385, 386, 387, 388, 389, 391, 392, 393, 394, 395, 396, 397, 398, 399, 400, 401, 402, 403, 404, 405, 406, 407, 408, 409, 410, 412, 413, 415, 416, 417, 418, 419, 420, 421, 422, 423, 424, 425, 426, 428, 429, 430, 431, 432, 433, 434, 435, 436, 437, 438, 440, 441, 442, 443, 444, 445, 446, 447, 448, 449, 450, 451, 454, 455, 456, 457, 458, 459, 460, 461, 462, 463, 464, 465, 466, 467, 468, 469, 470, 471, 472, 473, 474, 475, 477, 478, 479, 481, 482, 483, 484, 485, 486, 487, 489, 490, 491, 492, 493, 494, 495, 496, 497, 498, 499, 500, 501, 503, 504, 505, 506, 508, 509, 510, 511, 512, 513, 514, 515, 516, 517, 518, 520, 521, 522, 523, 524, 525, 526, 528, 529, 530, 531, 533, 534, 535, 536, 537, 539, 541, 542, 543, 544, 545, 546, 547, 548, 549, 550, 551, 553, 554, 555, 556, 559, 560, 561, 562, 564, 565, 566, 567, 568, 570, 572, 573, 574, 575, 576, 577, 578, 579, 580, 582, 583, 585, 586, 587, 588, 589, 590, 591, 592, 593, 595, 596, 597, 598, 599, 600, 601, 602, 603, 604, 605, 606, 607, 608, 609, 610, 611, 613, 614, 615, 617, 618, 619, 620, 621, 622, 623, 624, 625, 626, 628, 629, 630, 631, 632, 633, 634, 636, 638, 639, 640, 641, 642, 643, 644, 645, 648, 650, 652, 653, 654, 656, 657, 658, 659, 660, 661, 662, 663, 664, 666, 667, 668, 670, 671, 672, 675, 676, 677, 678, 679, 680, 681, 682, 684, 686, 687, 688, 689, 690, 692, 693, 694, 696, 697, 698, 699, 700, 701, 702, 703, 704, 705, 706, 707, 708, 709, 710, 711, 713, 714, 715, 716, 717, 718, 719, 721, 722, 723, 724, 725, 726, 727, 728, 729, 731, 732, 733, 734, 737, 738, 739, 740, 741, 742, 744, 745, 746, 748, 749, 750, 751, 752, 753, 754, 755, 757, 758, 759, 760, 761, 762, 763, 764, 765, 767, 769, 770, 772, 773, 774, 775, 776, 777, 778, 780, 781, 783, 784, 785, 788, 790, 791, 793, 795, 796, 797, 798, 799, 801, 802, 804, 805, 808, 810, 811, 812, 814, 817, 818, 819, 820, 821, 822, 823, 824, 825, 826, 827, 828, 829, 830, 832, 833, 834, 835, 836, 837, 838, 839, 841, 842, 843, 844, 845, 847, 848, 850, 851, 852, 853, 854, 855, 856, 857, 858, 859, 860, 861, 862, 863, 864, 865, 866, 867, 869, 870, 873, 874, 876, 877, 878, 879, 880, 882, 884, 885, 886, 887, 889]
[3, 11, 12, 20, 32, 37, 40, 41, 46, 56, 63, 79, 85, 87, 98, 108, 114, 117, 127, 140, 147, 148, 157, 162, 164, 168, 182, 186, 191, 193, 194, 214, 222, 230, 237, 240, 247, 255, 256, 272, 284, 288, 290, 298, 299, 306, 308, 330, 334, 335, 341, 349, 353, 365, 367, 371, 390, 392, 394, 415, 425, 430, 451, 465, 483, 490, 508, 515, 521, 525, 530, 553, 588, 589, 594, 596, 606, 615, 618, 619, 626, 637, 640, 646, 653, 655, 673, 683, 688, 696, 718, 729, 733, 735, 745, 748, 761, 775, 781, 792, 809, 815, 823, 825, 826, 827, 830, 831, 832, 840, 841, 842, 843, 854, 856, 860, 861, 864, 874, 878, 879, 888]

[0, 1, 2, 3, 4, 5, 6, 7, 9, 10, 11, 12, 13, 14, 16, 18, 19, 21, 22, 23, 24, 25, 26, 27, 28, 29, 30, 31, 32, 33, 34, 36, 37, 38, 40, 42, 43, 44, 45, 47, 48, 49, 50, 51, 52, 53, 56, 57, 58, 59, 60, 62, 63, 64, 65, 66, 67, 68, 69, 70, 71, 73, 74, 75, 76, 77, 78, 79, 80, 81, 82, 83, 85, 87, 88, 89, 90, 91, 93, 94, 95, 96, 97, 98, 100, 101, 103, 106, 107, 108, 109, 110, 112, 113, 114, 115, 116, 117, 118, 120, 121, 123, 124, 126, 127, 128, 129, 130, 131, 132, 134, 135, 136, 137, 138, 139, 141, 142, 143, 144, 145, 146, 148, 149, 150, 151, 152, 153, 155, 156, 157, 158, 159, 160, 161, 162, 163, 165, 166, 167, 168, 170, 171, 172, 173, 174, 175, 176, 177, 178, 179, 180, 181, 182, 183, 184, 186, 187, 188, 189, 190, 191, 192, 193, 194, 196, 197, 198, 199, 200, 201, 202, 203, 204, 205, 206, 207, 209, 210, 211, 212, 213, 215, 216, 217, 218, 219, 220, 221, 223, 224, 225, 226, 227, 228, 230, 231, 233, 234, 235, 236, 237, 239, 241, 243, 244, 245, 246, 247, 248, 249, 250, 251, 252, 253, 254, 255, 256, 257, 258, 260, 261, 262, 263, 265, 266, 267, 268, 269, 270, 271, 272, 273, 274, 275, 276, 277, 278, 279, 280, 281, 283, 284, 286, 287, 288, 291, 293, 294, 296, 297, 298, 299, 300, 302, 303, 304, 306, 307, 308, 309, 313, 314, 316, 317, 319, 320, 321, 322, 323, 325, 326, 328, 329, 331, 332, 333, 334, 336, 337, 338, 339, 340, 342, 343, 344, 345, 346, 347, 348, 350, 351, 353, 355, 356, 358, 359, 361, 362, 363, 364, 365, 366, 367, 368, 369, 370, 371, 372, 373, 374, 375, 376, 377, 378, 380, 381, 382, 384, 385, 386, 387, 388, 389, 391, 392, 393, 394, 395, 396, 397, 398, 399, 400, 401, 402, 403, 404, 405, 406, 407, 408, 409, 410, 412, 413, 415, 416, 417, 418, 419, 420, 421, 422, 423, 424, 425, 426, 428, 429, 430, 431, 432, 433, 434, 435, 436, 437, 438, 440, 441, 442, 443, 444, 445, 446, 447, 448, 449, 450, 451, 454, 455, 456, 457, 458, 459, 460, 461, 462, 463, 464, 465, 466, 467, 468, 469, 470, 471, 472, 473, 474, 475, 476, 477, 478, 479, 481, 482, 483, 484, 485, 486, 487, 489, 490, 491, 492, 493, 494, 495, 496, 497, 498, 499, 500, 501, 503, 504, 505, 506, 507, 508, 509, 510, 511, 512, 513, 514, 515, 516, 517, 518, 520, 521, 522, 523, 524, 525, 526, 528, 529, 530, 531, 533, 534, 535, 536, 537, 539, 541, 542, 543, 544, 545, 546, 547, 548, 549, 550, 551, 552, 553, 554, 555, 556, 558, 559, 560, 561, 562, 563, 564, 565, 566, 567, 568, 570, 572, 573, 574, 575, 576, 577, 578, 579, 580, 582, 583, 585, 586, 587, 588, 589, 590, 591, 592, 593, 595, 596, 597, 598, 599, 600, 601, 602, 603, 604, 605, 606, 607, 608, 609, 610, 611, 613, 614, 615, 617, 618, 619, 620, 621, 622, 623, 624, 625, 626, 628, 629, 630, 631, 632, 633, 634, 636, 638, 639, 640, 641, 642, 643, 644, 645, 648, 650, 652, 653, 654, 656, 657, 658, 659, 660, 661, 662, 663, 664, 666, 667, 668, 670, 671, 672, 675, 676, 677, 678, 679, 680, 681, 682, 684, 686, 687, 688, 689, 690, 691, 692, 693, 694, 696, 697, 698, 699, 700, 701, 702, 703, 704, 705, 706, 707, 708, 709, 710, 711, 713, 714, 715, 716, 717, 718, 719, 720, 721, 722, 723, 724, 725, 726, 727, 728, 729, 731, 732, 733, 734, 737, 738, 739, 740, 741, 742, 744, 745, 746, 748, 749, 750, 751, 752, 753, 754, 755, 757, 758, 759, 760, 761, 762, 763, 764, 765, 766, 767, 769, 770, 772, 773, 774, 775, 776, 777, 778, 780, 781, 782, 783, 784, 785, 786, 788, 789, 790, 791, 792, 793, 795, 796, 797, 798, 799, 801, 802, 804, 805, 808, 810, 811, 812, 814, 816, 817, 818, 819, 820, 821, 822, 823, 824, 825, 826, 827, 828, 829, 830, 832, 833, 834, 835, 836, 837, 838, 839, 841, 842, 843, 844, 845, 847, 848, 849, 850, 851, 852, 853, 854, 855, 856, 857, 858, 859, 860, 861, 862, 863, 864, 865, 866, 867, 869, 870, 872, 873, 874, 876, 877, 878, 879, 880, 882, 884, 885, 886, 887, 888, 889]
[3, 11, 12, 20, 32, 37, 40, 41, 46, 56, 63, 79, 85, 87, 98, 108, 114, 117, 127, 140, 147, 148, 157, 162, 164, 168, 182, 186, 191, 193, 194, 214, 222, 230, 237, 240, 247, 255, 256, 272, 284, 288, 290, 298, 299, 306, 308, 330, 334, 335, 341, 349, 353, 365, 367, 371, 390, 392, 394, 415, 425, 430, 451, 465, 483, 490, 508, 515, 521, 525, 530, 553, 588, 589, 594, 596, 606, 615, 618, 619, 626, 637, 640, 646, 653, 655, 673, 683, 688, 696, 718, 729, 733, 735, 745, 748, 761, 775, 781, 792, 809, 815, 823, 825, 826, 827, 830, 831, 832, 840, 841, 842, 843, 854, 856, 860, 861, 864, 874, 878, 879, 888]

[0, 1, 2, 3, 4, 5, 6, 7, 9, 10, 11, 12, 13, 14, 16, 17, 18, 19, 21, 22, 23, 24, 25, 26, 27, 28, 29, 30, 31, 32, 33, 34, 36, 37, 38, 40, 41, 42, 43, 44, 45, 46, 47, 48, 49, 50, 51, 52, 53, 56, 57, 58, 59, 60, 62, 63, 64, 65, 66, 67, 68, 69, 70, 71, 73, 74, 75, 76, 77, 78, 79, 80, 81, 82, 83, 85, 87, 88, 89, 90, 91, 93, 94, 95, 96, 97, 98, 100, 101, 103, 106, 107, 108, 109, 110, 111, 112, 113, 114, 115, 116, 117, 118, 120, 121, 123, 124, 126, 127, 128, 129, 130, 131, 132, 134, 135, 136, 137, 138, 139, 140, 141, 142, 143, 144, 145, 146, 148, 149, 150, 151, 152, 153, 155, 156, 157, 158, 159, 160, 161, 162, 163, 165, 166, 167, 168, 169, 170, 171, 172, 173, 174, 175, 176, 177, 178, 179, 180, 181, 182, 183, 184, 186, 187, 188, 189, 190, 191, 192, 193, 194, 196, 197, 198, 199, 200, 201, 202, 203, 204, 205, 206, 207, 209, 210, 211, 212, 213, 215, 216, 217, 218, 219, 220, 221, 223, 224, 225, 226, 227, 228, 230, 231, 233, 234, 235, 236, 237, 239, 241, 242, 243, 244, 245, 246, 247, 248, 249, 250, 251, 252, 253, 254, 255, 256, 257, 258, 259, 260, 261, 262, 263, 265, 266, 267, 268, 269, 270, 271, 272, 273, 274, 275, 276, 277, 278, 279, 280, 281, 283, 284, 286, 287, 288, 291, 293, 294, 295, 296, 297, 298, 299, 300, 302, 303, 304, 306, 307, 308, 309, 313, 314, 316, 317, 319, 320, 321, 322, 323, 325, 326, 328, 329, 331, 332, 333, 334, 336, 337, 338, 339, 340, 341, 342, 343, 344, 345, 346, 347, 348, 350, 351, 352, 353, 355, 356, 358, 359, 361, 362, 363, 364, 365, 366, 367, 368, 369, 370, 371, 372, 373, 374, 375, 376, 377, 378, 380, 381, 382, 384, 385, 386, 387, 388, 389, 391, 392, 393, 394, 395, 396, 397, 398, 399, 400, 401, 402, 403, 404, 405, 406, 407, 408, 409, 410, 412, 413, 415, 416, 417, 418, 419, 420, 421, 422, 423, 424, 425, 426, 428, 429, 430, 431, 432, 433, 434, 435, 436, 437, 438, 439, 440, 441, 442, 443, 444, 445, 446, 447, 448, 449, 450, 451, 452, 454, 455, 456, 457, 458, 459, 460, 461, 462, 463, 464, 465, 466, 467, 468, 469, 470, 471, 472, 473, 474, 475, 476, 477, 478, 479, 481, 482, 483, 484, 485, 486, 487, 489, 490, 491, 492, 493, 494, 495, 496, 497, 498, 499, 500, 501, 502, 503, 504, 505, 506, 507, 508, 509, 510, 511, 512, 513, 514, 515, 516, 517, 518, 520, 521, 522, 523, 524, 525, 526, 528, 529, 530, 531, 532, 533, 534, 535, 536, 537, 538, 539, 541, 542, 543, 544, 545, 546, 547, 548, 549, 550, 551, 552, 553, 554, 555, 556, 558, 559, 560, 561, 562, 563, 564, 565, 566, 567, 568, 570, 571, 572, 573, 574, 575, 576, 577, 578, 579, 580, 582, 583, 585, 586, 587, 588, 589, 590, 591, 592, 593, 595, 596, 597, 598, 599, 600, 601, 602, 603, 604, 605, 606, 607, 608, 609, 610, 611, 613, 614, 615, 617, 618, 619, 620, 621, 622, 623, 624, 625, 626, 627, 628, 629, 630, 631, 632, 633, 634, 635, 636, 638, 639, 640, 641, 642, 643, 644, 645, 648, 650, 652, 653, 654, 656, 657, 658, 659, 660, 661, 662, 663, 664, 666, 667, 668, 669, 670, 671, 672, 675, 676, 677, 678, 679, 680, 681, 682, 684, 686, 687, 688, 689, 690, 691, 692, 693, 694, 695, 696, 697, 698, 699, 700, 701, 702, 703, 704, 705, 706, 707, 708, 709, 710, 711, 713, 714, 715, 716, 717, 718, 719, 720, 721, 722, 723, 724, 725, 726, 727, 728, 729, 731, 732, 733, 734, 737, 738, 739, 740, 741, 742, 744, 745, 746, 748, 749, 750, 751, 752, 753, 754, 755, 757, 758, 759, 760, 761, 762, 763, 764, 765, 766, 767, 769, 770, 772, 773, 774, 775, 776, 777, 778, 779, 780, 781, 782, 783, 784, 785, 786, 788, 789, 790, 791, 792, 793, 795, 796, 797, 798, 799, 801, 802, 804, 805, 806, 808, 810, 811, 812, 814, 816, 817, 818, 819, 820, 821, 822, 823, 824, 825, 826, 827, 828, 829, 830, 832, 833, 834, 835, 836, 837, 838, 839, 841, 842, 843, 844, 845, 847, 848, 849, 850, 851, 852, 853, 854, 855, 856, 857, 858, 859, 860, 861, 862, 863, 864, 865, 866, 867, 869, 870, 871, 872, 873, 874, 875, 876, 877, 878, 879, 880, 882, 884, 885, 886, 887, 888, 889]
[3, 11, 12, 20, 32, 37, 40, 41, 46, 56, 63, 79, 85, 87, 98, 108, 114, 117, 127, 140, 147, 148, 157, 162, 164, 168, 182, 186, 191, 193, 194, 214, 222, 230, 237, 240, 247, 255, 256, 272, 284, 288, 290, 298, 299, 306, 308, 330, 334, 335, 341, 349, 353, 365, 367, 371, 390, 392, 394, 415, 425, 430, 451, 465, 483, 490, 508, 515, 521, 525, 530, 553, 588, 589, 594, 596, 606, 615, 618, 619, 626, 637, 640, 646, 653, 655, 673, 683, 688, 696, 718, 729, 733, 735, 745, 748, 761, 775, 781, 792, 809, 815, 823, 825, 826, 827, 830, 831, 832, 840, 841, 842, 843, 854, 856, 860, 861, 864, 874, 878, 879, 888]

