[6, 57, 71, 84, 106, 164, 197, 217, 241, 250, 288, 326, 356, 420, 472, 485, 593, 636, 731, 739, 746, 769]
[11, 45, 73, 119, 189, 194, 259, 277, 316, 335, 386, 396, 441, 515, 601, 657, 691, 704, 736, 875, 876, 882]

[6, 57, 71, 84, 106, 164, 197, 217, 241, 250, 288, 326, 356, 420, 472, 485, 593, 636, 731, 739, 746, 769]
[0, 11, 22, 26, 45, 55, 73, 76, 77, 79, 87, 90, 97, 105, 111, 118, 119, 130, 142, 146, 147, 155, 161, 171, 176, 180, 186, 189, 194, 204, 220, 230, 231, 251, 259, 271, 277, 280, 287, 291, 297, 306, 316, 328, 332, 335, 339, 350, 369, 372, 374, 378, 383, 386, 391, 396, 406, 408, 410, 429, 441, 454, 488, 503, 504, 505, 507, 515, 521, 546, 547, 551, 560, 563, 567, 574, 575, 587, 589, 590, 601, 605, 607, 620, 630, 640, 645, 648, 651, 653, 657, 666, 667, 670, 672, 685, 688, 691, 700, 702, 703, 704, 706, 714, 721, 725, 736, 756, 764, 777, 801, 810, 811, 844, 856, 859, 875, 876, 882, 885, 887, 889]

[0, 6, 36, 39, 57, 71, 84, 90, 93, 106, 124, 157, 164, 197, 217, 231, 232, 241, 250, 262, 288, 301, 326, 341, 356, 420, 426, 442, 444, 472, 485, 509, 520, 532, 593, 636, 655, 728, 731, 739, 746, 752, 759, 769, 791, 816, 824]
[0, 11, 22, 26, 45, 55, 73, 76, 77, 79, 87, 90, 97, 105, 111, 118, 119, 130, 142, 146, 147, 155, 161, 171, 176, 180, 186, 189, 194, 204, 220, 230, 231, 251, 259, 271, 277, 280, 287, 291, 297, 306, 316, 328, 332, 335, 339, 350, 369, 372, 374, 378, 383, 386, 391, 396, 406, 408, 410, 429, 441, 454, 488, 503, 504, 505, 507, 515, 521, 546, 547, 551, 560, 563, 567, 574, 575, 587, 589, 590, 601, 605, 607, 620, 630, 640, 645, 648, 651, 653, 657, 666, 667, 670, 672, 685, 688, 691, 700, 702, 703, 704, 706, 714, 721, 725, 736, 756, 764, 777, 801, 810, 811, 844, 856, 859, 875, 876, 882, 885, 887, 889]

[0, 6, 36, 39, 57, 71, 73, 79, 84, 90, 93, 99, 102, 106, 113, 124, 157, 164, 197, 208, 217, 231, 232, 241, 250, 262, 266, 275, 288, 301, 320, 326, 341, 356, 358, 383, 420, 426, 438, 442, 444, 450, 472, 485, 500, 503, 509, 511, 517, 520, 532, 544, 593, 616, 636, 655, 674, 728, 731, 739, 746, 752, 759, 769, 791, 809, 816, 824, 846, 848, 849, 876]
[0, 11, 22, 26, 45, 55, 73, 76, 77, 79, 87, 90, 97, 105, 111, 118, 119, 130, 142, 146, 147, 155, 161, 171, 176, 180, 186, 189, 194, 204, 220, 230, 231, 251, 259, 271, 277, 280, 287, 291, 297, 306, 316, 328, 332, 335, 339, 350, 369, 372, 374, 378, 383, 386, 391, 396, 406, 408, 410, 429, 441, 454, 488, 503, 504, 505, 507, 515, 521, 546, 547, 551, 560, 563, 567, 574, 575, 587, 589, 590, 601, 605, 607, 620, 630, 640, 645, 648, 651, 653, 657, 666, 667, 670, 672, 685, 688, 691, 700, 702, 703, 704, 706, 714, 721, 725, 736, 756, 764, 777, 801, 810, 811, 844, 856, 859, 875, 876, 882, 885, 887, 889]

[0, 6, 36, 39, 57, 71, 73, 79, 84, 90, 93, 99, 102, 106, 107, 113, 116, 123, 124, 125, 131, 157, 164, 170, 197, 203, 208, 217, 231, 232, 241, 250, 262, 266, 275, 278, 288, 301, 320, 321, 326, 341, 356, 358, 383, 392, 420, 426, 431, 434, 438, 442, 444, 450, 472, 480, 485, 500, 503, 509, 511, 517, 520, 532, 544, 593, 599, 606, 616, 636, 655, 673, 674, 702, 704, 728, 731, 736, 739, 746, 750, 752, 759, 769, 791, 799, 805, 806, 809, 816, 824, 846, 848, 849, 854, 876, 880]
[0, 11, 22, 26, 45, 55, 73, 76, 77, 79, 87, 90, 97, 105, 111, 118, 119, 130, 142, 146, 147, 155, 161, 171, 176, 180, 186, 189, 194, 204, 220, 230, 231, 251, 259, 271, 277, 280, 287, 291, 297, 306, 316, 328, 332, 335, 339, 350, 369, 372, 374, 378, 383, 386, 391, 396, 406, 408, 410, 429, 441, 454, 488, 503, 504, 505, 507, 515, 521, 546, 547, 551, 560, 563, 567, 574, 575, 587, 589, 590, 601, 605, 607, 620, 630, 640, 645, 648, 651, 653, 657, 666, 667, 670, 672, 685, 688, 691, 700, 702, 703, 704, 706, 714, 721, 725, 736, 756, 764, 777, 801, 810, 811, 844, 856, 859, 875, 876, 882, 885, 887, 889]

[0, 6, 36, 39, 57, 71, 73, 79, 81, 84, 90, 93, 99, 102, 104, 106, 107, 113, 116, 123, 124, 125, 131, 157, 164, 169, 170, 187, 190, 197, 203, 208, 217, 218, 231, 232, 241, 250, 262, 266, 270, 275, 278, 288, 301, 320, 321, 325, 326, 341, 355, 356, 358, 383, 392, 399, 420, 426, 431, 434, 438, 440, 442, 444, 447, 450, 458, 472, 479, 480, 485, 500, 503, 509, 510, 511, 517, 518, 520, 532, 544, 550, 561, 568, 586, 588, 593, 599, 606, 616, 619, 636, 643, 652, 655, 656, 673, 674, 679, 702, 703, 704, 728, 731, 736, 739, 746, 750, 752, 759, 769, 791, 798, 799, 805, 806, 808, 809, 816, 824, 831, 833, 835, 840, 846, 848, 849, 854, 876, 880]
[0, 11, 22, 26, 45, 55, 73, 76, 77, 79, 87, 90, 97, 105, 111, 118, 119, 130, 142, 146, 147, 155, 161, 171, 176, 180, 186, 189, 194, 204, 220, 230, 231, 251, 259, 271, 277, 280, 287, 291, 297, 306, 316, 328, 332, 335, 339, 350, 369, 372, 374, 378, 383, 386, 391, 396, 406, 408, 410, 429, 441, 454, 488, 503, 504, 505, 507, 515, 521, 546, 547, 551, 560, 563, 567, 574, 575, 587, 589, 590, 601, 605, 607, 620, 630, 640, 645, 648, 651, 653, 657, 666, 667, 670, 672, 685, 688, 691, 700, 702, 703, 704, 706, 714, 721, 725, 736, 756, 764, 777, 801, 810, 811, 844, 856, 859, 875, 876, 882, 885, 887, 889]

[0, 6, 36, 39, 57, 71, 73, 79, 81, 84, 90, 93, 99, 102, 104, 106, 107, 110, 113, 116, 123, 124, 125, 131, 157, 160, 164, 169, 170, 178, 187, 190, 194, 197, 203, 208, 217, 218, 220, 231, 232, 241, 250, 262, 266, 270, 275, 278, 288, 301, 313, 320, 321, 325, 326, 339, 341, 353, 355, 356, 358, 383, 392, 399, 406, 420, 426, 431, 434, 438, 439, 440, 442, 444, 447, 450, 452, 458, 472, 479, 480, 485, 499, 500, 503, 509, 510, 511, 517, 518, 520, 532, 544, 550, 551, 561, 563, 565, 568, 569, 586, 588, 593, 599, 606, 616, 619, 636, 637, 643, 652, 655, 656, 671, 672, 673, 674, 675, 679, 702, 703, 704, 719, 728, 731, 736, 739, 746, 750, 752, 756, 759, 760, 769, 791, 792, 798, 799, 805, 806, 808, 809, 816, 821, 824, 825, 827, 831, 833, 835, 840, 846, 848, 849, 854, 876, 880]
[0, 11, 22, 26, 45, 55, 73, 76, 77, 79, 87, 90, 97, 105, 111, 118, 119, 130, 142, 146, 147, 155, 161, 171, 176, 180, 186, 189, 194, 204, 220, 230, 231, 251, 259, 271, 277, 280, 287, 291, 297, 306, 316, 328, 332, 335, 339, 350, 369, 372, 374, 378, 383, 386, 391, 396, 406, 408, 410, 429, 441, 454, 488, 503, 504, 505, 507, 515, 521, 546, 547, 551, 560, 563, 567, 574, 575, 587, 589, 590, 601, 605, 607, 620, 630, 640, 645, 648, 651, 653, 657, 666, 667, 670, 672, 685, 688, 691, 700, 702, 703, 704, 706, 714, 721, 725, 736, 756, 764, 777, 801, 810, 811, 844, 856, 859, 875, 876, 882, 885, 887, 889]

[0, 4, 6, 36, 39, 56, 57, 71, 73, 79, 81, 84, 90, 93, 99, 102, 104, 106, 107, 110, 113, 116, 123, 124, 125, 131, 134, 140, 142, 152, 157, 159, 160, 164, 169, 170, 178, 180, 187, 188, 190, 194, 197, 203, 204, 208, 216, 217, 218, 220, 231, 232, 239, 241, 244, 250, 258, 262, 266, 268, 270, 275, 278, 288, 301, 313, 320, 321, 325, 326, 330, 334, 339, 340, 341, 353, 355, 356, 358, 360, 383, 392, 399, 406, 407, 420, 426, 431, 434, 438, 439, 440, 442, 444, 447, 450, 452, 458, 461, 472, 474, 478, 479, 480, 485, 499, 500, 503, 509, 510, 511, 517, 518, 520, 532, 544, 550, 551, 558, 561, 563, 565, 568, 569, 586, 588, 593, 599, 606, 616, 619, 636, 637, 643, 652, 655, 656, 671, 672, 673, 674, 675, 679, 702, 703, 704, 719, 728, 731, 736, 739, 746, 750, 752, 756, 759, 760, 769, 791, 792, 798, 799, 803, 805, 806, 808, 809, 816, 821, 824, 825, 827, 831, 833, 835, 840, 846, 848, 849, 851, 854, 860, 866, 876, 880]
[0, 11, 22, 26, 45, 55, 73, 76, 77, 79, 87, 90, 97, 105, 111, 118, 119, 130, 142, 146, 147, 155, 161, 171, 176, 180, 186, 189, 194, 204, 220, 230, 231, 251, 259, 271, 277, 280, 287, 291, 297, 306, 316, 328, 332, 335, 339, 350, 369, 372, 374, 378, 383, 386, 391, 396, 406, 408, 410, 429, 441, 454, 488, 503, 504, 505, 507, 515, 521, 546, 547, 551, 560, 563, 567, 574, 575, 587, 589, 590, 601, 605, 607, 620, 630, 640, 645, 648, 651, 653, 657, 666, 667, 670, 672, 685, 688, 691, 700, 702, 703, 704, 706, 714, 721, 725, 736, 756, 764, 777, 801, 810, 811, 844, 856, 859, 875, 876, 882, 885, 887, 889]

[0, 4, 6, 36, 39, 56, 57, 69, 71, 73, 79, 81, 84, 90, 93, 99, 102, 104, 106, 107, 110, 113, 116, 123, 124, 125, 131, 134, 140, 142, 152, 157, 159, 160, 162, 164, 168, 169, 170, 178, 180, 187, 188, 190, 194, 197, 202, 203, 204, 208, 216, 217, 218, 220, 231, 232, 239, 241, 244, 250, 258, 262, 266, 267, 268, 270, 275, 278, 288, 301, 313, 317, 319, 320, 321, 322, 325, 326, 330, 334, 339, 340, 341, 353, 355, 356, 358, 360, 383, 392, 399, 402, 404, 406, 407, 420, 426, 431, 434, 438, 439, 440, 442, 444, 447, 450, 452, 454, 458, 461, 467, 472, 474, 478, 479, 480, 485, 499, 500, 503, 509, 510, 511, 517, 518, 520, 532, 533, 544, 546, 550, 551, 558, 561, 563, 565, 568, 569, 573, 586, 588, 593, 599, 603, 606, 616, 619, 636, 637, 639, 643, 652, 655, 656, 671, 672, 673, 674, 675, 679, 688, 689, 702, 703, 704, 719, 725, 728, 729, 731, 736, 739, 746, 750, 752, 756, 759, 760, 763, 769, 770, 791, 792, 798, 799, 803, 805, 806, 808, 809, 816, 821, 824, 825, 827, 831, 833, 835, 840, 846, 848, 849, 850, 851, 854, 860, 866, 876, 880, 888]
[0, 11, 22, 26, 45, 55, 73, 76, 77, 79, 87, 90, 97, 105, 111, 118, 119, 130, 142, 146, 147, 155, 161, 171, 176, 180, 186, 189, 194, 204, 220, 230, 231, 251, 259, 271, 277, 280, 287, 291, 297, 306, 316, 328, 332, 335, 339, 350, 369, 372, 374, 378, 383, 386, 391, 396, 406, 408, 410, 429, 441, 454, 488, 503, 504, 505, 507, 515, 521, 546, 547, 551, 560, 563, 567, 574, 575, 587, 589, 590, 601, 605, 607, 620, 630, 640, 645, 648, 651, 653, 657, 666, 667, 670, 672, 685, 688, 691, 700, 702, 703, 704, 706, 714, 721, 725, 736, 756, 764, 777, 801, 810, 811, 844, 856, 859, 875, 876, 882, 885, 887, 889]

[0, 4, 6, 21, 35, 36, 39, 56, 57, 69, 71, 73, 79, 81, 82, 84, 87, 90, 93, 99, 102, 104, 106, 107, 110, 113, 116, 123, 124, 125, 131, 134, 140, 142, 152, 157, 159, 160, 162, 164, 168, 169, 170, 178, 180, 186, 187, 188, 190, 194, 197, 202, 203, 204, 208, 216, 217, 218, 220, 231, 232, 239, 241, 244, 247, 250, 256, 258, 259, 262, 266, 267, 268, 270, 275, 278, 288, 301, 313, 317, 319, 320, 321, 322, 325, 326, 330, 334, 339, 340, 341, 353, 355, 356, 358, 360, 383, 386, 392, 399, 402, 404, 406, 407, 420, 426, 431, 434, 438, 439, 440, 442, 443, 444, 447, 450, 452, 454, 458, 461, 467, 468, 472, 474, 478, 479, 480, 485, 499, 500, 503, 505, 509, 510, 511, 517, 518, 520, 527, 532, 533, 544, 546, 550, 551, 558, 561, 563, 565, 568, 569, 573, 586, 588, 593, 599, 603, 606, 613, 616, 619, 620, 636, 637, 638, 639, 643, 647, 652, 655, 656, 658, 671, 672, 673, 674, 675, 679, 688, 689, 696, 702, 703, 704, 719, 725, 728, 729, 731, 735, 736, 739, 746, 750, 752, 756, 759, 760, 763, 769, 770, 780, 791, 792, 798, 799, 803, 805, 806, 808, 809, 816, 817, 821, 823, 824, 825, 827, 830, 831, 833, 834, 835, 840, 846, 848, 849, 850, 851, 854, 860, 866, 876, 880, 888]
[0, 11, 22, 26, 45, 55, 73, 76, 77, 79, 87, 90, 97, 105, 111, 118, 119, 130, 142, 146, 147, 155, 161, 171, 176, 180, 186, 189, 194, 204, 220, 230, 231, 251, 259, 271, 277, 280, 287, 291, 297, 306, 316, 328, 332, 335, 339, 350, 369, 372, 374, 378, 383, 386, 391, 396, 406, 408, 410, 429, 441, 454, 488, 503, 504, 505, 507, 515, 521, 546, 547, 551, 560, 563, 567, 574, 575, 587, 589, 590, 601, 605, 607, 620, 630, 640, 645, 648, 651, 653, 657, 666, 667, 670, 672, 685, 688, 691, 700, 702, 703, 704, 706, 714, 721, 725, 736, 756, 764, 777, 801, 810, 811, 844, 856, 859, 875, 876, 882, 885, 887, 889]

[0, 4, 6, 21, 35, 36, 39, 56, 57, 60, 68, 69, 71, 73, 79, 81, 82, 84, 87, 90, 93, 99, 102, 104, 106, 107, 110, 113, 116, 123, 124, 125, 131, 134, 140, 142, 143, 152, 157, 159, 160, 162, 163, 164, 168, 169, 170, 178, 180, 186, 187, 188, 190, 194, 197, 202, 203, 204, 208, 216, 217, 218, 220, 223, 228, 231, 232, 239, 241, 244, 247, 250, 253, 256, 258, 259, 262, 266, 267, 268, 270, 273, 275, 278, 288, 300, 301, 305, 313, 317, 318, 319, 320, 321, 322, 325, 326, 330, 334, 339, 340, 341, 346, 353, 355, 356, 358, 360, 368, 383, 386, 392, 399, 402, 404, 406, 407, 420, 426, 431, 434, 438, 439, 440, 442, 443, 444, 447, 450, 452, 453, 454, 458, 461, 467, 468, 472, 474, 478, 479, 480, 482, 485, 499, 500, 503, 505, 509, 510, 511, 517, 518, 520, 527, 532, 533, 534, 540, 544, 546, 550, 551, 558, 561, 563, 565, 568, 569, 573, 586, 588, 593, 599, 603, 606, 613, 616, 619, 620, 621, 627, 636, 637, 638, 639, 643, 647, 649, 652, 655, 656, 658, 671, 672, 673, 674, 675, 679, 688, 689, 696, 702, 703, 704, 719, 725, 728, 729, 731, 735, 736, 737, 739, 742, 746, 750, 751, 752, 756, 759, 760, 763, 769, 770, 780, 791, 792, 798, 799, 803, 805, 806, 808, 809, 816, 817, 821, 823, 824, 825, 827, 830, 831, 833, 834, 835, 838, 840, 846, 848, 849, 850, 851, 854, 860, 866, 874, 876, 880, 888]
[0, 11, 22, 26, 45, 55, 73, 76, 77, 79, 87, 90, 97, 105, 111, 118, 119, 130, 142, 146, 147, 155, 161, 171, 176, 180, 186, 189, 194, 204, 220, 230, 231, 251, 259, 271, 277, 280, 287, 291, 297, 306, 316, 328, 332, 335, 339, 350, 369, 372, 374, 378, 383, 386, 391, 396, 406, 408, 410, 429, 441, 454, 488, 503, 504, 505, 507, 515, 521, 546, 547, 551, 560, 563, 567, 574, 575, 587, 589, 590, 601, 605, 607, 620, 630, 640, 645, 648, 651, 653, 657, 666, 667, 670, 672, 685, 688, 691, 700, 702, 703, 704, 706, 714, 721, 725, 736, 756, 764, 777, 801, 810, 811, 844, 856, 859, 875, 876, 882, 885, 887, 889]

[0, 4, 6, 17, 18, 21, 35, 36, 39, 56, 57, 60, 68, 69, 71, 73, 79, 81, 82, 84, 87, 88, 90, 93, 99, 102, 104, 106, 107, 110, 113, 116, 123, 124, 125, 131, 134, 140, 142, 143, 152, 155, 157, 159, 160, 161, 162, 163, 164, 168, 169, 170, 178, 180, 184, 186, 187, 188, 190, 193, 194, 197, 202, 203, 204, 208, 216, 217, 218, 220, 223, 228, 231, 232, 238, 239, 241, 244, 247, 250, 253, 256, 258, 259, 262, 266, 267, 268, 270, 273, 275, 278, 280, 288, 300, 301, 305, 311, 313, 317, 318, 319, 320, 321, 322, 325, 326, 330, 334, 339, 340, 341, 342, 346, 347, 349, 353, 355, 356, 358, 360, 368, 383, 386, 389, 392, 399, 400, 402, 404, 406, 407, 420, 426, 431, 434, 438, 439, 440, 442, 443, 444, 447, 450, 452, 453, 454, 458, 461, 467, 468, 472, 474, 478, 479, 480, 482, 485, 495, 499, 500, 503, 505, 506, 509, 510, 511, 514, 517, 518, 520, 527, 532, 533, 534, 540, 544, 546, 550, 551, 558, 561, 563, 565, 568, 569, 573, 586, 588, 593, 599, 600, 603, 606, 613, 616, 619, 620, 621, 627, 636, 637, 638, 639, 643, 644, 647, 649, 652, 655, 656, 658, 671, 672, 673, 674, 675, 676, 679, 688, 689, 696, 698, 702, 703, 704, 719, 725, 728, 729, 731, 735, 736, 737, 739, 742, 746, 750, 751, 752, 756, 759, 760, 763, 769, 770, 780, 791, 792, 798, 799, 803, 804, 805, 806, 808, 809, 816, 817, 821, 823, 824, 825, 827, 830, 831, 833, 834, 835, 838, 840, 846, 848, 849, 850, 851, 854, 860, 862, 866, 867, 874, 876, 880, 888]
[0, 11, 22, 26, 45, 55, 73, 76, 77, 79, 87, 90, 97, 105, 111, 118, 119, 130, 142, 146, 147, 155, 161, 171, 176, 180, 186, 189, 194, 204, 220, 230, 231, 251, 259, 271, 277, 280, 287, 291, 297, 306, 316, 328, 332, 335, 339, 350, 369, 372, 374, 378, 383, 386, 391, 396, 406, 408, 410, 429, 441, 454, 488, 503, 504, 505, 507, 515, 521, 546, 547, 551, 560, 563, 567, 574, 575, 587, 589, 590, 601, 605, 607, 620, 630, 640, 645, 648, 651, 653, 657, 666, 667, 670, 672, 685, 688, 691, 700, 702, 703, 704, 706, 714, 721, 725, 736, 756, 764, 777, 801, 810, 811, 844, 856, 859, 875, 876, 882, 885, 887, 889]

[0, 4, 6, 17, 18, 21, 35, 36, 39, 50, 56, 57, 60, 67, 68, 69, 71, 73, 78, 79, 81, 82, 84, 87, 88, 89, 90, 93, 99, 102, 104, 106, 107, 110, 113, 116, 123, 124, 125, 131, 134, 140, 141, 142, 143, 147, 152, 155, 157, 159, 160, 161, 162, 163, 164, 168, 169, 170, 178, 180, 184, 186, 187, 188, 190, 193, 194, 197, 202, 203, 204, 208, 212, 216, 217, 218, 220, 223, 226, 228, 231, 232, 238, 239, 240, 241, 244, 247, 250, 253, 256, 258, 259, 262, 266, 267, 268, 270, 273, 275, 278, 280, 288, 300, 301, 305, 311, 313, 317, 318, 319, 320, 321, 322, 324, 325, 326, 330, 334, 339, 340, 341, 342, 346, 347, 349, 353, 354, 355, 356, 358, 360, 362, 368, 371, 383, 386, 389, 392, 399, 400, 402, 404, 406, 407, 420, 426, 431, 434, 438, 439, 440, 442, 443, 444, 445, 447, 450, 452, 453, 454, 458, 461, 462, 467, 468, 472, 474, 475, 478, 479, 480, 482, 485, 495, 499, 500, 503, 504, 505, 506, 509, 510, 511, 514, 517, 518, 520, 525, 527, 532, 533, 534, 540, 544, 545, 546, 550, 551, 557, 558, 561, 563, 565, 568, 569, 573, 586, 588, 593, 599, 600, 603, 606, 613, 616, 619, 620, 621, 627, 636, 637, 638, 639, 643, 644, 647, 649, 652, 655, 656, 658, 671, 672, 673, 674, 675, 676, 679, 688, 689, 696, 698, 702, 703, 704, 719, 725, 728, 729, 731, 735, 736, 737, 739, 742, 746, 750, 751, 752, 753, 756, 759, 760, 762, 763, 769, 770, 780, 788, 791, 792, 798, 799, 803, 804, 805, 806, 808, 809, 816, 817, 821, 822, 823, 824, 825, 827, 830, 831, 833, 834, 835, 838, 840, 845, 846, 848, 849, 850, 851, 854, 860, 862, 866, 867, 874, 876, 880, 888]
[0, 11, 22, 26, 45, 55, 73, 76, 77, 79, 87, 90, 97, 105, 111, 118, 119, 130, 142, 146, 147, 155, 161, 171, 176, 180, 186, 189, 194, 204, 220, 230, 231, 251, 259, 271, 277, 280, 287, 291, 297, 306, 316, 328, 332, 335, 339, 350, 369, 372, 374, 378, 383, 386, 391, 396, 406, 408, 410, 429, 441, 454, 488, 503, 504, 505, 507, 515, 521, 546, 547, 551, 560, 563, 567, 574, 575, 587, 589, 590, 601, 605, 607, 620, 630, 640, 645, 648, 651, 653, 657, 666, 667, 670, 672, 685, 688, 691, 700, 702, 703, 704, 706, 714, 721, 725, 736, 756, 764, 777, 801, 810, 811, 844, 856, 859, 875, 876, 882, 885, 887, 889]

[0, 4, 6, 14, 17, 18, 21, 27, 35, 36, 39, 44, 50, 56, 57, 60, 67, 68, 69, 71, 73, 78, 79, 81, 82, 84, 87, 88, 89, 90, 93, 94, 99, 102, 104, 106, 107, 110, 113, 116, 123, 124, 125, 131, 134, 137, 140, 141, 142, 143, 147, 152, 155, 157, 159, 160, 161, 162, 163, 164, 168, 169, 170, 174, 176, 178, 180, 183, 184, 186, 187, 188, 190, 193, 194, 197, 202, 203, 204, 208, 212, 216, 217, 218, 220, 223, 226, 228, 231, 232, 238, 239, 240, 241, 244, 247, 250, 253, 256, 258, 259, 262, 266, 267, 268, 270, 273, 275, 278, 280, 288, 290, 296, 298, 300, 301, 305, 311, 313, 317, 318, 319, 320, 321, 322, 324, 325, 326, 330, 334, 339, 340, 341, 342, 346, 347, 349, 352, 353, 354, 355, 356, 358, 360, 362, 368, 369, 371, 383, 386, 389, 392, 397, 399, 400, 402, 404, 406, 407, 420, 426, 431, 434, 437, 438, 439, 440, 442, 443, 444, 445, 447, 450, 452, 453, 454, 456, 458, 461, 462, 467, 468, 472, 474, 475, 478, 479, 480, 482, 485, 486, 495, 499, 500, 503, 504, 505, 506, 509, 510, 511, 514, 515, 517, 518, 520, 525, 527, 532, 533, 534, 540, 544, 545, 546, 550, 551, 554, 557, 558, 561, 563, 565, 568, 569, 573, 579, 586, 588, 593, 599, 600, 603, 606, 613, 616, 619, 620, 621, 627, 636, 637, 638, 639, 643, 644, 647, 649, 650, 652, 655, 656, 658, 668, 671, 672, 673, 674, 675, 676, 679, 688, 689, 696, 698, 699, 702, 703, 704, 719, 725, 728, 729, 731, 735, 736, 737, 739, 742, 746, 750, 751, 752, 753, 756, 759, 760, 762, 763, 769, 770, 780, 788, 791, 792, 798, 799, 803, 804, 805, 806, 808, 809, 814, 816, 817, 821, 822, 823, 824, 825, 827, 830, 831, 833, 834, 835, 838, 840, 845, 846, 848, 849, 850, 851, 852, 854, 860, 862, 866, 867, 874, 876, 880, 888]
[0, 11, 22, 26, 45, 55, 73, 76, 77, 79, 87, 90, 97, 105, 111, 118, 119, 130, 142, 146, 147, 155, 161, 171, 176, 180, 186, 189, 194, 204, 220, 230, 231, 251, 259, 271, 277, 280, 287, 291, 297, 306, 316, 328, 332, 335, 339, 350, 369, 372, 374, 378, 383, 386, 391, 396, 406, 408, 410, 429, 441, 454, 488, 503, 504, 505, 507, 515, 521, 546, 547, 551, 560, 563, 567, 574, 575, 587, 589, 590, 601, 605, 607, 620, 630, 640, 645, 648, 651, 653, 657, 666, 667, 670, 672, 685, 688, 691, 700, 702, 703, 704, 706, 714, 721, 725, 736, 756, 764, 777, 801, 810, 811, 844, 856, 859, 875, 876, 882, 885, 887, 889]

[0, 4, 6, 14, 16, 17, 18, 21, 27, 35, 36, 39, 44, 50, 56, 57, 60, 67, 68, 69, 71, 73, 78, 79, 81, 82, 84, 87, 88, 89, 90, 93, 94, 95, 99, 102, 104, 106, 107, 110, 113, 116, 123, 124, 125, 127, 131, 134, 137, 140, 141, 142, 143, 147, 152, 155, 157, 159, 160, 161, 162, 163, 164, 167, 168, 169, 170, 174, 176, 178, 180, 183, 184, 186, 187, 188, 190, 193, 194, 197, 202, 203, 204, 208, 212, 216, 217, 218, 220, 223, 226, 228, 231, 232, 238, 239, 240, 241, 243, 244, 247, 250, 251, 253, 256, 258, 259, 262, 266, 267, 268, 270, 273, 275, 276, 278, 280, 283, 288, 290, 296, 298, 300, 301, 304, 305, 308, 311, 313, 317, 318, 319, 320, 321, 322, 324, 325, 326, 330, 334, 339, 340, 341, 342, 346, 347, 349, 352, 353, 354, 355, 356, 357, 358, 360, 362, 368, 369, 371, 383, 385, 386, 389, 392, 397, 399, 400, 402, 404, 406, 407, 420, 422, 426, 428, 431, 434, 437, 438, 439, 440, 442, 443, 444, 445, 447, 448, 450, 452, 453, 454, 456, 458, 461, 462, 467, 468, 469, 472, 474, 475, 478, 479, 480, 482, 485, 486, 495, 499, 500, 503, 504, 505, 506, 509, 510, 511, 514, 515, 517, 518, 520, 525, 527, 532, 533, 534, 540, 544, 545, 546, 550, 551, 554, 557, 558, 561, 563, 565, 568, 569, 573, 575, 579, 586, 588, 593, 599, 600, 603, 606, 613, 616, 619, 620, 621, 627, 636, 637, 638, 639, 643, 644, 647, 649, 650, 652, 655, 656, 658, 668, 671, 672, 673, 674, 675, 676, 679, 683, 688, 689, 696, 698, 699, 702, 703, 704, 705, 719, 725, 728, 729, 731, 735, 736, 737, 739, 742, 745, 746, 750, 751, 752, 753, 755, 756, 759, 760, 762, 763, 765, 769, 770, 775, 780, 788, 791, 792, 798, 799, 803, 804, 805, 806, 808, 809, 814, 816, 817, 821, 822, 823, 824, 825, 827, 830, 831, 833, 834, 835, 838, 840, 845, 846, 848, 849, 850, 851, 852, 854, 860, 861, 862, 866, 867, 874, 876, 880, 885, 888]
[0, 11, 22, 26, 45, 55, 73, 76, 77, 79, 87, 90, 97, 105, 111, 118, 119, 130, 142, 146, 147, 155, 161, 171, 176, 180, 186, 189, 194, 204, 220, 230, 231, 251, 259, 271, 277, 280, 287, 291, 297, 306, 316, 328, 332, 335, 339, 350, 369, 372, 374, 378, 383, 386, 391, 396, 406, 408, 410, 429, 441, 454, 488, 503, 504, 505, 507, 515, 521, 546, 547, 551, 560, 563, 567, 574, 575, 587, 589, 590, 601, 605, 607, 620, 630, 640, 645, 648, 651, 653, 657, 666, 667, 670, 672, 685, 688, 691, 700, 702, 703, 704, 706, 714, 721, 725, 736, 756, 764, 777, 801, 810, 811, 844, 856, 859, 875, 876, 882, 885, 887, 889]

[0, 1, 4, 6, 10, 11, 14, 15, 16, 17, 18, 21, 27, 35, 36, 39, 44, 50, 51, 56, 57, 60, 63, 67, 68, 69, 71, 73, 78, 79, 81, 82, 84, 87, 88, 89, 90, 93, 94, 95, 97, 98, 99, 102, 104, 106, 107, 110, 113, 115, 116, 123, 124, 125, 127, 131, 133, 134, 137, 140, 141, 142, 143, 147, 152, 155, 157, 159, 160, 161, 162, 163, 164, 167, 168, 169, 170, 174, 176, 178, 180, 182, 183, 184, 186, 187, 188, 190, 193, 194, 197, 202, 203, 204, 208, 212, 216, 217, 218, 220, 223, 226, 228, 231, 232, 238, 239, 240, 241, 243, 244, 247, 250, 251, 253, 256, 258, 259, 262, 266, 267, 268, 270, 273, 275, 276, 278, 280, 283, 288, 290, 296, 298, 300, 301, 304, 305, 308, 311, 312, 313, 316, 317, 318, 319, 320, 321, 322, 324, 325, 326, 330, 333, 334, 339, 340, 341, 342, 346, 347, 349, 352, 353, 354, 355, 356, 357, 358, 360, 362, 368, 369, 371, 383, 385, 386, 389, 392, 397, 399, 400, 402, 404, 406, 407, 420, 422, 426, 428, 431, 434, 437, 438, 439, 440, 442, 443, 444, 445, 447, 448, 450, 452, 453, 454, 456, 458, 461, 462, 467, 468, 469, 472, 474, 475, 478, 479, 480, 482, 485, 486, 495, 499, 500, 503, 504, 505, 506, 509, 510, 511, 514, 515, 517, 518, 520, 525, 527, 532, 533, 534, 540, 544, 545, 546, 550, 551, 554, 555, 557, 558, 561, 563, 565, 568, 569, 573, 575, 579, 586, 588, 593, 599, 600, 603, 606, 613, 616, 619, 620, 621, 624, 627, 633, 634, 636, 637, 638, 639, 643, 644, 647, 649, 650, 652, 655, 656, 658, 660, 668, 671, 672, 673, 674, 675, 676, 679, 683, 688, 689, 696, 698, 699, 702, 703, 704, 705, 716, 719, 725, 726, 728, 729, 731, 735, 736, 737, 739, 742, 745, 746, 750, 751, 752, 753, 755, 756, 759, 760, 762, 763, 765, 766, 769, 770, 775, 780, 788, 791, 792, 798, 799, 803, 804, 805, 806, 808, 809, 810, 814, 816, 817, 821, 822, 823, 824, 825, 827, 828, 830, 831, 833, 834, 835, 838, 840, 845, 846, 848, 849, 850, 851, 852, 854, 860, 861, 862, 866, 867, 871, 874, 876, 880, 885, 888]
[0, 11, 22, 26, 45, 55, 73, 76, 77, 79, 87, 90, 97, 105, 111, 118, 119, 130, 142, 146, 147, 155, 161, 171, 176, 180, 186, 189, 194, 204, 220, 230, 231, 251, 259, 271, 277, 280, 287, 291, 297, 306, 316, 328, 332, 335, 339, 350, 369, 372, 374, 378, 383, 386, 391, 396, 406, 408, 410, 429, 441, 454, 488, 503, 504, 505, 507, 515, 521, 546, 547, 551, 560, 563, 567, 574, 575, 587, 589, 590, 601, 605, 607, 620, 630, 640, 645, 648, 651, 653, 657, 666, 667, 670, 672, 685, 688, 691, 700, 702, 703, 704, 706, 714, 721, 725, 736, 756, 764, 777, 801, 810, 811, 844, 856, 859, 875, 876, 882, 885, 887, 889]

[0, 1, 4, 6, 10, 11, 14, 15, 16, 17, 18, 21, 27, 31, 35, 36, 39, 44, 50, 51, 56, 57, 60, 63, 66, 67, 68, 69, 70, 71, 73, 78, 79, 81, 82, 84, 87, 88, 89, 90, 93, 94, 95, 97, 98, 99, 102, 104, 106, 107, 110, 113, 115, 116, 123, 124, 125, 127, 131, 132, 133, 134, 137, 140, 141, 142, 143, 147, 152, 155, 157, 159, 160, 161, 162, 163, 164, 167, 168, 169, 170, 174, 176, 178, 180, 182, 183, 184, 186, 187, 188, 190, 191, 193, 194, 197, 202, 203, 204, 208, 212, 216, 217, 218, 220, 223, 226, 228, 231, 232, 236, 238, 239, 240, 241, 243, 244, 247, 250, 251, 253, 256, 258, 259, 262, 266, 267, 268, 270, 273, 275, 276, 278, 280, 283, 288, 290, 296, 298, 300, 301, 304, 305, 308, 311, 312, 313, 314, 316, 317, 318, 319, 320, 321, 322, 324, 325, 326, 330, 333, 334, 339, 340, 341, 342, 346, 347, 349, 352, 353, 354, 355, 356, 357, 358, 359, 360, 362, 368, 369, 371, 383, 385, 386, 389, 392, 397, 399, 400, 402, 404, 406, 407, 412, 413, 420, 422, 426, 428, 431, 434, 437, 438, 439, 440, 442, 443, 444, 445, 447, 448, 450, 452, 453, 454, 456, 458, 461, 462, 467, 468, 469, 472, 474, 475, 478, 479, 480, 482, 485, 486, 495, 499, 500, 503, 504, 505, 506, 509, 510, 511, 514, 515, 517, 518, 520, 525, 527, 532, 533, 534, 538, 540, 544, 545, 546, 548, 550, 551, 554, 555, 556, 557, 558, 561, 562, 563, 565, 567, 568, 569, 570, 573, 575, 579, 586, 588, 593, 599, 600, 603, 606, 611, 613, 616, 619, 620, 621, 624, 627, 633, 634, 636, 637, 638, 639, 643, 644, 647, 649, 650, 652, 655, 656, 658, 660, 668, 671, 672, 673, 674, 675, 676, 679, 683, 688, 689, 690, 696, 698, 699, 702, 703, 704, 705, 706, 716, 719, 725, 726, 728, 729, 731, 735, 736, 737, 738, 739, 742, 745, 746, 750, 751, 752, 753, 755, 756, 759, 760, 762, 763, 765, 766, 769, 770, 775, 780, 788, 791, 792, 798, 799, 803, 804, 805, 806, 808, 809, 810, 814, 816, 817, 821, 822, 823, 824, 825, 827, 828, 830, 831, 833, 834, 835, 836, 838, 840, 842, 844, 845, 846, 848, 849, 850, 851, 852, 854, 860, 861, 862, 866, 867, 871, 874, 876, 879, 880, 882, 885, 888]
[0, 11, 22, 26, 45, 55, 73, 76, 77, 79, 87, 90, 97, 105, 111, 118, 119, 130, 142, 146, 147, 155, 161, 171, 176, 180, 186, 189, 194, 204, 220, 230, 231, 251, 259, 271, 277, 280, 287, 291, 297, 306, 316, 328, 332, 335, 339, 350, 369, 372, 374, 378, 383, 386, 391, 396, 406, 408, 410, 429, 441, 454, 488, 503, 504, 505, 507, 515, 521, 546, 547, 551, 560, 563, 567, 574, 575, 587, 589, 590, 601, 605, 607, 620, 630, 640, 645, 648, 651, 653, 657, 666, 667, 670, 672, 685, 688, 691, 700, 702, 703, 704, 706, 714, 721, 725, 736, 756, 764, 777, 801, 810, 811, 844, 856, 859, 875, 876, 882, 885, 887, 889]

[0, 1, 4, 6, 8, 10, 11, 14, 15, 16, 17, 18, 21, 27, 31, 35, 36, 39, 44, 50, 51, 56, 57, 60, 63, 66, 67, 68, 69, 70, 71, 73, 78, 79, 81, 82, 84, 87, 88, 89, 90, 93, 94, 95, 97, 98, 99, 102, 103, 104, 106, 107, 109, 110, 113, 115, 116, 123, 124, 125, 127, 129, 131, 132, 133, 134, 137, 140, 141, 142, 143, 147, 152, 155, 157, 159, 160, 161, 162, 163, 164, 167, 168, 169, 170, 174, 176, 178, 180, 182, 183, 184, 186, 187, 188, 190, 191, 193, 194, 195, 197, 201, 202, 203, 204, 208, 212, 215, 216, 217, 218, 220, 223, 226, 228, 231, 232, 236, 238, 239, 240, 241, 243, 244, 247, 250, 251, 253, 256, 258, 259, 262, 266, 267, 268, 270, 273, 275, 276, 278, 280, 283, 288, 290, 296, 298, 300, 301, 304, 305, 308, 311, 312, 313, 314, 316, 317, 318, 319, 320, 321, 322, 324, 325, 326, 330, 333, 334, 339, 340, 341, 342, 346, 347, 349, 352, 353, 354, 355, 356, 357, 358, 359, 360, 362, 368, 369, 371, 383, 385, 386, 389, 392, 397, 399, 400, 402, 404, 405, 406, 407, 412, 413, 420, 422, 425, 426, 428, 431, 434, 437, 438, 439, 440, 442, 443, 444, 445, 447, 448, 450, 452, 453, 454, 456, 457, 458, 461, 462, 467, 468, 469, 472, 473, 474, 475, 478, 479, 480, 482, 483, 485, 486, 495, 499, 500, 503, 504, 505, 506, 509, 510, 511, 514, 515, 517, 518, 520, 525, 527, 532, 533, 534, 538, 540, 544, 545, 546, 548, 550, 551, 554, 555, 556, 557, 558, 561, 562, 563, 565, 567, 568, 569, 570, 573, 575, 579, 581, 586, 588, 593, 599, 600, 603, 606, 609, 611, 613, 616, 619, 620, 621, 624, 626, 627, 633, 634, 636, 637, 638, 639, 643, 644, 647, 649, 650, 652, 655, 656, 658, 660, 662, 668, 671, 672, 673, 674, 675, 676, 679, 683, 684, 688, 689, 690, 696, 698, 699, 702, 703, 704, 705, 706, 716, 719, 725, 726, 728, 729, 730, 731, 735, 736, 737, 738, 739, 741, 742, 745, 746, 750, 751, 752, 753, 755, 756, 759, 760, 762, 763, 765, 766, 769, 770, 775, 780, 788, 791, 792, 798, 799, 801, 803, 804, 805, 806, 808, 809, 810, 811, 814, 816, 817, 821, 822, 823, 824, 825, 827, 828, 830, 831, 832, 833, 834, 835, 836, 838, 840, 842, 844, 845, 846, 848, 849, 850, 851, 852, 854, 855, 860, 861, 862, 863, 866, 867, 868, 871, 874, 876, 879, 880, 882, 885, 888]
[0, 11, 22, 26, 45, 55, 73, 76, 77, 79, 87, 90, 97, 105, 111, 118, 119, 130, 142, 146, 147, 155, 161, 171, 176, 180, 186, 189, 194, 204, 220, 230, 231, 251, 259, 271, 277, 280, 287, 291, 297, 306, 316, 328, 332, 335, 339, 350, 369, 372, 374, 378, 383, 386, 391, 396, 406, 408, 410, 429, 441, 454, 488, 503, 504, 505, 507, 515, 521, 546, 547, 551, 560, 563, 567, 574, 575, 587, 589, 590, 601, 605, 607, 620, 630, 640, 645, 648, 651, 653, 657, 666, 667, 670, 672, 685, 688, 691, 700, 702, 703, 704, 706, 714, 721, 725, 736, 756, 764, 777, 801, 810, 811, 844, 856, 859, 875, 876, 882, 885, 887, 889]

[0, 1, 4, 6, 7, 8, 10, 11, 14, 15, 16, 17, 18, 21, 27, 28, 31, 35, 36, 39, 44, 45, 48, 50, 51, 56, 57, 60, 63, 66, 67, 68, 69, 70, 71, 73, 78, 79, 81, 82, 84, 87, 88, 89, 90, 92, 93, 94, 95, 96, 97, 98, 99, 102, 103, 104, 106, 107, 109, 110, 113, 115, 116, 123, 124, 125, 127, 129, 130, 131, 132, 133, 134, 136, 137, 140, 141, 142, 143, 145, 147, 152, 155, 157, 159, 160, 161, 162, 163, 164, 167, 168, 169, 170, 174, 176, 178, 179, 180, 182, 183, 184, 186, 187, 188, 189, 190, 191, 193, 194, 195, 197, 201, 202, 203, 204, 208, 212, 215, 216, 217, 218, 220, 223, 226, 228, 231, 232, 236, 238, 239, 240, 241, 243, 244, 247, 250, 251, 253, 256, 258, 259, 262, 266, 267, 268, 270, 273, 275, 276, 278, 280, 283, 288, 290, 296, 298, 300, 301, 304, 305, 308, 311, 312, 313, 314, 316, 317, 318, 319, 320, 321, 322, 324, 325, 326, 330, 333, 334, 339, 340, 341, 342, 346, 347, 349, 352, 353, 354, 355, 356, 357, 358, 359, 360, 362, 368, 369, 371, 376, 383, 385, 386, 389, 392, 397, 399, 400, 402, 403, 404, 405, 406, 407, 412, 413, 419, 420, 422, 425, 426, 428, 431, 434, 437, 438, 439, 440, 442, 443, 444, 445, 447, 448, 450, 452, 453, 454, 456, 457, 458, 461, 462, 467, 468, 469, 472, 473, 474, 475, 478, 479, 480, 482, 483, 485, 486, 493, 495, 499, 500, 503, 504, 505, 506, 509, 510, 511, 514, 515, 516, 517, 518, 520, 525, 527, 532, 533, 534, 538, 539, 540, 544, 545, 546, 548, 550, 551, 554, 555, 556, 557, 558, 561, 562, 563, 565, 567, 568, 569, 570, 573, 575, 577, 579, 581, 586, 588, 593, 599, 600, 603, 606, 609, 611, 613, 616, 619, 620, 621, 624, 626, 627, 633, 634, 636, 637, 638, 639, 643, 644, 647, 649, 650, 652, 653, 655, 656, 658, 660, 662, 668, 671, 672, 673, 674, 675, 676, 679, 683, 684, 688, 689, 690, 696, 698, 699, 701, 702, 703, 704, 705, 706, 716, 719, 725, 726, 728, 729, 730, 731, 733, 735, 736, 737, 738, 739, 741, 742, 745, 746, 750, 751, 752, 753, 755, 756, 759, 760, 762, 763, 765, 766, 769, 770, 775, 780, 786, 788, 789, 791, 792, 793, 798, 799, 801, 803, 804, 805, 806, 808, 809, 810, 811, 814, 816, 817, 821, 822, 823, 824, 825, 827, 828, 830, 831, 832, 833, 834, 835, 836, 838, 840, 842, 844, 845, 846, 848, 849, 850, 851, 852, 854, 855, 860, 861, 862, 863, 866, 867, 868, 871, 873, 874, 876, 879, 880, 882, 885, 888]
[0, 11, 22, 26, 45, 55, 73, 76, 77, 79, 87, 90, 97, 105, 111, 118, 119, 130, 142, 146, 147, 155, 161, 171, 176, 180, 186, 189, 194, 204, 220, 230, 231, 251, 259, 271, 277, 280, 287, 291, 297, 306, 316, 328, 332, 335, 339, 350, 369, 372, 374, 378, 383, 386, 391, 396, 406, 408, 410, 429, 441, 454, 488, 503, 504, 505, 507, 515, 521, 546, 547, 551, 560, 563, 567, 574, 575, 587, 589, 590, 601, 605, 607, 620, 630, 640, 645, 648, 651, 653, 657, 666, 667, 670, 672, 685, 688, 691, 700, 702, 703, 704, 706, 714, 721, 725, 736, 756, 764, 777, 801, 810, 811, 844, 856, 859, 875, 876, 882, 885, 887, 889]

[0, 1, 4, 6, 7, 8, 10, 11, 14, 15, 16, 17, 18, 21, 27, 28, 29, 31, 32, 35, 36, 39, 44, 45, 48, 50, 51, 56, 57, 60, 63, 66, 67, 68, 69, 70, 71, 73, 75, 78, 79, 81, 82, 83, 84, 87, 88, 89, 90, 92, 93, 94, 95, 96, 97, 98, 99, 102, 103, 104, 106, 107, 109, 110, 113, 114, 115, 116, 123, 124, 125, 127, 129, 130, 131, 132, 133, 134, 136, 137, 140, 141, 142, 143, 145, 147, 152, 155, 157, 159, 160, 161, 162, 163, 164, 167, 168, 169, 170, 174, 176, 178, 179, 180, 182, 183, 184, 186, 187, 188, 189, 190, 191, 192, 193, 194, 195, 197, 201, 202, 203, 204, 206, 208, 212, 215, 216, 217, 218, 220, 223, 226, 228, 231, 232, 236, 238, 239, 240, 241, 243, 244, 247, 248, 250, 251, 253, 256, 258, 259, 262, 266, 267, 268, 270, 273, 275, 276, 278, 280, 283, 288, 290, 294, 296, 298, 300, 301, 303, 304, 305, 308, 311, 312, 313, 314, 316, 317, 318, 319, 320, 321, 322, 324, 325, 326, 330, 333, 334, 339, 340, 341, 342, 346, 347, 349, 352, 353, 354, 355, 356, 357, 358, 359, 360, 362, 368, 369, 371, 376, 383, 385, 386, 389, 392, 395, 397, 399, 400, 402, 403, 404, 405, 406, 407, 412, 413, 416, 418, 419, 420, 422, 423, 425, 426, 427, 428, 431, 434, 435, 437, 438, 439, 440, 442, 443, 444, 445, 447, 448, 450, 452, 453, 454, 456, 457, 458, 461, 462, 467, 468, 469, 472, 473, 474, 475, 478, 479, 480, 482, 483, 485, 486, 493, 495, 499, 500, 503, 504, 505, 506, 509, 510, 511, 514, 515, 516, 517, 518, 520, 525, 527, 532, 533, 534, 535, 538, 539, 540, 544, 545, 546, 548, 550, 551, 554, 555, 556, 557, 558, 561, 562, 563, 565, 567, 568, 569, 570, 573, 575, 577, 579, 581, 586, 588, 589, 593, 599, 600, 603, 606, 609, 611, 613, 616, 617, 619, 620, 621, 624, 626, 627, 633, 634, 636, 637, 638, 639, 643, 644, 647, 649, 650, 652, 653, 655, 656, 658, 660, 662, 668, 671, 672, 673, 674, 675, 676, 679, 681, 683, 684, 688, 689, 690, 696, 698, 699, 701, 702, 703, 704, 705, 706, 708, 716, 719, 725, 726, 728, 729, 730, 731, 733, 735, 736, 737, 738, 739, 741, 742, 745, 746, 750, 751, 752, 753, 755, 756, 759, 760, 762, 763, 765, 766, 769, 770, 775, 779, 780, 781, 786, 788, 789, 791, 792, 793, 798, 799, 801, 803, 804, 805, 806, 808, 809, 810, 811, 814, 816, 817, 821, 822, 823, 824, 825, 827, 828, 830, 831, 832, 833, 834, 835, 836, 838, 840, 842, 844, 845, 846, 847, 848, 849, 850, 851, 852, 854, 855, 857, 860, 861, 862, 863, 866, 867, 868, 871, 873, 874, 876, 879, 880, 882, 885, 888]
[0, 11, 22, 26, 45, 55, 73, 76, 77, 79, 87, 90, 97, 105, 111, 118, 119, 130, 142, 146, 147, 155, 161, 171, 176, 180, 186, 189, 194, 204, 220, 230, 231, 251, 259, 271, 277, 280, 287, 291, 297, 306, 316, 328, 332, 335, 339, 350, 369, 372, 374, 378, 383, 386, 391, 396, 406, 408, 410, 429, 441, 454, 488, 503, 504, 505, 507, 515, 521, 546, 547, 551, 560, 563, 567, 574, 575, 587, 589, 590, 601, 605, 607, 620, 630, 640, 645, 648, 651, 653, 657, 666, 667, 670, 672, 685, 688, 691, 700, 702, 703, 704, 706, 714, 721, 725, 736, 756, 764, 777, 801, 810, 811, 844, 856, 859, 875, 876, 882, 885, 887, 889]

[0, 1, 4, 6, 7, 8, 10, 11, 14, 15, 16, 17, 18, 21, 27, 28, 29, 31, 32, 35, 36, 39, 42, 44, 45, 48, 49, 50, 51, 56, 57, 60, 63, 66, 67, 68, 69, 70, 71, 73, 75, 77, 78, 79, 81, 82, 83, 84, 87, 88, 89, 90, 92, 93, 94, 95, 96, 97, 98, 99, 102, 103, 104, 106, 107, 109, 110, 113, 114, 115, 116, 121, 123, 124, 125, 127, 129, 130, 131, 132, 133, 134, 136, 137, 140, 141, 142, 143, 145, 147, 148, 150, 152, 155, 157, 159, 160, 161, 162, 163, 164, 167, 168, 169, 170, 174, 176, 178, 179, 180, 182, 183, 184, 186, 187, 188, 189, 190, 191, 192, 193, 194, 195, 197, 201, 202, 203, 204, 206, 207, 208, 212, 215, 216, 217, 218, 219, 220, 223, 225, 226, 228, 231, 232, 235, 236, 238, 239, 240, 241, 243, 244, 246, 247, 248, 250, 251, 253, 255, 256, 258, 259, 262, 266, 267, 268, 270, 273, 275, 276, 278, 280, 282, 283, 288, 290, 294, 295, 296, 298, 300, 301, 303, 304, 305, 308, 311, 312, 313, 314, 316, 317, 318, 319, 320, 321, 322, 324, 325, 326, 330, 333, 334, 339, 340, 341, 342, 344, 346, 347, 349, 352, 353, 354, 355, 356, 357, 358, 359, 360, 362, 368, 369, 371, 376, 383, 385, 386, 389, 392, 395, 397, 399, 400, 402, 403, 404, 405, 406, 407, 412, 413, 416, 417, 418, 419, 420, 422, 423, 425, 426, 427, 428, 429, 431, 434, 435, 437, 438, 439, 440, 442, 443, 444, 445, 447, 448, 450, 452, 453, 454, 456, 457, 458, 459, 461, 462, 467, 468, 469, 472, 473, 474, 475, 478, 479, 480, 482, 483, 485, 486, 493, 495, 499, 500, 503, 504, 505, 506, 509, 510, 511, 514, 515, 516, 517, 518, 520, 525, 527, 532, 533, 534, 535, 538, 539, 540, 541, 544, 545, 546, 548, 550, 551, 554, 555, 556, 557, 558, 561, 562, 563, 565, 567, 568, 569, 570, 573, 575, 577, 579, 581, 586, 588, 589, 593, 599, 600, 603, 606, 609, 611, 613, 615, 616, 617, 619, 620, 621, 624, 626, 627, 632, 633, 634, 636, 637, 638, 639, 643, 644, 647, 649, 650, 652, 653, 655, 656, 658, 660, 662, 667, 668, 671, 672, 673, 674, 675, 676, 679, 681, 683, 684, 688, 689, 690, 696, 698, 699, 701, 702, 703, 704, 705, 706, 708, 716, 719, 725, 726, 728, 729, 730, 731, 733, 735, 736, 737, 738, 739, 741, 742, 745, 746, 750, 751, 752, 753, 755, 756, 759, 760, 762, 763, 765, 766, 769, 770, 775, 778, 779, 780, 781, 783, 786, 788, 789, 791, 792, 793, 798, 799, 801, 803, 804, 805, 806, 808, 809, 810, 811, 814, 816, 817, 821, 822, 823, 824, 825, 826, 827, 828, 830, 831, 832, 833, 834, 835, 836, 838, 840, 842, 844, 845, 846, 847, 848, 849, 850, 851, 852, 854, 855, 857, 860, 861, 862, 863, 866, 867, 868, 871, 873, 874, 876, 879, 880, 882, 885, 888]
[0, 11, 22, 26, 45, 55, 73, 76, 77, 79, 87, 90, 97, 105, 111, 118, 119, 130, 142, 146, 147, 155, 161, 171, 176, 180, 186, 189, 194, 204, 220, 230, 231, 251, 259, 271, 277, 280, 287, 291, 297, 306, 316, 328, 332, 335, 339, 350, 369, 372, 374, 378, 383, 386, 391, 396, 406, 408, 410, 429, 441, 454, 488, 503, 504, 505, 507, 515, 521, 546, 547, 551, 560, 563, 567, 574, 575, 587, 589, 590, 601, 605, 607, 620, 630, 640, 645, 648, 651, 653, 657, 666, 667, 670, 672, 685, 688, 691, 700, 702, 703, 704, 706, 714, 721, 725, 736, 756, 764, 777, 801, 810, 811, 844, 856, 859, 875, 876, 882, 885, 887, 889]

[0, 1, 4, 6, 7, 8, 10, 11, 14, 15, 16, 17, 18, 19, 21, 26, 27, 28, 29, 31, 32, 35, 36, 39, 42, 44, 45, 48, 49, 50, 51, 56, 57, 59, 60, 63, 64, 66, 67, 68, 69, 70, 71, 73, 75, 77, 78, 79, 81, 82, 83, 84, 87, 88, 89, 90, 92, 93, 94, 95, 96, 97, 98, 99, 102, 103, 104, 106, 107, 109, 110, 113, 114, 115, 116, 117, 121, 123, 124, 125, 127, 129, 130, 131, 132, 133, 134, 136, 137, 140, 141, 142, 143, 145, 147, 148, 150, 152, 154, 155, 157, 159, 160, 161, 162, 163, 164, 167, 168, 169, 170, 174, 176, 178, 179, 180, 182, 183, 184, 186, 187, 188, 189, 190, 191, 192, 193, 194, 195, 196, 197, 198, 201, 202, 203, 204, 206, 207, 208, 212, 215, 216, 217, 218, 219, 220, 223, 225, 226, 228, 231, 232, 235, 236, 238, 239, 240, 241, 243, 244, 246, 247, 248, 250, 251, 253, 255, 256, 257, 258, 259, 262, 266, 267, 268, 270, 273, 275, 276, 278, 280, 282, 283, 284, 288, 290, 294, 295, 296, 298, 300, 301, 303, 304, 305, 308, 311, 312, 313, 314, 316, 317, 318, 319, 320, 321, 322, 324, 325, 326, 329, 330, 333, 334, 339, 340, 341, 342, 344, 346, 347, 349, 352, 353, 354, 355, 356, 357, 358, 359, 360, 362, 368, 369, 371, 376, 383, 385, 386, 389, 392, 394, 395, 397, 399, 400, 402, 403, 404, 405, 406, 407, 412, 413, 416, 417, 418, 419, 420, 422, 423, 425, 426, 427, 428, 429, 430, 431, 434, 435, 437, 438, 439, 440, 441, 442, 443, 444, 445, 447, 448, 450, 452, 453, 454, 456, 457, 458, 459, 461, 462, 467, 468, 469, 472, 473, 474, 475, 478, 479, 480, 482, 483, 485, 486, 493, 495, 499, 500, 502, 503, 504, 505, 506, 509, 510, 511, 514, 515, 516, 517, 518, 520, 525, 527, 532, 533, 534, 535, 538, 539, 540, 541, 544, 545, 546, 548, 550, 551, 554, 555, 556, 557, 558, 561, 562, 563, 565, 567, 568, 569, 570, 573, 575, 577, 579, 581, 586, 588, 589, 593, 599, 600, 603, 606, 609, 611, 613, 615, 616, 617, 619, 620, 621, 624, 626, 627, 632, 633, 634, 636, 637, 638, 639, 643, 644, 647, 649, 650, 651, 652, 653, 655, 656, 658, 659, 660, 662, 667, 668, 669, 671, 672, 673, 674, 675, 676, 679, 681, 683, 684, 688, 689, 690, 696, 698, 699, 701, 702, 703, 704, 705, 706, 708, 711, 716, 719, 722, 723, 725, 726, 728, 729, 730, 731, 733, 735, 736, 737, 738, 739, 741, 742, 745, 746, 748, 750, 751, 752, 753, 755, 756, 759, 760, 762, 763, 765, 766, 769, 770, 771, 775, 778, 779, 780, 781, 783, 786, 788, 789, 791, 792, 793, 798, 799, 801, 803, 804, 805, 806, 807, 808, 809, 810, 811, 814, 816, 817, 821, 822, 823, 824, 825, 826, 827, 828, 830, 831, 832, 833, 834, 835, 836, 838, 840, 842, 843, 844, 845, 846, 847, 848, 849, 850, 851, 852, 854, 855, 857, 860, 861, 862, 863, 866, 867, 868, 871, 873, 874, 876, 879, 880, 882, 885, 888]
[0, 11, 22, 26, 45, 55, 73, 76, 77, 79, 87, 90, 97, 105, 111, 118, 119, 130, 142, 146, 147, 155, 161, 171, 176, 180, 186, 189, 194, 204, 220, 230, 231, 251, 259, 271, 277, 280, 287, 291, 297, 306, 316, 328, 332, 335, 339, 350, 369, 372, 374, 378, 383, 386, 391, 396, 406, 408, 410, 429, 441, 454, 488, 503, 504, 505, 507, 515, 521, 546, 547, 551, 560, 563, 567, 574, 575, 587, 589, 590, 601, 605, 607, 620, 630, 640, 645, 648, 651, 653, 657, 666, 667, 670, 672, 685, 688, 691, 700, 702, 703, 704, 706, 714, 721, 725, 736, 756, 764, 777, 801, 810, 811, 844, 856, 859, 875, 876, 882, 885, 887, 889]

[0, 1, 4, 6, 7, 8, 10, 11, 12, 14, 15, 16, 17, 18, 19, 21, 26, 27, 28, 29, 31, 32, 35, 36, 39, 42, 44, 45, 46, 48, 49, 50, 51, 56, 57, 59, 60, 63, 64, 66, 67, 68, 69, 70, 71, 73, 75, 76, 77, 78, 79, 81, 82, 83, 84, 87, 88, 89, 90, 92, 93, 94, 95, 96, 97, 98, 99, 102, 103, 104, 106, 107, 109, 110, 113, 114, 115, 116, 117, 121, 123, 124, 125, 127, 129, 130, 131, 132, 133, 134, 136, 137, 140, 141, 142, 143, 145, 147, 148, 150, 152, 154, 155, 157, 159, 160, 161, 162, 163, 164, 165, 167, 168, 169, 170, 174, 176, 178, 179, 180, 181, 182, 183, 184, 186, 187, 188, 189, 190, 191, 192, 193, 194, 195, 196, 197, 198, 201, 202, 203, 204, 206, 207, 208, 209, 212, 215, 216, 217, 218, 219, 220, 223, 225, 226, 228, 231, 232, 235, 236, 238, 239, 240, 241, 243, 244, 246, 247, 248, 250, 251, 253, 255, 256, 257, 258, 259, 261, 262, 266, 267, 268, 270, 273, 274, 275, 276, 278, 280, 282, 283, 284, 288, 290, 294, 295, 296, 298, 300, 301, 303, 304, 305, 308, 311, 312, 313, 314, 316, 317, 318, 319, 320, 321, 322, 324, 325, 326, 329, 330, 333, 334, 336, 339, 340, 341, 342, 344, 346, 347, 349, 352, 353, 354, 355, 356, 357, 358, 359, 360, 362, 364, 368, 369, 371, 376, 383, 385, 386, 389, 392, 394, 395, 397, 399, 400, 402, 403, 404, 405, 406, 407, 412, 413, 416, 417, 418, 419, 420, 422, 423, 425, 426, 427, 428, 429, 430, 431, 434, 435, 437, 438, 439, 440, 441, 442, 443, 444, 445, 447, 448, 450, 451, 452, 453, 454, 455, 456, 457, 458, 459, 461, 462, 465, 467, 468, 469, 472, 473, 474, 475, 478, 479, 480, 482, 483, 485, 486, 493, 495, 499, 500, 502, 503, 504, 505, 506, 509, 510, 511, 514, 515, 516, 517, 518, 520, 525, 527, 532, 533, 534, 535, 538, 539, 540, 541, 544, 545, 546, 548, 550, 551, 554, 555, 556, 557, 558, 561, 562, 563, 564, 565, 567, 568, 569, 570, 573, 575, 577, 579, 581, 583, 586, 588, 589, 590, 593, 599, 600, 603, 606, 607, 609, 611, 613, 615, 616, 617, 619, 620, 621, 624, 626, 627, 632, 633, 634, 636, 637, 638, 639, 643, 644, 647, 649, 650, 651, 652, 653, 655, 656, 658, 659, 660, 662, 667, 668, 669, 671, 672, 673, 674, 675, 676, 679, 681, 683, 684, 685, 688, 689, 690, 693, 696, 698, 699, 701, 702, 703, 704, 705, 706, 708, 711, 716, 719, 722, 723, 725, 726, 728, 729, 730, 731, 733, 735, 736, 737, 738, 739, 741, 742, 743, 745, 746, 748, 750, 751, 752, 753, 755, 756, 758, 759, 760, 762, 763, 765, 766, 769, 770, 771, 775, 778, 779, 780, 781, 783, 786, 788, 789, 791, 792, 793, 798, 799, 800, 801, 803, 804, 805, 806, 807, 808, 809, 810, 811, 814, 816, 817, 821, 822, 823, 824, 825, 826, 827, 828, 830, 831, 832, 833, 834, 835, 836, 838, 840, 842, 843, 844, 845, 846, 847, 848, 849, 850, 851, 852, 854, 855, 857, 860, 861, 862, 863, 866, 867, 868, 870, 871, 873, 874, 875, 876, 879, 880, 882, 885, 888, 889]
[0, 11, 22, 26, 45, 55, 73, 76, 77, 79, 87, 90, 97, 105, 111, 118, 119, 130, 142, 146, 147, 155, 161, 171, 176, 180, 186, 189, 194, 204, 220, 230, 231, 251, 259, 271, 277, 280, 287, 291, 297, 306, 316, 328, 332, 335, 339, 350, 369, 372, 374, 378, 383, 386, 391, 396, 406, 408, 410, 429, 441, 454, 488, 503, 504, 505, 507, 515, 521, 546, 547, 551, 560, 563, 567, 574, 575, 587, 589, 590, 601, 605, 607, 620, 630, 640, 645, 648, 651, 653, 657, 666, 667, 670, 672, 685, 688, 691, 700, 702, 703, 704, 706, 714, 721, 725, 736, 756, 764, 777, 801, 810, 811, 844, 856, 859, 875, 876, 882, 885, 887, 889]

[0, 1, 4, 5, 6, 7, 8, 10, 11, 12, 14, 15, 16, 17, 18, 19, 21, 22, 26, 27, 28, 29, 31, 32, 34, 35, 36, 39, 42, 44, 45, 46, 48, 49, 50, 51, 56, 57, 59, 60, 63, 64, 66, 67, 68, 69, 70, 71, 73, 75, 76, 77, 78, 79, 81, 82, 83, 84, 86, 87, 88, 89, 90, 92, 93, 94, 95, 96, 97, 98, 99, 102, 103, 104, 106, 107, 109, 110, 113, 114, 115, 116, 117, 121, 123, 124, 125, 127, 129, 130, 131, 132, 133, 134, 136, 137, 140, 141, 142, 143, 145, 147, 148, 150, 152, 154, 155, 157, 159, 160, 161, 162, 163, 164, 165, 167, 168, 169, 170, 174, 176, 178, 179, 180, 181, 182, 183, 184, 186, 187, 188, 189, 190, 191, 192, 193, 194, 195, 196, 197, 198, 201, 202, 203, 204, 205, 206, 207, 208, 209, 212, 215, 216, 217, 218, 219, 220, 223, 225, 226, 228, 231, 232, 235, 236, 238, 239, 240, 241, 243, 244, 246, 247, 248, 250, 251, 253, 255, 256, 257, 258, 259, 261, 262, 266, 267, 268, 270, 273, 274, 275, 276, 278, 280, 282, 283, 284, 288, 290, 294, 295, 296, 298, 300, 301, 303, 304, 305, 308, 311, 312, 313, 314, 315, 316, 317, 318, 319, 320, 321, 322, 324, 325, 326, 329, 330, 333, 334, 336, 338, 339, 340, 341, 342, 344, 346, 347, 349, 352, 353, 354, 355, 356, 357, 358, 359, 360, 362, 364, 368, 369, 371, 375, 376, 383, 385, 386, 389, 391, 392, 394, 395, 397, 399, 400, 402, 403, 404, 405, 406, 407, 409, 412, 413, 416, 417, 418, 419, 420, 422, 423, 425, 426, 427, 428, 429, 430, 431, 434, 435, 437, 438, 439, 440, 441, 442, 443, 444, 445, 446, 447, 448, 449, 450, 451, 452, 453, 454, 455, 456, 457, 458, 459, 461, 462, 465, 466, 467, 468, 469, 472, 473, 474, 475, 478, 479, 480, 482, 483, 485, 486, 493, 495, 498, 499, 500, 502, 503, 504, 505, 506, 508, 509, 510, 511, 514, 515, 516, 517, 518, 519, 520, 523, 525, 527, 532, 533, 534, 535, 538, 539, 540, 541, 544, 545, 546, 548, 550, 551, 554, 555, 556, 557, 558, 559, 561, 562, 563, 564, 565, 567, 568, 569, 570, 573, 575, 577, 579, 581, 583, 586, 588, 589, 590, 593, 599, 600, 603, 606, 607, 609, 611, 613, 615, 616, 617, 619, 620, 621, 624, 626, 627, 632, 633, 634, 636, 637, 638, 639, 643, 644, 647, 649, 650, 651, 652, 653, 655, 656, 658, 659, 660, 662, 663, 667, 668, 669, 671, 672, 673, 674, 675, 676, 679, 681, 683, 684, 685, 688, 689, 690, 693, 696, 698, 699, 701, 702, 703, 704, 705, 706, 708, 711, 716, 719, 722, 723, 725, 726, 728, 729, 730, 731, 733, 735, 736, 737, 738, 739, 741, 742, 743, 745, 746, 748, 749, 750, 751, 752, 753, 755, 756, 757, 758, 759, 760, 762, 763, 765, 766, 769, 770, 771, 772, 775, 778, 779, 780, 781, 783, 786, 788, 789, 791, 792, 793, 798, 799, 800, 801, 803, 804, 805, 806, 807, 808, 809, 810, 811, 814, 816, 817, 820, 821, 822, 823, 824, 825, 826, 827, 828, 830, 831, 832, 833, 834, 835, 836, 838, 840, 842, 843, 844, 845, 846, 847, 848, 849, 850, 851, 852, 854, 855, 857, 860, 861, 862, 863, 865, 866, 867, 868, 870, 871, 873, 874, 875, 876, 878, 879, 880, 882, 885, 888, 889]
[0, 11, 22, 26, 45, 55, 73, 76, 77, 79, 87, 90, 97, 105, 111, 118, 119, 130, 142, 146, 147, 155, 161, 171, 176, 180, 186, 189, 194, 204, 220, 230, 231, 251, 259, 271, 277, 280, 287, 291, 297, 306, 316, 328, 332, 335, 339, 350, 369, 372, 374, 378, 383, 386, 391, 396, 406, 408, 410, 429, 441, 454, 488, 503, 504, 505, 507, 515, 521, 546, 547, 551, 560, 563, 567, 574, 575, 587, 589, 590, 601, 605, 607, 620, 630, 640, 645, 648, 651, 653, 657, 666, 667, 670, 672, 685, 688, 691, 700, 702, 703, 704, 706, 714, 721, 725, 736, 756, 764, 777, 801, 810, 811, 844, 856, 859, 875, 876, 882, 885, 887, 889]

[0, 1, 4, 5, 6, 7, 8, 10, 11, 12, 13, 14, 15, 16, 17, 18, 19, 21, 22, 26, 27, 28, 29, 31, 32, 34, 35, 36, 39, 42, 44, 45, 46, 48, 49, 50, 51, 54, 56, 57, 59, 60, 63, 64, 66, 67, 68, 69, 70, 71, 73, 75, 76, 77, 78, 79, 81, 82, 83, 84, 86, 87, 88, 89, 90, 92, 93, 94, 95, 96, 97, 98, 99, 102, 103, 104, 106, 107, 109, 110, 113, 114, 115, 116, 117, 121, 123, 124, 125, 126, 127, 129, 130, 131, 132, 133, 134, 136, 137, 138, 140, 141, 142, 143, 145, 147, 148, 150, 152, 154, 155, 157, 159, 160, 161, 162, 163, 164, 165, 167, 168, 169, 170, 174, 176, 178, 179, 180, 181, 182, 183, 184, 186, 187, 188, 189, 190, 191, 192, 193, 194, 195, 196, 197, 198, 199, 201, 202, 203, 204, 205, 206, 207, 208, 209, 212, 215, 216, 217, 218, 219, 220, 223, 224, 225, 226, 228, 231, 232, 233, 235, 236, 238, 239, 240, 241, 243, 244, 246, 247, 248, 250, 251, 253, 255, 256, 257, 258, 259, 261, 262, 266, 267, 268, 270, 273, 274, 275, 276, 278, 280, 282, 283, 284, 285, 287, 288, 290, 294, 295, 296, 298, 300, 301, 303, 304, 305, 308, 309, 311, 312, 313, 314, 315, 316, 317, 318, 319, 320, 321, 322, 324, 325, 326, 329, 330, 333, 334, 336, 338, 339, 340, 341, 342, 344, 346, 347, 349, 352, 353, 354, 355, 356, 357, 358, 359, 360, 362, 364, 368, 369, 371, 375, 376, 383, 385, 386, 389, 391, 392, 394, 395, 397, 399, 400, 402, 403, 404, 405, 406, 407, 409, 412, 413, 415, 416, 417, 418, 419, 420, 422, 423, 424, 425, 426, 427, 428, 429, 430, 431, 434, 435, 437, 438, 439, 440, 441, 442, 443, 444, 445, 446, 447, 448, 449, 450, 451, 452, 453, 454, 455, 456, 457, 458, 459, 461, 462, 465, 466, 467, 468, 469, 472, 473, 474, 475, 477, 478, 479, 480, 482, 483, 485, 486, 490, 492, 493, 495, 498, 499, 500, 502, 503, 504, 505, 506, 508, 509, 510, 511, 513, 514, 515, 516, 517, 518, 519, 520, 523, 525, 527, 530, 532, 533, 534, 535, 538, 539, 540, 541, 544, 545, 546, 548, 550, 551, 553, 554, 555, 556, 557, 558, 559, 561, 562, 563, 564, 565, 567, 568, 569, 570, 573, 575, 577, 579, 581, 583, 585, 586, 588, 589, 590, 591, 593, 599, 600, 603, 606, 607, 609, 611, 612, 613, 615, 616, 617, 619, 620, 621, 624, 626, 627, 629, 632, 633, 634, 635, 636, 637, 638, 639, 643, 644, 647, 649, 650, 651, 652, 653, 654, 655, 656, 658, 659, 660, 662, 663, 667, 668, 669, 671, 672, 673, 674, 675, 676, 679, 681, 683, 684, 685, 688, 689, 690, 693, 696, 698, 699, 701, 702, 703, 704, 705, 706, 708, 711, 716, 719, 722, 723, 725, 726, 728, 729, 730, 731, 733, 735, 736, 737, 738, 739, 741, 742, 743, 745, 746, 748, 749, 750, 751, 752, 753, 755, 756, 757, 758, 759, 760, 762, 763, 765, 766, 769, 770, 771, 772, 775, 778, 779, 780, 781, 783, 786, 787, 788, 789, 791, 792, 793, 798, 799, 800, 801, 803, 804, 805, 806, 807, 808, 809, 810, 811, 814, 816, 817, 820, 821, 822, 823, 824, 825, 826, 827, 828, 830, 831, 832, 833, 834, 835, 836, 838, 840, 842, 843, 844, 845, 846, 847, 848, 849, 850, 851, 852, 854, 855, 857, 860, 861, 862, 863, 865, 866, 867, 868, 870, 871, 873, 874, 875, 876, 878, 879, 880, 882, 885, 888, 889]
[0, 11, 22, 26, 45, 55, 73, 76, 77, 79, 87, 90, 97, 105, 111, 118, 119, 130, 142, 146, 147, 155, 161, 171, 176, 180, 186, 189, 194, 204, 220, 230, 231, 251, 259, 271, 277, 280, 287, 291, 297, 306, 316, 328, 332, 335, 339, 350, 369, 372, 374, 378, 383, 386, 391, 396, 406, 408, 410, 429, 441, 454, 488, 503, 504, 505, 507, 515, 521, 546, 547, 551, 560, 563, 567, 574, 575, 587, 589, 590, 601, 605, 607, 620, 630, 640, 645, 648, 651, 653, 657, 666, 667, 670, 672, 685, 688, 691, 700, 702, 703, 704, 706, 714, 721, 725, 736, 756, 764, 777, 801, 810, 811, 844, 856, 859, 875, 876, 882, 885, 887, 889]

[0, 1, 3, 4, 5, 6, 7, 8, 10, 11, 12, 13, 14, 15, 16, 17, 18, 19, 21, 22, 26, 27, 28, 29, 31, 32, 34, 35, 36, 39, 42, 43, 44, 45, 46, 48, 49, 50, 51, 54, 56, 57, 59, 60, 63, 64, 66, 67, 68, 69, 70, 71, 73, 75, 76, 77, 78, 79, 81, 82, 83, 84, 86, 87, 88, 89, 90, 92, 93, 94, 95, 96, 97, 98, 99, 101, 102, 103, 104, 105, 106, 107, 109, 110, 113, 114, 115, 116, 117, 121, 123, 124, 125, 126, 127, 129, 130, 131, 132, 133, 134, 136, 137, 138, 140, 141, 142, 143, 145, 147, 148, 150, 152, 154, 155, 157, 159, 160, 161, 162, 163, 164, 165, 167, 168, 169, 170, 171, 174, 176, 178, 179, 180, 181, 182, 183, 184, 185, 186, 187, 188, 189, 190, 191, 192, 193, 194, 195, 196, 197, 198, 199, 201, 202, 203, 204, 205, 206, 207, 208, 209, 212, 215, 216, 217, 218, 219, 220, 223, 224, 225, 226, 228, 231, 232, 233, 235, 236, 238, 239, 240, 241, 243, 244, 246, 247, 248, 250, 251, 253, 255, 256, 257, 258, 259, 261, 262, 264, 266, 267, 268, 270, 273, 274, 275, 276, 278, 280, 281, 282, 283, 284, 285, 287, 288, 290, 293, 294, 295, 296, 298, 300, 301, 303, 304, 305, 308, 309, 311, 312, 313, 314, 315, 316, 317, 318, 319, 320, 321, 322, 324, 325, 326, 329, 330, 333, 334, 336, 338, 339, 340, 341, 342, 344, 345, 346, 347, 349, 352, 353, 354, 355, 356, 357, 358, 359, 360, 362, 364, 367, 368, 369, 371, 375, 376, 380, 383, 385, 386, 389, 391, 392, 394, 395, 397, 399, 400, 402, 403, 404, 405, 406, 407, 409, 412, 413, 415, 416, 417, 418, 419, 420, 422, 423, 424, 425, 426, 427, 428, 429, 430, 431, 434, 435, 437, 438, 439, 440, 441, 442, 443, 444, 445, 446, 447, 448, 449, 450, 451, 452, 453, 454, 455, 456, 457, 458, 459, 461, 462, 465, 466, 467, 468, 469, 472, 473, 474, 475, 477, 478, 479, 480, 482, 483, 485, 486, 490, 492, 493, 495, 498, 499, 500, 502, 503, 504, 505, 506, 508, 509, 510, 511, 513, 514, 515, 516, 517, 518, 519, 520, 523, 525, 527, 530, 532, 533, 534, 535, 538, 539, 540, 541, 544, 545, 546, 548, 550, 551, 553, 554, 555, 556, 557, 558, 559, 561, 562, 563, 564, 565, 567, 568, 569, 570, 571, 573, 575, 577, 579, 581, 583, 585, 586, 588, 589, 590, 591, 593, 599, 600, 603, 605, 606, 607, 609, 611, 612, 613, 615, 616, 617, 619, 620, 621, 624, 626, 627, 629, 632, 633, 634, 635, 636, 637, 638, 639, 643, 644, 645, 647, 649, 650, 651, 652, 653, 654, 655, 656, 658, 659, 660, 662, 663, 665, 667, 668, 669, 671, 672, 673, 674, 675, 676, 679, 681, 683, 684, 685, 688, 689, 690, 693, 696, 698, 699, 701, 702, 703, 704, 705, 706, 708, 711, 714, 715, 716, 719, 722, 723, 725, 726, 728, 729, 730, 731, 733, 735, 736, 737, 738, 739, 741, 742, 743, 744, 745, 746, 748, 749, 750, 751, 752, 753, 755, 756, 757, 758, 759, 760, 762, 763, 764, 765, 766, 767, 769, 770, 771, 772, 775, 776, 778, 779, 780, 781, 783, 786, 787, 788, 789, 791, 792, 793, 796, 798, 799, 800, 801, 803, 804, 805, 806, 807, 808, 809, 810, 811, 814, 815, 816, 817, 820, 821, 822, 823, 824, 825, 826, 827, 828, 830, 831, 832, 833, 834, 835, 836, 838, 840, 842, 843, 844, 845, 846, 847, 848, 849, 850, 851, 852, 854, 855, 856, 857, 860, 861, 862, 863, 865, 866, 867, 868, 870, 871, 873, 874, 875, 876, 878, 879, 880, 882, 885, 888, 889]
[0, 11, 22, 26, 45, 55, 73, 76, 77, 79, 87, 90, 97, 105, 111, 118, 119, 130, 142, 146, 147, 155, 161, 171, 176, 180, 186, 189, 194, 204, 220, 230, 231, 251, 259, 271, 277, 280, 287, 291, 297, 306, 316, 328, 332, 335, 339, 350, 369, 372, 374, 378, 383, 386, 391, 396, 406, 408, 410, 429, 441, 454, 488, 503, 504, 505, 507, 515, 521, 546, 547, 551, 560, 563, 567, 574, 575, 587, 589, 590, 601, 605, 607, 620, 630, 640, 645, 648, 651, 653, 657, 666, 667, 670, 672, 685, 688, 691, 700, 702, 703, 704, 706, 714, 721, 725, 736, 756, 764, 777, 801, 810, 811, 844, 856, 859, 875, 876, 882, 885, 887, 889]

[0, 1, 3, 4, 5, 6, 7, 8, 10, 11, 12, 13, 14, 15, 16, 17, 18, 19, 21, 22, 26, 27, 28, 29, 31, 32, 33, 34, 35, 36, 39, 42, 43, 44, 45, 46, 48, 49, 50, 51, 54, 56, 57, 59, 60, 63, 64, 66, 67, 68, 69, 70, 71, 73, 75, 76, 77, 78, 79, 81, 82, 83, 84, 86, 87, 88, 89, 90, 92, 93, 94, 95, 96, 97, 98, 99, 101, 102, 103, 104, 105, 106, 107, 109, 110, 113, 114, 115, 116, 117, 121, 123, 124, 125, 126, 127, 129, 130, 131, 132, 133, 134, 136, 137, 138, 140, 141, 142, 143, 145, 147, 148, 149, 150, 152, 154, 155, 157, 159, 160, 161, 162, 163, 164, 165, 167, 168, 169, 170, 171, 172, 174, 176, 178, 179, 180, 181, 182, 183, 184, 185, 186, 187, 188, 189, 190, 191, 192, 193, 194, 195, 196, 197, 198, 199, 201, 202, 203, 204, 205, 206, 207, 208, 209, 210, 212, 215, 216, 217, 218, 219, 220, 223, 224, 225, 226, 228, 231, 232, 233, 235, 236, 238, 239, 240, 241, 243, 244, 246, 247, 248, 250, 251, 253, 255, 256, 257, 258, 259, 261, 262, 264, 266, 267, 268, 269, 270, 273, 274, 275, 276, 278, 280, 281, 282, 283, 284, 285, 287, 288, 290, 291, 293, 294, 295, 296, 298, 300, 301, 303, 304, 305, 308, 309, 311, 312, 313, 314, 315, 316, 317, 318, 319, 320, 321, 322, 324, 325, 326, 329, 330, 333, 334, 336, 338, 339, 340, 341, 342, 344, 345, 346, 347, 349, 352, 353, 354, 355, 356, 357, 358, 359, 360, 362, 364, 366, 367, 368, 369, 371, 374, 375, 376, 379, 380, 381, 382, 383, 384, 385, 386, 389, 391, 392, 394, 395, 397, 399, 400, 402, 403, 404, 405, 406, 407, 409, 412, 413, 415, 416, 417, 418, 419, 420, 422, 423, 424, 425, 426, 427, 428, 429, 430, 431, 434, 435, 437, 438, 439, 440, 441, 442, 443, 444, 445, 446, 447, 448, 449, 450, 451, 452, 453, 454, 455, 456, 457, 458, 459, 461, 462, 465, 466, 467, 468, 469, 472, 473, 474, 475, 477, 478, 479, 480, 482, 483, 485, 486, 488, 490, 492, 493, 494, 495, 498, 499, 500, 502, 503, 504, 505, 506, 508, 509, 510, 511, 513, 514, 515, 516, 517, 518, 519, 520, 523, 524, 525, 527, 530, 532, 533, 534, 535, 537, 538, 539, 540, 541, 543, 544, 545, 546, 548, 550, 551, 553, 554, 555, 556, 557, 558, 559, 560, 561, 562, 563, 564, 565, 567, 568, 569, 570, 571, 573, 575, 577, 579, 581, 583, 585, 586, 587, 588, 589, 590, 591, 593, 599, 600, 601, 603, 605, 606, 607, 609, 611, 612, 613, 615, 616, 617, 619, 620, 621, 624, 626, 627, 629, 632, 633, 634, 635, 636, 637, 638, 639, 643, 644, 645, 647, 649, 650, 651, 652, 653, 654, 655, 656, 658, 659, 660, 662, 663, 665, 667, 668, 669, 671, 672, 673, 674, 675, 676, 679, 681, 682, 683, 684, 685, 688, 689, 690, 693, 696, 698, 699, 701, 702, 703, 704, 705, 706, 708, 711, 714, 715, 716, 717, 719, 722, 723, 725, 726, 728, 729, 730, 731, 733, 735, 736, 737, 738, 739, 740, 741, 742, 743, 744, 745, 746, 748, 749, 750, 751, 752, 753, 754, 755, 756, 757, 758, 759, 760, 762, 763, 764, 765, 766, 767, 769, 770, 771, 772, 775, 776, 778, 779, 780, 781, 783, 786, 787, 788, 789, 791, 792, 793, 796, 798, 799, 800, 801, 803, 804, 805, 806, 807, 808, 809, 810, 811, 814, 815, 816, 817, 820, 821, 822, 823, 824, 825, 826, 827, 828, 830, 831, 832, 833, 834, 835, 836, 838, 840, 842, 843, 844, 845, 846, 847, 848, 849, 850, 851, 852, 854, 855, 856, 857, 860, 861, 862, 863, 865, 866, 867, 868, 870, 871, 872, 873, 874, 875, 876, 878, 879, 880, 882, 885, 888, 889]
[0, 11, 22, 26, 45, 55, 73, 76, 77, 79, 87, 90, 97, 105, 111, 118, 119, 130, 142, 146, 147, 155, 161, 171, 176, 180, 186, 189, 194, 204, 220, 230, 231, 251, 259, 271, 277, 280, 287, 291, 297, 306, 316, 328, 332, 335, 339, 350, 369, 372, 374, 378, 383, 386, 391, 396, 406, 408, 410, 429, 441, 454, 488, 503, 504, 505, 507, 515, 521, 546, 547, 551, 560, 563, 567, 574, 575, 587, 589, 590, 601, 605, 607, 620, 630, 640, 645, 648, 651, 653, 657, 666, 667, 670, 672, 685, 688, 691, 700, 702, 703, 704, 706, 714, 721, 725, 736, 756, 764, 777, 801, 810, 811, 844, 856, 859, 875, 876, 882, 885, 887, 889]

[0, 1, 3, 4, 5, 6, 7, 8, 9, 10, 11, 12, 13, 14, 15, 16, 17, 18, 19, 21, 22, 26, 27, 28, 29, 31, 32, 33, 34, 35, 36, 39, 42, 43, 44, 45, 46, 48, 49, 50, 51, 52, 54, 56, 57, 59, 60, 63, 64, 66, 67, 68, 69, 70, 71, 73, 75, 76, 77, 78, 79, 81, 82, 83, 84, 86, 87, 88, 89, 90, 92, 93, 94, 95, 96, 97, 98, 99, 101, 102, 103, 104, 105, 106, 107, 109, 110, 113, 114, 115, 116, 117, 121, 123, 124, 125, 126, 127, 129, 130, 131, 132, 133, 134, 136, 137, 138, 140, 141, 142, 143, 145, 147, 148, 149, 150, 152, 154, 155, 157, 159, 160, 161, 162, 163, 164, 165, 166, 167, 168, 169, 170, 171, 172, 173, 174, 176, 178, 179, 180, 181, 182, 183, 184, 185, 186, 187, 188, 189, 190, 191, 192, 193, 194, 195, 196, 197, 198, 199, 201, 202, 203, 204, 205, 206, 207, 208, 209, 210, 211, 212, 215, 216, 217, 218, 219, 220, 221, 223, 224, 225, 226, 228, 229, 231, 232, 233, 235, 236, 238, 239, 240, 241, 242, 243, 244, 246, 247, 248, 250, 251, 253, 255, 256, 257, 258, 259, 261, 262, 264, 266, 267, 268, 269, 270, 273, 274, 275, 276, 278, 280, 281, 282, 283, 284, 285, 287, 288, 290, 291, 293, 294, 295, 296, 297, 298, 300, 301, 303, 304, 305, 308, 309, 311, 312, 313, 314, 315, 316, 317, 318, 319, 320, 321, 322, 324, 325, 326, 329, 330, 333, 334, 336, 338, 339, 340, 341, 342, 344, 345, 346, 347, 349, 352, 353, 354, 355, 356, 357, 358, 359, 360, 362, 363, 364, 366, 367, 368, 369, 371, 374, 375, 376, 377, 379, 380, 381, 382, 383, 384, 385, 386, 389, 391, 392, 394, 395, 397, 399, 400, 402, 403, 404, 405, 406, 407, 409, 412, 413, 415, 416, 417, 418, 419, 420, 422, 423, 424, 425, 426, 427, 428, 429, 430, 431, 434, 435, 437, 438, 439, 440, 441, 442, 443, 444, 445, 446, 447, 448, 449, 450, 451, 452, 453, 454, 455, 456, 457, 458, 459, 461, 462, 463, 465, 466, 467, 468, 469, 472, 473, 474, 475, 477, 478, 479, 480, 482, 483, 485, 486, 488, 490, 492, 493, 494, 495, 498, 499, 500, 502, 503, 504, 505, 506, 507, 508, 509, 510, 511, 513, 514, 515, 516, 517, 518, 519, 520, 521, 522, 523, 524, 525, 527, 530, 532, 533, 534, 535, 537, 538, 539, 540, 541, 543, 544, 545, 546, 548, 549, 550, 551, 553, 554, 555, 556, 557, 558, 559, 560, 561, 562, 563, 564, 565, 567, 568, 569, 570, 571, 573, 575, 577, 579, 581, 583, 585, 586, 587, 588, 589, 590, 591, 593, 594, 599, 600, 601, 603, 605, 606, 607, 609, 611, 612, 613, 615, 616, 617, 619, 620, 621, 624, 626, 627, 629, 630, 632, 633, 634, 635, 636, 637, 638, 639, 643, 644, 645, 647, 649, 650, 651, 652, 653, 654, 655, 656, 658, 659, 660, 662, 663, 665, 667, 668, 669, 671, 672, 673, 674, 675, 676, 679, 681, 682, 683, 684, 685, 687, 688, 689, 690, 692, 693, 696, 698, 699, 701, 702, 703, 704, 705, 706, 708, 711, 714, 715, 716, 717, 719, 721, 722, 723, 725, 726, 728, 729, 730, 731, 733, 735, 736, 737, 738, 739, 740, 741, 742, 743, 744, 745, 746, 748, 749, 750, 751, 752, 753, 754, 755, 756, 757, 758, 759, 760, 762, 763, 764, 765, 766, 767, 769, 770, 771, 772, 774, 775, 776, 778, 779, 780, 781, 783, 786, 787, 788, 789, 791, 792, 793, 796, 798, 799, 800, 801, 803, 804, 805, 806, 807, 808, 809, 810, 811, 814, 815, 816, 817, 820, 821, 822, 823, 824, 825, 826, 827, 828, 829, 830, 831, 832, 833, 834, 835, 836, 837, 838, 839, 840, 842, 843, 844, 845, 846, 847, 848, 849, 850, 851, 852, 854, 855, 856, 857, 860, 861, 862, 863, 865, 866, 867, 868, 870, 871, 872, 873, 874, 875, 876, 878, 879, 880, 882, 885, 888, 889]
[0, 11, 22, 26, 45, 55, 73, 76, 77, 79, 87, 90, 97, 105, 111, 118, 119, 130, 142, 146, 147, 155, 161, 171, 176, 180, 186, 189, 194, 204, 220, 230, 231, 251, 259, 271, 277, 280, 287, 291, 297, 306, 316, 328, 332, 335, 339, 350, 369, 372, 374, 378, 383, 386, 391, 396, 406, 408, 410, 429, 441, 454, 488, 503, 504, 505, 507, 515, 521, 546, 547, 551, 560, 563, 567, 574, 575, 587, 589, 590, 601, 605, 607, 620, 630, 640, 645, 648, 651, 653, 657, 666, 667, 670, 672, 685, 688, 691, 700, 702, 703, 704, 706, 714, 721, 725, 736, 756, 764, 777, 801, 810, 811, 844, 856, 859, 875, 876, 882, 885, 887, 889]

[0, 1, 3, 4, 5, 6, 7, 8, 9, 10, 11, 12, 13, 14, 15, 16, 17, 18, 19, 21, 22, 24, 26, 27, 28, 29, 31, 32, 33, 34, 35, 36, 39, 42, 43, 44, 45, 46, 48, 49, 50, 51, 52, 54, 56, 57, 59, 60, 63, 64, 66, 67, 68, 69, 70, 71, 73, 74, 75, 76, 77, 78, 79, 81, 82, 83, 84, 85, 86, 87, 88, 89, 90, 92, 93, 94, 95, 96, 97, 98, 99, 101, 102, 103, 104, 105, 106, 107, 109, 110, 111, 113, 114, 115, 116, 117, 121, 123, 124, 125, 126, 127, 129, 130, 131, 132, 133, 134, 136, 137, 138, 140, 141, 142, 143, 144, 145, 146, 147, 148, 149, 150, 152, 154, 155, 157, 159, 160, 161, 162, 163, 164, 165, 166, 167, 168, 169, 170, 171, 172, 173, 174, 176, 178, 179, 180, 181, 182, 183, 184, 185, 186, 187, 188, 189, 190, 191, 192, 193, 194, 195, 196, 197, 198, 199, 200, 201, 202, 203, 204, 205, 206, 207, 208, 209, 210, 211, 212, 213, 215, 216, 217, 218, 219, 220, 221, 223, 224, 225, 226, 228, 229, 231, 232, 233, 235, 236, 238, 239, 240, 241, 242, 243, 244, 246, 247, 248, 250, 251, 253, 255, 256, 257, 258, 259, 261, 262, 264, 266, 267, 268, 269, 270, 273, 274, 275, 276, 278, 280, 281, 282, 283, 284, 285, 287, 288, 290, 291, 293, 294, 295, 296, 297, 298, 300, 301, 302, 303, 304, 305, 308, 309, 311, 312, 313, 314, 315, 316, 317, 318, 319, 320, 321, 322, 323, 324, 325, 326, 327, 329, 330, 332, 333, 334, 335, 336, 338, 339, 340, 341, 342, 344, 345, 346, 347, 349, 352, 353, 354, 355, 356, 357, 358, 359, 360, 361, 362, 363, 364, 366, 367, 368, 369, 371, 373, 374, 375, 376, 377, 379, 380, 381, 382, 383, 384, 385, 386, 387, 389, 391, 392, 394, 395, 397, 399, 400, 402, 403, 404, 405, 406, 407, 409, 410, 412, 413, 415, 416, 417, 418, 419, 420, 422, 423, 424, 425, 426, 427, 428, 429, 430, 431, 433, 434, 435, 437, 438, 439, 440, 441, 442, 443, 444, 445, 446, 447, 448, 449, 450, 451, 452, 453, 454, 455, 456, 457, 458, 459, 461, 462, 463, 465, 466, 467, 468, 469, 472, 473, 474, 475, 477, 478, 479, 480, 482, 483, 485, 486, 488, 490, 492, 493, 494, 495, 498, 499, 500, 502, 503, 504, 505, 506, 507, 508, 509, 510, 511, 513, 514, 515, 516, 517, 518, 519, 520, 521, 522, 523, 524, 525, 527, 530, 532, 533, 534, 535, 537, 538, 539, 540, 541, 543, 544, 545, 546, 548, 549, 550, 551, 553, 554, 555, 556, 557, 558, 559, 560, 561, 562, 563, 564, 565, 567, 568, 569, 570, 571, 573, 575, 577, 579, 581, 583, 585, 586, 587, 588, 589, 590, 591, 593, 594, 599, 600, 601, 603, 605, 606, 607, 609, 611, 612, 613, 615, 616, 617, 619, 620, 621, 624, 626, 627, 629, 630, 632, 633, 634, 635, 636, 637, 638, 639, 643, 644, 645, 646, 647, 649, 650, 651, 652, 653, 654, 655, 656, 658, 659, 660, 661, 662, 663, 665, 667, 668, 669, 671, 672, 673, 674, 675, 676, 677, 679, 681, 682, 683, 684, 685, 687, 688, 689, 690, 692, 693, 696, 698, 699, 701, 702, 703, 704, 705, 706, 708, 711, 714, 715, 716, 717, 719, 721, 722, 723, 725, 726, 728, 729, 730, 731, 733, 735, 736, 737, 738, 739, 740, 741, 742, 743, 744, 745, 746, 748, 749, 750, 751, 752, 753, 754, 755, 756, 757, 758, 759, 760, 762, 763, 764, 765, 766, 767, 768, 769, 770, 771, 772, 774, 775, 776, 778, 779, 780, 781, 783, 786, 787, 788, 789, 791, 792, 793, 796, 798, 799, 800, 801, 803, 804, 805, 806, 807, 808, 809, 810, 811, 814, 815, 816, 817, 818, 820, 821, 822, 823, 824, 825, 826, 827, 828, 829, 830, 831, 832, 833, 834, 835, 836, 837, 838, 839, 840, 842, 843, 844, 845, 846, 847, 848, 849, 850, 851, 852, 853, 854, 855, 856, 857, 860, 861, 862, 863, 865, 866, 867, 868, 870, 871, 872, 873, 874, 875, 876, 878, 879, 880, 882, 885, 887, 888, 889]
[0, 11, 22, 26, 45, 55, 73, 76, 77, 79, 87, 90, 97, 105, 111, 118, 119, 130, 142, 146, 147, 155, 161, 171, 176, 180, 186, 189, 194, 204, 220, 230, 231, 251, 259, 271, 277, 280, 287, 291, 297, 306, 316, 328, 332, 335, 339, 350, 369, 372, 374, 378, 383, 386, 391, 396, 406, 408, 410, 429, 441, 454, 488, 503, 504, 505, 507, 515, 521, 546, 547, 551, 560, 563, 567, 574, 575, 587, 589, 590, 601, 605, 607, 620, 630, 640, 645, 648, 651, 653, 657, 666, 667, 670, 672, 685, 688, 691, 700, 702, 703, 704, 706, 714, 721, 725, 736, 756, 764, 777, 801, 810, 811, 844, 856, 859, 875, 876, 882, 885, 887, 889]

[0, 1, 3, 4, 5, 6, 7, 8, 9, 10, 11, 12, 13, 14, 15, 16, 17, 18, 19, 21, 22, 24, 25, 26, 27, 28, 29, 31, 32, 33, 34, 35, 36, 39, 42, 43, 44, 45, 46, 47, 48, 49, 50, 51, 52, 54, 56, 57, 59, 60, 63, 64, 66, 67, 68, 69, 70, 71, 73, 74, 75, 76, 77, 78, 79, 81, 82, 83, 84, 85, 86, 87, 88, 89, 90, 92, 93, 94, 95, 96, 97, 98, 99, 101, 102, 103, 104, 105, 106, 107, 109, 110, 111, 113, 114, 115, 116, 117, 120, 121, 123, 124, 125, 126, 127, 129, 130, 131, 132, 133, 134, 135, 136, 137, 138, 140, 141, 142, 143, 144, 145, 146, 147, 148, 149, 150, 152, 154, 155, 157, 159, 160, 161, 162, 163, 164, 165, 166, 167, 168, 169, 170, 171, 172, 173, 174, 176, 178, 179, 180, 181, 182, 183, 184, 185, 186, 187, 188, 189, 190, 191, 192, 193, 194, 195, 196, 197, 198, 199, 200, 201, 202, 203, 204, 205, 206, 207, 208, 209, 210, 211, 212, 213, 215, 216, 217, 218, 219, 220, 221, 222, 223, 224, 225, 226, 228, 229, 231, 232, 233, 235, 236, 238, 239, 240, 241, 242, 243, 244, 246, 247, 248, 250, 251, 253, 255, 256, 257, 258, 259, 261, 262, 264, 265, 266, 267, 268, 269, 270, 272, 273, 274, 275, 276, 278, 280, 281, 282, 283, 284, 285, 286, 287, 288, 290, 291, 293, 294, 295, 296, 297, 298, 300, 301, 302, 303, 304, 305, 308, 309, 311, 312, 313, 314, 315, 316, 317, 318, 319, 320, 321, 322, 323, 324, 325, 326, 327, 329, 330, 332, 333, 334, 335, 336, 338, 339, 340, 341, 342, 344, 345, 346, 347, 349, 352, 353, 354, 355, 356, 357, 358, 359, 360, 361, 362, 363, 364, 366, 367, 368, 369, 371, 373, 374, 375, 376, 377, 379, 380, 381, 382, 383, 384, 385, 386, 387, 389, 391, 392, 394, 395, 397, 399, 400, 402, 403, 404, 405, 406, 407, 409, 410, 412, 413, 415, 416, 417, 418, 419, 420, 422, 423, 424, 425, 426, 427, 428, 429, 430, 431, 433, 434, 435, 437, 438, 439, 440, 441, 442, 443, 444, 445, 446, 447, 448, 449, 450, 451, 452, 453, 454, 455, 456, 457, 458, 459, 461, 462, 463, 465, 466, 467, 468, 469, 472, 473, 474, 475, 476, 477, 478, 479, 480, 482, 483, 485, 486, 488, 489, 490, 491, 492, 493, 494, 495, 498, 499, 500, 501, 502, 503, 504, 505, 506, 507, 508, 509, 510, 511, 513, 514, 515, 516, 517, 518, 519, 520, 521, 522, 523, 524, 525, 527, 530, 531, 532, 533, 534, 535, 537, 538, 539, 540, 541, 543, 544, 545, 546, 548, 549, 550, 551, 553, 554, 555, 556, 557, 558, 559, 560, 561, 562, 563, 564, 565, 567, 568, 569, 570, 571, 573, 574, 575, 577, 579, 581, 583, 585, 586, 587, 588, 589, 590, 591, 592, 593, 594, 599, 600, 601, 603, 605, 606, 607, 609, 611, 612, 613, 615, 616, 617, 619, 620, 621, 623, 624, 626, 627, 629, 630, 632, 633, 634, 635, 636, 637, 638, 639, 641, 642, 643, 644, 645, 646, 647, 649, 650, 651, 652, 653, 654, 655, 656, 658, 659, 660, 661, 662, 663, 665, 667, 668, 669, 671, 672, 673, 674, 675, 676, 677, 678, 679, 681, 682, 683, 684, 685, 687, 688, 689, 690, 692, 693, 696, 698, 699, 700, 701, 702, 703, 704, 705, 706, 708, 710, 711, 714, 715, 716, 717, 719, 721, 722, 723, 724, 725, 726, 728, 729, 730, 731, 733, 735, 736, 737, 738, 739, 740, 741, 742, 743, 744, 745, 746, 748, 749, 750, 751, 752, 753, 754, 755, 756, 757, 758, 759, 760, 762, 763, 764, 765, 766, 767, 768, 769, 770, 771, 772, 773, 774, 775, 776, 778, 779, 780, 781, 783, 784, 786, 787, 788, 789, 791, 792, 793, 796, 798, 799, 800, 801, 803, 804, 805, 806, 807, 808, 809, 810, 811, 814, 815, 816, 817, 818, 820, 821, 822, 823, 824, 825, 826, 827, 828, 829, 830, 831, 832, 833, 834, 835, 836, 837, 838, 839, 840, 842, 843, 844, 845, 846, 847, 848, 849, 850, 851, 852, 853, 854, 855, 856, 857, 860, 861, 862, 863, 865, 866, 867, 868, 870, 871, 872, 873, 874, 875, 876, 878, 879, 880, 882, 883, 885, 887, 888, 889]
[0, 11, 22, 26, 45, 55, 73, 76, 77, 79, 87, 90, 97, 105, 111, 118, 119, 130, 142, 146, 147, 155, 161, 171, 176, 180, 186, 189, 194, 204, 220, 230, 231, 251, 259, 271, 277, 280, 287, 291, 297, 306, 316, 328, 332, 335, 339, 350, 369, 372, 374, 378, 383, 386, 391, 396, 406, 408, 410, 429, 441, 454, 488, 503, 504, 505, 507, 515, 521, 546, 547, 551, 560, 563, 567, 574, 575, 587, 589, 590, 601, 605, 607, 620, 630, 640, 645, 648, 651, 653, 657, 666, 667, 670, 672, 685, 688, 691, 700, 702, 703, 704, 706, 714, 721, 725, 736, 756, 764, 777, 801, 810, 811, 844, 856, 859, 875, 876, 882, 885, 887, 889]

[0, 1, 3, 4, 5, 6, 7, 8, 9, 10, 11, 12, 13, 14, 15, 16, 17, 18, 19, 20, 21, 22, 24, 25, 26, 27, 28, 29, 31, 32, 33, 34, 35, 36, 39, 41, 42, 43, 44, 45, 46, 47, 48, 49, 50, 51, 52, 54, 56, 57, 58, 59, 60, 63, 64, 66, 67, 68, 69, 70, 71, 73, 74, 75, 76, 77, 78, 79, 81, 82, 83, 84, 85, 86, 87, 88, 89, 90, 92, 93, 94, 95, 96, 97, 98, 99, 101, 102, 103, 104, 105, 106, 107, 109, 110, 111, 113, 114, 115, 116, 117, 120, 121, 122, 123, 124, 125, 126, 127, 128, 129, 130, 131, 132, 133, 134, 135, 136, 137, 138, 140, 141, 142, 143, 144, 145, 146, 147, 148, 149, 150, 152, 154, 155, 157, 159, 160, 161, 162, 163, 164, 165, 166, 167, 168, 169, 170, 171, 172, 173, 174, 176, 178, 179, 180, 181, 182, 183, 184, 185, 186, 187, 188, 189, 190, 191, 192, 193, 194, 195, 196, 197, 198, 199, 200, 201, 202, 203, 204, 205, 206, 207, 208, 209, 210, 211, 212, 213, 214, 215, 216, 217, 218, 219, 220, 221, 222, 223, 224, 225, 226, 228, 229, 231, 232, 233, 235, 236, 238, 239, 240, 241, 242, 243, 244, 246, 247, 248, 250, 251, 252, 253, 255, 256, 257, 258, 259, 261, 262, 264, 265, 266, 267, 268, 269, 270, 272, 273, 274, 275, 276, 278, 280, 281, 282, 283, 284, 285, 286, 287, 288, 290, 291, 293, 294, 295, 296, 297, 298, 300, 301, 302, 303, 304, 305, 308, 309, 310, 311, 312, 313, 314, 315, 316, 317, 318, 319, 320, 321, 322, 323, 324, 325, 326, 327, 329, 330, 332, 333, 334, 335, 336, 338, 339, 340, 341, 342, 344, 345, 346, 347, 349, 351, 352, 353, 354, 355, 356, 357, 358, 359, 360, 361, 362, 363, 364, 366, 367, 368, 369, 371, 372, 373, 374, 375, 376, 377, 378, 379, 380, 381, 382, 383, 384, 385, 386, 387, 389, 391, 392, 394, 395, 397, 399, 400, 402, 403, 404, 405, 406, 407, 409, 410, 412, 413, 415, 416, 417, 418, 419, 420, 422, 423, 424, 425, 426, 427, 428, 429, 430, 431, 433, 434, 435, 436, 437, 438, 439, 440, 441, 442, 443, 444, 445, 446, 447, 448, 449, 450, 451, 452, 453, 454, 455, 456, 457, 458, 459, 461, 462, 463, 464, 465, 466, 467, 468, 469, 471, 472, 473, 474, 475, 476, 477, 478, 479, 480, 482, 483, 485, 486, 487, 488, 489, 490, 491, 492, 493, 494, 495, 498, 499, 500, 501, 502, 503, 504, 505, 506, 507, 508, 509, 510, 511, 513, 514, 515, 516, 517, 518, 519, 520, 521, 522, 523, 524, 525, 527, 530, 531, 532, 533, 534, 535, 537, 538, 539, 540, 541, 543, 544, 545, 546, 548, 549, 550, 551, 553, 554, 555, 556, 557, 558, 559, 560, 561, 562, 563, 564, 565, 567, 568, 569, 570, 571, 573, 574, 575, 576, 577, 579, 580, 581, 583, 585, 586, 587, 588, 589, 590, 591, 592, 593, 594, 599, 600, 601, 602, 603, 605, 606, 607, 609, 611, 612, 613, 615, 616, 617, 619, 620, 621, 623, 624, 626, 627, 629, 630, 632, 633, 634, 635, 636, 637, 638, 639, 641, 642, 643, 644, 645, 646, 647, 649, 650, 651, 652, 653, 654, 655, 656, 657, 658, 659, 660, 661, 662, 663, 665, 667, 668, 669, 671, 672, 673, 674, 675, 676, 677, 678, 679, 681, 682, 683, 684, 685, 687, 688, 689, 690, 692, 693, 696, 698, 699, 700, 701, 702, 703, 704, 705, 706, 707, 708, 710, 711, 714, 715, 716, 717, 719, 721, 722, 723, 724, 725, 726, 728, 729, 730, 731, 733, 735, 736, 737, 738, 739, 740, 741, 742, 743, 744, 745, 746, 747, 748, 749, 750, 751, 752, 753, 754, 755, 756, 757, 758, 759, 760, 762, 763, 764, 765, 766, 767, 768, 769, 770, 771, 772, 773, 774, 775, 776, 778, 779, 780, 781, 783, 784, 786, 787, 788, 789, 791, 792, 793, 795, 796, 798, 799, 800, 801, 803, 804, 805, 806, 807, 808, 809, 810, 811, 813, 814, 815, 816, 817, 818, 820, 821, 822, 823, 824, 825, 826, 827, 828, 829, 830, 831, 832, 833, 834, 835, 836, 837, 838, 839, 840, 842, 843, 844, 845, 846, 847, 848, 849, 850, 851, 852, 853, 854, 855, 856, 857, 859, 860, 861, 862, 863, 865, 866, 867, 868, 869, 870, 871, 872, 873, 874, 875, 876, 878, 879, 880, 882, 883, 885, 887, 888, 889]
[0, 11, 22, 26, 45, 55, 73, 76, 77, 79, 87, 90, 97, 105, 111, 118, 119, 130, 142, 146, 147, 155, 161, 171, 176, 180, 186, 189, 194, 204, 220, 230, 231, 251, 259, 271, 277, 280, 287, 291, 297, 306, 316, 328, 332, 335, 339, 350, 369, 372, 374, 378, 383, 386, 391, 396, 406, 408, 410, 429, 441, 454, 488, 503, 504, 505, 507, 515, 521, 546, 547, 551, 560, 563, 567, 574, 575, 587, 589, 590, 601, 605, 607, 620, 630, 640, 645, 648, 651, 653, 657, 666, 667, 670, 672, 685, 688, 691, 700, 702, 703, 704, 706, 714, 721, 725, 736, 756, 764, 777, 801, 810, 811, 844, 856, 859, 875, 876, 882, 885, 887, 889]

[0, 1, 3, 4, 5, 6, 7, 8, 9, 10, 11, 12, 13, 14, 15, 16, 17, 18, 19, 20, 21, 22, 23, 24, 25, 26, 27, 28, 29, 30, 31, 32, 33, 34, 35, 36, 39, 41, 42, 43, 44, 45, 46, 47, 48, 49, 50, 51, 52, 54, 56, 57, 58, 59, 60, 63, 64, 65, 66, 67, 68, 69, 70, 71, 73, 74, 75, 76, 77, 78, 79, 81, 82, 83, 84, 85, 86, 87, 88, 89, 90, 92, 93, 94, 95, 96, 97, 98, 99, 101, 102, 103, 104, 105, 106, 107, 109, 110, 111, 113, 114, 115, 116, 117, 120, 121, 122, 123, 124, 125, 126, 127, 128, 129, 130, 131, 132, 133, 134, 135, 136, 137, 138, 139, 140, 141, 142, 143, 144, 145, 146, 147, 148, 149, 150, 152, 154, 155, 157, 159, 160, 161, 162, 163, 164, 165, 166, 167, 168, 169, 170, 171, 172, 173, 174, 176, 178, 179, 180, 181, 182, 183, 184, 185, 186, 187, 188, 189, 190, 191, 192, 193, 194, 195, 196, 197, 198, 199, 200, 201, 202, 203, 204, 205, 206, 207, 208, 209, 210, 211, 212, 213, 214, 215, 216, 217, 218, 219, 220, 221, 222, 223, 224, 225, 226, 228, 229, 230, 231, 232, 233, 235, 236, 238, 239, 240, 241, 242, 243, 244, 246, 247, 248, 250, 251, 252, 253, 254, 255, 256, 257, 258, 259, 261, 262, 264, 265, 266, 267, 268, 269, 270, 272, 273, 274, 275, 276, 278, 279, 280, 281, 282, 283, 284, 285, 286, 287, 288, 290, 291, 293, 294, 295, 296, 297, 298, 300, 301, 302, 303, 304, 305, 308, 309, 310, 311, 312, 313, 314, 315, 316, 317, 318, 319, 320, 321, 322, 323, 324, 325, 326, 327, 328, 329, 330, 332, 333, 334, 335, 336, 338, 339, 340, 341, 342, 344, 345, 346, 347, 348, 349, 351, 352, 353, 354, 355, 356, 357, 358, 359, 360, 361, 362, 363, 364, 366, 367, 368, 369, 371, 372, 373, 374, 375, 376, 377, 378, 379, 380, 381, 382, 383, 384, 385, 386, 387, 388, 389, 391, 392, 394, 395, 397, 399, 400, 402, 403, 404, 405, 406, 407, 409, 410, 412, 413, 415, 416, 417, 418, 419, 420, 422, 423, 424, 425, 426, 427, 428, 429, 430, 431, 433, 434, 435, 436, 437, 438, 439, 440, 441, 442, 443, 444, 445, 446, 447, 448, 449, 450, 451, 452, 453, 454, 455, 456, 457, 458, 459, 460, 461, 462, 463, 464, 465, 466, 467, 468, 469, 471, 472, 473, 474, 475, 476, 477, 478, 479, 480, 482, 483, 485, 486, 487, 488, 489, 490, 491, 492, 493, 494, 495, 497, 498, 499, 500, 501, 502, 503, 504, 505, 506, 507, 508, 509, 510, 511, 512, 513, 514, 515, 516, 517, 518, 519, 520, 521, 522, 523, 524, 525, 527, 528, 530, 531, 532, 533, 534, 535, 537, 538, 539, 540, 541, 543, 544, 545, 546, 548, 549, 550, 551, 553, 554, 555, 556, 557, 558, 559, 560, 561, 562, 563, 564, 565, 567, 568, 569, 570, 571, 573, 574, 575, 576, 577, 579, 580, 581, 583, 585, 586, 587, 588, 589, 590, 591, 592, 593, 594, 599, 600, 601, 602, 603, 605, 606, 607, 609, 611, 612, 613, 615, 616, 617, 619, 620, 621, 623, 624, 626, 627, 629, 630, 632, 633, 634, 635, 636, 637, 638, 639, 641, 642, 643, 644, 645, 646, 647, 649, 650, 651, 652, 653, 654, 655, 656, 657, 658, 659, 660, 661, 662, 663, 665, 667, 668, 669, 671, 672, 673, 674, 675, 676, 677, 678, 679, 680, 681, 682, 683, 684, 685, 687, 688, 689, 690, 692, 693, 695, 696, 698, 699, 700, 701, 702, 703, 704, 705, 706, 707, 708, 710, 711, 713, 714, 715, 716, 717, 719, 720, 721, 722, 723, 724, 725, 726, 727, 728, 729, 730, 731, 732, 733, 734, 735, 736, 737, 738, 739, 740, 741, 742, 743, 744, 745, 746, 747, 748, 749, 750, 751, 752, 753, 754, 755, 756, 757, 758, 759, 760, 762, 763, 764, 765, 766, 767, 768, 769, 770, 771, 772, 773, 774, 775, 776, 778, 779, 780, 781, 783, 784, 785, 786, 787, 788, 789, 791, 792, 793, 795, 796, 798, 799, 800, 801, 802, 803, 804, 805, 806, 807, 808, 809, 810, 811, 813, 814, 815, 816, 817, 818, 820, 821, 822, 823, 824, 825, 826, 827, 828, 829, 830, 831, 832, 833, 834, 835, 836, 837, 838, 839, 840, 842, 843, 844, 845, 846, 847, 848, 849, 850, 851, 852, 853, 854, 855, 856, 857, 859, 860, 861, 862, 863, 865, 866, 867, 868, 869, 870, 871, 872, 873, 874, 875, 876, 878, 879, 880, 881, 882, 883, 885, 887, 888, 889]
[0, 11, 22, 26, 45, 55, 73, 76, 77, 79, 87, 90, 97, 105, 111, 118, 119, 130, 142, 146, 147, 155, 161, 171, 176, 180, 186, 189, 194, 204, 220, 230, 231, 251, 259, 271, 277, 280, 287, 291, 297, 306, 316, 328, 332, 335, 339, 350, 369, 372, 374, 378, 383, 386, 391, 396, 406, 408, 410, 429, 441, 454, 488, 503, 504, 505, 507, 515, 521, 546, 547, 551, 560, 563, 567, 574, 575, 587, 589, 590, 601, 605, 607, 620, 630, 640, 645, 648, 651, 653, 657, 666, 667, 670, 672, 685, 688, 691, 700, 702, 703, 704, 706, 714, 721, 725, 736, 756, 764, 777, 801, 810, 811, 844, 856, 859, 875, 876, 882, 885, 887, 889]

