[74, 86, 88, 99, 136, 139, 193, 287, 301, 326, 331, 449, 494, 551, 562, 563, 624, 633, 669, 691, 693, 838, 847, 867]
[25, 32, 122, 187, 203, 220, 278, 315, 356, 405, 481, 587, 590, 611, 644, 697, 753, 788, 790, 804, 833, 836]

[74, 86, 88, 99, 136, 139, 193, 287, 301, 326, 331, 449, 494, 551, 562, 563, 624, 633, 669, 691, 693, 838, 847, 867]
[3, 12, 14, 25, 26, 32, 45, 52, 62, 66, 72, 96, 98, 103, 122, 127, 149, 158, 168, 186, 187, 203, 206, 207, 220, 222, 226, 228, 237, 265, 266, 273, 275, 278, 289, 313, 315, 347, 356, 369, 382, 385, 393, 397, 400, 405, 409, 417, 430, 437, 439, 440, 448, 456, 464, 466, 478, 479, 481, 490, 502, 503, 509, 524, 530, 531, 541, 553, 559, 564, 567, 584, 586, 587, 590, 594, 601, 611, 617, 622, 623, 627, 634, 643, 644, 648, 649, 656, 662, 664, 672, 683, 686, 697, 698, 715, 716, 732, 747, 753, 784, 786, 788, 789, 790, 804, 805, 811, 823, 829, 833, 836, 839, 840, 841, 848, 854, 855, 868, 876, 878, 882]

[10, 41, 67, 74, 86, 88, 99, 117, 136, 139, 151, 190, 193, 233, 246, 250, 272, 287, 301, 303, 312, 326, 331, 333, 449, 484, 494, 514, 551, 561, 562, 563, 614, 624, 633, 669, 686, 691, 693, 695, 703, 706, 786, 795, 838, 847, 861, 867, 880]
[3, 12, 14, 25, 26, 32, 45, 52, 62, 66, 72, 96, 98, 103, 122, 127, 149, 158, 168, 186, 187, 203, 206, 207, 220, 222, 226, 228, 237, 265, 266, 273, 275, 278, 289, 313, 315, 347, 356, 369, 382, 385, 393, 397, 400, 405, 409, 417, 430, 437, 439, 440, 448, 456, 464, 466, 478, 479, 481, 490, 502, 503, 509, 524, 530, 531, 541, 553, 559, 564, 567, 584, 586, 587, 590, 594, 601, 611, 617, 622, 623, 627, 634, 643, 644, 648, 649, 656, 662, 664, 672, 683, 686, 697, 698, 715, 716, 732, 747, 753, 784, 786, 788, 789, 790, 804, 805, 811, 823, 829, 833, 836, 839, 840, 841, 848, 854, 855, 868, 876, 878, 882]

[0, 9, 10, 12, 25, 41, 67, 74, 86, 88, 99, 116, 117, 136, 139, 151, 173, 190, 193, 233, 245, 246, 249, 250, 272, 281, 287, 301, 303, 312, 326, 331, 333, 365, 367, 370, 380, 439, 449, 484, 494, 509, 514, 551, 561, 562, 563, 571, 593, 614, 620, 623, 624, 633, 669, 676, 686, 691, 693, 695, 703, 706, 722, 746, 786, 795, 821, 838, 847, 849, 860, 861, 867, 880]
[3, 12, 14, 25, 26, 32, 45, 52, 62, 66, 72, 96, 98, 103, 122, 127, 149, 158, 168, 186, 187, 203, 206, 207, 220, 222, 226, 228, 237, 265, 266, 273, 275, 278, 289, 313, 315, 347, 356, 369, 382, 385, 393, 397, 400, 405, 409, 417, 430, 437, 439, 440, 448, 456, 464, 466, 478, 479, 481, 490, 502, 503, 509, 524, 530, 531, 541, 553, 559, 564, 567, 584, 586, 587, 590, 594, 601, 611, 617, 622, 623, 627, 634, 643, 644, 648, 649, 656, 662, 664, 672, 683, 686, 697, 698, 715, 716, 732, 747, 753, 784, 786, 788, 789, 790, 804, 805, 811, 823, 829, 833, 836, 839, 840, 841, 848, 854, 855, 868, 876, 878, 882]

[0, 7, 9, 10, 12, 25, 41, 67, 74, 83, 84, 86, 88, 92, 99, 116, 117, 136, 139, 151, 159, 173, 177, 178, 179, 190, 193, 233, 242, 245, 246, 249, 250, 272, 281, 287, 301, 303, 312, 314, 326, 331, 333, 365, 367, 370, 372, 380, 433, 439, 449, 466, 484, 494, 509, 514, 533, 551, 555, 561, 562, 563, 571, 593, 614, 620, 623, 624, 633, 664, 669, 676, 686, 691, 693, 695, 699, 703, 706, 722, 725, 746, 747, 759, 786, 795, 806, 819, 821, 822, 836, 838, 847, 849, 860, 861, 867, 868, 880]
[3, 12, 14, 25, 26, 32, 45, 52, 62, 66, 72, 96, 98, 103, 122, 127, 149, 158, 168, 186, 187, 203, 206, 207, 220, 222, 226, 228, 237, 265, 266, 273, 275, 278, 289, 313, 315, 347, 356, 369, 382, 385, 393, 397, 400, 405, 409, 417, 430, 437, 439, 440, 448, 456, 464, 466, 478, 479, 481, 490, 502, 503, 509, 524, 530, 531, 541, 553, 559, 564, 567, 584, 586, 587, 590, 594, 601, 611, 617, 622, 623, 627, 634, 643, 644, 648, 649, 656, 662, 664, 672, 683, 686, 697, 698, 715, 716, 732, 747, 753, 784, 786, 788, 789, 790, 804, 805, 811, 823, 829, 833, 836, 839, 840, 841, 848, 854, 855, 868, 876, 878, 882]

[0, 6, 7, 9, 10, 12, 25, 41, 67, 74, 83, 84, 86, 88, 92, 94, 99, 116, 117, 136, 139, 148, 151, 159, 166, 173, 177, 178, 179, 190, 193, 194, 216, 217, 233, 242, 245, 246, 249, 250, 272, 281, 287, 301, 303, 307, 308, 310, 312, 314, 326, 331, 332, 333, 342, 364, 365, 367, 370, 372, 380, 430, 433, 436, 439, 449, 455, 466, 484, 492, 494, 503, 509, 513, 514, 533, 542, 551, 555, 561, 562, 563, 571, 589, 590, 593, 595, 614, 620, 623, 624, 633, 641, 647, 664, 669, 676, 678, 686, 691, 693, 695, 699, 703, 706, 722, 725, 737, 746, 747, 759, 786, 795, 804, 806, 819, 821, 822, 832, 836, 838, 847, 849, 860, 861, 863, 867, 868, 880, 888]
[3, 12, 14, 25, 26, 32, 45, 52, 62, 66, 72, 96, 98, 103, 122, 127, 149, 158, 168, 186, 187, 203, 206, 207, 220, 222, 226, 228, 237, 265, 266, 273, 275, 278, 289, 313, 315, 347, 356, 369, 382, 385, 393, 397, 400, 405, 409, 417, 430, 437, 439, 440, 448, 456, 464, 466, 478, 479, 481, 490, 502, 503, 509, 524, 530, 531, 541, 553, 559, 564, 567, 584, 586, 587, 590, 594, 601, 611, 617, 622, 623, 627, 634, 643, 644, 648, 649, 656, 662, 664, 672, 683, 686, 697, 698, 715, 716, 732, 747, 753, 784, 786, 788, 789, 790, 804, 805, 811, 823, 829, 833, 836, 839, 840, 841, 848, 854, 855, 868, 876, 878, 882]

[0, 6, 7, 9, 10, 12, 25, 41, 54, 67, 68, 70, 74, 83, 84, 86, 88, 92, 94, 99, 116, 117, 136, 139, 148, 151, 159, 166, 171, 173, 177, 178, 179, 184, 190, 193, 194, 216, 217, 233, 242, 245, 246, 249, 250, 253, 254, 272, 279, 281, 287, 301, 303, 307, 308, 310, 312, 314, 326, 331, 332, 333, 342, 358, 364, 365, 367, 370, 372, 380, 416, 430, 433, 436, 439, 449, 455, 466, 474, 481, 484, 492, 494, 503, 509, 513, 514, 516, 533, 542, 551, 555, 561, 562, 563, 571, 580, 587, 588, 589, 590, 593, 595, 614, 620, 623, 624, 633, 641, 647, 664, 669, 676, 678, 681, 684, 686, 691, 693, 695, 698, 699, 703, 706, 707, 722, 725, 737, 746, 747, 754, 758, 759, 786, 795, 797, 804, 806, 812, 819, 821, 822, 832, 836, 838, 847, 849, 860, 861, 863, 867, 868, 880, 884, 888]
[3, 12, 14, 25, 26, 32, 45, 52, 62, 66, 72, 96, 98, 103, 122, 127, 149, 158, 168, 186, 187, 203, 206, 207, 220, 222, 226, 228, 237, 265, 266, 273, 275, 278, 289, 313, 315, 347, 356, 369, 382, 385, 393, 397, 400, 405, 409, 417, 430, 437, 439, 440, 448, 456, 464, 466, 478, 479, 481, 490, 502, 503, 509, 524, 530, 531, 541, 553, 559, 564, 567, 584, 586, 587, 590, 594, 601, 611, 617, 622, 623, 627, 634, 643, 644, 648, 649, 656, 662, 664, 672, 683, 686, 697, 698, 715, 716, 732, 747, 753, 784, 786, 788, 789, 790, 804, 805, 811, 823, 829, 833, 836, 839, 840, 841, 848, 854, 855, 868, 876, 878, 882]

[0, 6, 7, 9, 10, 12, 25, 39, 41, 54, 67, 68, 70, 74, 83, 84, 86, 88, 92, 94, 99, 116, 117, 133, 136, 139, 148, 150, 151, 159, 166, 171, 173, 177, 178, 179, 184, 185, 190, 193, 194, 208, 216, 217, 233, 242, 243, 245, 246, 249, 250, 251, 253, 254, 267, 272, 273, 279, 281, 287, 301, 303, 306, 307, 308, 310, 312, 314, 322, 326, 328, 331, 332, 333, 335, 342, 358, 364, 365, 367, 370, 372, 380, 416, 430, 433, 434, 436, 439, 445, 447, 449, 455, 466, 474, 481, 484, 485, 492, 494, 503, 509, 513, 514, 516, 533, 536, 542, 549, 551, 555, 561, 562, 563, 571, 580, 587, 588, 589, 590, 593, 595, 605, 614, 620, 623, 624, 633, 641, 647, 652, 664, 669, 676, 678, 681, 684, 686, 691, 693, 695, 698, 699, 701, 703, 706, 707, 715, 722, 725, 730, 737, 746, 747, 754, 758, 759, 786, 795, 797, 803, 804, 806, 809, 812, 819, 821, 822, 823, 832, 836, 838, 847, 849, 860, 861, 863, 867, 868, 875, 877, 880, 884, 888]
[3, 12, 14, 25, 26, 32, 45, 52, 62, 66, 72, 96, 98, 103, 122, 127, 149, 158, 168, 186, 187, 203, 206, 207, 220, 222, 226, 228, 237, 265, 266, 273, 275, 278, 289, 313, 315, 347, 356, 369, 382, 385, 393, 397, 400, 405, 409, 417, 430, 437, 439, 440, 448, 456, 464, 466, 478, 479, 481, 490, 502, 503, 509, 524, 530, 531, 541, 553, 559, 564, 567, 584, 586, 587, 590, 594, 601, 611, 617, 622, 623, 627, 634, 643, 644, 648, 649, 656, 662, 664, 672, 683, 686, 697, 698, 715, 716, 732, 747, 753, 784, 786, 788, 789, 790, 804, 805, 811, 823, 829, 833, 836, 839, 840, 841, 848, 854, 855, 868, 876, 878, 882]

[0, 6, 7, 9, 10, 12, 25, 39, 40, 41, 54, 59, 65, 67, 68, 70, 74, 83, 84, 86, 88, 92, 94, 99, 116, 117, 133, 136, 139, 148, 150, 151, 159, 166, 171, 173, 177, 178, 179, 184, 185, 190, 193, 194, 199, 203, 208, 216, 217, 233, 242, 243, 245, 246, 247, 249, 250, 251, 253, 254, 264, 267, 269, 272, 273, 277, 279, 281, 287, 301, 303, 306, 307, 308, 310, 312, 314, 322, 326, 328, 331, 332, 333, 335, 342, 358, 364, 365, 367, 370, 372, 380, 416, 430, 433, 434, 436, 439, 445, 447, 449, 455, 461, 466, 474, 481, 484, 485, 492, 494, 497, 503, 509, 511, 513, 514, 516, 517, 533, 534, 536, 538, 542, 549, 551, 555, 561, 562, 563, 571, 580, 587, 588, 589, 590, 593, 595, 603, 605, 614, 620, 623, 624, 633, 635, 641, 647, 652, 664, 669, 676, 678, 681, 684, 686, 691, 693, 695, 698, 699, 701, 703, 706, 707, 715, 716, 722, 725, 730, 737, 746, 747, 754, 758, 759, 760, 780, 781, 786, 791, 795, 797, 801, 803, 804, 806, 809, 812, 819, 821, 822, 823, 832, 834, 836, 838, 841, 847, 849, 860, 861, 863, 867, 868, 873, 875, 877, 880, 884, 888]
[3, 12, 14, 25, 26, 32, 45, 52, 62, 66, 72, 96, 98, 103, 122, 127, 149, 158, 168, 186, 187, 203, 206, 207, 220, 222, 226, 228, 237, 265, 266, 273, 275, 278, 289, 313, 315, 347, 356, 369, 382, 385, 393, 397, 400, 405, 409, 417, 430, 437, 439, 440, 448, 456, 464, 466, 478, 479, 481, 490, 502, 503, 509, 524, 530, 531, 541, 553, 559, 564, 567, 584, 586, 587, 590, 594, 601, 611, 617, 622, 623, 627, 634, 643, 644, 648, 649, 656, 662, 664, 672, 683, 686, 697, 698, 715, 716, 732, 747, 753, 784, 786, 788, 789, 790, 804, 805, 811, 823, 829, 833, 836, 839, 840, 841, 848, 854, 855, 868, 876, 878, 882]

[0, 6, 7, 9, 10, 12, 25, 36, 39, 40, 41, 50, 54, 59, 65, 67, 68, 70, 74, 83, 84, 86, 88, 92, 94, 99, 102, 116, 117, 133, 136, 139, 148, 150, 151, 152, 159, 166, 171, 173, 177, 178, 179, 184, 185, 186, 190, 191, 193, 194, 199, 203, 208, 216, 217, 233, 242, 243, 245, 246, 247, 249, 250, 251, 253, 254, 264, 267, 269, 272, 273, 277, 279, 281, 287, 301, 302, 303, 306, 307, 308, 310, 312, 314, 322, 326, 328, 331, 332, 333, 335, 342, 345, 350, 358, 364, 365, 367, 370, 372, 373, 380, 409, 416, 430, 433, 434, 436, 439, 445, 447, 449, 455, 461, 463, 466, 474, 481, 484, 485, 492, 494, 497, 498, 503, 507, 509, 511, 513, 514, 516, 517, 526, 533, 534, 536, 538, 542, 549, 551, 555, 561, 562, 563, 568, 571, 572, 580, 587, 588, 589, 590, 593, 595, 599, 603, 605, 614, 620, 623, 624, 633, 635, 641, 647, 652, 664, 669, 676, 678, 681, 684, 686, 691, 692, 693, 695, 698, 699, 701, 703, 706, 707, 715, 716, 722, 725, 730, 735, 737, 746, 747, 754, 758, 759, 760, 769, 780, 781, 786, 788, 789, 791, 795, 797, 801, 803, 804, 806, 809, 812, 819, 821, 822, 823, 832, 834, 836, 838, 841, 847, 849, 860, 861, 863, 867, 868, 873, 875, 876, 877, 880, 884, 885, 888]
[3, 12, 14, 25, 26, 32, 45, 52, 62, 66, 72, 96, 98, 103, 122, 127, 149, 158, 168, 186, 187, 203, 206, 207, 220, 222, 226, 228, 237, 265, 266, 273, 275, 278, 289, 313, 315, 347, 356, 369, 382, 385, 393, 397, 400, 405, 409, 417, 430, 437, 439, 440, 448, 456, 464, 466, 478, 479, 481, 490, 502, 503, 509, 524, 530, 531, 541, 553, 559, 564, 567, 584, 586, 587, 590, 594, 601, 611, 617, 622, 623, 627, 634, 643, 644, 648, 649, 656, 662, 664, 672, 683, 686, 697, 698, 715, 716, 732, 747, 753, 784, 786, 788, 789, 790, 804, 805, 811, 823, 829, 833, 836, 839, 840, 841, 848, 854, 855, 868, 876, 878, 882]

[0, 6, 7, 9, 10, 12, 21, 25, 36, 39, 40, 41, 46, 50, 54, 59, 65, 67, 68, 70, 74, 76, 83, 84, 86, 88, 92, 94, 99, 100, 102, 105, 113, 116, 117, 118, 133, 136, 139, 148, 150, 151, 152, 159, 162, 166, 171, 173, 177, 178, 179, 184, 185, 186, 190, 191, 193, 194, 199, 203, 208, 216, 217, 233, 238, 242, 243, 245, 246, 247, 249, 250, 251, 253, 254, 260, 264, 267, 269, 272, 273, 277, 279, 281, 282, 286, 287, 301, 302, 303, 306, 307, 308, 310, 312, 314, 322, 326, 328, 331, 332, 333, 335, 342, 345, 350, 358, 364, 365, 367, 369, 370, 372, 373, 380, 409, 416, 430, 433, 434, 436, 439, 445, 447, 449, 455, 461, 463, 466, 474, 481, 484, 485, 486, 492, 494, 497, 498, 503, 507, 509, 511, 513, 514, 516, 517, 526, 533, 534, 536, 538, 542, 549, 551, 555, 561, 562, 563, 568, 571, 572, 580, 581, 586, 587, 588, 589, 590, 593, 595, 599, 603, 605, 614, 620, 623, 624, 633, 635, 641, 647, 650, 652, 664, 669, 672, 676, 678, 681, 684, 686, 687, 691, 692, 693, 695, 698, 699, 701, 703, 706, 707, 715, 716, 717, 722, 725, 730, 735, 737, 738, 746, 747, 748, 754, 758, 759, 760, 769, 773, 780, 781, 786, 788, 789, 791, 795, 797, 800, 801, 803, 804, 806, 809, 812, 819, 821, 822, 823, 832, 834, 836, 838, 841, 842, 847, 849, 860, 861, 863, 867, 868, 873, 875, 876, 877, 880, 884, 885, 888]
[3, 12, 14, 25, 26, 32, 45, 52, 62, 66, 72, 96, 98, 103, 122, 127, 149, 158, 168, 186, 187, 203, 206, 207, 220, 222, 226, 228, 237, 265, 266, 273, 275, 278, 289, 313, 315, 347, 356, 369, 382, 385, 393, 397, 400, 405, 409, 417, 430, 437, 439, 440, 448, 456, 464, 466, 478, 479, 481, 490, 502, 503, 509, 524, 530, 531, 541, 553, 559, 564, 567, 584, 586, 587, 590, 594, 601, 611, 617, 622, 623, 627, 634, 643, 644, 648, 649, 656, 662, 664, 672, 683, 686, 697, 698, 715, 716, 732, 747, 753, 784, 786, 788, 789, 790, 804, 805, 811, 823, 829, 833, 836, 839, 840, 841, 848, 854, 855, 868, 876, 878, 882]

[0, 6, 7, 9, 10, 12, 21, 25, 36, 39, 40, 41, 46, 50, 54, 58, 59, 63, 65, 67, 68, 70, 71, 74, 76, 83, 84, 86, 88, 92, 94, 99, 100, 102, 105, 109, 112, 113, 116, 117, 118, 132, 133, 136, 139, 148, 150, 151, 152, 153, 159, 162, 166, 171, 173, 176, 177, 178, 179, 184, 185, 186, 190, 191, 193, 194, 195, 199, 203, 208, 216, 217, 232, 233, 238, 242, 243, 245, 246, 247, 249, 250, 251, 253, 254, 260, 263, 264, 267, 269, 271, 272, 273, 277, 279, 281, 282, 286, 287, 301, 302, 303, 306, 307, 308, 310, 312, 314, 315, 322, 326, 328, 331, 332, 333, 335, 342, 345, 350, 358, 364, 365, 366, 367, 369, 370, 372, 373, 380, 386, 409, 415, 416, 430, 433, 434, 436, 437, 439, 445, 447, 449, 455, 461, 463, 466, 467, 471, 474, 481, 484, 485, 486, 490, 492, 494, 497, 498, 503, 507, 509, 511, 513, 514, 516, 517, 526, 533, 534, 536, 538, 542, 549, 551, 555, 561, 562, 563, 568, 571, 572, 576, 580, 581, 586, 587, 588, 589, 590, 593, 595, 599, 603, 605, 611, 614, 618, 620, 623, 624, 633, 635, 641, 647, 650, 652, 655, 664, 669, 672, 676, 678, 681, 684, 686, 687, 691, 692, 693, 695, 698, 699, 701, 703, 706, 707, 715, 716, 717, 722, 725, 730, 735, 737, 738, 746, 747, 748, 754, 758, 759, 760, 766, 769, 773, 780, 781, 786, 788, 789, 791, 795, 797, 800, 801, 803, 804, 806, 809, 812, 819, 821, 822, 823, 832, 834, 836, 838, 841, 842, 847, 849, 860, 861, 863, 867, 868, 873, 875, 876, 877, 880, 884, 885, 888]
[3, 12, 14, 25, 26, 32, 45, 52, 62, 66, 72, 96, 98, 103, 122, 127, 149, 158, 168, 186, 187, 203, 206, 207, 220, 222, 226, 228, 237, 265, 266, 273, 275, 278, 289, 313, 315, 347, 356, 369, 382, 385, 393, 397, 400, 405, 409, 417, 430, 437, 439, 440, 448, 456, 464, 466, 478, 479, 481, 490, 502, 503, 509, 524, 530, 531, 541, 553, 559, 564, 567, 584, 586, 587, 590, 594, 601, 611, 617, 622, 623, 627, 634, 643, 644, 648, 649, 656, 662, 664, 672, 683, 686, 697, 698, 715, 716, 732, 747, 753, 784, 786, 788, 789, 790, 804, 805, 811, 823, 829, 833, 836, 839, 840, 841, 848, 854, 855, 868, 876, 878, 882]

[0, 6, 7, 9, 10, 12, 21, 22, 25, 36, 39, 40, 41, 46, 50, 54, 58, 59, 63, 65, 67, 68, 70, 71, 74, 76, 83, 84, 86, 88, 92, 94, 99, 100, 102, 105, 109, 112, 113, 116, 117, 118, 127, 128, 132, 133, 136, 139, 148, 150, 151, 152, 153, 159, 162, 166, 171, 173, 176, 177, 178, 179, 184, 185, 186, 190, 191, 193, 194, 195, 199, 203, 208, 216, 217, 229, 232, 233, 234, 238, 242, 243, 244, 245, 246, 247, 249, 250, 251, 253, 254, 260, 263, 264, 267, 269, 271, 272, 273, 276, 277, 279, 281, 282, 286, 287, 292, 301, 302, 303, 306, 307, 308, 310, 312, 313, 314, 315, 322, 326, 328, 331, 332, 333, 335, 342, 345, 346, 350, 358, 364, 365, 366, 367, 369, 370, 372, 373, 378, 380, 386, 409, 415, 416, 428, 430, 433, 434, 436, 437, 439, 445, 447, 449, 451, 454, 455, 461, 463, 466, 467, 468, 471, 474, 481, 484, 485, 486, 490, 492, 494, 497, 498, 503, 505, 507, 509, 511, 513, 514, 516, 517, 526, 533, 534, 536, 538, 542, 549, 551, 555, 561, 562, 563, 568, 571, 572, 576, 580, 581, 584, 586, 587, 588, 589, 590, 593, 595, 599, 603, 604, 605, 611, 614, 618, 620, 623, 624, 633, 635, 641, 647, 650, 652, 655, 664, 667, 669, 672, 676, 678, 681, 684, 686, 687, 691, 692, 693, 695, 696, 698, 699, 701, 703, 706, 707, 710, 715, 716, 717, 722, 725, 730, 735, 737, 738, 746, 747, 748, 754, 758, 759, 760, 766, 769, 773, 779, 780, 781, 784, 786, 788, 789, 791, 795, 797, 800, 801, 803, 804, 806, 809, 812, 819, 821, 822, 823, 832, 834, 835, 836, 838, 841, 842, 847, 849, 860, 861, 862, 863, 867, 868, 873, 875, 876, 877, 880, 884, 885, 888]
[3, 12, 14, 25, 26, 32, 45, 52, 62, 66, 72, 96, 98, 103, 122, 127, 149, 158, 168, 186, 187, 203, 206, 207, 220, 222, 226, 228, 237, 265, 266, 273, 275, 278, 289, 313, 315, 347, 356, 369, 382, 385, 393, 397, 400, 405, 409, 417, 430, 437, 439, 440, 448, 456, 464, 466, 478, 479, 481, 490, 502, 503, 509, 524, 530, 531, 541, 553, 559, 564, 567, 584, 586, 587, 590, 594, 601, 611, 617, 622, 623, 627, 634, 643, 644, 648, 649, 656, 662, 664, 672, 683, 686, 697, 698, 715, 716, 732, 747, 753, 784, 786, 788, 789, 790, 804, 805, 811, 823, 829, 833, 836, 839, 840, 841, 848, 854, 855, 868, 876, 878, 882]

[0, 6, 7, 8, 9, 10, 12, 21, 22, 25, 36, 37, 39, 40, 41, 46, 50, 54, 58, 59, 63, 65, 67, 68, 70, 71, 74, 76, 83, 84, 86, 88, 92, 94, 99, 100, 102, 105, 109, 112, 113, 116, 117, 118, 127, 128, 132, 133, 136, 137, 139, 142, 148, 150, 151, 152, 153, 159, 162, 166, 171, 173, 176, 177, 178, 179, 184, 185, 186, 190, 191, 192, 193, 194, 195, 198, 199, 203, 208, 216, 217, 229, 231, 232, 233, 234, 238, 242, 243, 244, 245, 246, 247, 249, 250, 251, 253, 254, 260, 263, 264, 267, 269, 271, 272, 273, 276, 277, 279, 281, 282, 286, 287, 289, 292, 301, 302, 303, 306, 307, 308, 310, 312, 313, 314, 315, 322, 325, 326, 328, 331, 332, 333, 335, 342, 345, 346, 350, 358, 364, 365, 366, 367, 369, 370, 372, 373, 378, 380, 386, 406, 409, 415, 416, 420, 425, 428, 430, 433, 434, 436, 437, 439, 445, 447, 449, 451, 454, 455, 461, 463, 466, 467, 468, 471, 474, 481, 484, 485, 486, 490, 492, 494, 495, 497, 498, 503, 505, 507, 508, 509, 511, 513, 514, 516, 517, 526, 527, 533, 534, 536, 538, 540, 542, 544, 549, 551, 555, 561, 562, 563, 568, 571, 572, 576, 580, 581, 584, 586, 587, 588, 589, 590, 593, 595, 599, 603, 604, 605, 611, 614, 618, 620, 623, 624, 633, 635, 641, 647, 650, 651, 652, 655, 664, 666, 667, 669, 671, 672, 676, 678, 679, 681, 682, 684, 686, 687, 691, 692, 693, 695, 696, 698, 699, 701, 703, 706, 707, 710, 715, 716, 717, 722, 725, 730, 735, 737, 738, 746, 747, 748, 753, 754, 758, 759, 760, 763, 766, 769, 773, 779, 780, 781, 784, 786, 787, 788, 789, 791, 795, 797, 800, 801, 803, 804, 806, 809, 812, 819, 821, 822, 823, 832, 834, 835, 836, 838, 841, 842, 847, 849, 860, 861, 862, 863, 867, 868, 873, 875, 876, 877, 880, 884, 885, 888]
[3, 12, 14, 25, 26, 32, 45, 52, 62, 66, 72, 96, 98, 103, 122, 127, 149, 158, 168, 186, 187, 203, 206, 207, 220, 222, 226, 228, 237, 265, 266, 273, 275, 278, 289, 313, 315, 347, 356, 369, 382, 385, 393, 397, 400, 405, 409, 417, 430, 437, 439, 440, 448, 456, 464, 466, 478, 479, 481, 490, 502, 503, 509, 524, 530, 531, 541, 553, 559, 564, 567, 584, 586, 587, 590, 594, 601, 611, 617, 622, 623, 627, 634, 643, 644, 648, 649, 656, 662, 664, 672, 683, 686, 697, 698, 715, 716, 732, 747, 753, 784, 786, 788, 789, 790, 804, 805, 811, 823, 829, 833, 836, 839, 840, 841, 848, 854, 855, 868, 876, 878, 882]

[0, 6, 7, 8, 9, 10, 11, 12, 17, 21, 22, 25, 26, 27, 36, 37, 39, 40, 41, 46, 50, 54, 56, 58, 59, 63, 65, 67, 68, 70, 71, 74, 76, 83, 84, 86, 88, 92, 94, 99, 100, 102, 105, 109, 112, 113, 116, 117, 118, 125, 126, 127, 128, 132, 133, 136, 137, 139, 142, 148, 150, 151, 152, 153, 159, 162, 166, 171, 173, 176, 177, 178, 179, 180, 183, 184, 185, 186, 188, 190, 191, 192, 193, 194, 195, 198, 199, 203, 208, 216, 217, 229, 231, 232, 233, 234, 238, 242, 243, 244, 245, 246, 247, 249, 250, 251, 253, 254, 256, 260, 263, 264, 267, 269, 271, 272, 273, 276, 277, 279, 281, 282, 286, 287, 289, 292, 301, 302, 303, 306, 307, 308, 310, 312, 313, 314, 315, 316, 322, 325, 326, 328, 330, 331, 332, 333, 335, 342, 345, 346, 350, 358, 364, 365, 366, 367, 369, 370, 372, 373, 378, 380, 386, 387, 394, 406, 408, 409, 415, 416, 420, 425, 428, 430, 433, 434, 436, 437, 439, 445, 447, 449, 451, 454, 455, 459, 461, 463, 466, 467, 468, 471, 474, 481, 482, 484, 485, 486, 490, 492, 494, 495, 497, 498, 503, 504, 505, 507, 508, 509, 511, 513, 514, 516, 517, 526, 527, 533, 534, 536, 538, 540, 542, 544, 549, 551, 555, 561, 562, 563, 568, 571, 572, 576, 578, 579, 580, 581, 584, 586, 587, 588, 589, 590, 593, 595, 599, 603, 604, 605, 611, 614, 618, 620, 623, 624, 625, 633, 635, 641, 647, 650, 651, 652, 655, 664, 666, 667, 669, 671, 672, 676, 678, 679, 681, 682, 684, 686, 687, 691, 692, 693, 695, 696, 698, 699, 701, 703, 706, 707, 710, 715, 716, 717, 722, 725, 730, 731, 735, 737, 738, 742, 746, 747, 748, 753, 754, 758, 759, 760, 763, 766, 769, 773, 779, 780, 781, 784, 786, 787, 788, 789, 791, 795, 797, 798, 800, 801, 803, 804, 806, 809, 812, 819, 821, 822, 823, 832, 834, 835, 836, 838, 841, 842, 847, 849, 860, 861, 862, 863, 867, 868, 873, 875, 876, 877, 880, 884, 885, 888]
[3, 12, 14, 25, 26, 32, 45, 52, 62, 66, 72, 96, 98, 103, 122, 127, 149, 158, 168, 186, 187, 203, 206, 207, 220, 222, 226, 228, 237, 265, 266, 273, 275, 278, 289, 313, 315, 347, 356, 369, 382, 385, 393, 397, 400, 405, 409, 417, 430, 437, 439, 440, 448, 456, 464, 466, 478, 479, 481, 490, 502, 503, 509, 524, 530, 531, 541, 553, 559, 564, 567, 584, 586, 587, 590, 594, 601, 611, 617, 622, 623, 627, 634, 643, 644, 648, 649, 656, 662, 664, 672, 683, 686, 697, 698, 715, 716, 732, 747, 753, 784, 786, 788, 789, 790, 804, 805, 811, 823, 829, 833, 836, 839, 840, 841, 848, 854, 855, 868, 876, 878, 882]

[0, 6, 7, 8, 9, 10, 11, 12, 17, 21, 22, 25, 26, 27, 36, 37, 39, 40, 41, 46, 50, 54, 56, 58, 59, 63, 65, 67, 68, 70, 71, 74, 76, 83, 84, 86, 88, 92, 94, 97, 99, 100, 102, 105, 109, 112, 113, 116, 117, 118, 125, 126, 127, 128, 132, 133, 136, 137, 139, 142, 148, 150, 151, 152, 153, 159, 162, 166, 171, 173, 176, 177, 178, 179, 180, 183, 184, 185, 186, 188, 190, 191, 192, 193, 194, 195, 198, 199, 201, 203, 204, 208, 209, 216, 217, 219, 227, 229, 231, 232, 233, 234, 238, 242, 243, 244, 245, 246, 247, 249, 250, 251, 253, 254, 256, 260, 263, 264, 267, 269, 270, 271, 272, 273, 276, 277, 279, 281, 282, 286, 287, 288, 289, 292, 295, 301, 302, 303, 306, 307, 308, 310, 312, 313, 314, 315, 316, 321, 322, 325, 326, 328, 330, 331, 332, 333, 335, 342, 345, 346, 350, 358, 362, 364, 365, 366, 367, 369, 370, 372, 373, 378, 380, 386, 387, 394, 398, 406, 408, 409, 415, 416, 420, 425, 428, 430, 433, 434, 436, 437, 439, 443, 445, 447, 449, 451, 454, 455, 459, 461, 463, 465, 466, 467, 468, 471, 474, 481, 482, 484, 485, 486, 487, 490, 492, 494, 495, 497, 498, 503, 504, 505, 507, 508, 509, 511, 513, 514, 516, 517, 526, 527, 533, 534, 536, 538, 540, 541, 542, 544, 549, 550, 551, 555, 561, 562, 563, 564, 568, 571, 572, 574, 576, 578, 579, 580, 581, 583, 584, 586, 587, 588, 589, 590, 593, 595, 599, 603, 604, 605, 611, 614, 618, 620, 623, 624, 625, 633, 635, 641, 647, 648, 650, 651, 652, 655, 664, 666, 667, 669, 671, 672, 676, 678, 679, 681, 682, 684, 686, 687, 691, 692, 693, 695, 696, 698, 699, 701, 703, 706, 707, 710, 715, 716, 717, 722, 725, 730, 731, 735, 737, 738, 742, 746, 747, 748, 753, 754, 758, 759, 760, 763, 766, 769, 770, 773, 779, 780, 781, 784, 786, 787, 788, 789, 791, 795, 797, 798, 800, 801, 803, 804, 806, 809, 812, 819, 821, 822, 823, 832, 834, 835, 836, 838, 841, 842, 847, 849, 860, 861, 862, 863, 866, 867, 868, 873, 875, 876, 877, 880, 883, 884, 885, 887, 888]
[3, 12, 14, 25, 26, 32, 45, 52, 62, 66, 72, 96, 98, 103, 122, 127, 149, 158, 168, 186, 187, 203, 206, 207, 220, 222, 226, 228, 237, 265, 266, 273, 275, 278, 289, 313, 315, 347, 356, 369, 382, 385, 393, 397, 400, 405, 409, 417, 430, 437, 439, 440, 448, 456, 464, 466, 478, 479, 481, 490, 502, 503, 509, 524, 530, 531, 541, 553, 559, 564, 567, 584, 586, 587, 590, 594, 601, 611, 617, 622, 623, 627, 634, 643, 644, 648, 649, 656, 662, 664, 672, 683, 686, 697, 698, 715, 716, 732, 747, 753, 784, 786, 788, 789, 790, 804, 805, 811, 823, 829, 833, 836, 839, 840, 841, 848, 854, 855, 868, 876, 878, 882]

[0, 4, 6, 7, 8, 9, 10, 11, 12, 17, 21, 22, 25, 26, 27, 36, 37, 39, 40, 41, 46, 47, 50, 54, 56, 58, 59, 63, 65, 67, 68, 70, 71, 74, 76, 83, 84, 86, 87, 88, 92, 93, 94, 96, 97, 99, 100, 102, 105, 109, 112, 113, 116, 117, 118, 125, 126, 127, 128, 132, 133, 136, 137, 139, 142, 148, 149, 150, 151, 152, 153, 159, 162, 166, 169, 171, 173, 176, 177, 178, 179, 180, 181, 183, 184, 185, 186, 188, 190, 191, 192, 193, 194, 195, 198, 199, 201, 203, 204, 208, 209, 216, 217, 219, 227, 229, 231, 232, 233, 234, 238, 242, 243, 244, 245, 246, 247, 249, 250, 251, 253, 254, 256, 260, 263, 264, 266, 267, 269, 270, 271, 272, 273, 276, 277, 279, 281, 282, 286, 287, 288, 289, 292, 295, 301, 302, 303, 306, 307, 308, 310, 312, 313, 314, 315, 316, 321, 322, 325, 326, 328, 330, 331, 332, 333, 335, 342, 345, 346, 350, 357, 358, 362, 364, 365, 366, 367, 369, 370, 372, 373, 378, 380, 381, 386, 387, 394, 398, 401, 406, 408, 409, 415, 416, 420, 425, 428, 430, 433, 434, 436, 437, 439, 443, 445, 447, 449, 451, 454, 455, 459, 461, 463, 465, 466, 467, 468, 471, 474, 480, 481, 482, 484, 485, 486, 487, 490, 491, 492, 494, 495, 497, 498, 503, 504, 505, 507, 508, 509, 511, 513, 514, 516, 517, 526, 527, 533, 534, 536, 538, 540, 541, 542, 544, 549, 550, 551, 555, 561, 562, 563, 564, 568, 571, 572, 574, 576, 578, 579, 580, 581, 583, 584, 585, 586, 587, 588, 589, 590, 593, 595, 599, 603, 604, 605, 611, 614, 618, 620, 622, 623, 624, 625, 633, 635, 641, 647, 648, 650, 651, 652, 654, 655, 658, 664, 666, 667, 668, 669, 670, 671, 672, 673, 676, 678, 679, 681, 682, 684, 686, 687, 691, 692, 693, 695, 696, 697, 698, 699, 701, 703, 706, 707, 710, 715, 716, 717, 722, 725, 730, 731, 735, 737, 738, 742, 746, 747, 748, 753, 754, 758, 759, 760, 763, 766, 769, 770, 773, 779, 780, 781, 783, 784, 786, 787, 788, 789, 791, 795, 797, 798, 800, 801, 803, 804, 806, 809, 812, 819, 821, 822, 823, 832, 834, 835, 836, 838, 841, 842, 847, 848, 849, 853, 860, 861, 862, 863, 866, 867, 868, 873, 875, 876, 877, 880, 883, 884, 885, 887, 888]
[3, 12, 14, 25, 26, 32, 45, 52, 62, 66, 72, 96, 98, 103, 122, 127, 149, 158, 168, 186, 187, 203, 206, 207, 220, 222, 226, 228, 237, 265, 266, 273, 275, 278, 289, 313, 315, 347, 356, 369, 382, 385, 393, 397, 400, 405, 409, 417, 430, 437, 439, 440, 448, 456, 464, 466, 478, 479, 481, 490, 502, 503, 509, 524, 530, 531, 541, 553, 559, 564, 567, 584, 586, 587, 590, 594, 601, 611, 617, 622, 623, 627, 634, 643, 644, 648, 649, 656, 662, 664, 672, 683, 686, 697, 698, 715, 716, 732, 747, 753, 784, 786, 788, 789, 790, 804, 805, 811, 823, 829, 833, 836, 839, 840, 841, 848, 854, 855, 868, 876, 878, 882]

[0, 4, 6, 7, 8, 9, 10, 11, 12, 17, 21, 22, 25, 26, 27, 36, 37, 39, 40, 41, 46, 47, 50, 54, 56, 58, 59, 63, 65, 67, 68, 70, 71, 74, 76, 81, 83, 84, 86, 87, 88, 92, 93, 94, 96, 97, 99, 100, 102, 105, 108, 109, 112, 113, 116, 117, 118, 121, 125, 126, 127, 128, 129, 132, 133, 136, 137, 139, 142, 148, 149, 150, 151, 152, 153, 159, 162, 166, 167, 169, 171, 172, 173, 174, 176, 177, 178, 179, 180, 181, 183, 184, 185, 186, 188, 190, 191, 192, 193, 194, 195, 198, 199, 201, 203, 204, 208, 209, 210, 213, 216, 217, 219, 227, 229, 231, 232, 233, 234, 238, 242, 243, 244, 245, 246, 247, 249, 250, 251, 253, 254, 256, 260, 263, 264, 266, 267, 269, 270, 271, 272, 273, 276, 277, 279, 281, 282, 286, 287, 288, 289, 292, 295, 301, 302, 303, 306, 307, 308, 310, 312, 313, 314, 315, 316, 321, 322, 325, 326, 328, 330, 331, 332, 333, 335, 342, 345, 346, 350, 357, 358, 362, 364, 365, 366, 367, 369, 370, 372, 373, 378, 380, 381, 386, 387, 394, 398, 401, 406, 408, 409, 415, 416, 420, 425, 428, 429, 430, 433, 434, 436, 437, 439, 443, 445, 446, 447, 449, 451, 453, 454, 455, 459, 461, 463, 465, 466, 467, 468, 471, 474, 480, 481, 482, 484, 485, 486, 487, 490, 491, 492, 494, 495, 497, 498, 500, 503, 504, 505, 507, 508, 509, 511, 513, 514, 516, 517, 526, 527, 533, 534, 536, 538, 540, 541, 542, 544, 549, 550, 551, 555, 561, 562, 563, 564, 568, 571, 572, 574, 576, 578, 579, 580, 581, 583, 584, 585, 586, 587, 588, 589, 590, 593, 595, 599, 603, 604, 605, 611, 614, 615, 617, 618, 620, 622, 623, 624, 625, 632, 633, 635, 641, 647, 648, 649, 650, 651, 652, 654, 655, 658, 664, 666, 667, 668, 669, 670, 671, 672, 673, 676, 678, 679, 681, 682, 684, 686, 687, 691, 692, 693, 695, 696, 697, 698, 699, 701, 703, 705, 706, 707, 710, 715, 716, 717, 722, 725, 726, 730, 731, 735, 737, 738, 742, 746, 747, 748, 753, 754, 757, 758, 759, 760, 763, 766, 769, 770, 773, 779, 780, 781, 782, 783, 784, 785, 786, 787, 788, 789, 791, 795, 797, 798, 800, 801, 803, 804, 806, 808, 809, 812, 819, 821, 822, 823, 825, 832, 834, 835, 836, 838, 841, 842, 847, 848, 849, 853, 860, 861, 862, 863, 866, 867, 868, 872, 873, 875, 876, 877, 880, 883, 884, 885, 887, 888]
[3, 12, 14, 25, 26, 32, 45, 52, 62, 66, 72, 96, 98, 103, 122, 127, 149, 158, 168, 186, 187, 203, 206, 207, 220, 222, 226, 228, 237, 265, 266, 273, 275, 278, 289, 313, 315, 347, 356, 369, 382, 385, 393, 397, 400, 405, 409, 417, 430, 437, 439, 440, 448, 456, 464, 466, 478, 479, 481, 490, 502, 503, 509, 524, 530, 531, 541, 553, 559, 564, 567, 584, 586, 587, 590, 594, 601, 611, 617, 622, 623, 627, 634, 643, 644, 648, 649, 656, 662, 664, 672, 683, 686, 697, 698, 715, 716, 732, 747, 753, 784, 786, 788, 789, 790, 804, 805, 811, 823, 829, 833, 836, 839, 840, 841, 848, 854, 855, 868, 876, 878, 882]

[0, 4, 6, 7, 8, 9, 10, 11, 12, 17, 21, 22, 24, 25, 26, 27, 36, 37, 39, 40, 41, 42, 46, 47, 50, 53, 54, 56, 57, 58, 59, 62, 63, 65, 67, 68, 70, 71, 74, 76, 81, 83, 84, 86, 87, 88, 92, 93, 94, 96, 97, 99, 100, 102, 105, 108, 109, 112, 113, 116, 117, 118, 121, 125, 126, 127, 128, 129, 132, 133, 136, 137, 139, 142, 148, 149, 150, 151, 152, 153, 159, 162, 166, 167, 169, 171, 172, 173, 174, 176, 177, 178, 179, 180, 181, 183, 184, 185, 186, 188, 190, 191, 192, 193, 194, 195, 198, 199, 201, 203, 204, 208, 209, 210, 213, 216, 217, 218, 219, 227, 229, 231, 232, 233, 234, 235, 238, 242, 243, 244, 245, 246, 247, 249, 250, 251, 253, 254, 256, 260, 263, 264, 266, 267, 269, 270, 271, 272, 273, 276, 277, 279, 281, 282, 286, 287, 288, 289, 292, 295, 301, 302, 303, 306, 307, 308, 310, 312, 313, 314, 315, 316, 321, 322, 325, 326, 328, 330, 331, 332, 333, 335, 337, 342, 345, 346, 350, 357, 358, 362, 364, 365, 366, 367, 368, 369, 370, 372, 373, 378, 380, 381, 386, 387, 391, 394, 398, 401, 406, 408, 409, 415, 416, 417, 420, 425, 428, 429, 430, 433, 434, 436, 437, 439, 442, 443, 445, 446, 447, 449, 451, 453, 454, 455, 458, 459, 461, 463, 465, 466, 467, 468, 471, 472, 474, 480, 481, 482, 484, 485, 486, 487, 490, 491, 492, 494, 495, 497, 498, 500, 503, 504, 505, 507, 508, 509, 511, 513, 514, 516, 517, 526, 527, 529, 533, 534, 536, 538, 540, 541, 542, 544, 549, 550, 551, 554, 555, 561, 562, 563, 564, 568, 571, 572, 574, 576, 578, 579, 580, 581, 583, 584, 585, 586, 587, 588, 589, 590, 593, 595, 599, 603, 604, 605, 611, 614, 615, 617, 618, 620, 622, 623, 624, 625, 629, 632, 633, 635, 636, 641, 647, 648, 649, 650, 651, 652, 654, 655, 658, 664, 666, 667, 668, 669, 670, 671, 672, 673, 676, 678, 679, 681, 682, 684, 686, 687, 691, 692, 693, 695, 696, 697, 698, 699, 701, 703, 705, 706, 707, 710, 715, 716, 717, 720, 722, 725, 726, 727, 730, 731, 735, 737, 738, 742, 745, 746, 747, 748, 753, 754, 757, 758, 759, 760, 763, 766, 768, 769, 770, 773, 779, 780, 781, 782, 783, 784, 785, 786, 787, 788, 789, 791, 793, 795, 797, 798, 800, 801, 803, 804, 806, 808, 809, 812, 816, 817, 819, 821, 822, 823, 825, 832, 834, 835, 836, 838, 841, 842, 847, 848, 849, 853, 860, 861, 862, 863, 866, 867, 868, 872, 873, 875, 876, 877, 880, 883, 884, 885, 887, 888]
[3, 12, 14, 25, 26, 32, 45, 52, 62, 66, 72, 96, 98, 103, 122, 127, 149, 158, 168, 186, 187, 203, 206, 207, 220, 222, 226, 228, 237, 265, 266, 273, 275, 278, 289, 313, 315, 347, 356, 369, 382, 385, 393, 397, 400, 405, 409, 417, 430, 437, 439, 440, 448, 456, 464, 466, 478, 479, 481, 490, 502, 503, 509, 524, 530, 531, 541, 553, 559, 564, 567, 584, 586, 587, 590, 594, 601, 611, 617, 622, 623, 627, 634, 643, 644, 648, 649, 656, 662, 664, 672, 683, 686, 697, 698, 715, 716, 732, 747, 753, 784, 786, 788, 789, 790, 804, 805, 811, 823, 829, 833, 836, 839, 840, 841, 848, 854, 855, 868, 876, 878, 882]

[0, 3, 4, 6, 7, 8, 9, 10, 11, 12, 17, 21, 22, 24, 25, 26, 27, 31, 36, 37, 39, 40, 41, 42, 46, 47, 50, 53, 54, 56, 57, 58, 59, 62, 63, 65, 67, 68, 70, 71, 74, 76, 81, 83, 84, 86, 87, 88, 92, 93, 94, 96, 97, 99, 100, 102, 105, 107, 108, 109, 112, 113, 114, 116, 117, 118, 121, 125, 126, 127, 128, 129, 132, 133, 136, 137, 139, 142, 148, 149, 150, 151, 152, 153, 159, 162, 166, 167, 169, 171, 172, 173, 174, 176, 177, 178, 179, 180, 181, 183, 184, 185, 186, 188, 190, 191, 192, 193, 194, 195, 198, 199, 201, 203, 204, 208, 209, 210, 213, 216, 217, 218, 219, 224, 227, 229, 231, 232, 233, 234, 235, 238, 241, 242, 243, 244, 245, 246, 247, 249, 250, 251, 253, 254, 256, 259, 260, 263, 264, 265, 266, 267, 269, 270, 271, 272, 273, 276, 277, 279, 281, 282, 286, 287, 288, 289, 292, 295, 301, 302, 303, 306, 307, 308, 310, 312, 313, 314, 315, 316, 318, 319, 321, 322, 325, 326, 328, 330, 331, 332, 333, 335, 337, 341, 342, 345, 346, 350, 357, 358, 362, 364, 365, 366, 367, 368, 369, 370, 372, 373, 378, 380, 381, 382, 386, 387, 391, 394, 398, 401, 404, 406, 408, 409, 412, 413, 415, 416, 417, 420, 425, 428, 429, 430, 433, 434, 436, 437, 439, 442, 443, 445, 446, 447, 449, 451, 453, 454, 455, 458, 459, 461, 462, 463, 465, 466, 467, 468, 471, 472, 473, 474, 480, 481, 482, 484, 485, 486, 487, 490, 491, 492, 494, 495, 497, 498, 500, 503, 504, 505, 507, 508, 509, 511, 513, 514, 516, 517, 526, 527, 529, 533, 534, 536, 538, 540, 541, 542, 544, 549, 550, 551, 552, 554, 555, 559, 561, 562, 563, 564, 567, 568, 571, 572, 574, 576, 578, 579, 580, 581, 583, 584, 585, 586, 587, 588, 589, 590, 593, 595, 599, 603, 604, 605, 611, 614, 615, 617, 618, 620, 622, 623, 624, 625, 626, 629, 632, 633, 635, 636, 641, 647, 648, 649, 650, 651, 652, 654, 655, 656, 658, 664, 666, 667, 668, 669, 670, 671, 672, 673, 676, 678, 679, 681, 682, 684, 686, 687, 691, 692, 693, 695, 696, 697, 698, 699, 701, 703, 705, 706, 707, 710, 715, 716, 717, 719, 720, 721, 722, 725, 726, 727, 730, 731, 735, 737, 738, 742, 745, 746, 747, 748, 753, 754, 757, 758, 759, 760, 763, 766, 768, 769, 770, 773, 779, 780, 781, 782, 783, 784, 785, 786, 787, 788, 789, 790, 791, 793, 795, 797, 798, 800, 801, 803, 804, 806, 808, 809, 812, 816, 817, 819, 821, 822, 823, 825, 832, 834, 835, 836, 838, 841, 842, 847, 848, 849, 853, 860, 861, 862, 863, 866, 867, 868, 872, 873, 875, 876, 877, 880, 883, 884, 885, 887, 888]
[3, 12, 14, 25, 26, 32, 45, 52, 62, 66, 72, 96, 98, 103, 122, 127, 149, 158, 168, 186, 187, 203, 206, 207, 220, 222, 226, 228, 237, 265, 266, 273, 275, 278, 289, 313, 315, 347, 356, 369, 382, 385, 393, 397, 400, 405, 409, 417, 430, 437, 439, 440, 448, 456, 464, 466, 478, 479, 481, 490, 502, 503, 509, 524, 530, 531, 541, 553, 559, 564, 567, 584, 586, 587, 590, 594, 601, 611, 617, 622, 623, 627, 634, 643, 644, 648, 649, 656, 662, 664, 672, 683, 686, 697, 698, 715, 716, 732, 747, 753, 784, 786, 788, 789, 790, 804, 805, 811, 823, 829, 833, 836, 839, 840, 841, 848, 854, 855, 868, 876, 878, 882]

[0, 3, 4, 6, 7, 8, 9, 10, 11, 12, 17, 21, 22, 24, 25, 26, 27, 31, 36, 37, 39, 40, 41, 42, 46, 47, 50, 53, 54, 56, 57, 58, 59, 61, 62, 63, 65, 67, 68, 70, 71, 74, 76, 81, 83, 84, 86, 87, 88, 89, 92, 93, 94, 96, 97, 99, 100, 102, 105, 107, 108, 109, 112, 113, 114, 116, 117, 118, 121, 123, 125, 126, 127, 128, 129, 131, 132, 133, 136, 137, 138, 139, 142, 148, 149, 150, 151, 152, 153, 159, 162, 166, 167, 169, 171, 172, 173, 174, 176, 177, 178, 179, 180, 181, 183, 184, 185, 186, 188, 190, 191, 192, 193, 194, 195, 198, 199, 201, 203, 204, 208, 209, 210, 213, 216, 217, 218, 219, 224, 227, 229, 231, 232, 233, 234, 235, 238, 241, 242, 243, 244, 245, 246, 247, 249, 250, 251, 253, 254, 256, 259, 260, 263, 264, 265, 266, 267, 268, 269, 270, 271, 272, 273, 275, 276, 277, 279, 281, 282, 286, 287, 288, 289, 290, 292, 295, 301, 302, 303, 306, 307, 308, 310, 312, 313, 314, 315, 316, 318, 319, 321, 322, 323, 325, 326, 328, 330, 331, 332, 333, 335, 337, 341, 342, 343, 345, 346, 350, 357, 358, 360, 361, 362, 364, 365, 366, 367, 368, 369, 370, 372, 373, 378, 380, 381, 382, 386, 387, 391, 394, 395, 398, 400, 401, 404, 406, 408, 409, 410, 412, 413, 415, 416, 417, 420, 425, 428, 429, 430, 433, 434, 436, 437, 439, 442, 443, 445, 446, 447, 449, 451, 453, 454, 455, 458, 459, 461, 462, 463, 465, 466, 467, 468, 471, 472, 473, 474, 480, 481, 482, 484, 485, 486, 487, 490, 491, 492, 493, 494, 495, 497, 498, 500, 503, 504, 505, 507, 508, 509, 511, 513, 514, 516, 517, 519, 526, 527, 529, 533, 534, 536, 538, 540, 541, 542, 544, 549, 550, 551, 552, 554, 555, 559, 561, 562, 563, 564, 567, 568, 571, 572, 574, 576, 578, 579, 580, 581, 583, 584, 585, 586, 587, 588, 589, 590, 593, 595, 599, 603, 604, 605, 611, 614, 615, 617, 618, 620, 622, 623, 624, 625, 626, 629, 632, 633, 635, 636, 641, 647, 648, 649, 650, 651, 652, 654, 655, 656, 658, 662, 664, 666, 667, 668, 669, 670, 671, 672, 673, 676, 678, 679, 681, 682, 684, 686, 687, 690, 691, 692, 693, 695, 696, 697, 698, 699, 701, 703, 705, 706, 707, 710, 715, 716, 717, 719, 720, 721, 722, 725, 726, 727, 730, 731, 735, 737, 738, 742, 745, 746, 747, 748, 753, 754, 757, 758, 759, 760, 763, 766, 768, 769, 770, 773, 779, 780, 781, 782, 783, 784, 785, 786, 787, 788, 789, 790, 791, 793, 795, 797, 798, 799, 800, 801, 803, 804, 806, 808, 809, 812, 815, 816, 817, 819, 820, 821, 822, 823, 825, 832, 833, 834, 835, 836, 838, 839, 841, 842, 847, 848, 849, 853, 860, 861, 862, 863, 866, 867, 868, 872, 873, 875, 876, 877, 880, 881, 883, 884, 885, 887, 888]
[3, 12, 14, 25, 26, 32, 45, 52, 62, 66, 72, 96, 98, 103, 122, 127, 149, 158, 168, 186, 187, 203, 206, 207, 220, 222, 226, 228, 237, 265, 266, 273, 275, 278, 289, 313, 315, 347, 356, 369, 382, 385, 393, 397, 400, 405, 409, 417, 430, 437, 439, 440, 448, 456, 464, 466, 478, 479, 481, 490, 502, 503, 509, 524, 530, 531, 541, 553, 559, 564, 567, 584, 586, 587, 590, 594, 601, 611, 617, 622, 623, 627, 634, 643, 644, 648, 649, 656, 662, 664, 672, 683, 686, 697, 698, 715, 716, 732, 747, 753, 784, 786, 788, 789, 790, 804, 805, 811, 823, 829, 833, 836, 839, 840, 841, 848, 854, 855, 868, 876, 878, 882]

[0, 3, 4, 6, 7, 8, 9, 10, 11, 12, 17, 21, 22, 24, 25, 26, 27, 31, 34, 36, 37, 39, 40, 41, 42, 46, 47, 49, 50, 53, 54, 56, 57, 58, 59, 61, 62, 63, 65, 66, 67, 68, 70, 71, 74, 76, 81, 83, 84, 86, 87, 88, 89, 90, 91, 92, 93, 94, 95, 96, 97, 99, 100, 102, 105, 107, 108, 109, 111, 112, 113, 114, 116, 117, 118, 121, 123, 125, 126, 127, 128, 129, 131, 132, 133, 136, 137, 138, 139, 142, 145, 148, 149, 150, 151, 152, 153, 154, 159, 161, 162, 166, 167, 169, 171, 172, 173, 174, 176, 177, 178, 179, 180, 181, 183, 184, 185, 186, 188, 190, 191, 192, 193, 194, 195, 198, 199, 201, 203, 204, 208, 209, 210, 213, 216, 217, 218, 219, 224, 227, 229, 231, 232, 233, 234, 235, 238, 241, 242, 243, 244, 245, 246, 247, 249, 250, 251, 253, 254, 256, 259, 260, 263, 264, 265, 266, 267, 268, 269, 270, 271, 272, 273, 275, 276, 277, 279, 281, 282, 286, 287, 288, 289, 290, 292, 295, 301, 302, 303, 306, 307, 308, 310, 312, 313, 314, 315, 316, 318, 319, 320, 321, 322, 323, 325, 326, 328, 330, 331, 332, 333, 335, 337, 341, 342, 343, 345, 346, 350, 352, 353, 357, 358, 360, 361, 362, 364, 365, 366, 367, 368, 369, 370, 372, 373, 378, 380, 381, 382, 386, 387, 391, 394, 395, 398, 400, 401, 404, 406, 408, 409, 410, 412, 413, 415, 416, 417, 420, 423, 425, 428, 429, 430, 433, 434, 436, 437, 439, 442, 443, 445, 446, 447, 449, 451, 453, 454, 455, 458, 459, 461, 462, 463, 465, 466, 467, 468, 471, 472, 473, 474, 480, 481, 482, 484, 485, 486, 487, 490, 491, 492, 493, 494, 495, 497, 498, 500, 503, 504, 505, 507, 508, 509, 511, 513, 514, 516, 517, 519, 526, 527, 529, 533, 534, 536, 538, 540, 541, 542, 544, 546, 549, 550, 551, 552, 554, 555, 559, 561, 562, 563, 564, 567, 568, 571, 572, 574, 576, 578, 579, 580, 581, 583, 584, 585, 586, 587, 588, 589, 590, 593, 595, 599, 603, 604, 605, 611, 614, 615, 617, 618, 620, 622, 623, 624, 625, 626, 629, 630, 632, 633, 635, 636, 641, 646, 647, 648, 649, 650, 651, 652, 654, 655, 656, 658, 662, 664, 665, 666, 667, 668, 669, 670, 671, 672, 673, 676, 678, 679, 681, 682, 683, 684, 686, 687, 690, 691, 692, 693, 695, 696, 697, 698, 699, 701, 703, 705, 706, 707, 710, 715, 716, 717, 719, 720, 721, 722, 724, 725, 726, 727, 730, 731, 735, 737, 738, 742, 745, 746, 747, 748, 753, 754, 757, 758, 759, 760, 763, 766, 767, 768, 769, 770, 773, 779, 780, 781, 782, 783, 784, 785, 786, 787, 788, 789, 790, 791, 793, 795, 797, 798, 799, 800, 801, 803, 804, 806, 808, 809, 812, 815, 816, 817, 819, 820, 821, 822, 823, 825, 832, 833, 834, 835, 836, 838, 839, 841, 842, 843, 845, 847, 848, 849, 853, 859, 860, 861, 862, 863, 865, 866, 867, 868, 872, 873, 875, 876, 877, 880, 881, 883, 884, 885, 887, 888]
[3, 12, 14, 25, 26, 32, 45, 52, 62, 66, 72, 96, 98, 103, 122, 127, 149, 158, 168, 186, 187, 203, 206, 207, 220, 222, 226, 228, 237, 265, 266, 273, 275, 278, 289, 313, 315, 347, 356, 369, 382, 385, 393, 397, 400, 405, 409, 417, 430, 437, 439, 440, 448, 456, 464, 466, 478, 479, 481, 490, 502, 503, 509, 524, 530, 531, 541, 553, 559, 564, 567, 584, 586, 587, 590, 594, 601, 611, 617, 622, 623, 627, 634, 643, 644, 648, 649, 656, 662, 664, 672, 683, 686, 697, 698, 715, 716, 732, 747, 753, 784, 786, 788, 789, 790, 804, 805, 811, 823, 829, 833, 836, 839, 840, 841, 848, 854, 855, 868, 876, 878, 882]

[0, 3, 4, 6, 7, 8, 9, 10, 11, 12, 14, 17, 19, 20, 21, 22, 24, 25, 26, 27, 31, 34, 36, 37, 39, 40, 41, 42, 46, 47, 49, 50, 52, 53, 54, 56, 57, 58, 59, 61, 62, 63, 65, 66, 67, 68, 70, 71, 74, 75, 76, 81, 82, 83, 84, 86, 87, 88, 89, 90, 91, 92, 93, 94, 95, 96, 97, 99, 100, 102, 105, 107, 108, 109, 111, 112, 113, 114, 116, 117, 118, 119, 121, 123, 125, 126, 127, 128, 129, 131, 132, 133, 136, 137, 138, 139, 142, 145, 148, 149, 150, 151, 152, 153, 154, 159, 160, 161, 162, 166, 167, 169, 171, 172, 173, 174, 176, 177, 178, 179, 180, 181, 183, 184, 185, 186, 188, 190, 191, 192, 193, 194, 195, 198, 199, 201, 203, 204, 208, 209, 210, 213, 214, 216, 217, 218, 219, 224, 227, 229, 231, 232, 233, 234, 235, 236, 237, 238, 241, 242, 243, 244, 245, 246, 247, 249, 250, 251, 253, 254, 256, 259, 260, 263, 264, 265, 266, 267, 268, 269, 270, 271, 272, 273, 274, 275, 276, 277, 279, 281, 282, 286, 287, 288, 289, 290, 292, 295, 301, 302, 303, 306, 307, 308, 310, 312, 313, 314, 315, 316, 318, 319, 320, 321, 322, 323, 325, 326, 328, 330, 331, 332, 333, 335, 337, 341, 342, 343, 345, 346, 350, 352, 353, 357, 358, 360, 361, 362, 364, 365, 366, 367, 368, 369, 370, 372, 373, 378, 380, 381, 382, 386, 387, 388, 391, 394, 395, 398, 400, 401, 404, 406, 408, 409, 410, 412, 413, 415, 416, 417, 420, 423, 425, 428, 429, 430, 433, 434, 436, 437, 439, 442, 443, 445, 446, 447, 449, 451, 452, 453, 454, 455, 456, 458, 459, 461, 462, 463, 465, 466, 467, 468, 471, 472, 473, 474, 480, 481, 482, 484, 485, 486, 487, 490, 491, 492, 493, 494, 495, 497, 498, 500, 503, 504, 505, 507, 508, 509, 511, 513, 514, 516, 517, 519, 526, 527, 529, 533, 534, 536, 538, 540, 541, 542, 544, 546, 549, 550, 551, 552, 554, 555, 559, 561, 562, 563, 564, 565, 566, 567, 568, 571, 572, 574, 576, 578, 579, 580, 581, 583, 584, 585, 586, 587, 588, 589, 590, 593, 595, 596, 599, 601, 603, 604, 605, 611, 614, 615, 616, 617, 618, 620, 622, 623, 624, 625, 626, 629, 630, 632, 633, 635, 636, 641, 646, 647, 648, 649, 650, 651, 652, 654, 655, 656, 658, 662, 664, 665, 666, 667, 668, 669, 670, 671, 672, 673, 676, 678, 679, 681, 682, 683, 684, 686, 687, 690, 691, 692, 693, 694, 695, 696, 697, 698, 699, 701, 703, 705, 706, 707, 710, 711, 715, 716, 717, 719, 720, 721, 722, 724, 725, 726, 727, 730, 731, 732, 735, 737, 738, 742, 745, 746, 747, 748, 750, 753, 754, 757, 758, 759, 760, 761, 763, 766, 767, 768, 769, 770, 773, 779, 780, 781, 782, 783, 784, 785, 786, 787, 788, 789, 790, 791, 793, 795, 797, 798, 799, 800, 801, 803, 804, 806, 808, 809, 812, 815, 816, 817, 819, 820, 821, 822, 823, 825, 832, 833, 834, 835, 836, 838, 839, 841, 842, 843, 845, 847, 848, 849, 853, 859, 860, 861, 862, 863, 865, 866, 867, 868, 872, 873, 875, 876, 877, 880, 881, 883, 884, 885, 887, 888]
[3, 12, 14, 25, 26, 32, 45, 52, 62, 66, 72, 96, 98, 103, 122, 127, 149, 158, 168, 186, 187, 203, 206, 207, 220, 222, 226, 228, 237, 265, 266, 273, 275, 278, 289, 313, 315, 347, 356, 369, 382, 385, 393, 397, 400, 405, 409, 417, 430, 437, 439, 440, 448, 456, 464, 466, 478, 479, 481, 490, 502, 503, 509, 524, 530, 531, 541, 553, 559, 564, 567, 584, 586, 587, 590, 594, 601, 611, 617, 622, 623, 627, 634, 643, 644, 648, 649, 656, 662, 664, 672, 683, 686, 697, 698, 715, 716, 732, 747, 753, 784, 786, 788, 789, 790, 804, 805, 811, 823, 829, 833, 836, 839, 840, 841, 848, 854, 855, 868, 876, 878, 882]

[0, 3, 4, 6, 7, 8, 9, 10, 11, 12, 14, 17, 19, 20, 21, 22, 24, 25, 26, 27, 31, 34, 36, 37, 39, 40, 41, 42, 46, 47, 49, 50, 51, 52, 53, 54, 56, 57, 58, 59, 61, 62, 63, 65, 66, 67, 68, 70, 71, 74, 75, 76, 81, 82, 83, 84, 86, 87, 88, 89, 90, 91, 92, 93, 94, 95, 96, 97, 99, 100, 102, 105, 107, 108, 109, 110, 111, 112, 113, 114, 116, 117, 118, 119, 121, 123, 125, 126, 127, 128, 129, 131, 132, 133, 136, 137, 138, 139, 142, 145, 148, 149, 150, 151, 152, 153, 154, 155, 159, 160, 161, 162, 166, 167, 169, 171, 172, 173, 174, 176, 177, 178, 179, 180, 181, 183, 184, 185, 186, 188, 190, 191, 192, 193, 194, 195, 198, 199, 201, 202, 203, 204, 208, 209, 210, 213, 214, 216, 217, 218, 219, 224, 227, 229, 231, 232, 233, 234, 235, 236, 237, 238, 241, 242, 243, 244, 245, 246, 247, 249, 250, 251, 252, 253, 254, 256, 259, 260, 261, 263, 264, 265, 266, 267, 268, 269, 270, 271, 272, 273, 274, 275, 276, 277, 279, 281, 282, 286, 287, 288, 289, 290, 291, 292, 295, 301, 302, 303, 304, 306, 307, 308, 310, 312, 313, 314, 315, 316, 317, 318, 319, 320, 321, 322, 323, 325, 326, 328, 330, 331, 332, 333, 335, 337, 338, 340, 341, 342, 343, 345, 346, 350, 352, 353, 357, 358, 360, 361, 362, 364, 365, 366, 367, 368, 369, 370, 372, 373, 378, 380, 381, 382, 386, 387, 388, 391, 394, 395, 398, 400, 401, 404, 406, 408, 409, 410, 412, 413, 414, 415, 416, 417, 420, 423, 425, 428, 429, 430, 433, 434, 436, 437, 439, 440, 442, 443, 445, 446, 447, 449, 451, 452, 453, 454, 455, 456, 458, 459, 461, 462, 463, 465, 466, 467, 468, 471, 472, 473, 474, 480, 481, 482, 484, 485, 486, 487, 490, 491, 492, 493, 494, 495, 497, 498, 500, 503, 504, 505, 506, 507, 508, 509, 511, 513, 514, 516, 517, 519, 526, 527, 529, 530, 533, 534, 536, 538, 540, 541, 542, 544, 546, 547, 549, 550, 551, 552, 554, 555, 557, 559, 561, 562, 563, 564, 565, 566, 567, 568, 571, 572, 574, 576, 578, 579, 580, 581, 583, 584, 585, 586, 587, 588, 589, 590, 592, 593, 595, 596, 599, 601, 603, 604, 605, 606, 611, 614, 615, 616, 617, 618, 620, 622, 623, 624, 625, 626, 629, 630, 632, 633, 635, 636, 641, 646, 647, 648, 649, 650, 651, 652, 654, 655, 656, 658, 662, 664, 665, 666, 667, 668, 669, 670, 671, 672, 673, 676, 677, 678, 679, 681, 682, 683, 684, 686, 687, 690, 691, 692, 693, 694, 695, 696, 697, 698, 699, 701, 703, 705, 706, 707, 710, 711, 715, 716, 717, 719, 720, 721, 722, 724, 725, 726, 727, 730, 731, 732, 734, 735, 737, 738, 742, 745, 746, 747, 748, 750, 753, 754, 757, 758, 759, 760, 761, 763, 766, 767, 768, 769, 770, 773, 777, 779, 780, 781, 782, 783, 784, 785, 786, 787, 788, 789, 790, 791, 793, 795, 797, 798, 799, 800, 801, 803, 804, 806, 808, 809, 812, 815, 816, 817, 819, 820, 821, 822, 823, 825, 832, 833, 834, 835, 836, 838, 839, 840, 841, 842, 843, 845, 847, 848, 849, 852, 853, 858, 859, 860, 861, 862, 863, 865, 866, 867, 868, 872, 873, 875, 876, 877, 880, 881, 883, 884, 885, 887, 888]
[3, 12, 14, 25, 26, 32, 45, 52, 62, 66, 72, 96, 98, 103, 122, 127, 149, 158, 168, 186, 187, 203, 206, 207, 220, 222, 226, 228, 237, 265, 266, 273, 275, 278, 289, 313, 315, 347, 356, 369, 382, 385, 393, 397, 400, 405, 409, 417, 430, 437, 439, 440, 448, 456, 464, 466, 478, 479, 481, 490, 502, 503, 509, 524, 530, 531, 541, 553, 559, 564, 567, 584, 586, 587, 590, 594, 601, 611, 617, 622, 623, 627, 634, 643, 644, 648, 649, 656, 662, 664, 672, 683, 686, 697, 698, 715, 716, 732, 747, 753, 784, 786, 788, 789, 790, 804, 805, 811, 823, 829, 833, 836, 839, 840, 841, 848, 854, 855, 868, 876, 878, 882]

[0, 3, 4, 6, 7, 8, 9, 10, 11, 12, 14, 17, 19, 20, 21, 22, 24, 25, 26, 27, 31, 34, 36, 37, 39, 40, 41, 42, 46, 47, 49, 50, 51, 52, 53, 54, 56, 57, 58, 59, 61, 62, 63, 65, 66, 67, 68, 70, 71, 74, 75, 76, 78, 81, 82, 83, 84, 86, 87, 88, 89, 90, 91, 92, 93, 94, 95, 96, 97, 99, 100, 102, 105, 107, 108, 109, 110, 111, 112, 113, 114, 116, 117, 118, 119, 121, 123, 125, 126, 127, 128, 129, 130, 131, 132, 133, 136, 137, 138, 139, 142, 145, 148, 149, 150, 151, 152, 153, 154, 155, 158, 159, 160, 161, 162, 166, 167, 169, 170, 171, 172, 173, 174, 176, 177, 178, 179, 180, 181, 183, 184, 185, 186, 187, 188, 190, 191, 192, 193, 194, 195, 198, 199, 201, 202, 203, 204, 208, 209, 210, 213, 214, 216, 217, 218, 219, 224, 227, 228, 229, 231, 232, 233, 234, 235, 236, 237, 238, 241, 242, 243, 244, 245, 246, 247, 249, 250, 251, 252, 253, 254, 256, 259, 260, 261, 263, 264, 265, 266, 267, 268, 269, 270, 271, 272, 273, 274, 275, 276, 277, 279, 280, 281, 282, 286, 287, 288, 289, 290, 291, 292, 294, 295, 301, 302, 303, 304, 306, 307, 308, 310, 312, 313, 314, 315, 316, 317, 318, 319, 320, 321, 322, 323, 325, 326, 328, 330, 331, 332, 333, 335, 337, 338, 340, 341, 342, 343, 345, 346, 350, 352, 353, 357, 358, 360, 361, 362, 364, 365, 366, 367, 368, 369, 370, 372, 373, 378, 380, 381, 382, 386, 387, 388, 389, 391, 394, 395, 398, 400, 401, 404, 406, 408, 409, 410, 412, 413, 414, 415, 416, 417, 420, 423, 425, 428, 429, 430, 433, 434, 436, 437, 438, 439, 440, 442, 443, 445, 446, 447, 449, 451, 452, 453, 454, 455, 456, 458, 459, 461, 462, 463, 465, 466, 467, 468, 470, 471, 472, 473, 474, 479, 480, 481, 482, 484, 485, 486, 487, 490, 491, 492, 493, 494, 495, 497, 498, 500, 503, 504, 505, 506, 507, 508, 509, 511, 513, 514, 516, 517, 519, 522, 526, 527, 528, 529, 530, 533, 534, 535, 536, 538, 540, 541, 542, 544, 546, 547, 549, 550, 551, 552, 554, 555, 557, 559, 561, 562, 563, 564, 565, 566, 567, 568, 571, 572, 574, 576, 578, 579, 580, 581, 583, 584, 585, 586, 587, 588, 589, 590, 592, 593, 595, 596, 599, 601, 603, 604, 605, 606, 611, 614, 615, 616, 617, 618, 620, 622, 623, 624, 625, 626, 629, 630, 632, 633, 635, 636, 641, 642, 646, 647, 648, 649, 650, 651, 652, 654, 655, 656, 658, 659, 662, 664, 665, 666, 667, 668, 669, 670, 671, 672, 673, 674, 676, 677, 678, 679, 681, 682, 683, 684, 685, 686, 687, 690, 691, 692, 693, 694, 695, 696, 697, 698, 699, 701, 703, 705, 706, 707, 710, 711, 713, 715, 716, 717, 719, 720, 721, 722, 724, 725, 726, 727, 730, 731, 732, 734, 735, 737, 738, 742, 745, 746, 747, 748, 750, 753, 754, 757, 758, 759, 760, 761, 763, 766, 767, 768, 769, 770, 773, 777, 779, 780, 781, 782, 783, 784, 785, 786, 787, 788, 789, 790, 791, 793, 794, 795, 797, 798, 799, 800, 801, 803, 804, 806, 807, 808, 809, 812, 815, 816, 817, 819, 820, 821, 822, 823, 825, 832, 833, 834, 835, 836, 838, 839, 840, 841, 842, 843, 845, 847, 848, 849, 852, 853, 858, 859, 860, 861, 862, 863, 864, 865, 866, 867, 868, 870, 872, 873, 875, 876, 877, 880, 881, 883, 884, 885, 886, 887, 888]
[3, 12, 14, 25, 26, 32, 45, 52, 62, 66, 72, 96, 98, 103, 122, 127, 149, 158, 168, 186, 187, 203, 206, 207, 220, 222, 226, 228, 237, 265, 266, 273, 275, 278, 289, 313, 315, 347, 356, 369, 382, 385, 393, 397, 400, 405, 409, 417, 430, 437, 439, 440, 448, 456, 464, 466, 478, 479, 481, 490, 502, 503, 509, 524, 530, 531, 541, 553, 559, 564, 567, 584, 586, 587, 590, 594, 601, 611, 617, 622, 623, 627, 634, 643, 644, 648, 649, 656, 662, 664, 672, 683, 686, 697, 698, 715, 716, 732, 747, 753, 784, 786, 788, 789, 790, 804, 805, 811, 823, 829, 833, 836, 839, 840, 841, 848, 854, 855, 868, 876, 878, 882]

[0, 3, 4, 6, 7, 8, 9, 10, 11, 12, 14, 17, 19, 20, 21, 22, 24, 25, 26, 27, 30, 31, 34, 36, 37, 39, 40, 41, 42, 46, 47, 49, 50, 51, 52, 53, 54, 56, 57, 58, 59, 61, 62, 63, 65, 66, 67, 68, 70, 71, 73, 74, 75, 76, 78, 81, 82, 83, 84, 86, 87, 88, 89, 90, 91, 92, 93, 94, 95, 96, 97, 99, 100, 102, 103, 105, 107, 108, 109, 110, 111, 112, 113, 114, 116, 117, 118, 119, 121, 123, 125, 126, 127, 128, 129, 130, 131, 132, 133, 136, 137, 138, 139, 142, 144, 145, 148, 149, 150, 151, 152, 153, 154, 155, 158, 159, 160, 161, 162, 166, 167, 169, 170, 171, 172, 173, 174, 176, 177, 178, 179, 180, 181, 183, 184, 185, 186, 187, 188, 190, 191, 192, 193, 194, 195, 198, 199, 201, 202, 203, 204, 208, 209, 210, 213, 214, 216, 217, 218, 219, 224, 227, 228, 229, 231, 232, 233, 234, 235, 236, 237, 238, 240, 241, 242, 243, 244, 245, 246, 247, 249, 250, 251, 252, 253, 254, 256, 259, 260, 261, 263, 264, 265, 266, 267, 268, 269, 270, 271, 272, 273, 274, 275, 276, 277, 279, 280, 281, 282, 286, 287, 288, 289, 290, 291, 292, 294, 295, 298, 301, 302, 303, 304, 306, 307, 308, 310, 312, 313, 314, 315, 316, 317, 318, 319, 320, 321, 322, 323, 325, 326, 328, 330, 331, 332, 333, 335, 337, 338, 340, 341, 342, 343, 345, 346, 350, 351, 352, 353, 354, 357, 358, 360, 361, 362, 364, 365, 366, 367, 368, 369, 370, 372, 373, 378, 380, 381, 382, 383, 386, 387, 388, 389, 390, 391, 394, 395, 398, 400, 401, 403, 404, 406, 408, 409, 410, 412, 413, 414, 415, 416, 417, 418, 420, 423, 425, 428, 429, 430, 433, 434, 436, 437, 438, 439, 440, 442, 443, 445, 446, 447, 449, 450, 451, 452, 453, 454, 455, 456, 458, 459, 461, 462, 463, 465, 466, 467, 468, 469, 470, 471, 472, 473, 474, 479, 480, 481, 482, 484, 485, 486, 487, 490, 491, 492, 493, 494, 495, 496, 497, 498, 500, 503, 504, 505, 506, 507, 508, 509, 510, 511, 512, 513, 514, 516, 517, 519, 522, 526, 527, 528, 529, 530, 531, 533, 534, 535, 536, 538, 540, 541, 542, 544, 546, 547, 549, 550, 551, 552, 554, 555, 557, 559, 561, 562, 563, 564, 565, 566, 567, 568, 571, 572, 574, 576, 578, 579, 580, 581, 583, 584, 585, 586, 587, 588, 589, 590, 592, 593, 595, 596, 599, 601, 603, 604, 605, 606, 611, 614, 615, 616, 617, 618, 620, 622, 623, 624, 625, 626, 627, 629, 630, 632, 633, 635, 636, 638, 641, 642, 646, 647, 648, 649, 650, 651, 652, 653, 654, 655, 656, 658, 659, 661, 662, 664, 665, 666, 667, 668, 669, 670, 671, 672, 673, 674, 676, 677, 678, 679, 681, 682, 683, 684, 685, 686, 687, 689, 690, 691, 692, 693, 694, 695, 696, 697, 698, 699, 701, 703, 705, 706, 707, 710, 711, 713, 715, 716, 717, 719, 720, 721, 722, 724, 725, 726, 727, 730, 731, 732, 734, 735, 737, 738, 742, 745, 746, 747, 748, 750, 753, 754, 757, 758, 759, 760, 761, 763, 766, 767, 768, 769, 770, 773, 777, 779, 780, 781, 782, 783, 784, 785, 786, 787, 788, 789, 790, 791, 793, 794, 795, 797, 798, 799, 800, 801, 803, 804, 806, 807, 808, 809, 812, 815, 816, 817, 819, 820, 821, 822, 823, 825, 828, 832, 833, 834, 835, 836, 837, 838, 839, 840, 841, 842, 843, 845, 847, 848, 849, 852, 853, 858, 859, 860, 861, 862, 863, 864, 865, 866, 867, 868, 870, 872, 873, 875, 876, 877, 880, 881, 883, 884, 885, 886, 887, 888]
[3, 12, 14, 25, 26, 32, 45, 52, 62, 66, 72, 96, 98, 103, 122, 127, 149, 158, 168, 186, 187, 203, 206, 207, 220, 222, 226, 228, 237, 265, 266, 273, 275, 278, 289, 313, 315, 347, 356, 369, 382, 385, 393, 397, 400, 405, 409, 417, 430, 437, 439, 440, 448, 456, 464, 466, 478, 479, 481, 490, 502, 503, 509, 524, 530, 531, 541, 553, 559, 564, 567, 584, 586, 587, 590, 594, 601, 611, 617, 622, 623, 627, 634, 643, 644, 648, 649, 656, 662, 664, 672, 683, 686, 697, 698, 715, 716, 732, 747, 753, 784, 786, 788, 789, 790, 804, 805, 811, 823, 829, 833, 836, 839, 840, 841, 848, 854, 855, 868, 876, 878, 882]

[0, 3, 4, 6, 7, 8, 9, 10, 11, 12, 14, 17, 19, 20, 21, 22, 24, 25, 26, 27, 30, 31, 33, 34, 36, 37, 39, 40, 41, 42, 43, 46, 47, 49, 50, 51, 52, 53, 54, 56, 57, 58, 59, 61, 62, 63, 65, 66, 67, 68, 70, 71, 73, 74, 75, 76, 78, 81, 82, 83, 84, 86, 87, 88, 89, 90, 91, 92, 93, 94, 95, 96, 97, 98, 99, 100, 102, 103, 105, 106, 107, 108, 109, 110, 111, 112, 113, 114, 116, 117, 118, 119, 120, 121, 123, 125, 126, 127, 128, 129, 130, 131, 132, 133, 136, 137, 138, 139, 142, 144, 145, 148, 149, 150, 151, 152, 153, 154, 155, 158, 159, 160, 161, 162, 166, 167, 169, 170, 171, 172, 173, 174, 176, 177, 178, 179, 180, 181, 183, 184, 185, 186, 187, 188, 190, 191, 192, 193, 194, 195, 198, 199, 201, 202, 203, 204, 208, 209, 210, 213, 214, 216, 217, 218, 219, 224, 227, 228, 229, 230, 231, 232, 233, 234, 235, 236, 237, 238, 240, 241, 242, 243, 244, 245, 246, 247, 249, 250, 251, 252, 253, 254, 256, 259, 260, 261, 263, 264, 265, 266, 267, 268, 269, 270, 271, 272, 273, 274, 275, 276, 277, 279, 280, 281, 282, 286, 287, 288, 289, 290, 291, 292, 294, 295, 296, 298, 301, 302, 303, 304, 306, 307, 308, 310, 312, 313, 314, 315, 316, 317, 318, 319, 320, 321, 322, 323, 325, 326, 328, 330, 331, 332, 333, 335, 336, 337, 338, 340, 341, 342, 343, 345, 346, 350, 351, 352, 353, 354, 357, 358, 360, 361, 362, 363, 364, 365, 366, 367, 368, 369, 370, 372, 373, 378, 380, 381, 382, 383, 385, 386, 387, 388, 389, 390, 391, 394, 395, 397, 398, 400, 401, 403, 404, 406, 408, 409, 410, 412, 413, 414, 415, 416, 417, 418, 420, 423, 425, 428, 429, 430, 431, 433, 434, 435, 436, 437, 438, 439, 440, 442, 443, 445, 446, 447, 448, 449, 450, 451, 452, 453, 454, 455, 456, 458, 459, 461, 462, 463, 465, 466, 467, 468, 469, 470, 471, 472, 473, 474, 479, 480, 481, 482, 484, 485, 486, 487, 489, 490, 491, 492, 493, 494, 495, 496, 497, 498, 499, 500, 501, 503, 504, 505, 506, 507, 508, 509, 510, 511, 512, 513, 514, 516, 517, 519, 520, 522, 526, 527, 528, 529, 530, 531, 533, 534, 535, 536, 538, 540, 541, 542, 543, 544, 546, 547, 549, 550, 551, 552, 554, 555, 557, 559, 561, 562, 563, 564, 565, 566, 567, 568, 571, 572, 574, 576, 578, 579, 580, 581, 583, 584, 585, 586, 587, 588, 589, 590, 592, 593, 595, 596, 599, 601, 603, 604, 605, 606, 611, 613, 614, 615, 616, 617, 618, 620, 622, 623, 624, 625, 626, 627, 629, 630, 632, 633, 635, 636, 638, 641, 642, 646, 647, 648, 649, 650, 651, 652, 653, 654, 655, 656, 657, 658, 659, 661, 662, 664, 665, 666, 667, 668, 669, 670, 671, 672, 673, 674, 676, 677, 678, 679, 681, 682, 683, 684, 685, 686, 687, 689, 690, 691, 692, 693, 694, 695, 696, 697, 698, 699, 701, 703, 705, 706, 707, 709, 710, 711, 713, 715, 716, 717, 719, 720, 721, 722, 724, 725, 726, 727, 730, 731, 732, 734, 735, 737, 738, 742, 745, 746, 747, 748, 750, 753, 754, 755, 757, 758, 759, 760, 761, 763, 766, 767, 768, 769, 770, 773, 777, 779, 780, 781, 782, 783, 784, 785, 786, 787, 788, 789, 790, 791, 793, 794, 795, 796, 797, 798, 799, 800, 801, 803, 804, 806, 807, 808, 809, 812, 815, 816, 817, 819, 820, 821, 822, 823, 825, 828, 832, 833, 834, 835, 836, 837, 838, 839, 840, 841, 842, 843, 845, 847, 848, 849, 852, 853, 858, 859, 860, 861, 862, 863, 864, 865, 866, 867, 868, 870, 871, 872, 873, 875, 876, 877, 880, 881, 883, 884, 885, 886, 887, 888]
[3, 12, 14, 25, 26, 32, 45, 52, 62, 66, 72, 96, 98, 103, 122, 127, 149, 158, 168, 186, 187, 203, 206, 207, 220, 222, 226, 228, 237, 265, 266, 273, 275, 278, 289, 313, 315, 347, 356, 369, 382, 385, 393, 397, 400, 405, 409, 417, 430, 437, 439, 440, 448, 456, 464, 466, 478, 479, 481, 490, 502, 503, 509, 524, 530, 531, 541, 553, 559, 564, 567, 584, 586, 587, 590, 594, 601, 611, 617, 622, 623, 627, 634, 643, 644, 648, 649, 656, 662, 664, 672, 683, 686, 697, 698, 715, 716, 732, 747, 753, 784, 786, 788, 789, 790, 804, 805, 811, 823, 829, 833, 836, 839, 840, 841, 848, 854, 855, 868, 876, 878, 882]

[0, 1, 3, 4, 6, 7, 8, 9, 10, 11, 12, 14, 17, 19, 20, 21, 22, 24, 25, 26, 27, 30, 31, 33, 34, 36, 37, 39, 40, 41, 42, 43, 46, 47, 49, 50, 51, 52, 53, 54, 55, 56, 57, 58, 59, 61, 62, 63, 65, 66, 67, 68, 70, 71, 73, 74, 75, 76, 78, 81, 82, 83, 84, 86, 87, 88, 89, 90, 91, 92, 93, 94, 95, 96, 97, 98, 99, 100, 102, 103, 105, 106, 107, 108, 109, 110, 111, 112, 113, 114, 116, 117, 118, 119, 120, 121, 123, 125, 126, 127, 128, 129, 130, 131, 132, 133, 136, 137, 138, 139, 140, 142, 144, 145, 148, 149, 150, 151, 152, 153, 154, 155, 158, 159, 160, 161, 162, 164, 165, 166, 167, 169, 170, 171, 172, 173, 174, 176, 177, 178, 179, 180, 181, 183, 184, 185, 186, 187, 188, 190, 191, 192, 193, 194, 195, 198, 199, 201, 202, 203, 204, 208, 209, 210, 213, 214, 215, 216, 217, 218, 219, 224, 227, 228, 229, 230, 231, 232, 233, 234, 235, 236, 237, 238, 240, 241, 242, 243, 244, 245, 246, 247, 249, 250, 251, 252, 253, 254, 256, 259, 260, 261, 263, 264, 265, 266, 267, 268, 269, 270, 271, 272, 273, 274, 275, 276, 277, 279, 280, 281, 282, 286, 287, 288, 289, 290, 291, 292, 293, 294, 295, 296, 298, 301, 302, 303, 304, 306, 307, 308, 310, 312, 313, 314, 315, 316, 317, 318, 319, 320, 321, 322, 323, 324, 325, 326, 328, 330, 331, 332, 333, 335, 336, 337, 338, 340, 341, 342, 343, 345, 346, 350, 351, 352, 353, 354, 357, 358, 360, 361, 362, 363, 364, 365, 366, 367, 368, 369, 370, 372, 373, 378, 380, 381, 382, 383, 385, 386, 387, 388, 389, 390, 391, 394, 395, 397, 398, 400, 401, 403, 404, 406, 408, 409, 410, 411, 412, 413, 414, 415, 416, 417, 418, 420, 421, 423, 425, 428, 429, 430, 431, 433, 434, 435, 436, 437, 438, 439, 440, 442, 443, 445, 446, 447, 448, 449, 450, 451, 452, 453, 454, 455, 456, 457, 458, 459, 461, 462, 463, 465, 466, 467, 468, 469, 470, 471, 472, 473, 474, 479, 480, 481, 482, 484, 485, 486, 487, 489, 490, 491, 492, 493, 494, 495, 496, 497, 498, 499, 500, 501, 503, 504, 505, 506, 507, 508, 509, 510, 511, 512, 513, 514, 516, 517, 518, 519, 520, 522, 526, 527, 528, 529, 530, 531, 533, 534, 535, 536, 538, 540, 541, 542, 543, 544, 546, 547, 548, 549, 550, 551, 552, 554, 555, 557, 558, 559, 561, 562, 563, 564, 565, 566, 567, 568, 571, 572, 574, 576, 578, 579, 580, 581, 583, 584, 585, 586, 587, 588, 589, 590, 592, 593, 594, 595, 596, 599, 601, 603, 604, 605, 606, 611, 613, 614, 615, 616, 617, 618, 620, 622, 623, 624, 625, 626, 627, 629, 630, 632, 633, 635, 636, 638, 641, 642, 643, 644, 646, 647, 648, 649, 650, 651, 652, 653, 654, 655, 656, 657, 658, 659, 661, 662, 664, 665, 666, 667, 668, 669, 670, 671, 672, 673, 674, 676, 677, 678, 679, 681, 682, 683, 684, 685, 686, 687, 688, 689, 690, 691, 692, 693, 694, 695, 696, 697, 698, 699, 701, 703, 705, 706, 707, 709, 710, 711, 713, 715, 716, 717, 719, 720, 721, 722, 724, 725, 726, 727, 730, 731, 732, 734, 735, 736, 737, 738, 742, 745, 746, 747, 748, 750, 753, 754, 755, 757, 758, 759, 760, 761, 763, 765, 766, 767, 768, 769, 770, 773, 777, 779, 780, 781, 782, 783, 784, 785, 786, 787, 788, 789, 790, 791, 792, 793, 794, 795, 796, 797, 798, 799, 800, 801, 803, 804, 806, 807, 808, 809, 812, 815, 816, 817, 818, 819, 820, 821, 822, 823, 825, 828, 830, 832, 833, 834, 835, 836, 837, 838, 839, 840, 841, 842, 843, 845, 847, 848, 849, 852, 853, 858, 859, 860, 861, 862, 863, 864, 865, 866, 867, 868, 870, 871, 872, 873, 874, 875, 876, 877, 880, 881, 883, 884, 885, 886, 887, 888, 889]
[3, 12, 14, 25, 26, 32, 45, 52, 62, 66, 72, 96, 98, 103, 122, 127, 149, 158, 168, 186, 187, 203, 206, 207, 220, 222, 226, 228, 237, 265, 266, 273, 275, 278, 289, 313, 315, 347, 356, 369, 382, 385, 393, 397, 400, 405, 409, 417, 430, 437, 439, 440, 448, 456, 464, 466, 478, 479, 481, 490, 502, 503, 509, 524, 530, 531, 541, 553, 559, 564, 567, 584, 586, 587, 590, 594, 601, 611, 617, 622, 623, 627, 634, 643, 644, 648, 649, 656, 662, 664, 672, 683, 686, 697, 698, 715, 716, 732, 747, 753, 784, 786, 788, 789, 790, 804, 805, 811, 823, 829, 833, 836, 839, 840, 841, 848, 854, 855, 868, 876, 878, 882]

[0, 1, 3, 4, 6, 7, 8, 9, 10, 11, 12, 14, 15, 16, 17, 19, 20, 21, 22, 24, 25, 26, 27, 29, 30, 31, 33, 34, 36, 37, 39, 40, 41, 42, 43, 45, 46, 47, 49, 50, 51, 52, 53, 54, 55, 56, 57, 58, 59, 61, 62, 63, 65, 66, 67, 68, 70, 71, 73, 74, 75, 76, 78, 81, 82, 83, 84, 86, 87, 88, 89, 90, 91, 92, 93, 94, 95, 96, 97, 98, 99, 100, 102, 103, 105, 106, 107, 108, 109, 110, 111, 112, 113, 114, 116, 117, 118, 119, 120, 121, 123, 125, 126, 127, 128, 129, 130, 131, 132, 133, 136, 137, 138, 139, 140, 142, 144, 145, 148, 149, 150, 151, 152, 153, 154, 155, 158, 159, 160, 161, 162, 164, 165, 166, 167, 169, 170, 171, 172, 173, 174, 176, 177, 178, 179, 180, 181, 183, 184, 185, 186, 187, 188, 190, 191, 192, 193, 194, 195, 197, 198, 199, 201, 202, 203, 204, 208, 209, 210, 213, 214, 215, 216, 217, 218, 219, 224, 227, 228, 229, 230, 231, 232, 233, 234, 235, 236, 237, 238, 240, 241, 242, 243, 244, 245, 246, 247, 248, 249, 250, 251, 252, 253, 254, 256, 259, 260, 261, 263, 264, 265, 266, 267, 268, 269, 270, 271, 272, 273, 274, 275, 276, 277, 279, 280, 281, 282, 285, 286, 287, 288, 289, 290, 291, 292, 293, 294, 295, 296, 298, 301, 302, 303, 304, 305, 306, 307, 308, 310, 311, 312, 313, 314, 315, 316, 317, 318, 319, 320, 321, 322, 323, 324, 325, 326, 328, 330, 331, 332, 333, 335, 336, 337, 338, 340, 341, 342, 343, 344, 345, 346, 349, 350, 351, 352, 353, 354, 357, 358, 360, 361, 362, 363, 364, 365, 366, 367, 368, 369, 370, 372, 373, 378, 380, 381, 382, 383, 385, 386, 387, 388, 389, 390, 391, 393, 394, 395, 397, 398, 400, 401, 403, 404, 406, 408, 409, 410, 411, 412, 413, 414, 415, 416, 417, 418, 420, 421, 423, 425, 428, 429, 430, 431, 433, 434, 435, 436, 437, 438, 439, 440, 442, 443, 445, 446, 447, 448, 449, 450, 451, 452, 453, 454, 455, 456, 457, 458, 459, 461, 462, 463, 465, 466, 467, 468, 469, 470, 471, 472, 473, 474, 475, 477, 479, 480, 481, 482, 484, 485, 486, 487, 489, 490, 491, 492, 493, 494, 495, 496, 497, 498, 499, 500, 501, 502, 503, 504, 505, 506, 507, 508, 509, 510, 511, 512, 513, 514, 516, 517, 518, 519, 520, 522, 526, 527, 528, 529, 530, 531, 533, 534, 535, 536, 538, 540, 541, 542, 543, 544, 546, 547, 548, 549, 550, 551, 552, 554, 555, 557, 558, 559, 561, 562, 563, 564, 565, 566, 567, 568, 571, 572, 574, 575, 576, 578, 579, 580, 581, 583, 584, 585, 586, 587, 588, 589, 590, 592, 593, 594, 595, 596, 599, 601, 603, 604, 605, 606, 607, 609, 611, 613, 614, 615, 616, 617, 618, 620, 622, 623, 624, 625, 626, 627, 629, 630, 631, 632, 633, 635, 636, 638, 641, 642, 643, 644, 646, 647, 648, 649, 650, 651, 652, 653, 654, 655, 656, 657, 658, 659, 660, 661, 662, 664, 665, 666, 667, 668, 669, 670, 671, 672, 673, 674, 676, 677, 678, 679, 681, 682, 683, 684, 685, 686, 687, 688, 689, 690, 691, 692, 693, 694, 695, 696, 697, 698, 699, 701, 703, 705, 706, 707, 708, 709, 710, 711, 713, 715, 716, 717, 719, 720, 721, 722, 724, 725, 726, 727, 730, 731, 732, 734, 735, 736, 737, 738, 741, 742, 745, 746, 747, 748, 749, 750, 753, 754, 755, 757, 758, 759, 760, 761, 763, 765, 766, 767, 768, 769, 770, 773, 777, 779, 780, 781, 782, 783, 784, 785, 786, 787, 788, 789, 790, 791, 792, 793, 794, 795, 796, 797, 798, 799, 800, 801, 803, 804, 805, 806, 807, 808, 809, 812, 815, 816, 817, 818, 819, 820, 821, 822, 823, 824, 825, 828, 830, 832, 833, 834, 835, 836, 837, 838, 839, 840, 841, 842, 843, 845, 847, 848, 849, 852, 853, 858, 859, 860, 861, 862, 863, 864, 865, 866, 867, 868, 870, 871, 872, 873, 874, 875, 876, 877, 880, 881, 883, 884, 885, 886, 887, 888, 889]
[3, 12, 14, 25, 26, 32, 45, 52, 62, 66, 72, 96, 98, 103, 122, 127, 149, 158, 168, 186, 187, 203, 206, 207, 220, 222, 226, 228, 237, 265, 266, 273, 275, 278, 289, 313, 315, 347, 356, 369, 382, 385, 393, 397, 400, 405, 409, 417, 430, 437, 439, 440, 448, 456, 464, 466, 478, 479, 481, 490, 502, 503, 509, 524, 530, 531, 541, 553, 559, 564, 567, 584, 586, 587, 590, 594, 601, 611, 617, 622, 623, 627, 634, 643, 644, 648, 649, 656, 662, 664, 672, 683, 686, 697, 698, 715, 716, 732, 747, 753, 784, 786, 788, 789, 790, 804, 805, 811, 823, 829, 833, 836, 839, 840, 841, 848, 854, 855, 868, 876, 878, 882]

[0, 1, 3, 4, 6, 7, 8, 9, 10, 11, 12, 14, 15, 16, 17, 19, 20, 21, 22, 24, 25, 26, 27, 29, 30, 31, 32, 33, 34, 36, 37, 39, 40, 41, 42, 43, 45, 46, 47, 49, 50, 51, 52, 53, 54, 55, 56, 57, 58, 59, 61, 62, 63, 65, 66, 67, 68, 70, 71, 73, 74, 75, 76, 78, 81, 82, 83, 84, 86, 87, 88, 89, 90, 91, 92, 93, 94, 95, 96, 97, 98, 99, 100, 102, 103, 105, 106, 107, 108, 109, 110, 111, 112, 113, 114, 115, 116, 117, 118, 119, 120, 121, 123, 125, 126, 127, 128, 129, 130, 131, 132, 133, 136, 137, 138, 139, 140, 142, 144, 145, 148, 149, 150, 151, 152, 153, 154, 155, 156, 158, 159, 160, 161, 162, 164, 165, 166, 167, 169, 170, 171, 172, 173, 174, 176, 177, 178, 179, 180, 181, 182, 183, 184, 185, 186, 187, 188, 190, 191, 192, 193, 194, 195, 196, 197, 198, 199, 201, 202, 203, 204, 208, 209, 210, 213, 214, 215, 216, 217, 218, 219, 224, 226, 227, 228, 229, 230, 231, 232, 233, 234, 235, 236, 237, 238, 239, 240, 241, 242, 243, 244, 245, 246, 247, 248, 249, 250, 251, 252, 253, 254, 256, 259, 260, 261, 263, 264, 265, 266, 267, 268, 269, 270, 271, 272, 273, 274, 275, 276, 277, 278, 279, 280, 281, 282, 284, 285, 286, 287, 288, 289, 290, 291, 292, 293, 294, 295, 296, 298, 300, 301, 302, 303, 304, 305, 306, 307, 308, 310, 311, 312, 313, 314, 315, 316, 317, 318, 319, 320, 321, 322, 323, 324, 325, 326, 328, 330, 331, 332, 333, 334, 335, 336, 337, 338, 340, 341, 342, 343, 344, 345, 346, 349, 350, 351, 352, 353, 354, 357, 358, 360, 361, 362, 363, 364, 365, 366, 367, 368, 369, 370, 372, 373, 375, 378, 380, 381, 382, 383, 385, 386, 387, 388, 389, 390, 391, 393, 394, 395, 397, 398, 400, 401, 402, 403, 404, 406, 408, 409, 410, 411, 412, 413, 414, 415, 416, 417, 418, 419, 420, 421, 423, 425, 428, 429, 430, 431, 433, 434, 435, 436, 437, 438, 439, 440, 442, 443, 445, 446, 447, 448, 449, 450, 451, 452, 453, 454, 455, 456, 457, 458, 459, 461, 462, 463, 465, 466, 467, 468, 469, 470, 471, 472, 473, 474, 475, 477, 479, 480, 481, 482, 484, 485, 486, 487, 489, 490, 491, 492, 493, 494, 495, 496, 497, 498, 499, 500, 501, 502, 503, 504, 505, 506, 507, 508, 509, 510, 511, 512, 513, 514, 516, 517, 518, 519, 520, 522, 524, 526, 527, 528, 529, 530, 531, 533, 534, 535, 536, 538, 540, 541, 542, 543, 544, 546, 547, 548, 549, 550, 551, 552, 554, 555, 557, 558, 559, 561, 562, 563, 564, 565, 566, 567, 568, 571, 572, 574, 575, 576, 577, 578, 579, 580, 581, 583, 584, 585, 586, 587, 588, 589, 590, 592, 593, 594, 595, 596, 599, 601, 603, 604, 605, 606, 607, 609, 610, 611, 613, 614, 615, 616, 617, 618, 620, 622, 623, 624, 625, 626, 627, 629, 630, 631, 632, 633, 635, 636, 638, 641, 642, 643, 644, 646, 647, 648, 649, 650, 651, 652, 653, 654, 655, 656, 657, 658, 659, 660, 661, 662, 663, 664, 665, 666, 667, 668, 669, 670, 671, 672, 673, 674, 676, 677, 678, 679, 680, 681, 682, 683, 684, 685, 686, 687, 688, 689, 690, 691, 692, 693, 694, 695, 696, 697, 698, 699, 701, 703, 705, 706, 707, 708, 709, 710, 711, 713, 715, 716, 717, 719, 720, 721, 722, 724, 725, 726, 727, 729, 730, 731, 732, 734, 735, 736, 737, 738, 741, 742, 745, 746, 747, 748, 749, 750, 753, 754, 755, 756, 757, 758, 759, 760, 761, 763, 765, 766, 767, 768, 769, 770, 773, 775, 777, 779, 780, 781, 782, 783, 784, 785, 786, 787, 788, 789, 790, 791, 792, 793, 794, 795, 796, 797, 798, 799, 800, 801, 803, 804, 805, 806, 807, 808, 809, 812, 815, 816, 817, 818, 819, 820, 821, 822, 823, 824, 825, 828, 830, 832, 833, 834, 835, 836, 837, 838, 839, 840, 841, 842, 843, 844, 845, 847, 848, 849, 851, 852, 853, 858, 859, 860, 861, 862, 863, 864, 865, 866, 867, 868, 870, 871, 872, 873, 874, 875, 876, 877, 879, 880, 881, 883, 884, 885, 886, 887, 888, 889]
[3, 12, 14, 25, 26, 32, 45, 52, 62, 66, 72, 96, 98, 103, 122, 127, 149, 158, 168, 186, 187, 203, 206, 207, 220, 222, 226, 228, 237, 265, 266, 273, 275, 278, 289, 313, 315, 347, 356, 369, 382, 385, 393, 397, 400, 405, 409, 417, 430, 437, 439, 440, 448, 456, 464, 466, 478, 479, 481, 490, 502, 503, 509, 524, 530, 531, 541, 553, 559, 564, 567, 584, 586, 587, 590, 594, 601, 611, 617, 622, 623, 627, 634, 643, 644, 648, 649, 656, 662, 664, 672, 683, 686, 697, 698, 715, 716, 732, 747, 753, 784, 786, 788, 789, 790, 804, 805, 811, 823, 829, 833, 836, 839, 840, 841, 848, 854, 855, 868, 876, 878, 882]

[0, 1, 2, 3, 4, 6, 7, 8, 9, 10, 11, 12, 14, 15, 16, 17, 19, 20, 21, 22, 23, 24, 25, 26, 27, 29, 30, 31, 32, 33, 34, 36, 37, 39, 40, 41, 42, 43, 45, 46, 47, 49, 50, 51, 52, 53, 54, 55, 56, 57, 58, 59, 61, 62, 63, 65, 66, 67, 68, 70, 71, 72, 73, 74, 75, 76, 78, 81, 82, 83, 84, 86, 87, 88, 89, 90, 91, 92, 93, 94, 95, 96, 97, 98, 99, 100, 102, 103, 105, 106, 107, 108, 109, 110, 111, 112, 113, 114, 115, 116, 117, 118, 119, 120, 121, 123, 124, 125, 126, 127, 128, 129, 130, 131, 132, 133, 136, 137, 138, 139, 140, 142, 144, 145, 148, 149, 150, 151, 152, 153, 154, 155, 156, 158, 159, 160, 161, 162, 164, 165, 166, 167, 168, 169, 170, 171, 172, 173, 174, 176, 177, 178, 179, 180, 181, 182, 183, 184, 185, 186, 187, 188, 190, 191, 192, 193, 194, 195, 196, 197, 198, 199, 200, 201, 202, 203, 204, 208, 209, 210, 213, 214, 215, 216, 217, 218, 219, 220, 223, 224, 226, 227, 228, 229, 230, 231, 232, 233, 234, 235, 236, 237, 238, 239, 240, 241, 242, 243, 244, 245, 246, 247, 248, 249, 250, 251, 252, 253, 254, 256, 259, 260, 261, 263, 264, 265, 266, 267, 268, 269, 270, 271, 272, 273, 274, 275, 276, 277, 278, 279, 280, 281, 282, 284, 285, 286, 287, 288, 289, 290, 291, 292, 293, 294, 295, 296, 298, 300, 301, 302, 303, 304, 305, 306, 307, 308, 310, 311, 312, 313, 314, 315, 316, 317, 318, 319, 320, 321, 322, 323, 324, 325, 326, 328, 330, 331, 332, 333, 334, 335, 336, 337, 338, 340, 341, 342, 343, 344, 345, 346, 347, 348, 349, 350, 351, 352, 353, 354, 357, 358, 360, 361, 362, 363, 364, 365, 366, 367, 368, 369, 370, 371, 372, 373, 374, 375, 378, 380, 381, 382, 383, 385, 386, 387, 388, 389, 390, 391, 393, 394, 395, 397, 398, 400, 401, 402, 403, 404, 406, 408, 409, 410, 411, 412, 413, 414, 415, 416, 417, 418, 419, 420, 421, 423, 425, 428, 429, 430, 431, 433, 434, 435, 436, 437, 438, 439, 440, 442, 443, 444, 445, 446, 447, 448, 449, 450, 451, 452, 453, 454, 455, 456, 457, 458, 459, 461, 462, 463, 465, 466, 467, 468, 469, 470, 471, 472, 473, 474, 475, 477, 479, 480, 481, 482, 484, 485, 486, 487, 489, 490, 491, 492, 493, 494, 495, 496, 497, 498, 499, 500, 501, 502, 503, 504, 505, 506, 507, 508, 509, 510, 511, 512, 513, 514, 516, 517, 518, 519, 520, 521, 522, 524, 526, 527, 528, 529, 530, 531, 533, 534, 535, 536, 538, 540, 541, 542, 543, 544, 546, 547, 548, 549, 550, 551, 552, 554, 555, 556, 557, 558, 559, 561, 562, 563, 564, 565, 566, 567, 568, 571, 572, 574, 575, 576, 577, 578, 579, 580, 581, 583, 584, 585, 586, 587, 588, 589, 590, 592, 593, 594, 595, 596, 597, 599, 601, 603, 604, 605, 606, 607, 609, 610, 611, 613, 614, 615, 616, 617, 618, 620, 622, 623, 624, 625, 626, 627, 628, 629, 630, 631, 632, 633, 635, 636, 638, 640, 641, 642, 643, 644, 646, 647, 648, 649, 650, 651, 652, 653, 654, 655, 656, 657, 658, 659, 660, 661, 662, 663, 664, 665, 666, 667, 668, 669, 670, 671, 672, 673, 674, 676, 677, 678, 679, 680, 681, 682, 683, 684, 685, 686, 687, 688, 689, 690, 691, 692, 693, 694, 695, 696, 697, 698, 699, 700, 701, 703, 705, 706, 707, 708, 709, 710, 711, 713, 715, 716, 717, 718, 719, 720, 721, 722, 724, 725, 726, 727, 729, 730, 731, 732, 734, 735, 736, 737, 738, 741, 742, 743, 745, 746, 747, 748, 749, 750, 752, 753, 754, 755, 756, 757, 758, 759, 760, 761, 763, 765, 766, 767, 768, 769, 770, 773, 775, 776, 777, 779, 780, 781, 782, 783, 784, 785, 786, 787, 788, 789, 790, 791, 792, 793, 794, 795, 796, 797, 798, 799, 800, 801, 803, 804, 805, 806, 807, 808, 809, 812, 815, 816, 817, 818, 819, 820, 821, 822, 823, 824, 825, 828, 830, 832, 833, 834, 835, 836, 837, 838, 839, 840, 841, 842, 843, 844, 845, 846, 847, 848, 849, 851, 852, 853, 858, 859, 860, 861, 862, 863, 864, 865, 866, 867, 868, 870, 871, 872, 873, 874, 875, 876, 877, 879, 880, 881, 883, 884, 885, 886, 887, 888, 889]
[3, 12, 14, 25, 26, 32, 45, 52, 62, 66, 72, 96, 98, 103, 122, 127, 149, 158, 168, 186, 187, 203, 206, 207, 220, 222, 226, 228, 237, 265, 266, 273, 275, 278, 289, 313, 315, 347, 356, 369, 382, 385, 393, 397, 400, 405, 409, 417, 430, 437, 439, 440, 448, 456, 464, 466, 478, 479, 481, 490, 502, 503, 509, 524, 530, 531, 541, 553, 559, 564, 567, 584, 586, 587, 590, 594, 601, 611, 617, 622, 623, 627, 634, 643, 644, 648, 649, 656, 662, 664, 672, 683, 686, 697, 698, 715, 716, 732, 747, 753, 784, 786, 788, 789, 790, 804, 805, 811, 823, 829, 833, 836, 839, 840, 841, 848, 854, 855, 868, 876, 878, 882]

[0, 1, 2, 3, 4, 6, 7, 8, 9, 10, 11, 12, 14, 15, 16, 17, 18, 19, 20, 21, 22, 23, 24, 25, 26, 27, 28, 29, 30, 31, 32, 33, 34, 36, 37, 39, 40, 41, 42, 43, 45, 46, 47, 49, 50, 51, 52, 53, 54, 55, 56, 57, 58, 59, 61, 62, 63, 65, 66, 67, 68, 70, 71, 72, 73, 74, 75, 76, 78, 80, 81, 82, 83, 84, 86, 87, 88, 89, 90, 91, 92, 93, 94, 95, 96, 97, 98, 99, 100, 102, 103, 105, 106, 107, 108, 109, 110, 111, 112, 113, 114, 115, 116, 117, 118, 119, 120, 121, 123, 124, 125, 126, 127, 128, 129, 130, 131, 132, 133, 136, 137, 138, 139, 140, 142, 143, 144, 145, 148, 149, 150, 151, 152, 153, 154, 155, 156, 158, 159, 160, 161, 162, 163, 164, 165, 166, 167, 168, 169, 170, 171, 172, 173, 174, 176, 177, 178, 179, 180, 181, 182, 183, 184, 185, 186, 187, 188, 189, 190, 191, 192, 193, 194, 195, 196, 197, 198, 199, 200, 201, 202, 203, 204, 205, 206, 208, 209, 210, 211, 212, 213, 214, 215, 216, 217, 218, 219, 220, 223, 224, 226, 227, 228, 229, 230, 231, 232, 233, 234, 235, 236, 237, 238, 239, 240, 241, 242, 243, 244, 245, 246, 247, 248, 249, 250, 251, 252, 253, 254, 256, 259, 260, 261, 263, 264, 265, 266, 267, 268, 269, 270, 271, 272, 273, 274, 275, 276, 277, 278, 279, 280, 281, 282, 284, 285, 286, 287, 288, 289, 290, 291, 292, 293, 294, 295, 296, 298, 300, 301, 302, 303, 304, 305, 306, 307, 308, 309, 310, 311, 312, 313, 314, 315, 316, 317, 318, 319, 320, 321, 322, 323, 324, 325, 326, 328, 330, 331, 332, 333, 334, 335, 336, 337, 338, 340, 341, 342, 343, 344, 345, 346, 347, 348, 349, 350, 351, 352, 353, 354, 357, 358, 360, 361, 362, 363, 364, 365, 366, 367, 368, 369, 370, 371, 372, 373, 374, 375, 378, 380, 381, 382, 383, 385, 386, 387, 388, 389, 390, 391, 393, 394, 395, 397, 398, 400, 401, 402, 403, 404, 406, 408, 409, 410, 411, 412, 413, 414, 415, 416, 417, 418, 419, 420, 421, 423, 425, 426, 428, 429, 430, 431, 433, 434, 435, 436, 437, 438, 439, 440, 442, 443, 444, 445, 446, 447, 448, 449, 450, 451, 452, 453, 454, 455, 456, 457, 458, 459, 460, 461, 462, 463, 464, 465, 466, 467, 468, 469, 470, 471, 472, 473, 474, 475, 477, 479, 480, 481, 482, 484, 485, 486, 487, 488, 489, 490, 491, 492, 493, 494, 495, 496, 497, 498, 499, 500, 501, 502, 503, 504, 505, 506, 507, 508, 509, 510, 511, 512, 513, 514, 515, 516, 517, 518, 519, 520, 521, 522, 523, 524, 525, 526, 527, 528, 529, 530, 531, 533, 534, 535, 536, 537, 538, 540, 541, 542, 543, 544, 546, 547, 548, 549, 550, 551, 552, 553, 554, 555, 556, 557, 558, 559, 561, 562, 563, 564, 565, 566, 567, 568, 571, 572, 573, 574, 575, 576, 577, 578, 579, 580, 581, 583, 584, 585, 586, 587, 588, 589, 590, 592, 593, 594, 595, 596, 597, 599, 601, 603, 604, 605, 606, 607, 608, 609, 610, 611, 613, 614, 615, 616, 617, 618, 620, 622, 623, 624, 625, 626, 627, 628, 629, 630, 631, 632, 633, 635, 636, 637, 638, 640, 641, 642, 643, 644, 646, 647, 648, 649, 650, 651, 652, 653, 654, 655, 656, 657, 658, 659, 660, 661, 662, 663, 664, 665, 666, 667, 668, 669, 670, 671, 672, 673, 674, 676, 677, 678, 679, 680, 681, 682, 683, 684, 685, 686, 687, 688, 689, 690, 691, 692, 693, 694, 695, 696, 697, 698, 699, 700, 701, 703, 704, 705, 706, 707, 708, 709, 710, 711, 713, 715, 716, 717, 718, 719, 720, 721, 722, 724, 725, 726, 727, 729, 730, 731, 732, 734, 735, 736, 737, 738, 741, 742, 743, 745, 746, 747, 748, 749, 750, 752, 753, 754, 755, 756, 757, 758, 759, 760, 761, 763, 765, 766, 767, 768, 769, 770, 773, 775, 776, 777, 779, 780, 781, 782, 783, 784, 785, 786, 787, 788, 789, 790, 791, 792, 793, 794, 795, 796, 797, 798, 799, 800, 801, 803, 804, 805, 806, 807, 808, 809, 812, 815, 816, 817, 818, 819, 820, 821, 822, 823, 824, 825, 828, 830, 832, 833, 834, 835, 836, 837, 838, 839, 840, 841, 842, 843, 844, 845, 846, 847, 848, 849, 851, 852, 853, 855, 858, 859, 860, 861, 862, 863, 864, 865, 866, 867, 868, 870, 871, 872, 873, 874, 875, 876, 877, 879, 880, 881, 883, 884, 885, 886, 887, 888, 889]
[3, 12, 14, 25, 26, 32, 45, 52, 62, 66, 72, 96, 98, 103, 122, 127, 149, 158, 168, 186, 187, 203, 206, 207, 220, 222, 226, 228, 237, 265, 266, 273, 275, 278, 289, 313, 315, 347, 356, 369, 382, 385, 393, 397, 400, 405, 409, 417, 430, 437, 439, 440, 448, 456, 464, 466, 478, 479, 481, 490, 502, 503, 509, 524, 530, 531, 541, 553, 559, 564, 567, 584, 586, 587, 590, 594, 601, 611, 617, 622, 623, 627, 634, 643, 644, 648, 649, 656, 662, 664, 672, 683, 686, 697, 698, 715, 716, 732, 747, 753, 784, 786, 788, 789, 790, 804, 805, 811, 823, 829, 833, 836, 839, 840, 841, 848, 854, 855, 868, 876, 878, 882]

