[23, 25, 65, 71, 106, 167, 171, 207, 210, 215, 246, 255, 307, 311, 447, 530, 536, 556, 691, 792, 869, 880]
[17, 21, 70, 95, 104, 110, 128, 261, 285, 316, 383, 494, 529, 571, 586, 589, 599, 619, 621, 662, 664, 695, 703, 739, 777, 817, 826, 836, 846, 860]

[23, 25, 65, 71, 106, 167, 171, 207, 210, 215, 246, 255, 307, 311, 447, 530, 536, 556, 691, 792, 869, 880]
[0, 17, 21, 29, 47, 49, 58, 64, 70, 83, 85, 95, 104, 110, 124, 128, 142, 145, 151, 155, 156, 164, 179, 184, 188, 189, 202, 228, 249, 261, 273, 274, 275, 279, 285, 293, 296, 316, 319, 331, 334, 337, 348, 382, 383, 386, 402, 412, 413, 414, 420, 436, 465, 467, 470, 480, 488, 494, 495, 498, 502, 503, 511, 522, 529, 540, 543, 546, 563, 570, 571, 586, 588, 589, 595, 598, 599, 602, 608, 612, 619, 621, 627, 648, 651, 660, 662, 664, 666, 671, 678, 679, 693, 695, 697, 703, 706, 709, 710, 713, 721, 729, 734, 739, 749, 753, 765, 767, 772, 773, 777, 784, 797, 803, 808, 817, 821, 824, 826, 833, 836, 839, 843, 845, 846, 851, 860, 875, 876, 887]

[23, 25, 38, 65, 71, 106, 148, 167, 171, 174, 177, 207, 210, 215, 244, 246, 255, 267, 304, 307, 311, 424, 425, 447, 530, 536, 541, 556, 564, 580, 593, 617, 631, 646, 673, 680, 691, 716, 792, 793, 804, 815, 817, 845, 869, 880, 885]
[0, 17, 21, 29, 47, 49, 58, 64, 70, 83, 85, 95, 104, 110, 124, 128, 142, 145, 151, 155, 156, 164, 179, 184, 188, 189, 202, 228, 249, 261, 273, 274, 275, 279, 285, 293, 296, 316, 319, 331, 334, 337, 348, 382, 383, 386, 402, 412, 413, 414, 420, 436, 465, 467, 470, 480, 488, 494, 495, 498, 502, 503, 511, 522, 529, 540, 543, 546, 563, 570, 571, 586, 588, 589, 595, 598, 599, 602, 608, 612, 619, 621, 627, 648, 651, 660, 662, 664, 666, 671, 678, 679, 693, 695, 697, 703, 706, 709, 710, 713, 721, 729, 734, 739, 749, 753, 765, 767, 772, 773, 777, 784, 797, 803, 808, 817, 821, 824, 826, 833, 836, 839, 843, 845, 846, 851, 860, 875, 876, 887]

[23, 25, 38, 43, 65, 71, 106, 122, 129, 148, 156, 167, 171, 174, 177, 207, 210, 215, 217, 244, 246, 253, 255, 267, 304, 305, 307, 311, 372, 379, 392, 396, 424, 425, 447, 451, 459, 530, 531, 536, 541, 556, 564, 580, 593, 604, 609, 612, 617, 631, 632, 646, 659, 673, 680, 687, 691, 701, 716, 732, 751, 757, 759, 761, 778, 792, 793, 804, 815, 817, 842, 844, 845, 863, 869, 880, 883, 885]
[0, 17, 21, 29, 47, 49, 58, 64, 70, 83, 85, 95, 104, 110, 124, 128, 142, 145, 151, 155, 156, 164, 179, 184, 188, 189, 202, 228, 249, 261, 273, 274, 275, 279, 285, 293, 296, 316, 319, 331, 334, 337, 348, 382, 383, 386, 402, 412, 413, 414, 420, 436, 465, 467, 470, 480, 488, 494, 495, 498, 502, 503, 511, 522, 529, 540, 543, 546, 563, 570, 571, 586, 588, 589, 595, 598, 599, 602, 608, 612, 619, 621, 627, 648, 651, 660, 662, 664, 666, 671, 678, 679, 693, 695, 697, 703, 706, 709, 710, 713, 721, 729, 734, 739, 749, 753, 765, 767, 772, 773, 777, 784, 797, 803, 808, 817, 821, 824, 826, 833, 836, 839, 843, 845, 846, 851, 860, 875, 876, 887]

[23, 25, 38, 43, 53, 65, 71, 106, 114, 122, 123, 129, 134, 148, 156, 167, 171, 174, 177, 198, 207, 208, 210, 215, 217, 220, 244, 246, 253, 255, 266, 267, 272, 278, 282, 304, 305, 307, 311, 335, 366, 372, 379, 392, 396, 408, 424, 425, 428, 447, 451, 459, 530, 531, 536, 541, 547, 556, 559, 564, 569, 580, 593, 604, 609, 612, 617, 631, 632, 646, 647, 659, 667, 669, 673, 680, 683, 687, 691, 693, 698, 701, 711, 716, 732, 751, 757, 759, 761, 772, 778, 784, 792, 793, 804, 815, 817, 842, 844, 845, 863, 869, 880, 883, 885]
[0, 17, 21, 29, 47, 49, 58, 64, 70, 83, 85, 95, 104, 110, 124, 128, 142, 145, 151, 155, 156, 164, 179, 184, 188, 189, 202, 228, 249, 261, 273, 274, 275, 279, 285, 293, 296, 316, 319, 331, 334, 337, 348, 382, 383, 386, 402, 412, 413, 414, 420, 436, 465, 467, 470, 480, 488, 494, 495, 498, 502, 503, 511, 522, 529, 540, 543, 546, 563, 570, 571, 586, 588, 589, 595, 598, 599, 602, 608, 612, 619, 621, 627, 648, 651, 660, 662, 664, 666, 671, 678, 679, 693, 695, 697, 703, 706, 709, 710, 713, 721, 729, 734, 739, 749, 753, 765, 767, 772, 773, 777, 784, 797, 803, 808, 817, 821, 824, 826, 833, 836, 839, 843, 845, 846, 851, 860, 875, 876, 887]

[23, 25, 38, 43, 53, 61, 65, 71, 85, 96, 106, 114, 122, 123, 129, 134, 142, 147, 148, 156, 167, 171, 174, 177, 198, 200, 207, 208, 210, 215, 217, 220, 244, 246, 253, 255, 266, 267, 272, 278, 282, 304, 305, 307, 311, 335, 366, 372, 379, 392, 396, 408, 424, 425, 428, 447, 451, 453, 459, 482, 489, 512, 530, 531, 536, 539, 541, 547, 553, 556, 559, 560, 564, 565, 569, 575, 580, 593, 595, 604, 609, 611, 612, 617, 631, 632, 646, 647, 659, 667, 669, 672, 673, 679, 680, 683, 687, 691, 693, 698, 701, 711, 716, 730, 732, 743, 751, 757, 759, 761, 765, 772, 778, 784, 792, 793, 804, 815, 817, 834, 842, 844, 845, 851, 863, 867, 869, 880, 883, 885]
[0, 17, 21, 29, 47, 49, 58, 64, 70, 83, 85, 95, 104, 110, 124, 128, 142, 145, 151, 155, 156, 164, 179, 184, 188, 189, 202, 228, 249, 261, 273, 274, 275, 279, 285, 293, 296, 316, 319, 331, 334, 337, 348, 382, 383, 386, 402, 412, 413, 414, 420, 436, 465, 467, 470, 480, 488, 494, 495, 498, 502, 503, 511, 522, 529, 540, 543, 546, 563, 570, 571, 586, 588, 589, 595, 598, 599, 602, 608, 612, 619, 621, 627, 648, 651, 660, 662, 664, 666, 671, 678, 679, 693, 695, 697, 703, 706, 709, 710, 713, 721, 729, 734, 739, 749, 753, 765, 767, 772, 773, 777, 784, 797, 803, 808, 817, 821, 824, 826, 833, 836, 839, 843, 845, 846, 851, 860, 875, 876, 887]

[23, 25, 33, 38, 42, 43, 45, 53, 61, 65, 71, 85, 96, 106, 114, 122, 123, 129, 134, 141, 142, 147, 148, 156, 160, 167, 171, 174, 177, 185, 198, 200, 207, 208, 210, 213, 215, 217, 220, 244, 246, 247, 253, 255, 260, 266, 267, 272, 278, 282, 304, 305, 307, 311, 330, 335, 353, 366, 372, 379, 389, 392, 396, 408, 424, 425, 428, 435, 447, 451, 453, 459, 482, 489, 512, 530, 531, 536, 539, 541, 547, 553, 556, 559, 560, 564, 565, 569, 572, 575, 577, 580, 591, 593, 595, 604, 609, 611, 612, 617, 621, 631, 632, 635, 646, 647, 659, 667, 669, 672, 673, 679, 680, 683, 687, 691, 693, 698, 699, 701, 709, 711, 716, 726, 730, 732, 734, 743, 751, 757, 759, 761, 765, 772, 778, 779, 784, 792, 793, 804, 815, 817, 834, 842, 844, 845, 851, 863, 867, 869, 874, 880, 883, 885, 886]
[0, 17, 21, 29, 47, 49, 58, 64, 70, 83, 85, 95, 104, 110, 124, 128, 142, 145, 151, 155, 156, 164, 179, 184, 188, 189, 202, 228, 249, 261, 273, 274, 275, 279, 285, 293, 296, 316, 319, 331, 334, 337, 348, 382, 383, 386, 402, 412, 413, 414, 420, 436, 465, 467, 470, 480, 488, 494, 495, 498, 502, 503, 511, 522, 529, 540, 543, 546, 563, 570, 571, 586, 588, 589, 595, 598, 599, 602, 608, 612, 619, 621, 627, 648, 651, 660, 662, 664, 666, 671, 678, 679, 693, 695, 697, 703, 706, 709, 710, 713, 721, 729, 734, 739, 749, 753, 765, 767, 772, 773, 777, 784, 797, 803, 808, 817, 821, 824, 826, 833, 836, 839, 843, 845, 846, 851, 860, 875, 876, 887]

[23, 25, 33, 38, 42, 43, 45, 49, 53, 61, 62, 64, 65, 71, 72, 83, 85, 96, 106, 114, 122, 123, 129, 134, 141, 142, 147, 148, 155, 156, 160, 167, 171, 174, 177, 182, 185, 198, 200, 207, 208, 210, 213, 215, 217, 220, 244, 246, 247, 253, 255, 259, 260, 266, 267, 272, 278, 282, 299, 304, 305, 306, 307, 311, 314, 319, 330, 335, 348, 353, 366, 370, 372, 376, 379, 389, 392, 396, 408, 424, 425, 428, 435, 447, 448, 451, 453, 459, 464, 475, 482, 489, 512, 530, 531, 536, 539, 541, 547, 553, 556, 559, 560, 564, 565, 568, 569, 572, 575, 577, 580, 582, 591, 593, 595, 604, 609, 611, 612, 617, 621, 624, 631, 632, 635, 645, 646, 647, 659, 667, 669, 672, 673, 675, 679, 680, 683, 687, 691, 693, 698, 699, 701, 709, 711, 716, 726, 730, 732, 734, 743, 751, 752, 757, 759, 761, 765, 772, 778, 779, 784, 792, 793, 801, 804, 810, 815, 817, 834, 842, 844, 845, 851, 854, 859, 863, 867, 869, 874, 878, 880, 883, 885, 886]
[0, 17, 21, 29, 47, 49, 58, 64, 70, 83, 85, 95, 104, 110, 124, 128, 142, 145, 151, 155, 156, 164, 179, 184, 188, 189, 202, 228, 249, 261, 273, 274, 275, 279, 285, 293, 296, 316, 319, 331, 334, 337, 348, 382, 383, 386, 402, 412, 413, 414, 420, 436, 465, 467, 470, 480, 488, 494, 495, 498, 502, 503, 511, 522, 529, 540, 543, 546, 563, 570, 571, 586, 588, 589, 595, 598, 599, 602, 608, 612, 619, 621, 627, 648, 651, 660, 662, 664, 666, 671, 678, 679, 693, 695, 697, 703, 706, 709, 710, 713, 721, 729, 734, 739, 749, 753, 765, 767, 772, 773, 777, 784, 797, 803, 808, 817, 821, 824, 826, 833, 836, 839, 843, 845, 846, 851, 860, 875, 876, 887]

[0, 3, 8, 22, 23, 25, 33, 38, 42, 43, 45, 49, 53, 61, 62, 63, 64, 65, 71, 72, 83, 85, 96, 106, 111, 114, 122, 123, 129, 134, 141, 142, 147, 148, 155, 156, 160, 167, 170, 171, 174, 177, 182, 185, 198, 200, 207, 208, 210, 213, 215, 217, 220, 244, 246, 247, 253, 255, 259, 260, 266, 267, 272, 277, 278, 282, 297, 299, 300, 304, 305, 306, 307, 311, 312, 314, 319, 330, 335, 341, 348, 353, 366, 370, 372, 376, 379, 380, 389, 392, 396, 403, 408, 423, 424, 425, 428, 435, 441, 447, 448, 451, 453, 459, 464, 475, 482, 484, 489, 495, 509, 512, 530, 531, 536, 539, 540, 541, 547, 553, 556, 559, 560, 564, 565, 567, 568, 569, 572, 575, 577, 580, 582, 591, 593, 595, 604, 609, 611, 612, 617, 620, 621, 624, 631, 632, 635, 645, 646, 647, 659, 667, 669, 672, 673, 675, 679, 680, 683, 687, 691, 693, 697, 698, 699, 701, 709, 711, 716, 726, 730, 732, 734, 743, 751, 752, 757, 759, 761, 765, 772, 778, 779, 783, 784, 787, 792, 793, 801, 804, 810, 815, 817, 834, 842, 844, 845, 851, 853, 854, 859, 863, 867, 869, 874, 878, 880, 883, 885, 886]
[0, 17, 21, 29, 47, 49, 58, 64, 70, 83, 85, 95, 104, 110, 124, 128, 142, 145, 151, 155, 156, 164, 179, 184, 188, 189, 202, 228, 249, 261, 273, 274, 275, 279, 285, 293, 296, 316, 319, 331, 334, 337, 348, 382, 383, 386, 402, 412, 413, 414, 420, 436, 465, 467, 470, 480, 488, 494, 495, 498, 502, 503, 511, 522, 529, 540, 543, 546, 563, 570, 571, 586, 588, 589, 595, 598, 599, 602, 608, 612, 619, 621, 627, 648, 651, 660, 662, 664, 666, 671, 678, 679, 693, 695, 697, 703, 706, 709, 710, 713, 721, 729, 734, 739, 749, 753, 765, 767, 772, 773, 777, 784, 797, 803, 808, 817, 821, 824, 826, 833, 836, 839, 843, 845, 846, 851, 860, 875, 876, 887]

[0, 3, 8, 22, 23, 25, 33, 38, 42, 43, 44, 45, 46, 49, 51, 53, 58, 60, 61, 62, 63, 64, 65, 71, 72, 83, 85, 86, 96, 106, 111, 114, 122, 123, 127, 129, 133, 134, 141, 142, 147, 148, 155, 156, 160, 166, 167, 170, 171, 174, 177, 182, 185, 198, 200, 207, 208, 210, 213, 215, 217, 220, 244, 246, 247, 253, 255, 259, 260, 266, 267, 272, 277, 278, 280, 282, 290, 293, 297, 299, 300, 304, 305, 306, 307, 311, 312, 314, 316, 319, 330, 335, 341, 348, 350, 353, 366, 370, 372, 376, 379, 380, 389, 392, 396, 403, 408, 414, 423, 424, 425, 428, 434, 435, 441, 447, 448, 451, 453, 459, 461, 464, 475, 479, 482, 484, 485, 489, 495, 503, 509, 512, 530, 531, 536, 539, 540, 541, 547, 553, 556, 559, 560, 564, 565, 567, 568, 569, 572, 575, 577, 580, 582, 591, 592, 593, 595, 604, 608, 609, 611, 612, 617, 620, 621, 624, 631, 632, 635, 645, 646, 647, 659, 667, 669, 672, 673, 675, 679, 680, 683, 687, 691, 693, 697, 698, 699, 701, 709, 711, 716, 723, 726, 730, 732, 734, 743, 751, 752, 753, 757, 759, 761, 765, 772, 778, 779, 783, 784, 787, 792, 793, 801, 804, 810, 815, 817, 834, 842, 844, 845, 851, 853, 854, 857, 859, 863, 867, 869, 874, 878, 880, 883, 885, 886]
[0, 17, 21, 29, 47, 49, 58, 64, 70, 83, 85, 95, 104, 110, 124, 128, 142, 145, 151, 155, 156, 164, 179, 184, 188, 189, 202, 228, 249, 261, 273, 274, 275, 279, 285, 293, 296, 316, 319, 331, 334, 337, 348, 382, 383, 386, 402, 412, 413, 414, 420, 436, 465, 467, 470, 480, 488, 494, 495, 498, 502, 503, 511, 522, 529, 540, 543, 546, 563, 570, 571, 586, 588, 589, 595, 598, 599, 602, 608, 612, 619, 621, 627, 648, 651, 660, 662, 664, 666, 671, 678, 679, 693, 695, 697, 703, 706, 709, 710, 713, 721, 729, 734, 739, 749, 753, 765, 767, 772, 773, 777, 784, 797, 803, 808, 817, 821, 824, 826, 833, 836, 839, 843, 845, 846, 851, 860, 875, 876, 887]

[0, 3, 8, 14, 22, 23, 25, 33, 38, 42, 43, 44, 45, 46, 49, 50, 51, 53, 58, 59, 60, 61, 62, 63, 64, 65, 70, 71, 72, 83, 85, 86, 96, 98, 102, 106, 111, 114, 122, 123, 127, 129, 132, 133, 134, 141, 142, 147, 148, 150, 155, 156, 160, 162, 166, 167, 170, 171, 174, 177, 182, 185, 194, 198, 200, 207, 208, 210, 213, 215, 217, 220, 239, 244, 246, 247, 253, 254, 255, 259, 260, 266, 267, 272, 277, 278, 280, 282, 288, 290, 293, 297, 299, 300, 304, 305, 306, 307, 311, 312, 314, 316, 319, 330, 335, 341, 348, 350, 353, 361, 366, 370, 372, 376, 379, 380, 389, 392, 396, 403, 408, 410, 414, 423, 424, 425, 428, 434, 435, 441, 445, 447, 448, 451, 452, 453, 459, 461, 464, 475, 479, 482, 484, 485, 489, 495, 503, 509, 512, 526, 530, 531, 536, 539, 540, 541, 547, 553, 556, 559, 560, 564, 565, 567, 568, 569, 572, 575, 576, 577, 580, 582, 591, 592, 593, 595, 597, 604, 608, 609, 611, 612, 617, 620, 621, 624, 631, 632, 635, 645, 646, 647, 659, 667, 669, 672, 673, 675, 677, 679, 680, 683, 684, 687, 691, 692, 693, 696, 697, 698, 699, 701, 709, 711, 716, 723, 726, 730, 732, 734, 743, 751, 752, 753, 757, 759, 761, 765, 772, 778, 779, 783, 784, 787, 792, 793, 801, 804, 810, 815, 817, 831, 834, 842, 844, 845, 851, 853, 854, 857, 859, 863, 867, 869, 874, 878, 880, 883, 885, 886]
[0, 17, 21, 29, 47, 49, 58, 64, 70, 83, 85, 95, 104, 110, 124, 128, 142, 145, 151, 155, 156, 164, 179, 184, 188, 189, 202, 228, 249, 261, 273, 274, 275, 279, 285, 293, 296, 316, 319, 331, 334, 337, 348, 382, 383, 386, 402, 412, 413, 414, 420, 436, 465, 467, 470, 480, 488, 494, 495, 498, 502, 503, 511, 522, 529, 540, 543, 546, 563, 570, 571, 586, 588, 589, 595, 598, 599, 602, 608, 612, 619, 621, 627, 648, 651, 660, 662, 664, 666, 671, 678, 679, 693, 695, 697, 703, 706, 709, 710, 713, 721, 729, 734, 739, 749, 753, 765, 767, 772, 773, 777, 784, 797, 803, 808, 817, 821, 824, 826, 833, 836, 839, 843, 845, 846, 851, 860, 875, 876, 887]

[0, 3, 8, 14, 18, 22, 23, 25, 29, 33, 38, 42, 43, 44, 45, 46, 49, 50, 51, 53, 58, 59, 60, 61, 62, 63, 64, 65, 70, 71, 72, 73, 80, 83, 85, 86, 88, 96, 98, 102, 106, 111, 114, 122, 123, 127, 129, 132, 133, 134, 141, 142, 144, 147, 148, 150, 155, 156, 160, 162, 166, 167, 170, 171, 174, 177, 182, 185, 194, 198, 200, 207, 208, 210, 213, 215, 217, 220, 223, 229, 232, 239, 244, 246, 247, 251, 253, 254, 255, 259, 260, 266, 267, 272, 277, 278, 280, 282, 288, 290, 293, 297, 299, 300, 304, 305, 306, 307, 311, 312, 314, 316, 319, 329, 330, 335, 340, 341, 348, 350, 353, 361, 366, 369, 370, 372, 376, 379, 380, 386, 389, 392, 396, 398, 403, 407, 408, 409, 410, 414, 415, 423, 424, 425, 428, 434, 435, 438, 441, 445, 447, 448, 451, 452, 453, 459, 461, 464, 475, 479, 482, 484, 485, 489, 495, 503, 509, 512, 526, 530, 531, 536, 537, 539, 540, 541, 547, 553, 556, 559, 560, 564, 565, 567, 568, 569, 572, 575, 576, 577, 580, 582, 591, 592, 593, 595, 597, 604, 608, 609, 611, 612, 615, 617, 620, 621, 624, 631, 632, 635, 645, 646, 647, 659, 667, 669, 672, 673, 675, 677, 679, 680, 683, 684, 687, 691, 692, 693, 696, 697, 698, 699, 701, 709, 711, 716, 723, 726, 730, 732, 734, 739, 740, 743, 751, 752, 753, 757, 759, 761, 765, 772, 778, 779, 783, 784, 787, 792, 793, 801, 804, 810, 813, 815, 817, 820, 831, 834, 842, 844, 845, 851, 853, 854, 857, 859, 863, 867, 869, 874, 878, 880, 883, 885, 886]
[0, 17, 21, 29, 47, 49, 58, 64, 70, 83, 85, 95, 104, 110, 124, 128, 142, 145, 151, 155, 156, 164, 179, 184, 188, 189, 202, 228, 249, 261, 273, 274, 275, 279, 285, 293, 296, 316, 319, 331, 334, 337, 348, 382, 383, 386, 402, 412, 413, 414, 420, 436, 465, 467, 470, 480, 488, 494, 495, 498, 502, 503, 511, 522, 529, 540, 543, 546, 563, 570, 571, 586, 588, 589, 595, 598, 599, 602, 608, 612, 619, 621, 627, 648, 651, 660, 662, 664, 666, 671, 678, 679, 693, 695, 697, 703, 706, 709, 710, 713, 721, 729, 734, 739, 749, 753, 765, 767, 772, 773, 777, 784, 797, 803, 808, 817, 821, 824, 826, 833, 836, 839, 843, 845, 846, 851, 860, 875, 876, 887]

[0, 3, 8, 14, 18, 22, 23, 25, 29, 33, 38, 42, 43, 44, 45, 46, 49, 50, 51, 53, 58, 59, 60, 61, 62, 63, 64, 65, 66, 70, 71, 72, 73, 80, 83, 85, 86, 88, 96, 98, 102, 106, 111, 114, 122, 123, 125, 127, 129, 132, 133, 134, 137, 141, 142, 144, 147, 148, 150, 155, 156, 160, 162, 166, 167, 170, 171, 173, 174, 177, 182, 185, 194, 198, 200, 207, 208, 210, 213, 215, 217, 220, 223, 229, 232, 239, 244, 246, 247, 251, 253, 254, 255, 259, 260, 266, 267, 272, 277, 278, 280, 282, 288, 290, 293, 297, 299, 300, 304, 305, 306, 307, 311, 312, 314, 316, 319, 323, 329, 330, 335, 338, 340, 341, 348, 349, 350, 353, 361, 366, 369, 370, 372, 374, 376, 378, 379, 380, 386, 389, 392, 396, 398, 403, 407, 408, 409, 410, 414, 415, 423, 424, 425, 428, 434, 435, 438, 441, 445, 447, 448, 449, 450, 451, 452, 453, 459, 461, 464, 475, 479, 482, 484, 485, 489, 495, 503, 505, 509, 512, 520, 521, 523, 526, 530, 531, 532, 536, 537, 539, 540, 541, 547, 553, 556, 559, 560, 564, 565, 567, 568, 569, 572, 575, 576, 577, 580, 582, 591, 592, 593, 595, 597, 604, 608, 609, 610, 611, 612, 613, 615, 617, 620, 621, 624, 625, 631, 632, 635, 645, 646, 647, 652, 659, 667, 669, 672, 673, 675, 677, 679, 680, 683, 684, 687, 691, 692, 693, 696, 697, 698, 699, 701, 709, 711, 716, 723, 726, 730, 732, 734, 739, 740, 743, 751, 752, 753, 757, 759, 761, 765, 772, 774, 778, 779, 783, 784, 787, 792, 793, 801, 804, 810, 813, 815, 817, 820, 822, 831, 833, 834, 842, 844, 845, 851, 853, 854, 857, 859, 863, 867, 868, 869, 874, 878, 880, 883, 885, 886, 889]
[0, 17, 21, 29, 47, 49, 58, 64, 70, 83, 85, 95, 104, 110, 124, 128, 142, 145, 151, 155, 156, 164, 179, 184, 188, 189, 202, 228, 249, 261, 273, 274, 275, 279, 285, 293, 296, 316, 319, 331, 334, 337, 348, 382, 383, 386, 402, 412, 413, 414, 420, 436, 465, 467, 470, 480, 488, 494, 495, 498, 502, 503, 511, 522, 529, 540, 543, 546, 563, 570, 571, 586, 588, 589, 595, 598, 599, 602, 608, 612, 619, 621, 627, 648, 651, 660, 662, 664, 666, 671, 678, 679, 693, 695, 697, 703, 706, 709, 710, 713, 721, 729, 734, 739, 749, 753, 765, 767, 772, 773, 777, 784, 797, 803, 808, 817, 821, 824, 826, 833, 836, 839, 843, 845, 846, 851, 860, 875, 876, 887]

[0, 3, 8, 13, 14, 18, 22, 23, 25, 29, 33, 38, 42, 43, 44, 45, 46, 49, 50, 51, 53, 58, 59, 60, 61, 62, 63, 64, 65, 66, 67, 70, 71, 72, 73, 77, 80, 83, 85, 86, 88, 96, 98, 102, 106, 111, 114, 122, 123, 125, 127, 129, 132, 133, 134, 137, 141, 142, 144, 147, 148, 150, 154, 155, 156, 160, 162, 166, 167, 170, 171, 173, 174, 177, 182, 185, 194, 198, 200, 207, 208, 210, 213, 215, 217, 220, 221, 223, 224, 229, 231, 232, 239, 244, 246, 247, 251, 253, 254, 255, 259, 260, 266, 267, 272, 277, 278, 280, 282, 288, 290, 291, 293, 297, 299, 300, 304, 305, 306, 307, 311, 312, 314, 316, 319, 323, 329, 330, 335, 338, 340, 341, 344, 348, 349, 350, 353, 360, 361, 366, 369, 370, 372, 374, 376, 378, 379, 380, 386, 389, 392, 396, 398, 403, 407, 408, 409, 410, 414, 415, 423, 424, 425, 428, 429, 434, 435, 438, 441, 445, 447, 448, 449, 450, 451, 452, 453, 459, 461, 463, 464, 467, 475, 479, 482, 484, 485, 489, 495, 496, 503, 505, 509, 512, 520, 521, 522, 523, 524, 526, 530, 531, 532, 536, 537, 538, 539, 540, 541, 547, 551, 553, 556, 559, 560, 564, 565, 567, 568, 569, 572, 575, 576, 577, 580, 582, 591, 592, 593, 595, 597, 604, 608, 609, 610, 611, 612, 613, 615, 617, 620, 621, 624, 625, 631, 632, 635, 645, 646, 647, 652, 655, 659, 667, 669, 670, 672, 673, 675, 677, 679, 680, 683, 684, 687, 691, 692, 693, 696, 697, 698, 699, 701, 703, 708, 709, 711, 716, 723, 726, 730, 732, 734, 739, 740, 743, 751, 752, 753, 757, 759, 761, 765, 772, 774, 778, 779, 783, 784, 787, 792, 793, 801, 804, 810, 812, 813, 815, 817, 819, 820, 822, 831, 833, 834, 842, 844, 845, 851, 853, 854, 857, 859, 863, 867, 868, 869, 874, 877, 878, 880, 883, 885, 886, 889]
[0, 17, 21, 29, 47, 49, 58, 64, 70, 83, 85, 95, 104, 110, 124, 128, 142, 145, 151, 155, 156, 164, 179, 184, 188, 189, 202, 228, 249, 261, 273, 274, 275, 279, 285, 293, 296, 316, 319, 331, 334, 337, 348, 382, 383, 386, 402, 412, 413, 414, 420, 436, 465, 467, 470, 480, 488, 494, 495, 498, 502, 503, 511, 522, 529, 540, 543, 546, 563, 570, 571, 586, 588, 589, 595, 598, 599, 602, 608, 612, 619, 621, 627, 648, 651, 660, 662, 664, 666, 671, 678, 679, 693, 695, 697, 703, 706, 709, 710, 713, 721, 729, 734, 739, 749, 753, 765, 767, 772, 773, 777, 784, 797, 803, 808, 817, 821, 824, 826, 833, 836, 839, 843, 845, 846, 851, 860, 875, 876, 887]

[0, 3, 8, 13, 14, 16, 18, 22, 23, 25, 29, 33, 38, 42, 43, 44, 45, 46, 49, 50, 51, 53, 56, 58, 59, 60, 61, 62, 63, 64, 65, 66, 67, 70, 71, 72, 73, 77, 80, 83, 85, 86, 87, 88, 93, 96, 98, 102, 106, 111, 114, 122, 123, 124, 125, 127, 129, 132, 133, 134, 137, 141, 142, 144, 147, 148, 150, 151, 154, 155, 156, 160, 162, 166, 167, 170, 171, 173, 174, 177, 178, 182, 185, 194, 198, 200, 207, 208, 210, 213, 215, 217, 220, 221, 223, 224, 229, 231, 232, 236, 239, 244, 246, 247, 251, 253, 254, 255, 259, 260, 263, 266, 267, 272, 277, 278, 280, 282, 283, 285, 288, 290, 291, 293, 297, 299, 300, 304, 305, 306, 307, 311, 312, 314, 316, 318, 319, 323, 329, 330, 335, 338, 340, 341, 343, 344, 348, 349, 350, 353, 360, 361, 366, 369, 370, 372, 374, 376, 378, 379, 380, 386, 389, 392, 396, 398, 403, 407, 408, 409, 410, 414, 415, 418, 423, 424, 425, 428, 429, 432, 434, 435, 438, 441, 445, 447, 448, 449, 450, 451, 452, 453, 459, 461, 463, 464, 467, 468, 475, 479, 482, 484, 485, 489, 495, 496, 503, 505, 509, 512, 517, 520, 521, 522, 523, 524, 526, 530, 531, 532, 536, 537, 538, 539, 540, 541, 547, 551, 553, 556, 559, 560, 564, 565, 567, 568, 569, 572, 575, 576, 577, 580, 582, 585, 587, 591, 592, 593, 595, 597, 604, 605, 607, 608, 609, 610, 611, 612, 613, 615, 617, 620, 621, 624, 625, 631, 632, 635, 645, 646, 647, 652, 655, 659, 663, 667, 669, 670, 672, 673, 675, 677, 679, 680, 683, 684, 687, 691, 692, 693, 696, 697, 698, 699, 701, 703, 708, 709, 711, 716, 723, 726, 730, 732, 734, 739, 740, 743, 751, 752, 753, 757, 759, 761, 765, 772, 774, 778, 779, 783, 784, 787, 792, 793, 801, 804, 810, 812, 813, 815, 817, 818, 819, 820, 822, 831, 833, 834, 842, 844, 845, 847, 851, 853, 854, 857, 859, 863, 865, 867, 868, 869, 874, 877, 878, 880, 883, 885, 886, 889]
[0, 17, 21, 29, 47, 49, 58, 64, 70, 83, 85, 95, 104, 110, 124, 128, 142, 145, 151, 155, 156, 164, 179, 184, 188, 189, 202, 228, 249, 261, 273, 274, 275, 279, 285, 293, 296, 316, 319, 331, 334, 337, 348, 382, 383, 386, 402, 412, 413, 414, 420, 436, 465, 467, 470, 480, 488, 494, 495, 498, 502, 503, 511, 522, 529, 540, 543, 546, 563, 570, 571, 586, 588, 589, 595, 598, 599, 602, 608, 612, 619, 621, 627, 648, 651, 660, 662, 664, 666, 671, 678, 679, 693, 695, 697, 703, 706, 709, 710, 713, 721, 729, 734, 739, 749, 753, 765, 767, 772, 773, 777, 784, 797, 803, 808, 817, 821, 824, 826, 833, 836, 839, 843, 845, 846, 851, 860, 875, 876, 887]

[0, 3, 6, 8, 12, 13, 14, 16, 18, 22, 23, 25, 29, 30, 33, 38, 42, 43, 44, 45, 46, 49, 50, 51, 53, 56, 58, 59, 60, 61, 62, 63, 64, 65, 66, 67, 70, 71, 72, 73, 76, 77, 80, 83, 85, 86, 87, 88, 93, 96, 98, 102, 106, 111, 114, 122, 123, 124, 125, 127, 129, 132, 133, 134, 137, 141, 142, 144, 147, 148, 150, 151, 154, 155, 156, 160, 162, 166, 167, 170, 171, 173, 174, 177, 178, 182, 185, 187, 190, 192, 194, 198, 200, 207, 208, 210, 213, 215, 217, 219, 220, 221, 223, 224, 229, 231, 232, 236, 239, 244, 245, 246, 247, 251, 253, 254, 255, 259, 260, 263, 266, 267, 272, 273, 277, 278, 280, 282, 283, 285, 288, 290, 291, 293, 297, 299, 300, 304, 305, 306, 307, 308, 311, 312, 314, 315, 316, 318, 319, 323, 329, 330, 335, 338, 340, 341, 343, 344, 348, 349, 350, 353, 360, 361, 366, 369, 370, 372, 374, 376, 378, 379, 380, 383, 386, 389, 392, 396, 398, 401, 403, 407, 408, 409, 410, 411, 414, 415, 418, 423, 424, 425, 428, 429, 432, 434, 435, 438, 441, 445, 447, 448, 449, 450, 451, 452, 453, 455, 459, 461, 463, 464, 467, 468, 475, 479, 482, 484, 485, 489, 495, 496, 503, 505, 509, 512, 517, 520, 521, 522, 523, 524, 526, 530, 531, 532, 536, 537, 538, 539, 540, 541, 547, 550, 551, 552, 553, 556, 559, 560, 564, 565, 567, 568, 569, 572, 575, 576, 577, 580, 582, 585, 587, 591, 592, 593, 595, 597, 604, 605, 607, 608, 609, 610, 611, 612, 613, 615, 617, 620, 621, 624, 625, 631, 632, 635, 645, 646, 647, 652, 655, 659, 663, 667, 669, 670, 672, 673, 675, 677, 679, 680, 683, 684, 685, 687, 691, 692, 693, 696, 697, 698, 699, 701, 703, 708, 709, 711, 716, 723, 726, 730, 732, 734, 739, 740, 743, 744, 751, 752, 753, 757, 759, 761, 765, 772, 774, 778, 779, 783, 784, 787, 789, 792, 793, 797, 801, 804, 810, 812, 813, 815, 817, 818, 819, 820, 822, 826, 831, 833, 834, 842, 844, 845, 846, 847, 851, 853, 854, 857, 859, 863, 865, 867, 868, 869, 874, 876, 877, 878, 880, 883, 885, 886, 889]
[0, 17, 21, 29, 47, 49, 58, 64, 70, 83, 85, 95, 104, 110, 124, 128, 142, 145, 151, 155, 156, 164, 179, 184, 188, 189, 202, 228, 249, 261, 273, 274, 275, 279, 285, 293, 296, 316, 319, 331, 334, 337, 348, 382, 383, 386, 402, 412, 413, 414, 420, 436, 465, 467, 470, 480, 488, 494, 495, 498, 502, 503, 511, 522, 529, 540, 543, 546, 563, 570, 571, 586, 588, 589, 595, 598, 599, 602, 608, 612, 619, 621, 627, 648, 651, 660, 662, 664, 666, 671, 678, 679, 693, 695, 697, 703, 706, 709, 710, 713, 721, 729, 734, 739, 749, 753, 765, 767, 772, 773, 777, 784, 797, 803, 808, 817, 821, 824, 826, 833, 836, 839, 843, 845, 846, 851, 860, 875, 876, 887]

[0, 3, 6, 8, 9, 10, 12, 13, 14, 16, 18, 22, 23, 25, 29, 30, 33, 38, 42, 43, 44, 45, 46, 47, 49, 50, 51, 53, 56, 58, 59, 60, 61, 62, 63, 64, 65, 66, 67, 70, 71, 72, 73, 76, 77, 80, 83, 85, 86, 87, 88, 90, 93, 96, 98, 102, 106, 111, 114, 122, 123, 124, 125, 127, 129, 132, 133, 134, 137, 141, 142, 144, 147, 148, 150, 151, 154, 155, 156, 160, 162, 163, 166, 167, 169, 170, 171, 173, 174, 176, 177, 178, 182, 185, 187, 190, 192, 194, 198, 200, 207, 208, 210, 213, 215, 216, 217, 219, 220, 221, 223, 224, 225, 229, 231, 232, 236, 239, 244, 245, 246, 247, 251, 253, 254, 255, 259, 260, 263, 266, 267, 270, 272, 273, 277, 278, 280, 282, 283, 285, 288, 290, 291, 293, 294, 297, 299, 300, 304, 305, 306, 307, 308, 311, 312, 314, 315, 316, 318, 319, 323, 327, 329, 330, 335, 337, 338, 340, 341, 343, 344, 345, 347, 348, 349, 350, 353, 360, 361, 366, 369, 370, 372, 374, 376, 378, 379, 380, 383, 385, 386, 389, 392, 396, 398, 401, 403, 407, 408, 409, 410, 411, 414, 415, 418, 423, 424, 425, 428, 429, 432, 434, 435, 438, 441, 445, 447, 448, 449, 450, 451, 452, 453, 455, 459, 461, 463, 464, 467, 468, 475, 479, 482, 484, 485, 489, 493, 495, 496, 502, 503, 505, 509, 512, 517, 520, 521, 522, 523, 524, 526, 530, 531, 532, 536, 537, 538, 539, 540, 541, 547, 550, 551, 552, 553, 556, 559, 560, 564, 565, 567, 568, 569, 572, 575, 576, 577, 580, 582, 585, 586, 587, 591, 592, 593, 595, 597, 604, 605, 607, 608, 609, 610, 611, 612, 613, 615, 617, 620, 621, 624, 625, 631, 632, 635, 645, 646, 647, 652, 655, 659, 663, 667, 669, 670, 672, 673, 675, 677, 679, 680, 683, 684, 685, 687, 691, 692, 693, 696, 697, 698, 699, 701, 703, 705, 708, 709, 710, 711, 716, 718, 723, 726, 730, 732, 734, 739, 740, 743, 744, 751, 752, 753, 757, 759, 761, 765, 772, 774, 778, 779, 783, 784, 786, 787, 789, 792, 793, 797, 801, 804, 810, 812, 813, 815, 817, 818, 819, 820, 822, 826, 828, 831, 833, 834, 842, 844, 845, 846, 847, 851, 853, 854, 857, 859, 860, 863, 865, 867, 868, 869, 874, 876, 877, 878, 880, 883, 885, 886, 889]
[0, 17, 21, 29, 47, 49, 58, 64, 70, 83, 85, 95, 104, 110, 124, 128, 142, 145, 151, 155, 156, 164, 179, 184, 188, 189, 202, 228, 249, 261, 273, 274, 275, 279, 285, 293, 296, 316, 319, 331, 334, 337, 348, 382, 383, 386, 402, 412, 413, 414, 420, 436, 465, 467, 470, 480, 488, 494, 495, 498, 502, 503, 511, 522, 529, 540, 543, 546, 563, 570, 571, 586, 588, 589, 595, 598, 599, 602, 608, 612, 619, 621, 627, 648, 651, 660, 662, 664, 666, 671, 678, 679, 693, 695, 697, 703, 706, 709, 710, 713, 721, 729, 734, 739, 749, 753, 765, 767, 772, 773, 777, 784, 797, 803, 808, 817, 821, 824, 826, 833, 836, 839, 843, 845, 846, 851, 860, 875, 876, 887]

[0, 3, 6, 8, 9, 10, 12, 13, 14, 16, 18, 22, 23, 25, 29, 30, 33, 38, 42, 43, 44, 45, 46, 47, 49, 50, 51, 53, 56, 58, 59, 60, 61, 62, 63, 64, 65, 66, 67, 70, 71, 72, 73, 76, 77, 80, 83, 85, 86, 87, 88, 90, 93, 95, 96, 98, 101, 102, 106, 110, 111, 114, 116, 122, 123, 124, 125, 127, 129, 132, 133, 134, 135, 137, 141, 142, 144, 147, 148, 150, 151, 154, 155, 156, 160, 162, 163, 166, 167, 169, 170, 171, 173, 174, 176, 177, 178, 182, 185, 187, 189, 190, 192, 194, 198, 200, 207, 208, 210, 213, 215, 216, 217, 219, 220, 221, 223, 224, 225, 229, 231, 232, 236, 239, 243, 244, 245, 246, 247, 251, 253, 254, 255, 259, 260, 263, 266, 267, 270, 272, 273, 277, 278, 280, 282, 283, 285, 288, 290, 291, 293, 294, 295, 297, 299, 300, 304, 305, 306, 307, 308, 311, 312, 314, 315, 316, 318, 319, 323, 327, 329, 330, 335, 337, 338, 339, 340, 341, 343, 344, 345, 347, 348, 349, 350, 353, 360, 361, 366, 367, 369, 370, 372, 374, 376, 378, 379, 380, 381, 383, 385, 386, 387, 389, 392, 396, 398, 401, 403, 407, 408, 409, 410, 411, 414, 415, 418, 423, 424, 425, 428, 429, 432, 434, 435, 438, 441, 445, 447, 448, 449, 450, 451, 452, 453, 455, 459, 461, 463, 464, 467, 468, 469, 475, 479, 482, 484, 485, 489, 493, 495, 496, 502, 503, 505, 509, 512, 517, 520, 521, 522, 523, 524, 526, 530, 531, 532, 536, 537, 538, 539, 540, 541, 547, 550, 551, 552, 553, 556, 559, 560, 564, 565, 567, 568, 569, 572, 575, 576, 577, 580, 582, 585, 586, 587, 591, 592, 593, 595, 597, 604, 605, 607, 608, 609, 610, 611, 612, 613, 615, 616, 617, 620, 621, 624, 625, 631, 632, 635, 641, 644, 645, 646, 647, 652, 655, 659, 663, 667, 669, 670, 672, 673, 675, 677, 679, 680, 681, 683, 684, 685, 687, 691, 692, 693, 696, 697, 698, 699, 701, 703, 705, 706, 708, 709, 710, 711, 716, 718, 722, 723, 726, 730, 732, 734, 738, 739, 740, 742, 743, 744, 747, 751, 752, 753, 757, 759, 761, 765, 772, 774, 778, 779, 783, 784, 786, 787, 789, 791, 792, 793, 794, 797, 801, 804, 810, 812, 813, 815, 817, 818, 819, 820, 822, 826, 828, 831, 833, 834, 842, 844, 845, 846, 847, 851, 853, 854, 857, 859, 860, 863, 865, 866, 867, 868, 869, 874, 876, 877, 878, 880, 883, 885, 886, 889]
[0, 17, 21, 29, 47, 49, 58, 64, 70, 83, 85, 95, 104, 110, 124, 128, 142, 145, 151, 155, 156, 164, 179, 184, 188, 189, 202, 228, 249, 261, 273, 274, 275, 279, 285, 293, 296, 316, 319, 331, 334, 337, 348, 382, 383, 386, 402, 412, 413, 414, 420, 436, 465, 467, 470, 480, 488, 494, 495, 498, 502, 503, 511, 522, 529, 540, 543, 546, 563, 570, 571, 586, 588, 589, 595, 598, 599, 602, 608, 612, 619, 621, 627, 648, 651, 660, 662, 664, 666, 671, 678, 679, 693, 695, 697, 703, 706, 709, 710, 713, 721, 729, 734, 739, 749, 753, 765, 767, 772, 773, 777, 784, 797, 803, 808, 817, 821, 824, 826, 833, 836, 839, 843, 845, 846, 851, 860, 875, 876, 887]

[0, 3, 6, 8, 9, 10, 12, 13, 14, 16, 18, 22, 23, 25, 26, 29, 30, 33, 38, 42, 43, 44, 45, 46, 47, 49, 50, 51, 53, 56, 58, 59, 60, 61, 62, 63, 64, 65, 66, 67, 70, 71, 72, 73, 76, 77, 80, 83, 85, 86, 87, 88, 90, 93, 95, 96, 98, 101, 102, 106, 110, 111, 114, 116, 122, 123, 124, 125, 127, 129, 130, 132, 133, 134, 135, 137, 141, 142, 144, 147, 148, 149, 150, 151, 152, 154, 155, 156, 157, 160, 162, 163, 166, 167, 169, 170, 171, 173, 174, 176, 177, 178, 182, 185, 187, 189, 190, 192, 193, 194, 198, 200, 207, 208, 210, 213, 215, 216, 217, 219, 220, 221, 223, 224, 225, 229, 231, 232, 236, 239, 243, 244, 245, 246, 247, 248, 251, 253, 254, 255, 258, 259, 260, 263, 266, 267, 270, 272, 273, 277, 278, 280, 282, 283, 285, 288, 290, 291, 293, 294, 295, 297, 299, 300, 301, 304, 305, 306, 307, 308, 311, 312, 314, 315, 316, 318, 319, 323, 324, 327, 329, 330, 335, 337, 338, 339, 340, 341, 343, 344, 345, 347, 348, 349, 350, 353, 357, 360, 361, 366, 367, 369, 370, 372, 374, 376, 377, 378, 379, 380, 381, 383, 385, 386, 387, 389, 392, 396, 398, 401, 403, 407, 408, 409, 410, 411, 414, 415, 418, 423, 424, 425, 428, 429, 432, 434, 435, 438, 440, 441, 443, 445, 447, 448, 449, 450, 451, 452, 453, 455, 459, 461, 463, 464, 467, 468, 469, 475, 479, 482, 484, 485, 489, 493, 495, 496, 502, 503, 505, 509, 512, 517, 520, 521, 522, 523, 524, 526, 530, 531, 532, 536, 537, 538, 539, 540, 541, 547, 549, 550, 551, 552, 553, 556, 557, 559, 560, 564, 565, 567, 568, 569, 572, 575, 576, 577, 580, 582, 585, 586, 587, 591, 592, 593, 595, 597, 604, 605, 607, 608, 609, 610, 611, 612, 613, 615, 616, 617, 620, 621, 624, 625, 631, 632, 635, 641, 644, 645, 646, 647, 652, 655, 659, 663, 664, 667, 669, 670, 672, 673, 675, 677, 679, 680, 681, 682, 683, 684, 685, 687, 688, 691, 692, 693, 696, 697, 698, 699, 701, 703, 705, 706, 708, 709, 710, 711, 716, 718, 722, 723, 726, 730, 732, 734, 738, 739, 740, 742, 743, 744, 745, 747, 751, 752, 753, 757, 759, 760, 761, 765, 772, 774, 777, 778, 779, 783, 784, 786, 787, 789, 791, 792, 793, 794, 797, 801, 804, 810, 812, 813, 815, 817, 818, 819, 820, 822, 826, 828, 830, 831, 833, 834, 842, 844, 845, 846, 847, 848, 851, 853, 854, 857, 859, 860, 863, 865, 866, 867, 868, 869, 874, 876, 877, 878, 879, 880, 883, 885, 886, 889]
[0, 17, 21, 29, 47, 49, 58, 64, 70, 83, 85, 95, 104, 110, 124, 128, 142, 145, 151, 155, 156, 164, 179, 184, 188, 189, 202, 228, 249, 261, 273, 274, 275, 279, 285, 293, 296, 316, 319, 331, 334, 337, 348, 382, 383, 386, 402, 412, 413, 414, 420, 436, 465, 467, 470, 480, 488, 494, 495, 498, 502, 503, 511, 522, 529, 540, 543, 546, 563, 570, 571, 586, 588, 589, 595, 598, 599, 602, 608, 612, 619, 621, 627, 648, 651, 660, 662, 664, 666, 671, 678, 679, 693, 695, 697, 703, 706, 709, 710, 713, 721, 729, 734, 739, 749, 753, 765, 767, 772, 773, 777, 784, 797, 803, 808, 817, 821, 824, 826, 833, 836, 839, 843, 845, 846, 851, 860, 875, 876, 887]

[0, 3, 6, 8, 9, 10, 12, 13, 14, 16, 18, 20, 22, 23, 25, 26, 29, 30, 33, 38, 39, 40, 42, 43, 44, 45, 46, 47, 49, 50, 51, 53, 56, 58, 59, 60, 61, 62, 63, 64, 65, 66, 67, 70, 71, 72, 73, 75, 76, 77, 80, 83, 85, 86, 87, 88, 90, 93, 95, 96, 98, 101, 102, 106, 110, 111, 114, 116, 119, 120, 122, 123, 124, 125, 127, 129, 130, 132, 133, 134, 135, 137, 141, 142, 144, 147, 148, 149, 150, 151, 152, 154, 155, 156, 157, 160, 162, 163, 166, 167, 169, 170, 171, 173, 174, 176, 177, 178, 182, 185, 187, 189, 190, 192, 193, 194, 198, 199, 200, 207, 208, 210, 213, 215, 216, 217, 219, 220, 221, 223, 224, 225, 229, 231, 232, 236, 238, 239, 243, 244, 245, 246, 247, 248, 251, 253, 254, 255, 258, 259, 260, 263, 266, 267, 270, 272, 273, 277, 278, 280, 282, 283, 285, 288, 290, 291, 293, 294, 295, 297, 299, 300, 301, 304, 305, 306, 307, 308, 309, 311, 312, 314, 315, 316, 318, 319, 321, 323, 324, 327, 329, 330, 335, 337, 338, 339, 340, 341, 343, 344, 345, 347, 348, 349, 350, 353, 357, 360, 361, 366, 367, 369, 370, 372, 374, 376, 377, 378, 379, 380, 381, 383, 385, 386, 387, 389, 392, 396, 398, 401, 403, 407, 408, 409, 410, 411, 414, 415, 418, 423, 424, 425, 428, 429, 432, 433, 434, 435, 438, 440, 441, 443, 445, 447, 448, 449, 450, 451, 452, 453, 455, 459, 461, 463, 464, 467, 468, 469, 475, 479, 482, 484, 485, 487, 489, 492, 493, 495, 496, 502, 503, 505, 509, 511, 512, 513, 515, 517, 519, 520, 521, 522, 523, 524, 526, 527, 530, 531, 532, 534, 536, 537, 538, 539, 540, 541, 547, 549, 550, 551, 552, 553, 555, 556, 557, 559, 560, 564, 565, 567, 568, 569, 572, 575, 576, 577, 580, 582, 585, 586, 587, 591, 592, 593, 595, 597, 604, 605, 607, 608, 609, 610, 611, 612, 613, 615, 616, 617, 620, 621, 624, 625, 631, 632, 635, 641, 644, 645, 646, 647, 652, 655, 659, 662, 663, 664, 667, 669, 670, 672, 673, 675, 677, 679, 680, 681, 682, 683, 684, 685, 687, 688, 691, 692, 693, 696, 697, 698, 699, 701, 702, 703, 705, 706, 708, 709, 710, 711, 716, 718, 722, 723, 726, 730, 732, 734, 738, 739, 740, 742, 743, 744, 745, 747, 751, 752, 753, 757, 759, 760, 761, 765, 769, 772, 774, 777, 778, 779, 783, 784, 786, 787, 788, 789, 791, 792, 793, 794, 797, 801, 804, 810, 812, 813, 815, 817, 818, 819, 820, 822, 826, 828, 830, 831, 833, 834, 842, 844, 845, 846, 847, 848, 851, 853, 854, 857, 859, 860, 863, 865, 866, 867, 868, 869, 874, 875, 876, 877, 878, 879, 880, 883, 885, 886, 889]
[0, 17, 21, 29, 47, 49, 58, 64, 70, 83, 85, 95, 104, 110, 124, 128, 142, 145, 151, 155, 156, 164, 179, 184, 188, 189, 202, 228, 249, 261, 273, 274, 275, 279, 285, 293, 296, 316, 319, 331, 334, 337, 348, 382, 383, 386, 402, 412, 413, 414, 420, 436, 465, 467, 470, 480, 488, 494, 495, 498, 502, 503, 511, 522, 529, 540, 543, 546, 563, 570, 571, 586, 588, 589, 595, 598, 599, 602, 608, 612, 619, 621, 627, 648, 651, 660, 662, 664, 666, 671, 678, 679, 693, 695, 697, 703, 706, 709, 710, 713, 721, 729, 734, 739, 749, 753, 765, 767, 772, 773, 777, 784, 797, 803, 808, 817, 821, 824, 826, 833, 836, 839, 843, 845, 846, 851, 860, 875, 876, 887]

[0, 3, 6, 8, 9, 10, 12, 13, 14, 16, 18, 20, 22, 23, 25, 26, 29, 30, 33, 38, 39, 40, 42, 43, 44, 45, 46, 47, 49, 50, 51, 53, 56, 58, 59, 60, 61, 62, 63, 64, 65, 66, 67, 70, 71, 72, 73, 75, 76, 77, 80, 81, 83, 85, 86, 87, 88, 90, 93, 95, 96, 98, 99, 101, 102, 106, 110, 111, 114, 115, 116, 119, 120, 122, 123, 124, 125, 127, 128, 129, 130, 132, 133, 134, 135, 137, 141, 142, 144, 147, 148, 149, 150, 151, 152, 154, 155, 156, 157, 160, 162, 163, 165, 166, 167, 169, 170, 171, 173, 174, 176, 177, 178, 182, 185, 187, 188, 189, 190, 192, 193, 194, 198, 199, 200, 207, 208, 210, 213, 215, 216, 217, 219, 220, 221, 223, 224, 225, 229, 231, 232, 236, 238, 239, 243, 244, 245, 246, 247, 248, 251, 253, 254, 255, 258, 259, 260, 263, 266, 267, 270, 272, 273, 277, 278, 280, 282, 283, 285, 288, 290, 291, 293, 294, 295, 297, 299, 300, 301, 304, 305, 306, 307, 308, 309, 311, 312, 314, 315, 316, 318, 319, 320, 321, 323, 324, 327, 329, 330, 335, 337, 338, 339, 340, 341, 343, 344, 345, 347, 348, 349, 350, 353, 357, 360, 361, 366, 367, 369, 370, 372, 374, 376, 377, 378, 379, 380, 381, 383, 385, 386, 387, 389, 392, 396, 398, 401, 403, 407, 408, 409, 410, 411, 414, 415, 417, 418, 423, 424, 425, 428, 429, 431, 432, 433, 434, 435, 438, 440, 441, 443, 444, 445, 447, 448, 449, 450, 451, 452, 453, 455, 459, 461, 463, 464, 467, 468, 469, 471, 475, 479, 482, 484, 485, 486, 487, 489, 492, 493, 495, 496, 502, 503, 505, 509, 511, 512, 513, 515, 517, 519, 520, 521, 522, 523, 524, 526, 527, 530, 531, 532, 534, 536, 537, 538, 539, 540, 541, 547, 549, 550, 551, 552, 553, 554, 555, 556, 557, 559, 560, 564, 565, 567, 568, 569, 572, 575, 576, 577, 580, 582, 585, 586, 587, 588, 591, 592, 593, 595, 597, 599, 603, 604, 605, 606, 607, 608, 609, 610, 611, 612, 613, 615, 616, 617, 620, 621, 624, 625, 631, 632, 635, 641, 644, 645, 646, 647, 651, 652, 655, 657, 659, 662, 663, 664, 667, 669, 670, 672, 673, 675, 677, 679, 680, 681, 682, 683, 684, 685, 687, 688, 691, 692, 693, 696, 697, 698, 699, 701, 702, 703, 705, 706, 708, 709, 710, 711, 716, 718, 722, 723, 726, 730, 732, 734, 738, 739, 740, 742, 743, 744, 745, 747, 751, 752, 753, 757, 759, 760, 761, 765, 769, 772, 774, 777, 778, 779, 782, 783, 784, 785, 786, 787, 788, 789, 791, 792, 793, 794, 797, 801, 802, 803, 804, 810, 812, 813, 815, 816, 817, 818, 819, 820, 822, 823, 826, 828, 830, 831, 833, 834, 842, 844, 845, 846, 847, 848, 851, 853, 854, 857, 859, 860, 863, 865, 866, 867, 868, 869, 874, 875, 876, 877, 878, 879, 880, 883, 885, 886, 889]
[0, 17, 21, 29, 47, 49, 58, 64, 70, 83, 85, 95, 104, 110, 124, 128, 142, 145, 151, 155, 156, 164, 179, 184, 188, 189, 202, 228, 249, 261, 273, 274, 275, 279, 285, 293, 296, 316, 319, 331, 334, 337, 348, 382, 383, 386, 402, 412, 413, 414, 420, 436, 465, 467, 470, 480, 488, 494, 495, 498, 502, 503, 511, 522, 529, 540, 543, 546, 563, 570, 571, 586, 588, 589, 595, 598, 599, 602, 608, 612, 619, 621, 627, 648, 651, 660, 662, 664, 666, 671, 678, 679, 693, 695, 697, 703, 706, 709, 710, 713, 721, 729, 734, 739, 749, 753, 765, 767, 772, 773, 777, 784, 797, 803, 808, 817, 821, 824, 826, 833, 836, 839, 843, 845, 846, 851, 860, 875, 876, 887]

[0, 3, 6, 8, 9, 10, 11, 12, 13, 14, 16, 18, 20, 22, 23, 25, 26, 27, 29, 30, 33, 37, 38, 39, 40, 42, 43, 44, 45, 46, 47, 48, 49, 50, 51, 53, 56, 58, 59, 60, 61, 62, 63, 64, 65, 66, 67, 70, 71, 72, 73, 75, 76, 77, 80, 81, 83, 85, 86, 87, 88, 90, 93, 95, 96, 98, 99, 101, 102, 106, 110, 111, 114, 115, 116, 119, 120, 122, 123, 124, 125, 127, 128, 129, 130, 132, 133, 134, 135, 137, 141, 142, 144, 147, 148, 149, 150, 151, 152, 153, 154, 155, 156, 157, 160, 162, 163, 165, 166, 167, 169, 170, 171, 173, 174, 176, 177, 178, 182, 185, 187, 188, 189, 190, 192, 193, 194, 198, 199, 200, 202, 207, 208, 210, 211, 213, 215, 216, 217, 219, 220, 221, 223, 224, 225, 229, 231, 232, 236, 238, 239, 241, 243, 244, 245, 246, 247, 248, 251, 253, 254, 255, 256, 258, 259, 260, 263, 266, 267, 270, 272, 273, 277, 278, 280, 282, 283, 285, 287, 288, 290, 291, 293, 294, 295, 297, 299, 300, 301, 304, 305, 306, 307, 308, 309, 311, 312, 314, 315, 316, 318, 319, 320, 321, 323, 324, 327, 329, 330, 333, 335, 337, 338, 339, 340, 341, 342, 343, 344, 345, 347, 348, 349, 350, 353, 357, 360, 361, 366, 367, 369, 370, 372, 374, 376, 377, 378, 379, 380, 381, 383, 385, 386, 387, 389, 392, 396, 398, 401, 403, 407, 408, 409, 410, 411, 414, 415, 417, 418, 419, 420, 423, 424, 425, 428, 429, 431, 432, 433, 434, 435, 438, 440, 441, 442, 443, 444, 445, 447, 448, 449, 450, 451, 452, 453, 455, 459, 461, 463, 464, 467, 468, 469, 471, 475, 479, 482, 484, 485, 486, 487, 489, 492, 493, 495, 496, 502, 503, 505, 506, 509, 511, 512, 513, 515, 517, 519, 520, 521, 522, 523, 524, 526, 527, 530, 531, 532, 533, 534, 536, 537, 538, 539, 540, 541, 542, 547, 549, 550, 551, 552, 553, 554, 555, 556, 557, 559, 560, 564, 565, 567, 568, 569, 572, 575, 576, 577, 578, 580, 582, 585, 586, 587, 588, 591, 592, 593, 595, 597, 599, 603, 604, 605, 606, 607, 608, 609, 610, 611, 612, 613, 615, 616, 617, 620, 621, 624, 625, 626, 631, 632, 635, 638, 641, 644, 645, 646, 647, 650, 651, 652, 655, 657, 659, 662, 663, 664, 667, 669, 670, 672, 673, 675, 677, 679, 680, 681, 682, 683, 684, 685, 687, 688, 691, 692, 693, 696, 697, 698, 699, 701, 702, 703, 705, 706, 708, 709, 710, 711, 716, 718, 722, 723, 724, 726, 729, 730, 732, 734, 738, 739, 740, 742, 743, 744, 745, 747, 751, 752, 753, 757, 759, 760, 761, 765, 769, 772, 774, 777, 778, 779, 782, 783, 784, 785, 786, 787, 788, 789, 791, 792, 793, 794, 797, 801, 802, 803, 804, 810, 812, 813, 815, 816, 817, 818, 819, 820, 822, 823, 826, 828, 830, 831, 833, 834, 839, 842, 844, 845, 846, 847, 848, 851, 853, 854, 857, 859, 860, 863, 865, 866, 867, 868, 869, 874, 875, 876, 877, 878, 879, 880, 883, 885, 886, 889]
[0, 17, 21, 29, 47, 49, 58, 64, 70, 83, 85, 95, 104, 110, 124, 128, 142, 145, 151, 155, 156, 164, 179, 184, 188, 189, 202, 228, 249, 261, 273, 274, 275, 279, 285, 293, 296, 316, 319, 331, 334, 337, 348, 382, 383, 386, 402, 412, 413, 414, 420, 436, 465, 467, 470, 480, 488, 494, 495, 498, 502, 503, 511, 522, 529, 540, 543, 546, 563, 570, 571, 586, 588, 589, 595, 598, 599, 602, 608, 612, 619, 621, 627, 648, 651, 660, 662, 664, 666, 671, 678, 679, 693, 695, 697, 703, 706, 709, 710, 713, 721, 729, 734, 739, 749, 753, 765, 767, 772, 773, 777, 784, 797, 803, 808, 817, 821, 824, 826, 833, 836, 839, 843, 845, 846, 851, 860, 875, 876, 887]

[0, 3, 6, 8, 9, 10, 11, 12, 13, 14, 16, 18, 20, 22, 23, 25, 26, 27, 29, 30, 33, 37, 38, 39, 40, 42, 43, 44, 45, 46, 47, 48, 49, 50, 51, 53, 56, 58, 59, 60, 61, 62, 63, 64, 65, 66, 67, 70, 71, 72, 73, 75, 76, 77, 80, 81, 83, 85, 86, 87, 88, 90, 91, 93, 95, 96, 97, 98, 99, 101, 102, 106, 110, 111, 114, 115, 116, 119, 120, 122, 123, 124, 125, 126, 127, 128, 129, 130, 132, 133, 134, 135, 137, 141, 142, 144, 147, 148, 149, 150, 151, 152, 153, 154, 155, 156, 157, 160, 162, 163, 165, 166, 167, 169, 170, 171, 173, 174, 176, 177, 178, 182, 185, 187, 188, 189, 190, 192, 193, 194, 198, 199, 200, 202, 207, 208, 210, 211, 213, 215, 216, 217, 219, 220, 221, 223, 224, 225, 229, 231, 232, 236, 238, 239, 241, 243, 244, 245, 246, 247, 248, 249, 251, 253, 254, 255, 256, 258, 259, 260, 263, 266, 267, 270, 272, 273, 277, 278, 280, 282, 283, 285, 287, 288, 290, 291, 293, 294, 295, 297, 299, 300, 301, 304, 305, 306, 307, 308, 309, 311, 312, 314, 315, 316, 318, 319, 320, 321, 323, 324, 327, 329, 330, 333, 335, 337, 338, 339, 340, 341, 342, 343, 344, 345, 347, 348, 349, 350, 353, 357, 360, 361, 366, 367, 369, 370, 372, 374, 375, 376, 377, 378, 379, 380, 381, 383, 385, 386, 387, 389, 391, 392, 396, 398, 401, 403, 407, 408, 409, 410, 411, 412, 414, 415, 416, 417, 418, 419, 420, 423, 424, 425, 428, 429, 431, 432, 433, 434, 435, 438, 439, 440, 441, 442, 443, 444, 445, 447, 448, 449, 450, 451, 452, 453, 455, 459, 461, 463, 464, 467, 468, 469, 471, 473, 475, 479, 482, 484, 485, 486, 487, 489, 492, 493, 495, 496, 502, 503, 505, 506, 508, 509, 511, 512, 513, 514, 515, 517, 519, 520, 521, 522, 523, 524, 526, 527, 530, 531, 532, 533, 534, 536, 537, 538, 539, 540, 541, 542, 547, 549, 550, 551, 552, 553, 554, 555, 556, 557, 559, 560, 564, 565, 567, 568, 569, 572, 575, 576, 577, 578, 580, 582, 583, 585, 586, 587, 588, 590, 591, 592, 593, 595, 597, 599, 603, 604, 605, 606, 607, 608, 609, 610, 611, 612, 613, 615, 616, 617, 620, 621, 624, 625, 626, 631, 632, 635, 636, 638, 641, 644, 645, 646, 647, 650, 651, 652, 655, 656, 657, 659, 662, 663, 664, 667, 669, 670, 672, 673, 675, 677, 678, 679, 680, 681, 682, 683, 684, 685, 687, 688, 690, 691, 692, 693, 695, 696, 697, 698, 699, 701, 702, 703, 705, 706, 708, 709, 710, 711, 716, 718, 722, 723, 724, 726, 729, 730, 732, 734, 738, 739, 740, 742, 743, 744, 745, 747, 751, 752, 753, 755, 757, 759, 760, 761, 762, 765, 769, 771, 772, 774, 777, 778, 779, 782, 783, 784, 785, 786, 787, 788, 789, 791, 792, 793, 794, 796, 797, 801, 802, 803, 804, 810, 811, 812, 813, 815, 816, 817, 818, 819, 820, 822, 823, 826, 828, 830, 831, 833, 834, 839, 842, 844, 845, 846, 847, 848, 851, 852, 853, 854, 857, 859, 860, 863, 865, 866, 867, 868, 869, 874, 875, 876, 877, 878, 879, 880, 883, 885, 886, 889]
[0, 17, 21, 29, 47, 49, 58, 64, 70, 83, 85, 95, 104, 110, 124, 128, 142, 145, 151, 155, 156, 164, 179, 184, 188, 189, 202, 228, 249, 261, 273, 274, 275, 279, 285, 293, 296, 316, 319, 331, 334, 337, 348, 382, 383, 386, 402, 412, 413, 414, 420, 436, 465, 467, 470, 480, 488, 494, 495, 498, 502, 503, 511, 522, 529, 540, 543, 546, 563, 570, 571, 586, 588, 589, 595, 598, 599, 602, 608, 612, 619, 621, 627, 648, 651, 660, 662, 664, 666, 671, 678, 679, 693, 695, 697, 703, 706, 709, 710, 713, 721, 729, 734, 739, 749, 753, 765, 767, 772, 773, 777, 784, 797, 803, 808, 817, 821, 824, 826, 833, 836, 839, 843, 845, 846, 851, 860, 875, 876, 887]

[0, 3, 5, 6, 8, 9, 10, 11, 12, 13, 14, 16, 18, 20, 22, 23, 25, 26, 27, 29, 30, 33, 37, 38, 39, 40, 42, 43, 44, 45, 46, 47, 48, 49, 50, 51, 53, 56, 58, 59, 60, 61, 62, 63, 64, 65, 66, 67, 70, 71, 72, 73, 75, 76, 77, 80, 81, 83, 85, 86, 87, 88, 90, 91, 92, 93, 94, 95, 96, 97, 98, 99, 101, 102, 106, 110, 111, 114, 115, 116, 117, 119, 120, 122, 123, 124, 125, 126, 127, 128, 129, 130, 132, 133, 134, 135, 137, 141, 142, 144, 147, 148, 149, 150, 151, 152, 153, 154, 155, 156, 157, 160, 162, 163, 165, 166, 167, 169, 170, 171, 173, 174, 176, 177, 178, 179, 182, 185, 187, 188, 189, 190, 191, 192, 193, 194, 198, 199, 200, 202, 207, 208, 210, 211, 213, 215, 216, 217, 219, 220, 221, 223, 224, 225, 229, 231, 232, 236, 238, 239, 241, 243, 244, 245, 246, 247, 248, 249, 251, 253, 254, 255, 256, 257, 258, 259, 260, 263, 266, 267, 270, 272, 273, 277, 278, 280, 282, 283, 285, 287, 288, 290, 291, 293, 294, 295, 297, 299, 300, 301, 304, 305, 306, 307, 308, 309, 311, 312, 313, 314, 315, 316, 318, 319, 320, 321, 323, 324, 327, 329, 330, 333, 335, 337, 338, 339, 340, 341, 342, 343, 344, 345, 347, 348, 349, 350, 353, 355, 357, 360, 361, 366, 367, 369, 370, 372, 374, 375, 376, 377, 378, 379, 380, 381, 383, 385, 386, 387, 389, 390, 391, 392, 396, 398, 401, 403, 407, 408, 409, 410, 411, 412, 414, 415, 416, 417, 418, 419, 420, 421, 423, 424, 425, 427, 428, 429, 430, 431, 432, 433, 434, 435, 438, 439, 440, 441, 442, 443, 444, 445, 447, 448, 449, 450, 451, 452, 453, 455, 459, 461, 463, 464, 467, 468, 469, 471, 473, 475, 479, 482, 484, 485, 486, 487, 489, 490, 492, 493, 495, 496, 502, 503, 505, 506, 508, 509, 511, 512, 513, 514, 515, 516, 517, 518, 519, 520, 521, 522, 523, 524, 526, 527, 530, 531, 532, 533, 534, 536, 537, 538, 539, 540, 541, 542, 547, 549, 550, 551, 552, 553, 554, 555, 556, 557, 559, 560, 564, 565, 567, 568, 569, 572, 575, 576, 577, 578, 580, 582, 583, 585, 586, 587, 588, 590, 591, 592, 593, 595, 597, 599, 601, 603, 604, 605, 606, 607, 608, 609, 610, 611, 612, 613, 615, 616, 617, 620, 621, 624, 625, 626, 631, 632, 635, 636, 638, 639, 641, 644, 645, 646, 647, 650, 651, 652, 655, 656, 657, 659, 662, 663, 664, 667, 669, 670, 672, 673, 675, 677, 678, 679, 680, 681, 682, 683, 684, 685, 686, 687, 688, 690, 691, 692, 693, 695, 696, 697, 698, 699, 701, 702, 703, 705, 706, 708, 709, 710, 711, 716, 718, 722, 723, 724, 726, 729, 730, 732, 734, 738, 739, 740, 742, 743, 744, 745, 747, 751, 752, 753, 755, 757, 759, 760, 761, 762, 764, 765, 767, 769, 771, 772, 774, 777, 778, 779, 782, 783, 784, 785, 786, 787, 788, 789, 791, 792, 793, 794, 796, 797, 801, 802, 803, 804, 806, 810, 811, 812, 813, 815, 816, 817, 818, 819, 820, 821, 822, 823, 826, 828, 830, 831, 833, 834, 839, 842, 844, 845, 846, 847, 848, 851, 852, 853, 854, 857, 859, 860, 863, 865, 866, 867, 868, 869, 873, 874, 875, 876, 877, 878, 879, 880, 883, 884, 885, 886, 889]
[0, 17, 21, 29, 47, 49, 58, 64, 70, 83, 85, 95, 104, 110, 124, 128, 142, 145, 151, 155, 156, 164, 179, 184, 188, 189, 202, 228, 249, 261, 273, 274, 275, 279, 285, 293, 296, 316, 319, 331, 334, 337, 348, 382, 383, 386, 402, 412, 413, 414, 420, 436, 465, 467, 470, 480, 488, 494, 495, 498, 502, 503, 511, 522, 529, 540, 543, 546, 563, 570, 571, 586, 588, 589, 595, 598, 599, 602, 608, 612, 619, 621, 627, 648, 651, 660, 662, 664, 666, 671, 678, 679, 693, 695, 697, 703, 706, 709, 710, 713, 721, 729, 734, 739, 749, 753, 765, 767, 772, 773, 777, 784, 797, 803, 808, 817, 821, 824, 826, 833, 836, 839, 843, 845, 846, 851, 860, 875, 876, 887]

[0, 3, 5, 6, 8, 9, 10, 11, 12, 13, 14, 15, 16, 18, 20, 22, 23, 24, 25, 26, 27, 29, 30, 33, 37, 38, 39, 40, 42, 43, 44, 45, 46, 47, 48, 49, 50, 51, 53, 56, 58, 59, 60, 61, 62, 63, 64, 65, 66, 67, 70, 71, 72, 73, 75, 76, 77, 80, 81, 83, 85, 86, 87, 88, 90, 91, 92, 93, 94, 95, 96, 97, 98, 99, 100, 101, 102, 106, 110, 111, 114, 115, 116, 117, 119, 120, 122, 123, 124, 125, 126, 127, 128, 129, 130, 132, 133, 134, 135, 137, 141, 142, 144, 147, 148, 149, 150, 151, 152, 153, 154, 155, 156, 157, 160, 162, 163, 165, 166, 167, 168, 169, 170, 171, 173, 174, 176, 177, 178, 179, 182, 185, 187, 188, 189, 190, 191, 192, 193, 194, 198, 199, 200, 202, 207, 208, 210, 211, 213, 215, 216, 217, 218, 219, 220, 221, 223, 224, 225, 226, 229, 231, 232, 236, 238, 239, 241, 243, 244, 245, 246, 247, 248, 249, 251, 253, 254, 255, 256, 257, 258, 259, 260, 263, 266, 267, 268, 270, 272, 273, 277, 278, 280, 282, 283, 285, 287, 288, 290, 291, 293, 294, 295, 297, 299, 300, 301, 304, 305, 306, 307, 308, 309, 311, 312, 313, 314, 315, 316, 318, 319, 320, 321, 323, 324, 327, 329, 330, 333, 335, 337, 338, 339, 340, 341, 342, 343, 344, 345, 347, 348, 349, 350, 353, 355, 357, 360, 361, 362, 366, 367, 369, 370, 371, 372, 374, 375, 376, 377, 378, 379, 380, 381, 382, 383, 385, 386, 387, 389, 390, 391, 392, 396, 398, 399, 401, 403, 407, 408, 409, 410, 411, 412, 414, 415, 416, 417, 418, 419, 420, 421, 423, 424, 425, 427, 428, 429, 430, 431, 432, 433, 434, 435, 438, 439, 440, 441, 442, 443, 444, 445, 447, 448, 449, 450, 451, 452, 453, 455, 459, 461, 463, 464, 466, 467, 468, 469, 471, 473, 475, 479, 482, 483, 484, 485, 486, 487, 489, 490, 491, 492, 493, 495, 496, 502, 503, 505, 506, 508, 509, 511, 512, 513, 514, 515, 516, 517, 518, 519, 520, 521, 522, 523, 524, 526, 527, 530, 531, 532, 533, 534, 535, 536, 537, 538, 539, 540, 541, 542, 547, 549, 550, 551, 552, 553, 554, 555, 556, 557, 559, 560, 564, 565, 567, 568, 569, 572, 575, 576, 577, 578, 580, 581, 582, 583, 585, 586, 587, 588, 590, 591, 592, 593, 595, 597, 598, 599, 601, 603, 604, 605, 606, 607, 608, 609, 610, 611, 612, 613, 615, 616, 617, 619, 620, 621, 624, 625, 626, 631, 632, 635, 636, 638, 639, 641, 644, 645, 646, 647, 650, 651, 652, 655, 656, 657, 659, 662, 663, 664, 666, 667, 669, 670, 672, 673, 675, 677, 678, 679, 680, 681, 682, 683, 684, 685, 686, 687, 688, 690, 691, 692, 693, 695, 696, 697, 698, 699, 701, 702, 703, 705, 706, 708, 709, 710, 711, 716, 717, 718, 720, 722, 723, 724, 726, 729, 730, 732, 734, 738, 739, 740, 742, 743, 744, 745, 747, 751, 752, 753, 755, 757, 759, 760, 761, 762, 764, 765, 767, 769, 771, 772, 774, 777, 778, 779, 782, 783, 784, 785, 786, 787, 788, 789, 791, 792, 793, 794, 796, 797, 801, 802, 803, 804, 806, 810, 811, 812, 813, 815, 816, 817, 818, 819, 820, 821, 822, 823, 824, 826, 828, 830, 831, 833, 834, 839, 842, 844, 845, 846, 847, 848, 850, 851, 852, 853, 854, 857, 858, 859, 860, 863, 865, 866, 867, 868, 869, 873, 874, 875, 876, 877, 878, 879, 880, 881, 883, 884, 885, 886, 889]
[0, 17, 21, 29, 47, 49, 58, 64, 70, 83, 85, 95, 104, 110, 124, 128, 142, 145, 151, 155, 156, 164, 179, 184, 188, 189, 202, 228, 249, 261, 273, 274, 275, 279, 285, 293, 296, 316, 319, 331, 334, 337, 348, 382, 383, 386, 402, 412, 413, 414, 420, 436, 465, 467, 470, 480, 488, 494, 495, 498, 502, 503, 511, 522, 529, 540, 543, 546, 563, 570, 571, 586, 588, 589, 595, 598, 599, 602, 608, 612, 619, 621, 627, 648, 651, 660, 662, 664, 666, 671, 678, 679, 693, 695, 697, 703, 706, 709, 710, 713, 721, 729, 734, 739, 749, 753, 765, 767, 772, 773, 777, 784, 797, 803, 808, 817, 821, 824, 826, 833, 836, 839, 843, 845, 846, 851, 860, 875, 876, 887]

[0, 3, 5, 6, 8, 9, 10, 11, 12, 13, 14, 15, 16, 18, 20, 22, 23, 24, 25, 26, 27, 29, 30, 33, 36, 37, 38, 39, 40, 42, 43, 44, 45, 46, 47, 48, 49, 50, 51, 53, 56, 58, 59, 60, 61, 62, 63, 64, 65, 66, 67, 70, 71, 72, 73, 75, 76, 77, 80, 81, 83, 85, 86, 87, 88, 90, 91, 92, 93, 94, 95, 96, 97, 98, 99, 100, 101, 102, 103, 106, 110, 111, 114, 115, 116, 117, 119, 120, 122, 123, 124, 125, 126, 127, 128, 129, 130, 132, 133, 134, 135, 137, 141, 142, 144, 146, 147, 148, 149, 150, 151, 152, 153, 154, 155, 156, 157, 159, 160, 162, 163, 165, 166, 167, 168, 169, 170, 171, 173, 174, 176, 177, 178, 179, 182, 184, 185, 187, 188, 189, 190, 191, 192, 193, 194, 195, 198, 199, 200, 202, 207, 208, 210, 211, 213, 215, 216, 217, 218, 219, 220, 221, 223, 224, 225, 226, 229, 231, 232, 236, 237, 238, 239, 241, 243, 244, 245, 246, 247, 248, 249, 251, 253, 254, 255, 256, 257, 258, 259, 260, 263, 266, 267, 268, 270, 271, 272, 273, 274, 275, 277, 278, 280, 281, 282, 283, 285, 287, 288, 290, 291, 293, 294, 295, 297, 299, 300, 301, 304, 305, 306, 307, 308, 309, 311, 312, 313, 314, 315, 316, 318, 319, 320, 321, 323, 324, 327, 329, 330, 333, 335, 337, 338, 339, 340, 341, 342, 343, 344, 345, 347, 348, 349, 350, 353, 355, 357, 360, 361, 362, 366, 367, 369, 370, 371, 372, 374, 375, 376, 377, 378, 379, 380, 381, 382, 383, 385, 386, 387, 388, 389, 390, 391, 392, 396, 398, 399, 400, 401, 403, 407, 408, 409, 410, 411, 412, 414, 415, 416, 417, 418, 419, 420, 421, 423, 424, 425, 426, 427, 428, 429, 430, 431, 432, 433, 434, 435, 438, 439, 440, 441, 442, 443, 444, 445, 447, 448, 449, 450, 451, 452, 453, 455, 459, 461, 462, 463, 464, 466, 467, 468, 469, 471, 473, 475, 479, 482, 483, 484, 485, 486, 487, 489, 490, 491, 492, 493, 494, 495, 496, 502, 503, 505, 506, 508, 509, 511, 512, 513, 514, 515, 516, 517, 518, 519, 520, 521, 522, 523, 524, 526, 527, 529, 530, 531, 532, 533, 534, 535, 536, 537, 538, 539, 540, 541, 542, 547, 549, 550, 551, 552, 553, 554, 555, 556, 557, 559, 560, 564, 565, 567, 568, 569, 572, 575, 576, 577, 578, 580, 581, 582, 583, 585, 586, 587, 588, 590, 591, 592, 593, 595, 596, 597, 598, 599, 601, 603, 604, 605, 606, 607, 608, 609, 610, 611, 612, 613, 615, 616, 617, 619, 620, 621, 624, 625, 626, 631, 632, 635, 636, 638, 639, 641, 643, 644, 645, 646, 647, 649, 650, 651, 652, 655, 656, 657, 659, 662, 663, 664, 666, 667, 669, 670, 672, 673, 674, 675, 677, 678, 679, 680, 681, 682, 683, 684, 685, 686, 687, 688, 690, 691, 692, 693, 695, 696, 697, 698, 699, 701, 702, 703, 705, 706, 708, 709, 710, 711, 713, 716, 717, 718, 720, 722, 723, 724, 726, 729, 730, 732, 734, 737, 738, 739, 740, 742, 743, 744, 745, 747, 751, 752, 753, 755, 757, 759, 760, 761, 762, 764, 765, 767, 769, 771, 772, 774, 777, 778, 779, 782, 783, 784, 785, 786, 787, 788, 789, 790, 791, 792, 793, 794, 796, 797, 801, 802, 803, 804, 806, 810, 811, 812, 813, 815, 816, 817, 818, 819, 820, 821, 822, 823, 824, 826, 828, 830, 831, 833, 834, 839, 842, 844, 845, 846, 847, 848, 850, 851, 852, 853, 854, 855, 857, 858, 859, 860, 863, 865, 866, 867, 868, 869, 873, 874, 875, 876, 877, 878, 879, 880, 881, 883, 884, 885, 886, 889]
[0, 17, 21, 29, 47, 49, 58, 64, 70, 83, 85, 95, 104, 110, 124, 128, 142, 145, 151, 155, 156, 164, 179, 184, 188, 189, 202, 228, 249, 261, 273, 274, 275, 279, 285, 293, 296, 316, 319, 331, 334, 337, 348, 382, 383, 386, 402, 412, 413, 414, 420, 436, 465, 467, 470, 480, 488, 494, 495, 498, 502, 503, 511, 522, 529, 540, 543, 546, 563, 570, 571, 586, 588, 589, 595, 598, 599, 602, 608, 612, 619, 621, 627, 648, 651, 660, 662, 664, 666, 671, 678, 679, 693, 695, 697, 703, 706, 709, 710, 713, 721, 729, 734, 739, 749, 753, 765, 767, 772, 773, 777, 784, 797, 803, 808, 817, 821, 824, 826, 833, 836, 839, 843, 845, 846, 851, 860, 875, 876, 887]

[0, 3, 4, 5, 6, 8, 9, 10, 11, 12, 13, 14, 15, 16, 18, 20, 22, 23, 24, 25, 26, 27, 29, 30, 33, 35, 36, 37, 38, 39, 40, 42, 43, 44, 45, 46, 47, 48, 49, 50, 51, 53, 56, 58, 59, 60, 61, 62, 63, 64, 65, 66, 67, 68, 69, 70, 71, 72, 73, 75, 76, 77, 79, 80, 81, 83, 85, 86, 87, 88, 90, 91, 92, 93, 94, 95, 96, 97, 98, 99, 100, 101, 102, 103, 104, 106, 110, 111, 114, 115, 116, 117, 118, 119, 120, 122, 123, 124, 125, 126, 127, 128, 129, 130, 132, 133, 134, 135, 137, 141, 142, 144, 145, 146, 147, 148, 149, 150, 151, 152, 153, 154, 155, 156, 157, 159, 160, 162, 163, 164, 165, 166, 167, 168, 169, 170, 171, 173, 174, 176, 177, 178, 179, 182, 184, 185, 187, 188, 189, 190, 191, 192, 193, 194, 195, 198, 199, 200, 202, 207, 208, 210, 211, 213, 215, 216, 217, 218, 219, 220, 221, 222, 223, 224, 225, 226, 228, 229, 231, 232, 236, 237, 238, 239, 241, 243, 244, 245, 246, 247, 248, 249, 251, 253, 254, 255, 256, 257, 258, 259, 260, 263, 266, 267, 268, 269, 270, 271, 272, 273, 274, 275, 277, 278, 280, 281, 282, 283, 285, 286, 287, 288, 290, 291, 293, 294, 295, 297, 299, 300, 301, 304, 305, 306, 307, 308, 309, 311, 312, 313, 314, 315, 316, 318, 319, 320, 321, 322, 323, 324, 327, 329, 330, 333, 335, 336, 337, 338, 339, 340, 341, 342, 343, 344, 345, 347, 348, 349, 350, 353, 355, 357, 360, 361, 362, 366, 367, 369, 370, 371, 372, 374, 375, 376, 377, 378, 379, 380, 381, 382, 383, 385, 386, 387, 388, 389, 390, 391, 392, 396, 398, 399, 400, 401, 402, 403, 407, 408, 409, 410, 411, 412, 414, 415, 416, 417, 418, 419, 420, 421, 423, 424, 425, 426, 427, 428, 429, 430, 431, 432, 433, 434, 435, 438, 439, 440, 441, 442, 443, 444, 445, 447, 448, 449, 450, 451, 452, 453, 455, 456, 459, 461, 462, 463, 464, 466, 467, 468, 469, 471, 473, 475, 479, 482, 483, 484, 485, 486, 487, 488, 489, 490, 491, 492, 493, 494, 495, 496, 502, 503, 505, 506, 508, 509, 511, 512, 513, 514, 515, 516, 517, 518, 519, 520, 521, 522, 523, 524, 526, 527, 529, 530, 531, 532, 533, 534, 535, 536, 537, 538, 539, 540, 541, 542, 547, 549, 550, 551, 552, 553, 554, 555, 556, 557, 559, 560, 564, 565, 567, 568, 569, 572, 575, 576, 577, 578, 580, 581, 582, 583, 585, 586, 587, 588, 590, 591, 592, 593, 595, 596, 597, 598, 599, 601, 603, 604, 605, 606, 607, 608, 609, 610, 611, 612, 613, 615, 616, 617, 619, 620, 621, 623, 624, 625, 626, 631, 632, 635, 636, 638, 639, 641, 643, 644, 645, 646, 647, 649, 650, 651, 652, 655, 656, 657, 659, 662, 663, 664, 666, 667, 669, 670, 672, 673, 674, 675, 677, 678, 679, 680, 681, 682, 683, 684, 685, 686, 687, 688, 690, 691, 692, 693, 695, 696, 697, 698, 699, 701, 702, 703, 705, 706, 708, 709, 710, 711, 713, 716, 717, 718, 719, 720, 722, 723, 724, 726, 729, 730, 732, 734, 737, 738, 739, 740, 742, 743, 744, 745, 747, 748, 750, 751, 752, 753, 755, 757, 759, 760, 761, 762, 764, 765, 767, 769, 771, 772, 774, 777, 778, 779, 782, 783, 784, 785, 786, 787, 788, 789, 790, 791, 792, 793, 794, 796, 797, 801, 802, 803, 804, 805, 806, 810, 811, 812, 813, 815, 816, 817, 818, 819, 820, 821, 822, 823, 824, 826, 828, 830, 831, 833, 834, 839, 842, 844, 845, 846, 847, 848, 850, 851, 852, 853, 854, 855, 857, 858, 859, 860, 863, 865, 866, 867, 868, 869, 871, 873, 874, 875, 876, 877, 878, 879, 880, 881, 883, 884, 885, 886, 887, 889]
[0, 17, 21, 29, 47, 49, 58, 64, 70, 83, 85, 95, 104, 110, 124, 128, 142, 145, 151, 155, 156, 164, 179, 184, 188, 189, 202, 228, 249, 261, 273, 274, 275, 279, 285, 293, 296, 316, 319, 331, 334, 337, 348, 382, 383, 386, 402, 412, 413, 414, 420, 436, 465, 467, 470, 480, 488, 494, 495, 498, 502, 503, 511, 522, 529, 540, 543, 546, 563, 570, 571, 586, 588, 589, 595, 598, 599, 602, 608, 612, 619, 621, 627, 648, 651, 660, 662, 664, 666, 671, 678, 679, 693, 695, 697, 703, 706, 709, 710, 713, 721, 729, 734, 739, 749, 753, 765, 767, 772, 773, 777, 784, 797, 803, 808, 817, 821, 824, 826, 833, 836, 839, 843, 845, 846, 851, 860, 875, 876, 887]

[0, 3, 4, 5, 6, 8, 9, 10, 11, 12, 13, 14, 15, 16, 17, 18, 20, 22, 23, 24, 25, 26, 27, 29, 30, 33, 35, 36, 37, 38, 39, 40, 42, 43, 44, 45, 46, 47, 48, 49, 50, 51, 52, 53, 56, 58, 59, 60, 61, 62, 63, 64, 65, 66, 67, 68, 69, 70, 71, 72, 73, 75, 76, 77, 79, 80, 81, 83, 85, 86, 87, 88, 89, 90, 91, 92, 93, 94, 95, 96, 97, 98, 99, 100, 101, 102, 103, 104, 106, 110, 111, 114, 115, 116, 117, 118, 119, 120, 121, 122, 123, 124, 125, 126, 127, 128, 129, 130, 132, 133, 134, 135, 137, 139, 141, 142, 144, 145, 146, 147, 148, 149, 150, 151, 152, 153, 154, 155, 156, 157, 159, 160, 162, 163, 164, 165, 166, 167, 168, 169, 170, 171, 173, 174, 176, 177, 178, 179, 180, 182, 184, 185, 187, 188, 189, 190, 191, 192, 193, 194, 195, 198, 199, 200, 202, 206, 207, 208, 210, 211, 212, 213, 215, 216, 217, 218, 219, 220, 221, 222, 223, 224, 225, 226, 228, 229, 231, 232, 233, 236, 237, 238, 239, 241, 243, 244, 245, 246, 247, 248, 249, 251, 253, 254, 255, 256, 257, 258, 259, 260, 263, 264, 265, 266, 267, 268, 269, 270, 271, 272, 273, 274, 275, 277, 278, 280, 281, 282, 283, 285, 286, 287, 288, 290, 291, 293, 294, 295, 297, 299, 300, 301, 304, 305, 306, 307, 308, 309, 311, 312, 313, 314, 315, 316, 318, 319, 320, 321, 322, 323, 324, 325, 327, 328, 329, 330, 333, 335, 336, 337, 338, 339, 340, 341, 342, 343, 344, 345, 346, 347, 348, 349, 350, 353, 355, 357, 360, 361, 362, 366, 367, 369, 370, 371, 372, 374, 375, 376, 377, 378, 379, 380, 381, 382, 383, 385, 386, 387, 388, 389, 390, 391, 392, 394, 396, 398, 399, 400, 401, 402, 403, 405, 407, 408, 409, 410, 411, 412, 414, 415, 416, 417, 418, 419, 420, 421, 423, 424, 425, 426, 427, 428, 429, 430, 431, 432, 433, 434, 435, 438, 439, 440, 441, 442, 443, 444, 445, 447, 448, 449, 450, 451, 452, 453, 455, 456, 459, 461, 462, 463, 464, 465, 466, 467, 468, 469, 471, 473, 475, 479, 482, 483, 484, 485, 486, 487, 488, 489, 490, 491, 492, 493, 494, 495, 496, 502, 503, 504, 505, 506, 508, 509, 511, 512, 513, 514, 515, 516, 517, 518, 519, 520, 521, 522, 523, 524, 525, 526, 527, 529, 530, 531, 532, 533, 534, 535, 536, 537, 538, 539, 540, 541, 542, 547, 549, 550, 551, 552, 553, 554, 555, 556, 557, 559, 560, 564, 565, 567, 568, 569, 572, 575, 576, 577, 578, 580, 581, 582, 583, 585, 586, 587, 588, 590, 591, 592, 593, 595, 596, 597, 598, 599, 601, 603, 604, 605, 606, 607, 608, 609, 610, 611, 612, 613, 614, 615, 616, 617, 619, 620, 621, 623, 624, 625, 626, 631, 632, 635, 636, 638, 639, 641, 643, 644, 645, 646, 647, 649, 650, 651, 652, 655, 656, 657, 659, 662, 663, 664, 666, 667, 669, 670, 672, 673, 674, 675, 677, 678, 679, 680, 681, 682, 683, 684, 685, 686, 687, 688, 690, 691, 692, 693, 695, 696, 697, 698, 699, 700, 701, 702, 703, 705, 706, 708, 709, 710, 711, 713, 716, 717, 718, 719, 720, 722, 723, 724, 726, 729, 730, 732, 734, 737, 738, 739, 740, 742, 743, 744, 745, 747, 748, 750, 751, 752, 753, 755, 757, 759, 760, 761, 762, 764, 765, 767, 769, 771, 772, 774, 777, 778, 779, 780, 782, 783, 784, 785, 786, 787, 788, 789, 790, 791, 792, 793, 794, 796, 797, 801, 802, 803, 804, 805, 806, 810, 811, 812, 813, 815, 816, 817, 818, 819, 820, 821, 822, 823, 824, 826, 827, 828, 830, 831, 833, 834, 835, 839, 842, 844, 845, 846, 847, 848, 850, 851, 852, 853, 854, 855, 857, 858, 859, 860, 863, 864, 865, 866, 867, 868, 869, 871, 873, 874, 875, 876, 877, 878, 879, 880, 881, 883, 884, 885, 886, 887, 889]
[0, 17, 21, 29, 47, 49, 58, 64, 70, 83, 85, 95, 104, 110, 124, 128, 142, 145, 151, 155, 156, 164, 179, 184, 188, 189, 202, 228, 249, 261, 273, 274, 275, 279, 285, 293, 296, 316, 319, 331, 334, 337, 348, 382, 383, 386, 402, 412, 413, 414, 420, 436, 465, 467, 470, 480, 488, 494, 495, 498, 502, 503, 511, 522, 529, 540, 543, 546, 563, 570, 571, 586, 588, 589, 595, 598, 599, 602, 608, 612, 619, 621, 627, 648, 651, 660, 662, 664, 666, 671, 678, 679, 693, 695, 697, 703, 706, 709, 710, 713, 721, 729, 734, 739, 749, 753, 765, 767, 772, 773, 777, 784, 797, 803, 808, 817, 821, 824, 826, 833, 836, 839, 843, 845, 846, 851, 860, 875, 876, 887]

[0, 3, 4, 5, 6, 8, 9, 10, 11, 12, 13, 14, 15, 16, 17, 18, 20, 21, 22, 23, 24, 25, 26, 27, 29, 30, 33, 35, 36, 37, 38, 39, 40, 42, 43, 44, 45, 46, 47, 48, 49, 50, 51, 52, 53, 56, 58, 59, 60, 61, 62, 63, 64, 65, 66, 67, 68, 69, 70, 71, 72, 73, 75, 76, 77, 79, 80, 81, 83, 84, 85, 86, 87, 88, 89, 90, 91, 92, 93, 94, 95, 96, 97, 98, 99, 100, 101, 102, 103, 104, 106, 110, 111, 114, 115, 116, 117, 118, 119, 120, 121, 122, 123, 124, 125, 126, 127, 128, 129, 130, 132, 133, 134, 135, 137, 139, 141, 142, 144, 145, 146, 147, 148, 149, 150, 151, 152, 153, 154, 155, 156, 157, 159, 160, 162, 163, 164, 165, 166, 167, 168, 169, 170, 171, 173, 174, 176, 177, 178, 179, 180, 182, 184, 185, 187, 188, 189, 190, 191, 192, 193, 194, 195, 198, 199, 200, 202, 206, 207, 208, 210, 211, 212, 213, 215, 216, 217, 218, 219, 220, 221, 222, 223, 224, 225, 226, 228, 229, 231, 232, 233, 236, 237, 238, 239, 241, 242, 243, 244, 245, 246, 247, 248, 249, 251, 253, 254, 255, 256, 257, 258, 259, 260, 263, 264, 265, 266, 267, 268, 269, 270, 271, 272, 273, 274, 275, 277, 278, 279, 280, 281, 282, 283, 285, 286, 287, 288, 290, 291, 293, 294, 295, 297, 299, 300, 301, 304, 305, 306, 307, 308, 309, 310, 311, 312, 313, 314, 315, 316, 318, 319, 320, 321, 322, 323, 324, 325, 327, 328, 329, 330, 333, 335, 336, 337, 338, 339, 340, 341, 342, 343, 344, 345, 346, 347, 348, 349, 350, 353, 355, 357, 358, 360, 361, 362, 365, 366, 367, 368, 369, 370, 371, 372, 374, 375, 376, 377, 378, 379, 380, 381, 382, 383, 385, 386, 387, 388, 389, 390, 391, 392, 393, 394, 396, 398, 399, 400, 401, 402, 403, 405, 407, 408, 409, 410, 411, 412, 414, 415, 416, 417, 418, 419, 420, 421, 423, 424, 425, 426, 427, 428, 429, 430, 431, 432, 433, 434, 435, 438, 439, 440, 441, 442, 443, 444, 445, 446, 447, 448, 449, 450, 451, 452, 453, 455, 456, 458, 459, 461, 462, 463, 464, 465, 466, 467, 468, 469, 471, 473, 475, 477, 478, 479, 482, 483, 484, 485, 486, 487, 488, 489, 490, 491, 492, 493, 494, 495, 496, 502, 503, 504, 505, 506, 508, 509, 511, 512, 513, 514, 515, 516, 517, 518, 519, 520, 521, 522, 523, 524, 525, 526, 527, 529, 530, 531, 532, 533, 534, 535, 536, 537, 538, 539, 540, 541, 542, 547, 549, 550, 551, 552, 553, 554, 555, 556, 557, 559, 560, 564, 565, 567, 568, 569, 572, 574, 575, 576, 577, 578, 580, 581, 582, 583, 584, 585, 586, 587, 588, 590, 591, 592, 593, 595, 596, 597, 598, 599, 601, 603, 604, 605, 606, 607, 608, 609, 610, 611, 612, 613, 614, 615, 616, 617, 619, 620, 621, 623, 624, 625, 626, 631, 632, 635, 636, 638, 639, 641, 643, 644, 645, 646, 647, 648, 649, 650, 651, 652, 655, 656, 657, 659, 661, 662, 663, 664, 666, 667, 669, 670, 672, 673, 674, 675, 676, 677, 678, 679, 680, 681, 682, 683, 684, 685, 686, 687, 688, 690, 691, 692, 693, 695, 696, 697, 698, 699, 700, 701, 702, 703, 704, 705, 706, 708, 709, 710, 711, 713, 715, 716, 717, 718, 719, 720, 721, 722, 723, 724, 726, 729, 730, 732, 734, 737, 738, 739, 740, 742, 743, 744, 745, 747, 748, 750, 751, 752, 753, 755, 757, 758, 759, 760, 761, 762, 764, 765, 767, 769, 771, 772, 774, 777, 778, 779, 780, 782, 783, 784, 785, 786, 787, 788, 789, 790, 791, 792, 793, 794, 796, 797, 801, 802, 803, 804, 805, 806, 810, 811, 812, 813, 815, 816, 817, 818, 819, 820, 821, 822, 823, 824, 826, 827, 828, 830, 831, 832, 833, 834, 835, 839, 842, 844, 845, 846, 847, 848, 850, 851, 852, 853, 854, 855, 857, 858, 859, 860, 863, 864, 865, 866, 867, 868, 869, 870, 871, 873, 874, 875, 876, 877, 878, 879, 880, 881, 883, 884, 885, 886, 887, 888, 889]
[0, 17, 21, 29, 47, 49, 58, 64, 70, 83, 85, 95, 104, 110, 124, 128, 142, 145, 151, 155, 156, 164, 179, 184, 188, 189, 202, 228, 249, 261, 273, 274, 275, 279, 285, 293, 296, 316, 319, 331, 334, 337, 348, 382, 383, 386, 402, 412, 413, 414, 420, 436, 465, 467, 470, 480, 488, 494, 495, 498, 502, 503, 511, 522, 529, 540, 543, 546, 563, 570, 571, 586, 588, 589, 595, 598, 599, 602, 608, 612, 619, 621, 627, 648, 651, 660, 662, 664, 666, 671, 678, 679, 693, 695, 697, 703, 706, 709, 710, 713, 721, 729, 734, 739, 749, 753, 765, 767, 772, 773, 777, 784, 797, 803, 808, 817, 821, 824, 826, 833, 836, 839, 843, 845, 846, 851, 860, 875, 876, 887]

[0, 2, 3, 4, 5, 6, 8, 9, 10, 11, 12, 13, 14, 15, 16, 17, 18, 20, 21, 22, 23, 24, 25, 26, 27, 29, 30, 33, 35, 36, 37, 38, 39, 40, 42, 43, 44, 45, 46, 47, 48, 49, 50, 51, 52, 53, 56, 58, 59, 60, 61, 62, 63, 64, 65, 66, 67, 68, 69, 70, 71, 72, 73, 75, 76, 77, 78, 79, 80, 81, 83, 84, 85, 86, 87, 88, 89, 90, 91, 92, 93, 94, 95, 96, 97, 98, 99, 100, 101, 102, 103, 104, 106, 110, 111, 112, 114, 115, 116, 117, 118, 119, 120, 121, 122, 123, 124, 125, 126, 127, 128, 129, 130, 132, 133, 134, 135, 137, 138, 139, 141, 142, 144, 145, 146, 147, 148, 149, 150, 151, 152, 153, 154, 155, 156, 157, 159, 160, 162, 163, 164, 165, 166, 167, 168, 169, 170, 171, 173, 174, 176, 177, 178, 179, 180, 182, 184, 185, 187, 188, 189, 190, 191, 192, 193, 194, 195, 198, 199, 200, 202, 206, 207, 208, 210, 211, 212, 213, 215, 216, 217, 218, 219, 220, 221, 222, 223, 224, 225, 226, 227, 228, 229, 231, 232, 233, 236, 237, 238, 239, 241, 242, 243, 244, 245, 246, 247, 248, 249, 251, 252, 253, 254, 255, 256, 257, 258, 259, 260, 261, 263, 264, 265, 266, 267, 268, 269, 270, 271, 272, 273, 274, 275, 277, 278, 279, 280, 281, 282, 283, 285, 286, 287, 288, 289, 290, 291, 293, 294, 295, 297, 299, 300, 301, 304, 305, 306, 307, 308, 309, 310, 311, 312, 313, 314, 315, 316, 318, 319, 320, 321, 322, 323, 324, 325, 326, 327, 328, 329, 330, 331, 333, 335, 336, 337, 338, 339, 340, 341, 342, 343, 344, 345, 346, 347, 348, 349, 350, 352, 353, 355, 357, 358, 360, 361, 362, 365, 366, 367, 368, 369, 370, 371, 372, 374, 375, 376, 377, 378, 379, 380, 381, 382, 383, 384, 385, 386, 387, 388, 389, 390, 391, 392, 393, 394, 396, 397, 398, 399, 400, 401, 402, 403, 405, 407, 408, 409, 410, 411, 412, 414, 415, 416, 417, 418, 419, 420, 421, 422, 423, 424, 425, 426, 427, 428, 429, 430, 431, 432, 433, 434, 435, 438, 439, 440, 441, 442, 443, 444, 445, 446, 447, 448, 449, 450, 451, 452, 453, 454, 455, 456, 458, 459, 461, 462, 463, 464, 465, 466, 467, 468, 469, 471, 473, 475, 477, 478, 479, 482, 483, 484, 485, 486, 487, 488, 489, 490, 491, 492, 493, 494, 495, 496, 498, 502, 503, 504, 505, 506, 507, 508, 509, 511, 512, 513, 514, 515, 516, 517, 518, 519, 520, 521, 522, 523, 524, 525, 526, 527, 529, 530, 531, 532, 533, 534, 535, 536, 537, 538, 539, 540, 541, 542, 543, 547, 549, 550, 551, 552, 553, 554, 555, 556, 557, 559, 560, 564, 565, 567, 568, 569, 571, 572, 574, 575, 576, 577, 578, 580, 581, 582, 583, 584, 585, 586, 587, 588, 590, 591, 592, 593, 595, 596, 597, 598, 599, 600, 601, 603, 604, 605, 606, 607, 608, 609, 610, 611, 612, 613, 614, 615, 616, 617, 619, 620, 621, 623, 624, 625, 626, 631, 632, 635, 636, 638, 639, 641, 643, 644, 645, 646, 647, 648, 649, 650, 651, 652, 655, 656, 657, 659, 661, 662, 663, 664, 666, 667, 669, 670, 671, 672, 673, 674, 675, 676, 677, 678, 679, 680, 681, 682, 683, 684, 685, 686, 687, 688, 690, 691, 692, 693, 695, 696, 697, 698, 699, 700, 701, 702, 703, 704, 705, 706, 708, 709, 710, 711, 713, 715, 716, 717, 718, 719, 720, 721, 722, 723, 724, 726, 729, 730, 732, 734, 737, 738, 739, 740, 742, 743, 744, 745, 746, 747, 748, 750, 751, 752, 753, 755, 757, 758, 759, 760, 761, 762, 764, 765, 767, 769, 771, 772, 774, 777, 778, 779, 780, 782, 783, 784, 785, 786, 787, 788, 789, 790, 791, 792, 793, 794, 796, 797, 801, 802, 803, 804, 805, 806, 810, 811, 812, 813, 815, 816, 817, 818, 819, 820, 821, 822, 823, 824, 826, 827, 828, 830, 831, 832, 833, 834, 835, 837, 838, 839, 842, 843, 844, 845, 846, 847, 848, 850, 851, 852, 853, 854, 855, 857, 858, 859, 860, 863, 864, 865, 866, 867, 868, 869, 870, 871, 873, 874, 875, 876, 877, 878, 879, 880, 881, 883, 884, 885, 886, 887, 888, 889]
[0, 17, 21, 29, 47, 49, 58, 64, 70, 83, 85, 95, 104, 110, 124, 128, 142, 145, 151, 155, 156, 164, 179, 184, 188, 189, 202, 228, 249, 261, 273, 274, 275, 279, 285, 293, 296, 316, 319, 331, 334, 337, 348, 382, 383, 386, 402, 412, 413, 414, 420, 436, 465, 467, 470, 480, 488, 494, 495, 498, 502, 503, 511, 522, 529, 540, 543, 546, 563, 570, 571, 586, 588, 589, 595, 598, 599, 602, 608, 612, 619, 621, 627, 648, 651, 660, 662, 664, 666, 671, 678, 679, 693, 695, 697, 703, 706, 709, 710, 713, 721, 729, 734, 739, 749, 753, 765, 767, 772, 773, 777, 784, 797, 803, 808, 817, 821, 824, 826, 833, 836, 839, 843, 845, 846, 851, 860, 875, 876, 887]

[0, 2, 3, 4, 5, 6, 8, 9, 10, 11, 12, 13, 14, 15, 16, 17, 18, 20, 21, 22, 23, 24, 25, 26, 27, 29, 30, 33, 35, 36, 37, 38, 39, 40, 42, 43, 44, 45, 46, 47, 48, 49, 50, 51, 52, 53, 56, 58, 59, 60, 61, 62, 63, 64, 65, 66, 67, 68, 69, 70, 71, 72, 73, 75, 76, 77, 78, 79, 80, 81, 83, 84, 85, 86, 87, 88, 89, 90, 91, 92, 93, 94, 95, 96, 97, 98, 99, 100, 101, 102, 103, 104, 106, 107, 110, 111, 112, 114, 115, 116, 117, 118, 119, 120, 121, 122, 123, 124, 125, 126, 127, 128, 129, 130, 132, 133, 134, 135, 136, 137, 138, 139, 141, 142, 144, 145, 146, 147, 148, 149, 150, 151, 152, 153, 154, 155, 156, 157, 159, 160, 162, 163, 164, 165, 166, 167, 168, 169, 170, 171, 173, 174, 176, 177, 178, 179, 180, 182, 184, 185, 187, 188, 189, 190, 191, 192, 193, 194, 195, 196, 198, 199, 200, 202, 206, 207, 208, 210, 211, 212, 213, 214, 215, 216, 217, 218, 219, 220, 221, 222, 223, 224, 225, 226, 227, 228, 229, 231, 232, 233, 234, 235, 236, 237, 238, 239, 241, 242, 243, 244, 245, 246, 247, 248, 249, 251, 252, 253, 254, 255, 256, 257, 258, 259, 260, 261, 263, 264, 265, 266, 267, 268, 269, 270, 271, 272, 273, 274, 275, 277, 278, 279, 280, 281, 282, 283, 285, 286, 287, 288, 289, 290, 291, 293, 294, 295, 297, 299, 300, 301, 304, 305, 306, 307, 308, 309, 310, 311, 312, 313, 314, 315, 316, 318, 319, 320, 321, 322, 323, 324, 325, 326, 327, 328, 329, 330, 331, 333, 335, 336, 337, 338, 339, 340, 341, 342, 343, 344, 345, 346, 347, 348, 349, 350, 352, 353, 355, 357, 358, 360, 361, 362, 365, 366, 367, 368, 369, 370, 371, 372, 374, 375, 376, 377, 378, 379, 380, 381, 382, 383, 384, 385, 386, 387, 388, 389, 390, 391, 392, 393, 394, 396, 397, 398, 399, 400, 401, 402, 403, 405, 407, 408, 409, 410, 411, 412, 413, 414, 415, 416, 417, 418, 419, 420, 421, 422, 423, 424, 425, 426, 427, 428, 429, 430, 431, 432, 433, 434, 435, 438, 439, 440, 441, 442, 443, 444, 445, 446, 447, 448, 449, 450, 451, 452, 453, 454, 455, 456, 457, 458, 459, 461, 462, 463, 464, 465, 466, 467, 468, 469, 471, 473, 475, 477, 478, 479, 482, 483, 484, 485, 486, 487, 488, 489, 490, 491, 492, 493, 494, 495, 496, 498, 501, 502, 503, 504, 505, 506, 507, 508, 509, 510, 511, 512, 513, 514, 515, 516, 517, 518, 519, 520, 521, 522, 523, 524, 525, 526, 527, 529, 530, 531, 532, 533, 534, 535, 536, 537, 538, 539, 540, 541, 542, 543, 544, 546, 547, 549, 550, 551, 552, 553, 554, 555, 556, 557, 558, 559, 560, 562, 564, 565, 566, 567, 568, 569, 571, 572, 574, 575, 576, 577, 578, 580, 581, 582, 583, 584, 585, 586, 587, 588, 590, 591, 592, 593, 595, 596, 597, 598, 599, 600, 601, 603, 604, 605, 606, 607, 608, 609, 610, 611, 612, 613, 614, 615, 616, 617, 618, 619, 620, 621, 623, 624, 625, 626, 627, 631, 632, 635, 636, 638, 639, 640, 641, 643, 644, 645, 646, 647, 648, 649, 650, 651, 652, 654, 655, 656, 657, 659, 660, 661, 662, 663, 664, 666, 667, 669, 670, 671, 672, 673, 674, 675, 676, 677, 678, 679, 680, 681, 682, 683, 684, 685, 686, 687, 688, 690, 691, 692, 693, 695, 696, 697, 698, 699, 700, 701, 702, 703, 704, 705, 706, 708, 709, 710, 711, 713, 715, 716, 717, 718, 719, 720, 721, 722, 723, 724, 726, 729, 730, 732, 734, 735, 737, 738, 739, 740, 742, 743, 744, 745, 746, 747, 748, 750, 751, 752, 753, 755, 757, 758, 759, 760, 761, 762, 764, 765, 767, 769, 771, 772, 774, 777, 778, 779, 780, 782, 783, 784, 785, 786, 787, 788, 789, 790, 791, 792, 793, 794, 796, 797, 801, 802, 803, 804, 805, 806, 810, 811, 812, 813, 815, 816, 817, 818, 819, 820, 821, 822, 823, 824, 826, 827, 828, 830, 831, 832, 833, 834, 835, 836, 837, 838, 839, 840, 842, 843, 844, 845, 846, 847, 848, 849, 850, 851, 852, 853, 854, 855, 857, 858, 859, 860, 862, 863, 864, 865, 866, 867, 868, 869, 870, 871, 873, 874, 875, 876, 877, 878, 879, 880, 881, 883, 884, 885, 886, 887, 888, 889]
[0, 17, 21, 29, 47, 49, 58, 64, 70, 83, 85, 95, 104, 110, 124, 128, 142, 145, 151, 155, 156, 164, 179, 184, 188, 189, 202, 228, 249, 261, 273, 274, 275, 279, 285, 293, 296, 316, 319, 331, 334, 337, 348, 382, 383, 386, 402, 412, 413, 414, 420, 436, 465, 467, 470, 480, 488, 494, 495, 498, 502, 503, 511, 522, 529, 540, 543, 546, 563, 570, 571, 586, 588, 589, 595, 598, 599, 602, 608, 612, 619, 621, 627, 648, 651, 660, 662, 664, 666, 671, 678, 679, 693, 695, 697, 703, 706, 709, 710, 713, 721, 729, 734, 739, 749, 753, 765, 767, 772, 773, 777, 784, 797, 803, 808, 817, 821, 824, 826, 833, 836, 839, 843, 845, 846, 851, 860, 875, 876, 887]

[0, 1, 2, 3, 4, 5, 6, 8, 9, 10, 11, 12, 13, 14, 15, 16, 17, 18, 20, 21, 22, 23, 24, 25, 26, 27, 29, 30, 31, 33, 35, 36, 37, 38, 39, 40, 42, 43, 44, 45, 46, 47, 48, 49, 50, 51, 52, 53, 56, 57, 58, 59, 60, 61, 62, 63, 64, 65, 66, 67, 68, 69, 70, 71, 72, 73, 75, 76, 77, 78, 79, 80, 81, 83, 84, 85, 86, 87, 88, 89, 90, 91, 92, 93, 94, 95, 96, 97, 98, 99, 100, 101, 102, 103, 104, 105, 106, 107, 110, 111, 112, 114, 115, 116, 117, 118, 119, 120, 121, 122, 123, 124, 125, 126, 127, 128, 129, 130, 132, 133, 134, 135, 136, 137, 138, 139, 141, 142, 143, 144, 145, 146, 147, 148, 149, 150, 151, 152, 153, 154, 155, 156, 157, 158, 159, 160, 162, 163, 164, 165, 166, 167, 168, 169, 170, 171, 173, 174, 176, 177, 178, 179, 180, 182, 184, 185, 187, 188, 189, 190, 191, 192, 193, 194, 195, 196, 198, 199, 200, 202, 204, 206, 207, 208, 210, 211, 212, 213, 214, 215, 216, 217, 218, 219, 220, 221, 222, 223, 224, 225, 226, 227, 228, 229, 231, 232, 233, 234, 235, 236, 237, 238, 239, 241, 242, 243, 244, 245, 246, 247, 248, 249, 251, 252, 253, 254, 255, 256, 257, 258, 259, 260, 261, 263, 264, 265, 266, 267, 268, 269, 270, 271, 272, 273, 274, 275, 277, 278, 279, 280, 281, 282, 283, 285, 286, 287, 288, 289, 290, 291, 292, 293, 294, 295, 297, 299, 300, 301, 303, 304, 305, 306, 307, 308, 309, 310, 311, 312, 313, 314, 315, 316, 318, 319, 320, 321, 322, 323, 324, 325, 326, 327, 328, 329, 330, 331, 333, 334, 335, 336, 337, 338, 339, 340, 341, 342, 343, 344, 345, 346, 347, 348, 349, 350, 352, 353, 354, 355, 357, 358, 360, 361, 362, 365, 366, 367, 368, 369, 370, 371, 372, 374, 375, 376, 377, 378, 379, 380, 381, 382, 383, 384, 385, 386, 387, 388, 389, 390, 391, 392, 393, 394, 396, 397, 398, 399, 400, 401, 402, 403, 405, 407, 408, 409, 410, 411, 412, 413, 414, 415, 416, 417, 418, 419, 420, 421, 422, 423, 424, 425, 426, 427, 428, 429, 430, 431, 432, 433, 434, 435, 437, 438, 439, 440, 441, 442, 443, 444, 445, 446, 447, 448, 449, 450, 451, 452, 453, 454, 455, 456, 457, 458, 459, 461, 462, 463, 464, 465, 466, 467, 468, 469, 470, 471, 473, 475, 477, 478, 479, 482, 483, 484, 485, 486, 487, 488, 489, 490, 491, 492, 493, 494, 495, 496, 498, 501, 502, 503, 504, 505, 506, 507, 508, 509, 510, 511, 512, 513, 514, 515, 516, 517, 518, 519, 520, 521, 522, 523, 524, 525, 526, 527, 528, 529, 530, 531, 532, 533, 534, 535, 536, 537, 538, 539, 540, 541, 542, 543, 544, 546, 547, 549, 550, 551, 552, 553, 554, 555, 556, 557, 558, 559, 560, 562, 563, 564, 565, 566, 567, 568, 569, 570, 571, 572, 573, 574, 575, 576, 577, 578, 580, 581, 582, 583, 584, 585, 586, 587, 588, 590, 591, 592, 593, 595, 596, 597, 598, 599, 600, 601, 603, 604, 605, 606, 607, 608, 609, 610, 611, 612, 613, 614, 615, 616, 617, 618, 619, 620, 621, 623, 624, 625, 626, 627, 631, 632, 635, 636, 638, 639, 640, 641, 643, 644, 645, 646, 647, 648, 649, 650, 651, 652, 654, 655, 656, 657, 659, 660, 661, 662, 663, 664, 666, 667, 669, 670, 671, 672, 673, 674, 675, 676, 677, 678, 679, 680, 681, 682, 683, 684, 685, 686, 687, 688, 689, 690, 691, 692, 693, 695, 696, 697, 698, 699, 700, 701, 702, 703, 704, 705, 706, 708, 709, 710, 711, 713, 714, 715, 716, 717, 718, 719, 720, 721, 722, 723, 724, 726, 729, 730, 732, 734, 735, 737, 738, 739, 740, 742, 743, 744, 745, 746, 747, 748, 750, 751, 752, 753, 755, 757, 758, 759, 760, 761, 762, 764, 765, 767, 768, 769, 771, 772, 774, 777, 778, 779, 780, 782, 783, 784, 785, 786, 787, 788, 789, 790, 791, 792, 793, 794, 795, 796, 797, 801, 802, 803, 804, 805, 806, 808, 810, 811, 812, 813, 815, 816, 817, 818, 819, 820, 821, 822, 823, 824, 825, 826, 827, 828, 829, 830, 831, 832, 833, 834, 835, 836, 837, 838, 839, 840, 842, 843, 844, 845, 846, 847, 848, 849, 850, 851, 852, 853, 854, 855, 857, 858, 859, 860, 862, 863, 864, 865, 866, 867, 868, 869, 870, 871, 873, 874, 875, 876, 877, 878, 879, 880, 881, 883, 884, 885, 886, 887, 888, 889]
[0, 17, 21, 29, 47, 49, 58, 64, 70, 83, 85, 95, 104, 110, 124, 128, 142, 145, 151, 155, 156, 164, 179, 184, 188, 189, 202, 228, 249, 261, 273, 274, 275, 279, 285, 293, 296, 316, 319, 331, 334, 337, 348, 382, 383, 386, 402, 412, 413, 414, 420, 436, 465, 467, 470, 480, 488, 494, 495, 498, 502, 503, 511, 522, 529, 540, 543, 546, 563, 570, 571, 586, 588, 589, 595, 598, 599, 602, 608, 612, 619, 621, 627, 648, 651, 660, 662, 664, 666, 671, 678, 679, 693, 695, 697, 703, 706, 709, 710, 713, 721, 729, 734, 739, 749, 753, 765, 767, 772, 773, 777, 784, 797, 803, 808, 817, 821, 824, 826, 833, 836, 839, 843, 845, 846, 851, 860, 875, 876, 887]

