[72, 117, 126, 147, 188, 271, 285, 386, 438, 466, 477, 486, 520, 533, 544, 575, 586, 612, 653, 706, 813, 815]
[6, 11, 17, 46, 54, 63, 68, 93, 146, 300, 405, 432, 491, 495, 512, 572, 678, 689, 746, 839, 848, 866]

[72, 117, 126, 147, 188, 271, 285, 386, 438, 466, 477, 486, 520, 533, 544, 575, 586, 612, 653, 706, 813, 815]
[0, 6, 11, 12, 17, 32, 35, 37, 40, 42, 46, 54, 62, 63, 68, 74, 75, 93, 98, 113, 124, 146, 149, 164, 167, 170, 180, 184, 201, 210, 228, 243, 262, 268, 273, 278, 283, 288, 294, 297, 300, 303, 310, 319, 321, 325, 327, 333, 354, 356, 358, 377, 382, 387, 392, 394, 396, 405, 409, 412, 432, 440, 454, 463, 483, 489, 491, 493, 494, 495, 498, 501, 504, 506, 512, 514, 536, 542, 543, 552, 559, 563, 564, 565, 572, 574, 581, 585, 591, 592, 609, 610, 641, 645, 655, 657, 660, 663, 678, 681, 683, 687, 689, 712, 718, 730, 731, 733, 746, 765, 786, 814, 823, 832, 839, 843, 844, 848, 850, 866, 870, 889]

[71, 72, 86, 108, 109, 114, 117, 126, 127, 131, 147, 163, 188, 240, 243, 271, 285, 355, 386, 401, 438, 466, 477, 486, 497, 520, 533, 544, 553, 575, 586, 596, 597, 612, 616, 653, 670, 673, 693, 706, 807, 813, 815, 839, 842, 871, 877]
[0, 6, 11, 12, 17, 32, 35, 37, 40, 42, 46, 54, 62, 63, 68, 74, 75, 93, 98, 113, 124, 146, 149, 164, 167, 170, 180, 184, 201, 210, 228, 243, 262, 268, 273, 278, 283, 288, 294, 297, 300, 303, 310, 319, 321, 325, 327, 333, 354, 356, 358, 377, 382, 387, 392, 394, 396, 405, 409, 412, 432, 440, 454, 463, 483, 489, 491, 493, 494, 495, 498, 501, 504, 506, 512, 514, 536, 542, 543, 552, 559, 563, 564, 565, 572, 574, 581, 585, 591, 592, 609, 610, 641, 645, 655, 657, 660, 663, 678, 681, 683, 687, 689, 712, 718, 730, 731, 733, 746, 765, 786, 814, 823, 832, 839, 843, 844, 848, 850, 866, 870, 889]

[71, 72, 86, 108, 109, 114, 117, 125, 126, 127, 131, 147, 163, 188, 195, 211, 231, 240, 241, 243, 271, 278, 285, 296, 303, 355, 386, 401, 428, 438, 441, 449, 466, 477, 486, 497, 510, 520, 530, 531, 533, 534, 544, 548, 553, 575, 586, 596, 597, 612, 616, 653, 664, 670, 673, 693, 706, 739, 748, 758, 770, 805, 807, 813, 815, 831, 839, 842, 871, 877, 882, 889]
[0, 6, 11, 12, 17, 32, 35, 37, 40, 42, 46, 54, 62, 63, 68, 74, 75, 93, 98, 113, 124, 146, 149, 164, 167, 170, 180, 184, 201, 210, 228, 243, 262, 268, 273, 278, 283, 288, 294, 297, 300, 303, 310, 319, 321, 325, 327, 333, 354, 356, 358, 377, 382, 387, 392, 394, 396, 405, 409, 412, 432, 440, 454, 463, 483, 489, 491, 493, 494, 495, 498, 501, 504, 506, 512, 514, 536, 542, 543, 552, 559, 563, 564, 565, 572, 574, 581, 585, 591, 592, 609, 610, 641, 645, 655, 657, 660, 663, 678, 681, 683, 687, 689, 712, 718, 730, 731, 733, 746, 765, 786, 814, 823, 832, 839, 843, 844, 848, 850, 866, 870, 889]

[22, 34, 71, 72, 86, 108, 109, 114, 117, 118, 125, 126, 127, 131, 137, 143, 145, 147, 155, 163, 188, 195, 211, 213, 215, 231, 239, 240, 241, 243, 271, 273, 276, 278, 285, 296, 303, 322, 326, 355, 386, 401, 428, 438, 441, 449, 452, 461, 466, 477, 486, 497, 510, 520, 526, 530, 531, 533, 534, 544, 548, 553, 575, 586, 596, 597, 610, 611, 612, 616, 617, 653, 664, 667, 670, 673, 693, 706, 712, 724, 734, 739, 748, 758, 770, 805, 807, 813, 815, 831, 839, 842, 861, 871, 877, 882, 889]
[0, 6, 11, 12, 17, 32, 35, 37, 40, 42, 46, 54, 62, 63, 68, 74, 75, 93, 98, 113, 124, 146, 149, 164, 167, 170, 180, 184, 201, 210, 228, 243, 262, 268, 273, 278, 283, 288, 294, 297, 300, 303, 310, 319, 321, 325, 327, 333, 354, 356, 358, 377, 382, 387, 392, 394, 396, 405, 409, 412, 432, 440, 454, 463, 483, 489, 491, 493, 494, 495, 498, 501, 504, 506, 512, 514, 536, 542, 543, 552, 559, 563, 564, 565, 572, 574, 581, 585, 591, 592, 609, 610, 641, 645, 655, 657, 660, 663, 678, 681, 683, 687, 689, 712, 718, 730, 731, 733, 746, 765, 786, 814, 823, 832, 839, 843, 844, 848, 850, 866, 870, 889]

[7, 17, 22, 34, 67, 71, 72, 82, 86, 96, 98, 108, 109, 114, 117, 118, 124, 125, 126, 127, 131, 137, 140, 143, 145, 147, 148, 155, 163, 188, 195, 200, 211, 213, 215, 231, 239, 240, 241, 243, 245, 271, 273, 276, 278, 285, 296, 303, 307, 322, 326, 355, 365, 367, 384, 386, 401, 428, 438, 441, 449, 452, 461, 466, 477, 484, 486, 487, 497, 510, 514, 518, 520, 526, 530, 531, 532, 533, 534, 544, 548, 549, 553, 575, 583, 586, 596, 597, 598, 599, 610, 611, 612, 616, 617, 621, 653, 654, 664, 667, 670, 673, 678, 693, 706, 712, 724, 734, 739, 747, 748, 758, 770, 805, 807, 813, 815, 830, 831, 839, 842, 851, 852, 856, 861, 871, 877, 878, 882, 889]
[0, 6, 11, 12, 17, 32, 35, 37, 40, 42, 46, 54, 62, 63, 68, 74, 75, 93, 98, 113, 124, 146, 149, 164, 167, 170, 180, 184, 201, 210, 228, 243, 262, 268, 273, 278, 283, 288, 294, 297, 300, 303, 310, 319, 321, 325, 327, 333, 354, 356, 358, 377, 382, 387, 392, 394, 396, 405, 409, 412, 432, 440, 454, 463, 483, 489, 491, 493, 494, 495, 498, 501, 504, 506, 512, 514, 536, 542, 543, 552, 559, 563, 564, 565, 572, 574, 581, 585, 591, 592, 609, 610, 641, 645, 655, 657, 660, 663, 678, 681, 683, 687, 689, 712, 718, 730, 731, 733, 746, 765, 786, 814, 823, 832, 839, 843, 844, 848, 850, 866, 870, 889]

[5, 7, 13, 17, 22, 34, 64, 67, 71, 72, 82, 86, 96, 98, 101, 108, 109, 114, 117, 118, 124, 125, 126, 127, 131, 137, 140, 143, 145, 147, 148, 155, 160, 163, 188, 195, 199, 200, 211, 213, 215, 231, 239, 240, 241, 243, 245, 271, 273, 276, 278, 285, 296, 303, 307, 312, 322, 326, 355, 356, 361, 365, 367, 384, 386, 396, 401, 425, 428, 430, 438, 441, 449, 452, 453, 457, 461, 466, 468, 477, 484, 485, 486, 487, 497, 506, 510, 513, 514, 518, 520, 526, 530, 531, 532, 533, 534, 543, 544, 548, 549, 553, 562, 574, 575, 583, 586, 596, 597, 598, 599, 610, 611, 612, 616, 617, 621, 642, 653, 654, 664, 667, 670, 673, 678, 693, 706, 709, 712, 722, 724, 734, 739, 747, 748, 758, 770, 775, 786, 805, 807, 813, 815, 825, 830, 831, 839, 842, 851, 852, 853, 856, 861, 867, 871, 877, 878, 882, 889]
[0, 6, 11, 12, 17, 32, 35, 37, 40, 42, 46, 54, 62, 63, 68, 74, 75, 93, 98, 113, 124, 146, 149, 164, 167, 170, 180, 184, 201, 210, 228, 243, 262, 268, 273, 278, 283, 288, 294, 297, 300, 303, 310, 319, 321, 325, 327, 333, 354, 356, 358, 377, 382, 387, 392, 394, 396, 405, 409, 412, 432, 440, 454, 463, 483, 489, 491, 493, 494, 495, 498, 501, 504, 506, 512, 514, 536, 542, 543, 552, 559, 563, 564, 565, 572, 574, 581, 585, 591, 592, 609, 610, 641, 645, 655, 657, 660, 663, 678, 681, 683, 687, 689, 712, 718, 730, 731, 733, 746, 765, 786, 814, 823, 832, 839, 843, 844, 848, 850, 866, 870, 889]

[5, 7, 8, 13, 17, 22, 34, 37, 52, 64, 67, 71, 72, 77, 78, 82, 86, 96, 98, 101, 108, 109, 114, 117, 118, 124, 125, 126, 127, 131, 137, 140, 143, 145, 147, 148, 154, 155, 158, 160, 163, 183, 188, 195, 199, 200, 211, 213, 215, 231, 239, 240, 241, 243, 245, 271, 273, 275, 276, 278, 284, 285, 293, 296, 301, 303, 307, 312, 322, 326, 327, 355, 356, 361, 364, 365, 367, 372, 374, 384, 386, 396, 401, 418, 425, 428, 430, 438, 441, 449, 452, 453, 457, 461, 466, 468, 475, 477, 484, 485, 486, 487, 497, 506, 510, 513, 514, 518, 520, 526, 530, 531, 532, 533, 534, 543, 544, 548, 549, 553, 562, 574, 575, 583, 586, 596, 597, 598, 599, 610, 611, 612, 616, 617, 618, 621, 642, 653, 654, 664, 667, 670, 673, 678, 693, 706, 709, 712, 718, 722, 724, 734, 739, 747, 748, 758, 759, 760, 770, 775, 786, 787, 794, 805, 807, 813, 815, 822, 825, 830, 831, 835, 839, 842, 851, 852, 853, 856, 861, 867, 871, 877, 878, 882, 889]
[0, 6, 11, 12, 17, 32, 35, 37, 40, 42, 46, 54, 62, 63, 68, 74, 75, 93, 98, 113, 124, 146, 149, 164, 167, 170, 180, 184, 201, 210, 228, 243, 262, 268, 273, 278, 283, 288, 294, 297, 300, 303, 310, 319, 321, 325, 327, 333, 354, 356, 358, 377, 382, 387, 392, 394, 396, 405, 409, 412, 432, 440, 454, 463, 483, 489, 491, 493, 494, 495, 498, 501, 504, 506, 512, 514, 536, 542, 543, 552, 559, 563, 564, 565, 572, 574, 581, 585, 591, 592, 609, 610, 641, 645, 655, 657, 660, 663, 678, 681, 683, 687, 689, 712, 718, 730, 731, 733, 746, 765, 786, 814, 823, 832, 839, 843, 844, 848, 850, 866, 870, 889]

[5, 6, 7, 8, 13, 16, 17, 22, 33, 34, 37, 52, 59, 64, 67, 71, 72, 77, 78, 82, 85, 86, 93, 96, 98, 101, 108, 109, 114, 117, 118, 124, 125, 126, 127, 131, 137, 140, 143, 145, 147, 148, 154, 155, 157, 158, 160, 163, 166, 183, 188, 195, 199, 200, 211, 213, 215, 231, 238, 239, 240, 241, 243, 245, 271, 273, 275, 276, 278, 284, 285, 293, 296, 301, 303, 307, 312, 322, 326, 327, 355, 356, 361, 364, 365, 367, 372, 374, 378, 384, 386, 396, 401, 418, 425, 428, 430, 438, 441, 449, 452, 453, 457, 461, 466, 468, 473, 475, 477, 484, 485, 486, 487, 496, 497, 501, 506, 510, 513, 514, 518, 520, 526, 530, 531, 532, 533, 534, 543, 544, 548, 549, 551, 553, 562, 566, 572, 574, 575, 583, 586, 596, 597, 598, 599, 607, 610, 611, 612, 616, 617, 618, 621, 630, 642, 653, 654, 664, 667, 669, 670, 673, 678, 693, 696, 706, 709, 712, 718, 722, 724, 734, 739, 746, 747, 748, 758, 759, 760, 770, 775, 784, 786, 787, 794, 805, 807, 808, 813, 815, 822, 825, 830, 831, 835, 839, 842, 851, 852, 853, 856, 857, 861, 863, 867, 871, 877, 878, 882, 889]
[0, 6, 11, 12, 17, 32, 35, 37, 40, 42, 46, 54, 62, 63, 68, 74, 75, 93, 98, 113, 124, 146, 149, 164, 167, 170, 180, 184, 201, 210, 228, 243, 262, 268, 273, 278, 283, 288, 294, 297, 300, 303, 310, 319, 321, 325, 327, 333, 354, 356, 358, 377, 382, 387, 392, 394, 396, 405, 409, 412, 432, 440, 454, 463, 483, 489, 491, 493, 494, 495, 498, 501, 504, 506, 512, 514, 536, 542, 543, 552, 559, 563, 564, 565, 572, 574, 581, 585, 591, 592, 609, 610, 641, 645, 655, 657, 660, 663, 678, 681, 683, 687, 689, 712, 718, 730, 731, 733, 746, 765, 786, 814, 823, 832, 839, 843, 844, 848, 850, 866, 870, 889]

[5, 6, 7, 8, 10, 13, 16, 17, 22, 33, 34, 37, 52, 59, 64, 67, 71, 72, 77, 78, 82, 85, 86, 93, 96, 98, 101, 108, 109, 111, 114, 117, 118, 120, 122, 123, 124, 125, 126, 127, 131, 137, 139, 140, 143, 144, 145, 147, 148, 154, 155, 157, 158, 160, 163, 166, 183, 188, 195, 199, 200, 211, 213, 215, 217, 227, 231, 238, 239, 240, 241, 243, 245, 271, 273, 275, 276, 278, 283, 284, 285, 293, 296, 301, 303, 307, 312, 318, 322, 326, 327, 355, 356, 361, 364, 365, 367, 372, 374, 378, 384, 386, 396, 401, 418, 419, 425, 428, 430, 438, 441, 449, 451, 452, 453, 457, 461, 466, 467, 468, 470, 473, 474, 475, 477, 484, 485, 486, 487, 496, 497, 501, 506, 510, 513, 514, 518, 520, 526, 530, 531, 532, 533, 534, 543, 544, 548, 549, 551, 553, 562, 566, 572, 574, 575, 582, 583, 586, 596, 597, 598, 599, 600, 607, 610, 611, 612, 616, 617, 618, 621, 627, 630, 642, 653, 654, 664, 667, 669, 670, 673, 678, 686, 693, 696, 706, 709, 712, 714, 718, 720, 722, 724, 734, 739, 746, 747, 748, 758, 759, 760, 765, 770, 775, 784, 786, 787, 794, 805, 807, 808, 813, 815, 822, 825, 830, 831, 835, 839, 842, 851, 852, 853, 856, 857, 861, 863, 864, 867, 871, 873, 877, 878, 882, 889]
[0, 6, 11, 12, 17, 32, 35, 37, 40, 42, 46, 54, 62, 63, 68, 74, 75, 93, 98, 113, 124, 146, 149, 164, 167, 170, 180, 184, 201, 210, 228, 243, 262, 268, 273, 278, 283, 288, 294, 297, 300, 303, 310, 319, 321, 325, 327, 333, 354, 356, 358, 377, 382, 387, 392, 394, 396, 405, 409, 412, 432, 440, 454, 463, 483, 489, 491, 493, 494, 495, 498, 501, 504, 506, 512, 514, 536, 542, 543, 552, 559, 563, 564, 565, 572, 574, 581, 585, 591, 592, 609, 610, 641, 645, 655, 657, 660, 663, 678, 681, 683, 687, 689, 712, 718, 730, 731, 733, 746, 765, 786, 814, 823, 832, 839, 843, 844, 848, 850, 866, 870, 889]

[5, 6, 7, 8, 10, 13, 16, 17, 22, 33, 34, 37, 42, 49, 52, 59, 64, 67, 68, 71, 72, 77, 78, 82, 85, 86, 93, 96, 98, 101, 103, 108, 109, 111, 114, 117, 118, 120, 122, 123, 124, 125, 126, 127, 131, 137, 139, 140, 143, 144, 145, 147, 148, 150, 154, 155, 157, 158, 160, 163, 166, 171, 183, 188, 195, 198, 199, 200, 209, 211, 213, 215, 216, 217, 227, 231, 238, 239, 240, 241, 243, 245, 266, 271, 273, 275, 276, 278, 283, 284, 285, 293, 296, 301, 303, 307, 312, 318, 322, 326, 327, 333, 342, 343, 355, 356, 361, 364, 365, 366, 367, 372, 374, 378, 384, 386, 396, 401, 410, 418, 419, 425, 428, 430, 438, 441, 449, 451, 452, 453, 455, 457, 461, 466, 467, 468, 470, 473, 474, 475, 477, 484, 485, 486, 487, 496, 497, 501, 506, 510, 513, 514, 518, 520, 526, 530, 531, 532, 533, 534, 543, 544, 548, 549, 551, 553, 562, 566, 572, 574, 575, 581, 582, 583, 586, 596, 597, 598, 599, 600, 602, 607, 610, 611, 612, 616, 617, 618, 621, 627, 630, 642, 653, 654, 658, 664, 667, 669, 670, 673, 678, 686, 693, 696, 706, 709, 712, 714, 718, 720, 722, 723, 724, 734, 739, 746, 747, 748, 758, 759, 760, 765, 768, 770, 775, 784, 786, 787, 794, 800, 805, 807, 808, 809, 813, 815, 821, 822, 825, 830, 831, 835, 839, 842, 851, 852, 853, 856, 857, 858, 861, 863, 864, 867, 871, 873, 877, 878, 882, 889]
[0, 6, 11, 12, 17, 32, 35, 37, 40, 42, 46, 54, 62, 63, 68, 74, 75, 93, 98, 113, 124, 146, 149, 164, 167, 170, 180, 184, 201, 210, 228, 243, 262, 268, 273, 278, 283, 288, 294, 297, 300, 303, 310, 319, 321, 325, 327, 333, 354, 356, 358, 377, 382, 387, 392, 394, 396, 405, 409, 412, 432, 440, 454, 463, 483, 489, 491, 493, 494, 495, 498, 501, 504, 506, 512, 514, 536, 542, 543, 552, 559, 563, 564, 565, 572, 574, 581, 585, 591, 592, 609, 610, 641, 645, 655, 657, 660, 663, 678, 681, 683, 687, 689, 712, 718, 730, 731, 733, 746, 765, 786, 814, 823, 832, 839, 843, 844, 848, 850, 866, 870, 889]

[5, 6, 7, 8, 10, 13, 16, 17, 20, 22, 33, 34, 37, 38, 42, 45, 49, 52, 59, 64, 65, 67, 68, 71, 72, 77, 78, 82, 85, 86, 93, 96, 98, 101, 103, 108, 109, 111, 114, 117, 118, 120, 122, 123, 124, 125, 126, 127, 130, 131, 137, 138, 139, 140, 143, 144, 145, 147, 148, 150, 154, 155, 157, 158, 160, 161, 163, 166, 171, 182, 183, 188, 195, 198, 199, 200, 209, 211, 213, 215, 216, 217, 227, 231, 234, 238, 239, 240, 241, 243, 245, 260, 266, 271, 273, 275, 276, 278, 283, 284, 285, 289, 293, 296, 301, 303, 307, 312, 318, 322, 326, 327, 331, 333, 342, 343, 355, 356, 361, 364, 365, 366, 367, 371, 372, 374, 378, 384, 386, 396, 399, 401, 406, 410, 411, 418, 419, 425, 428, 430, 438, 441, 449, 451, 452, 453, 455, 457, 461, 462, 466, 467, 468, 470, 473, 474, 475, 476, 477, 484, 485, 486, 487, 496, 497, 501, 506, 508, 510, 513, 514, 518, 520, 526, 530, 531, 532, 533, 534, 543, 544, 548, 549, 551, 553, 562, 566, 572, 574, 575, 581, 582, 583, 586, 596, 597, 598, 599, 600, 602, 607, 610, 611, 612, 616, 617, 618, 621, 624, 627, 630, 642, 653, 654, 658, 659, 664, 667, 669, 670, 673, 678, 686, 693, 696, 706, 709, 712, 714, 718, 720, 722, 723, 724, 726, 734, 739, 744, 746, 747, 748, 758, 759, 760, 765, 768, 770, 775, 784, 786, 787, 794, 800, 805, 807, 808, 809, 813, 815, 821, 822, 825, 830, 831, 835, 839, 842, 851, 852, 853, 856, 857, 858, 859, 860, 861, 863, 864, 867, 871, 873, 877, 878, 882, 889]
[0, 6, 11, 12, 17, 32, 35, 37, 40, 42, 46, 54, 62, 63, 68, 74, 75, 93, 98, 113, 124, 146, 149, 164, 167, 170, 180, 184, 201, 210, 228, 243, 262, 268, 273, 278, 283, 288, 294, 297, 300, 303, 310, 319, 321, 325, 327, 333, 354, 356, 358, 377, 382, 387, 392, 394, 396, 405, 409, 412, 432, 440, 454, 463, 483, 489, 491, 493, 494, 495, 498, 501, 504, 506, 512, 514, 536, 542, 543, 552, 559, 563, 564, 565, 572, 574, 581, 585, 591, 592, 609, 610, 641, 645, 655, 657, 660, 663, 678, 681, 683, 687, 689, 712, 718, 730, 731, 733, 746, 765, 786, 814, 823, 832, 839, 843, 844, 848, 850, 866, 870, 889]

[5, 6, 7, 8, 10, 13, 16, 17, 20, 22, 33, 34, 37, 38, 42, 45, 49, 52, 59, 64, 65, 67, 68, 71, 72, 77, 78, 82, 85, 86, 93, 96, 98, 101, 103, 108, 109, 111, 114, 117, 118, 120, 122, 123, 124, 125, 126, 127, 130, 131, 137, 138, 139, 140, 143, 144, 145, 146, 147, 148, 150, 154, 155, 157, 158, 160, 161, 162, 163, 166, 168, 171, 172, 182, 183, 188, 195, 198, 199, 200, 209, 211, 213, 215, 216, 217, 221, 227, 228, 231, 234, 238, 239, 240, 241, 243, 245, 260, 266, 271, 273, 275, 276, 278, 283, 284, 285, 286, 289, 293, 296, 301, 303, 307, 312, 318, 322, 326, 327, 331, 333, 337, 340, 341, 342, 343, 355, 356, 361, 364, 365, 366, 367, 371, 372, 374, 377, 378, 384, 386, 388, 393, 396, 399, 400, 401, 406, 410, 411, 418, 419, 423, 425, 428, 430, 438, 441, 449, 451, 452, 453, 455, 457, 461, 462, 466, 467, 468, 470, 473, 474, 475, 476, 477, 484, 485, 486, 487, 490, 492, 496, 497, 501, 506, 508, 510, 513, 514, 518, 520, 526, 530, 531, 532, 533, 534, 543, 544, 548, 549, 551, 553, 562, 566, 572, 574, 575, 578, 581, 582, 583, 586, 589, 596, 597, 598, 599, 600, 602, 607, 610, 611, 612, 616, 617, 618, 621, 624, 627, 630, 642, 648, 653, 654, 658, 659, 663, 664, 666, 667, 669, 670, 673, 678, 686, 693, 696, 706, 709, 712, 714, 718, 720, 722, 723, 724, 726, 727, 734, 739, 744, 746, 747, 748, 758, 759, 760, 765, 768, 770, 775, 784, 786, 787, 793, 794, 800, 805, 807, 808, 809, 813, 815, 821, 822, 825, 828, 830, 831, 835, 839, 842, 851, 852, 853, 856, 857, 858, 859, 860, 861, 863, 864, 867, 871, 873, 877, 878, 882, 889]
[0, 6, 11, 12, 17, 32, 35, 37, 40, 42, 46, 54, 62, 63, 68, 74, 75, 93, 98, 113, 124, 146, 149, 164, 167, 170, 180, 184, 201, 210, 228, 243, 262, 268, 273, 278, 283, 288, 294, 297, 300, 303, 310, 319, 321, 325, 327, 333, 354, 356, 358, 377, 382, 387, 392, 394, 396, 405, 409, 412, 432, 440, 454, 463, 483, 489, 491, 493, 494, 495, 498, 501, 504, 506, 512, 514, 536, 542, 543, 552, 559, 563, 564, 565, 572, 574, 581, 585, 591, 592, 609, 610, 641, 645, 655, 657, 660, 663, 678, 681, 683, 687, 689, 712, 718, 730, 731, 733, 746, 765, 786, 814, 823, 832, 839, 843, 844, 848, 850, 866, 870, 889]

[0, 5, 6, 7, 8, 9, 10, 11, 13, 16, 17, 20, 22, 33, 34, 37, 38, 42, 45, 48, 49, 52, 59, 64, 65, 67, 68, 71, 72, 77, 78, 82, 85, 86, 93, 96, 98, 101, 103, 108, 109, 111, 114, 117, 118, 120, 122, 123, 124, 125, 126, 127, 130, 131, 137, 138, 139, 140, 143, 144, 145, 146, 147, 148, 150, 154, 155, 157, 158, 160, 161, 162, 163, 166, 168, 171, 172, 174, 182, 183, 188, 189, 195, 198, 199, 200, 209, 211, 213, 215, 216, 217, 221, 224, 227, 228, 231, 234, 238, 239, 240, 241, 242, 243, 245, 260, 266, 271, 273, 275, 276, 278, 283, 284, 285, 286, 289, 293, 296, 299, 301, 303, 307, 312, 318, 320, 322, 326, 327, 331, 333, 337, 340, 341, 342, 343, 347, 355, 356, 361, 364, 365, 366, 367, 369, 371, 372, 374, 377, 378, 382, 384, 386, 388, 393, 396, 399, 400, 401, 404, 406, 410, 411, 416, 418, 419, 423, 425, 428, 429, 430, 438, 441, 449, 451, 452, 453, 455, 457, 461, 462, 466, 467, 468, 470, 473, 474, 475, 476, 477, 482, 484, 485, 486, 487, 490, 492, 496, 497, 501, 506, 508, 510, 513, 514, 518, 520, 526, 530, 531, 532, 533, 534, 543, 544, 548, 549, 551, 553, 562, 563, 566, 572, 574, 575, 578, 579, 581, 582, 583, 586, 589, 596, 597, 598, 599, 600, 602, 607, 610, 611, 612, 615, 616, 617, 618, 621, 624, 627, 630, 637, 642, 648, 653, 654, 658, 659, 663, 664, 666, 667, 669, 670, 673, 675, 678, 682, 686, 693, 696, 706, 709, 712, 714, 718, 720, 722, 723, 724, 726, 727, 734, 735, 739, 744, 746, 747, 748, 758, 759, 760, 765, 768, 770, 775, 784, 786, 787, 793, 794, 798, 800, 805, 807, 808, 809, 813, 815, 821, 822, 825, 828, 830, 831, 835, 839, 842, 851, 852, 853, 856, 857, 858, 859, 860, 861, 863, 864, 867, 871, 873, 877, 878, 882, 889]
[0, 6, 11, 12, 17, 32, 35, 37, 40, 42, 46, 54, 62, 63, 68, 74, 75, 93, 98, 113, 124, 146, 149, 164, 167, 170, 180, 184, 201, 210, 228, 243, 262, 268, 273, 278, 283, 288, 294, 297, 300, 303, 310, 319, 321, 325, 327, 333, 354, 356, 358, 377, 382, 387, 392, 394, 396, 405, 409, 412, 432, 440, 454, 463, 483, 489, 491, 493, 494, 495, 498, 501, 504, 506, 512, 514, 536, 542, 543, 552, 559, 563, 564, 565, 572, 574, 581, 585, 591, 592, 609, 610, 641, 645, 655, 657, 660, 663, 678, 681, 683, 687, 689, 712, 718, 730, 731, 733, 746, 765, 786, 814, 823, 832, 839, 843, 844, 848, 850, 866, 870, 889]

[0, 2, 5, 6, 7, 8, 9, 10, 11, 13, 16, 17, 20, 22, 33, 34, 36, 37, 38, 42, 45, 48, 49, 52, 59, 64, 65, 67, 68, 71, 72, 77, 78, 82, 85, 86, 93, 96, 98, 101, 103, 108, 109, 111, 114, 117, 118, 119, 120, 122, 123, 124, 125, 126, 127, 130, 131, 133, 137, 138, 139, 140, 143, 144, 145, 146, 147, 148, 150, 154, 155, 157, 158, 160, 161, 162, 163, 166, 168, 169, 171, 172, 174, 180, 182, 183, 188, 189, 193, 195, 198, 199, 200, 209, 211, 213, 215, 216, 217, 221, 224, 227, 228, 231, 234, 238, 239, 240, 241, 242, 243, 244, 245, 248, 260, 266, 271, 273, 275, 276, 278, 283, 284, 285, 286, 289, 293, 296, 299, 301, 303, 307, 312, 313, 318, 320, 322, 325, 326, 327, 331, 333, 337, 340, 341, 342, 343, 347, 349, 355, 356, 361, 364, 365, 366, 367, 369, 371, 372, 374, 377, 378, 382, 384, 386, 388, 393, 396, 399, 400, 401, 404, 406, 410, 411, 416, 418, 419, 422, 423, 425, 427, 428, 429, 430, 438, 441, 449, 451, 452, 453, 455, 457, 461, 462, 466, 467, 468, 470, 473, 474, 475, 476, 477, 482, 484, 485, 486, 487, 490, 492, 496, 497, 501, 505, 506, 508, 510, 511, 513, 514, 518, 519, 520, 526, 530, 531, 532, 533, 534, 543, 544, 548, 549, 551, 553, 562, 563, 566, 572, 574, 575, 578, 579, 581, 582, 583, 586, 589, 596, 597, 598, 599, 600, 602, 607, 610, 611, 612, 615, 616, 617, 618, 621, 624, 627, 630, 637, 642, 648, 653, 654, 658, 659, 663, 664, 666, 667, 669, 670, 673, 675, 678, 682, 686, 693, 696, 700, 705, 706, 709, 712, 714, 715, 718, 720, 722, 723, 724, 726, 727, 734, 735, 739, 744, 746, 747, 748, 757, 758, 759, 760, 765, 768, 770, 775, 782, 784, 786, 787, 793, 794, 798, 799, 800, 805, 807, 808, 809, 813, 815, 821, 822, 825, 828, 830, 831, 835, 839, 840, 842, 851, 852, 853, 856, 857, 858, 859, 860, 861, 863, 864, 866, 867, 871, 873, 877, 878, 882, 889]
[0, 6, 11, 12, 17, 32, 35, 37, 40, 42, 46, 54, 62, 63, 68, 74, 75, 93, 98, 113, 124, 146, 149, 164, 167, 170, 180, 184, 201, 210, 228, 243, 262, 268, 273, 278, 283, 288, 294, 297, 300, 303, 310, 319, 321, 325, 327, 333, 354, 356, 358, 377, 382, 387, 392, 394, 396, 405, 409, 412, 432, 440, 454, 463, 483, 489, 491, 493, 494, 495, 498, 501, 504, 506, 512, 514, 536, 542, 543, 552, 559, 563, 564, 565, 572, 574, 581, 585, 591, 592, 609, 610, 641, 645, 655, 657, 660, 663, 678, 681, 683, 687, 689, 712, 718, 730, 731, 733, 746, 765, 786, 814, 823, 832, 839, 843, 844, 848, 850, 866, 870, 889]

[0, 2, 5, 6, 7, 8, 9, 10, 11, 13, 16, 17, 20, 22, 33, 34, 36, 37, 38, 42, 45, 48, 49, 52, 53, 59, 64, 65, 67, 68, 71, 72, 74, 77, 78, 82, 85, 86, 93, 96, 98, 101, 103, 108, 109, 111, 114, 117, 118, 119, 120, 122, 123, 124, 125, 126, 127, 130, 131, 133, 137, 138, 139, 140, 142, 143, 144, 145, 146, 147, 148, 150, 154, 155, 157, 158, 160, 161, 162, 163, 166, 168, 169, 171, 172, 173, 174, 180, 182, 183, 188, 189, 193, 195, 197, 198, 199, 200, 209, 211, 213, 214, 215, 216, 217, 218, 221, 224, 227, 228, 231, 234, 238, 239, 240, 241, 242, 243, 244, 245, 248, 260, 264, 266, 271, 273, 275, 276, 278, 283, 284, 285, 286, 289, 293, 296, 299, 301, 303, 307, 312, 313, 318, 320, 322, 325, 326, 327, 331, 333, 337, 340, 341, 342, 343, 347, 349, 355, 356, 361, 364, 365, 366, 367, 369, 371, 372, 374, 377, 378, 382, 384, 386, 388, 393, 396, 399, 400, 401, 402, 404, 406, 410, 411, 413, 416, 418, 419, 422, 423, 425, 427, 428, 429, 430, 438, 441, 442, 449, 451, 452, 453, 455, 457, 461, 462, 465, 466, 467, 468, 470, 473, 474, 475, 476, 477, 478, 482, 484, 485, 486, 487, 490, 491, 492, 496, 497, 501, 505, 506, 508, 510, 511, 513, 514, 518, 519, 520, 522, 526, 527, 530, 531, 532, 533, 534, 535, 543, 544, 548, 549, 551, 553, 562, 563, 566, 572, 574, 575, 578, 579, 581, 582, 583, 586, 589, 596, 597, 598, 599, 600, 602, 607, 610, 611, 612, 615, 616, 617, 618, 621, 624, 627, 630, 637, 640, 642, 648, 653, 654, 658, 659, 663, 664, 666, 667, 669, 670, 673, 675, 678, 682, 686, 693, 696, 700, 703, 705, 706, 709, 712, 714, 715, 717, 718, 720, 722, 723, 724, 726, 727, 734, 735, 739, 744, 746, 747, 748, 751, 757, 758, 759, 760, 765, 768, 770, 775, 782, 784, 786, 787, 789, 793, 794, 798, 799, 800, 805, 807, 808, 809, 813, 815, 821, 822, 825, 828, 830, 831, 835, 839, 840, 842, 847, 850, 851, 852, 853, 856, 857, 858, 859, 860, 861, 863, 864, 866, 867, 871, 873, 876, 877, 878, 882, 889]
[0, 6, 11, 12, 17, 32, 35, 37, 40, 42, 46, 54, 62, 63, 68, 74, 75, 93, 98, 113, 124, 146, 149, 164, 167, 170, 180, 184, 201, 210, 228, 243, 262, 268, 273, 278, 283, 288, 294, 297, 300, 303, 310, 319, 321, 325, 327, 333, 354, 356, 358, 377, 382, 387, 392, 394, 396, 405, 409, 412, 432, 440, 454, 463, 483, 489, 491, 493, 494, 495, 498, 501, 504, 506, 512, 514, 536, 542, 543, 552, 559, 563, 564, 565, 572, 574, 581, 585, 591, 592, 609, 610, 641, 645, 655, 657, 660, 663, 678, 681, 683, 687, 689, 712, 718, 730, 731, 733, 746, 765, 786, 814, 823, 832, 839, 843, 844, 848, 850, 866, 870, 889]

[0, 2, 5, 6, 7, 8, 9, 10, 11, 13, 14, 16, 17, 20, 22, 33, 34, 35, 36, 37, 38, 42, 45, 48, 49, 52, 53, 59, 64, 65, 67, 68, 71, 72, 74, 77, 78, 82, 85, 86, 87, 93, 96, 98, 99, 100, 101, 103, 108, 109, 111, 114, 117, 118, 119, 120, 122, 123, 124, 125, 126, 127, 130, 131, 133, 137, 138, 139, 140, 142, 143, 144, 145, 146, 147, 148, 150, 154, 155, 157, 158, 160, 161, 162, 163, 166, 168, 169, 171, 172, 173, 174, 177, 180, 182, 183, 188, 189, 193, 195, 197, 198, 199, 200, 208, 209, 211, 213, 214, 215, 216, 217, 218, 221, 224, 227, 228, 231, 234, 238, 239, 240, 241, 242, 243, 244, 245, 248, 253, 260, 264, 266, 271, 273, 275, 276, 278, 283, 284, 285, 286, 289, 290, 293, 296, 299, 301, 303, 306, 307, 312, 313, 318, 320, 322, 325, 326, 327, 331, 333, 337, 340, 341, 342, 343, 345, 347, 349, 353, 355, 356, 361, 364, 365, 366, 367, 369, 371, 372, 374, 377, 378, 382, 384, 386, 388, 393, 396, 399, 400, 401, 402, 404, 406, 408, 410, 411, 413, 416, 418, 419, 420, 422, 423, 425, 427, 428, 429, 430, 433, 435, 438, 441, 442, 449, 451, 452, 453, 455, 457, 461, 462, 465, 466, 467, 468, 470, 473, 474, 475, 476, 477, 478, 482, 484, 485, 486, 487, 490, 491, 492, 495, 496, 497, 500, 501, 505, 506, 508, 509, 510, 511, 513, 514, 518, 519, 520, 522, 526, 527, 530, 531, 532, 533, 534, 535, 543, 544, 548, 549, 551, 553, 554, 557, 562, 563, 566, 572, 574, 575, 578, 579, 581, 582, 583, 586, 589, 596, 597, 598, 599, 600, 602, 607, 610, 611, 612, 615, 616, 617, 618, 621, 624, 627, 630, 637, 640, 642, 648, 653, 654, 658, 659, 663, 664, 666, 667, 669, 670, 673, 675, 678, 682, 686, 693, 696, 700, 703, 704, 705, 706, 709, 712, 714, 715, 717, 718, 720, 722, 723, 724, 726, 727, 734, 735, 739, 741, 744, 746, 747, 748, 751, 757, 758, 759, 760, 765, 768, 770, 775, 782, 784, 786, 787, 789, 793, 794, 798, 799, 800, 805, 807, 808, 809, 813, 815, 821, 822, 825, 828, 830, 831, 835, 839, 840, 842, 847, 848, 850, 851, 852, 853, 855, 856, 857, 858, 859, 860, 861, 863, 864, 866, 867, 871, 873, 876, 877, 878, 882, 889]
[0, 6, 11, 12, 17, 32, 35, 37, 40, 42, 46, 54, 62, 63, 68, 74, 75, 93, 98, 113, 124, 146, 149, 164, 167, 170, 180, 184, 201, 210, 228, 243, 262, 268, 273, 278, 283, 288, 294, 297, 300, 303, 310, 319, 321, 325, 327, 333, 354, 356, 358, 377, 382, 387, 392, 394, 396, 405, 409, 412, 432, 440, 454, 463, 483, 489, 491, 493, 494, 495, 498, 501, 504, 506, 512, 514, 536, 542, 543, 552, 559, 563, 564, 565, 572, 574, 581, 585, 591, 592, 609, 610, 641, 645, 655, 657, 660, 663, 678, 681, 683, 687, 689, 712, 718, 730, 731, 733, 746, 765, 786, 814, 823, 832, 839, 843, 844, 848, 850, 866, 870, 889]

[0, 2, 5, 6, 7, 8, 9, 10, 11, 13, 14, 16, 17, 19, 20, 22, 30, 33, 34, 35, 36, 37, 38, 42, 45, 48, 49, 52, 53, 54, 56, 59, 61, 64, 65, 67, 68, 71, 72, 74, 77, 78, 82, 85, 86, 87, 93, 96, 98, 99, 100, 101, 103, 108, 109, 111, 114, 117, 118, 119, 120, 122, 123, 124, 125, 126, 127, 130, 131, 133, 136, 137, 138, 139, 140, 142, 143, 144, 145, 146, 147, 148, 150, 153, 154, 155, 157, 158, 160, 161, 162, 163, 166, 168, 169, 171, 172, 173, 174, 177, 180, 182, 183, 188, 189, 193, 195, 196, 197, 198, 199, 200, 207, 208, 209, 211, 213, 214, 215, 216, 217, 218, 221, 224, 227, 228, 231, 234, 238, 239, 240, 241, 242, 243, 244, 245, 248, 253, 260, 264, 266, 271, 273, 275, 276, 278, 283, 284, 285, 286, 289, 290, 293, 296, 299, 301, 303, 306, 307, 312, 313, 318, 320, 322, 325, 326, 327, 328, 331, 333, 337, 340, 341, 342, 343, 345, 347, 349, 353, 355, 356, 361, 364, 365, 366, 367, 369, 371, 372, 374, 377, 378, 382, 384, 386, 388, 393, 396, 399, 400, 401, 402, 404, 406, 408, 410, 411, 413, 416, 418, 419, 420, 422, 423, 425, 427, 428, 429, 430, 433, 435, 438, 441, 442, 448, 449, 451, 452, 453, 455, 457, 461, 462, 465, 466, 467, 468, 470, 473, 474, 475, 476, 477, 478, 482, 484, 485, 486, 487, 490, 491, 492, 495, 496, 497, 500, 501, 505, 506, 508, 509, 510, 511, 513, 514, 518, 519, 520, 522, 526, 527, 530, 531, 532, 533, 534, 535, 543, 544, 548, 549, 551, 553, 554, 557, 562, 563, 565, 566, 572, 574, 575, 578, 579, 581, 582, 583, 586, 589, 596, 597, 598, 599, 600, 602, 604, 607, 610, 611, 612, 615, 616, 617, 618, 621, 624, 627, 630, 637, 640, 642, 648, 653, 654, 656, 658, 659, 663, 664, 666, 667, 669, 670, 673, 675, 676, 678, 681, 682, 686, 693, 696, 700, 703, 704, 705, 706, 709, 712, 713, 714, 715, 717, 718, 720, 722, 723, 724, 726, 727, 734, 735, 739, 741, 742, 744, 746, 747, 748, 751, 757, 758, 759, 760, 763, 765, 766, 768, 770, 775, 781, 782, 784, 786, 787, 789, 793, 794, 798, 799, 800, 805, 807, 808, 809, 813, 814, 815, 821, 822, 825, 828, 830, 831, 835, 836, 839, 840, 842, 847, 848, 849, 850, 851, 852, 853, 855, 856, 857, 858, 859, 860, 861, 863, 864, 865, 866, 867, 871, 873, 876, 877, 878, 882, 889]
[0, 6, 11, 12, 17, 32, 35, 37, 40, 42, 46, 54, 62, 63, 68, 74, 75, 93, 98, 113, 124, 146, 149, 164, 167, 170, 180, 184, 201, 210, 228, 243, 262, 268, 273, 278, 283, 288, 294, 297, 300, 303, 310, 319, 321, 325, 327, 333, 354, 356, 358, 377, 382, 387, 392, 394, 396, 405, 409, 412, 432, 440, 454, 463, 483, 489, 491, 493, 494, 495, 498, 501, 504, 506, 512, 514, 536, 542, 543, 552, 559, 563, 564, 565, 572, 574, 581, 585, 591, 592, 609, 610, 641, 645, 655, 657, 660, 663, 678, 681, 683, 687, 689, 712, 718, 730, 731, 733, 746, 765, 786, 814, 823, 832, 839, 843, 844, 848, 850, 866, 870, 889]

[0, 2, 5, 6, 7, 8, 9, 10, 11, 13, 14, 16, 17, 19, 20, 22, 30, 32, 33, 34, 35, 36, 37, 38, 42, 45, 48, 49, 52, 53, 54, 55, 56, 59, 61, 64, 65, 67, 68, 71, 72, 74, 75, 77, 78, 82, 84, 85, 86, 87, 93, 96, 97, 98, 99, 100, 101, 102, 103, 108, 109, 111, 114, 117, 118, 119, 120, 122, 123, 124, 125, 126, 127, 130, 131, 133, 136, 137, 138, 139, 140, 142, 143, 144, 145, 146, 147, 148, 150, 153, 154, 155, 157, 158, 160, 161, 162, 163, 164, 166, 168, 169, 171, 172, 173, 174, 177, 179, 180, 182, 183, 188, 189, 193, 195, 196, 197, 198, 199, 200, 207, 208, 209, 211, 213, 214, 215, 216, 217, 218, 221, 224, 227, 228, 229, 230, 231, 234, 238, 239, 240, 241, 242, 243, 244, 245, 248, 253, 260, 264, 266, 271, 273, 275, 276, 278, 283, 284, 285, 286, 289, 290, 293, 296, 299, 301, 303, 306, 307, 311, 312, 313, 314, 318, 320, 322, 325, 326, 327, 328, 331, 333, 337, 340, 341, 342, 343, 345, 347, 349, 353, 355, 356, 361, 364, 365, 366, 367, 369, 371, 372, 373, 374, 375, 377, 378, 382, 384, 386, 388, 393, 396, 399, 400, 401, 402, 404, 406, 408, 410, 411, 413, 416, 418, 419, 420, 422, 423, 424, 425, 427, 428, 429, 430, 433, 435, 436, 438, 441, 442, 448, 449, 451, 452, 453, 455, 457, 461, 462, 463, 465, 466, 467, 468, 470, 473, 474, 475, 476, 477, 478, 482, 484, 485, 486, 487, 490, 491, 492, 495, 496, 497, 500, 501, 505, 506, 508, 509, 510, 511, 513, 514, 516, 518, 519, 520, 522, 526, 527, 530, 531, 532, 533, 534, 535, 543, 544, 548, 549, 551, 552, 553, 554, 557, 562, 563, 565, 566, 572, 574, 575, 578, 579, 581, 582, 583, 586, 589, 596, 597, 598, 599, 600, 602, 604, 607, 610, 611, 612, 615, 616, 617, 618, 621, 624, 627, 630, 637, 640, 642, 643, 645, 648, 653, 654, 656, 658, 659, 663, 664, 666, 667, 669, 670, 673, 675, 676, 678, 681, 682, 686, 690, 693, 696, 700, 703, 704, 705, 706, 709, 712, 713, 714, 715, 717, 718, 720, 722, 723, 724, 725, 726, 727, 734, 735, 738, 739, 741, 742, 744, 746, 747, 748, 751, 757, 758, 759, 760, 763, 765, 766, 768, 770, 775, 779, 781, 782, 784, 786, 787, 789, 793, 794, 798, 799, 800, 805, 807, 808, 809, 813, 814, 815, 821, 822, 825, 828, 830, 831, 835, 836, 839, 840, 842, 847, 848, 849, 850, 851, 852, 853, 855, 856, 857, 858, 859, 860, 861, 863, 864, 865, 866, 867, 871, 873, 876, 877, 878, 882, 889]
[0, 6, 11, 12, 17, 32, 35, 37, 40, 42, 46, 54, 62, 63, 68, 74, 75, 93, 98, 113, 124, 146, 149, 164, 167, 170, 180, 184, 201, 210, 228, 243, 262, 268, 273, 278, 283, 288, 294, 297, 300, 303, 310, 319, 321, 325, 327, 333, 354, 356, 358, 377, 382, 387, 392, 394, 396, 405, 409, 412, 432, 440, 454, 463, 483, 489, 491, 493, 494, 495, 498, 501, 504, 506, 512, 514, 536, 542, 543, 552, 559, 563, 564, 565, 572, 574, 581, 585, 591, 592, 609, 610, 641, 645, 655, 657, 660, 663, 678, 681, 683, 687, 689, 712, 718, 730, 731, 733, 746, 765, 786, 814, 823, 832, 839, 843, 844, 848, 850, 866, 870, 889]

[0, 2, 5, 6, 7, 8, 9, 10, 11, 13, 14, 16, 17, 19, 20, 22, 25, 30, 32, 33, 34, 35, 36, 37, 38, 42, 45, 46, 48, 49, 52, 53, 54, 55, 56, 59, 61, 64, 65, 67, 68, 71, 72, 74, 75, 76, 77, 78, 82, 84, 85, 86, 87, 93, 96, 97, 98, 99, 100, 101, 102, 103, 108, 109, 111, 114, 116, 117, 118, 119, 120, 122, 123, 124, 125, 126, 127, 130, 131, 133, 136, 137, 138, 139, 140, 142, 143, 144, 145, 146, 147, 148, 150, 153, 154, 155, 157, 158, 160, 161, 162, 163, 164, 166, 168, 169, 171, 172, 173, 174, 177, 179, 180, 182, 183, 188, 189, 193, 195, 196, 197, 198, 199, 200, 203, 204, 207, 208, 209, 211, 213, 214, 215, 216, 217, 218, 221, 222, 224, 227, 228, 229, 230, 231, 234, 238, 239, 240, 241, 242, 243, 244, 245, 248, 253, 260, 264, 266, 271, 273, 275, 276, 278, 283, 284, 285, 286, 289, 290, 293, 296, 299, 301, 303, 306, 307, 311, 312, 313, 314, 318, 320, 322, 325, 326, 327, 328, 331, 333, 337, 340, 341, 342, 343, 345, 347, 349, 353, 355, 356, 361, 364, 365, 366, 367, 369, 371, 372, 373, 374, 375, 377, 378, 382, 384, 386, 388, 393, 396, 398, 399, 400, 401, 402, 404, 406, 408, 410, 411, 413, 416, 418, 419, 420, 422, 423, 424, 425, 427, 428, 429, 430, 433, 435, 436, 438, 441, 442, 447, 448, 449, 451, 452, 453, 455, 457, 461, 462, 463, 465, 466, 467, 468, 470, 473, 474, 475, 476, 477, 478, 480, 482, 484, 485, 486, 487, 490, 491, 492, 495, 496, 497, 500, 501, 505, 506, 508, 509, 510, 511, 513, 514, 516, 518, 519, 520, 521, 522, 526, 527, 530, 531, 532, 533, 534, 535, 543, 544, 548, 549, 551, 552, 553, 554, 557, 560, 562, 563, 564, 565, 566, 567, 572, 574, 575, 578, 579, 581, 582, 583, 584, 586, 589, 596, 597, 598, 599, 600, 602, 604, 607, 608, 609, 610, 611, 612, 615, 616, 617, 618, 621, 624, 627, 630, 637, 640, 642, 643, 645, 648, 653, 654, 656, 658, 659, 663, 664, 666, 667, 669, 670, 673, 675, 676, 678, 681, 682, 686, 688, 690, 693, 696, 700, 703, 704, 705, 706, 709, 712, 713, 714, 715, 717, 718, 720, 722, 723, 724, 725, 726, 727, 734, 735, 738, 739, 741, 742, 744, 746, 747, 748, 751, 757, 758, 759, 760, 763, 765, 766, 768, 770, 775, 779, 781, 782, 784, 785, 786, 787, 789, 791, 793, 794, 798, 799, 800, 805, 807, 808, 809, 811, 813, 814, 815, 816, 820, 821, 822, 825, 828, 830, 831, 835, 836, 839, 840, 841, 842, 846, 847, 848, 849, 850, 851, 852, 853, 855, 856, 857, 858, 859, 860, 861, 863, 864, 865, 866, 867, 871, 873, 876, 877, 878, 882, 889]
[0, 6, 11, 12, 17, 32, 35, 37, 40, 42, 46, 54, 62, 63, 68, 74, 75, 93, 98, 113, 124, 146, 149, 164, 167, 170, 180, 184, 201, 210, 228, 243, 262, 268, 273, 278, 283, 288, 294, 297, 300, 303, 310, 319, 321, 325, 327, 333, 354, 356, 358, 377, 382, 387, 392, 394, 396, 405, 409, 412, 432, 440, 454, 463, 483, 489, 491, 493, 494, 495, 498, 501, 504, 506, 512, 514, 536, 542, 543, 552, 559, 563, 564, 565, 572, 574, 581, 585, 591, 592, 609, 610, 641, 645, 655, 657, 660, 663, 678, 681, 683, 687, 689, 712, 718, 730, 731, 733, 746, 765, 786, 814, 823, 832, 839, 843, 844, 848, 850, 866, 870, 889]

[0, 2, 4, 5, 6, 7, 8, 9, 10, 11, 13, 14, 16, 17, 19, 20, 22, 25, 30, 32, 33, 34, 35, 36, 37, 38, 42, 45, 46, 48, 49, 52, 53, 54, 55, 56, 59, 61, 64, 65, 67, 68, 71, 72, 74, 75, 76, 77, 78, 82, 84, 85, 86, 87, 89, 93, 96, 97, 98, 99, 100, 101, 102, 103, 108, 109, 111, 114, 116, 117, 118, 119, 120, 122, 123, 124, 125, 126, 127, 129, 130, 131, 132, 133, 135, 136, 137, 138, 139, 140, 142, 143, 144, 145, 146, 147, 148, 150, 153, 154, 155, 157, 158, 160, 161, 162, 163, 164, 166, 168, 169, 171, 172, 173, 174, 177, 179, 180, 182, 183, 188, 189, 193, 195, 196, 197, 198, 199, 200, 203, 204, 207, 208, 209, 211, 213, 214, 215, 216, 217, 218, 221, 222, 224, 227, 228, 229, 230, 231, 232, 234, 238, 239, 240, 241, 242, 243, 244, 245, 246, 248, 253, 260, 264, 266, 269, 271, 273, 275, 276, 278, 283, 284, 285, 286, 288, 289, 290, 292, 293, 296, 299, 301, 303, 306, 307, 311, 312, 313, 314, 318, 320, 322, 325, 326, 327, 328, 329, 331, 333, 337, 340, 341, 342, 343, 345, 347, 349, 353, 355, 356, 361, 364, 365, 366, 367, 369, 370, 371, 372, 373, 374, 375, 377, 378, 382, 384, 386, 388, 393, 394, 396, 398, 399, 400, 401, 402, 404, 406, 408, 410, 411, 413, 416, 418, 419, 420, 422, 423, 424, 425, 427, 428, 429, 430, 433, 435, 436, 438, 441, 442, 447, 448, 449, 451, 452, 453, 455, 457, 461, 462, 463, 465, 466, 467, 468, 469, 470, 473, 474, 475, 476, 477, 478, 480, 482, 484, 485, 486, 487, 490, 491, 492, 495, 496, 497, 500, 501, 505, 506, 508, 509, 510, 511, 513, 514, 516, 518, 519, 520, 521, 522, 526, 527, 530, 531, 532, 533, 534, 535, 543, 544, 547, 548, 549, 550, 551, 552, 553, 554, 556, 557, 560, 562, 563, 564, 565, 566, 567, 572, 574, 575, 577, 578, 579, 581, 582, 583, 584, 586, 589, 596, 597, 598, 599, 600, 602, 604, 607, 608, 609, 610, 611, 612, 615, 616, 617, 618, 621, 624, 625, 627, 630, 632, 637, 640, 642, 643, 645, 648, 653, 654, 656, 658, 659, 663, 664, 666, 667, 669, 670, 673, 675, 676, 678, 681, 682, 686, 687, 688, 690, 693, 696, 700, 703, 704, 705, 706, 709, 712, 713, 714, 715, 717, 718, 720, 722, 723, 724, 725, 726, 727, 734, 735, 736, 738, 739, 741, 742, 744, 746, 747, 748, 751, 757, 758, 759, 760, 763, 765, 766, 768, 770, 775, 779, 781, 782, 784, 785, 786, 787, 788, 789, 791, 793, 794, 798, 799, 800, 805, 807, 808, 809, 811, 813, 814, 815, 816, 820, 821, 822, 825, 827, 828, 830, 831, 833, 835, 836, 839, 840, 841, 842, 846, 847, 848, 849, 850, 851, 852, 853, 855, 856, 857, 858, 859, 860, 861, 863, 864, 865, 866, 867, 871, 873, 876, 877, 878, 882, 889]
[0, 6, 11, 12, 17, 32, 35, 37, 40, 42, 46, 54, 62, 63, 68, 74, 75, 93, 98, 113, 124, 146, 149, 164, 167, 170, 180, 184, 201, 210, 228, 243, 262, 268, 273, 278, 283, 288, 294, 297, 300, 303, 310, 319, 321, 325, 327, 333, 354, 356, 358, 377, 382, 387, 392, 394, 396, 405, 409, 412, 432, 440, 454, 463, 483, 489, 491, 493, 494, 495, 498, 501, 504, 506, 512, 514, 536, 542, 543, 552, 559, 563, 564, 565, 572, 574, 581, 585, 591, 592, 609, 610, 641, 645, 655, 657, 660, 663, 678, 681, 683, 687, 689, 712, 718, 730, 731, 733, 746, 765, 786, 814, 823, 832, 839, 843, 844, 848, 850, 866, 870, 889]

[0, 2, 4, 5, 6, 7, 8, 9, 10, 11, 13, 14, 16, 17, 19, 20, 22, 25, 30, 31, 32, 33, 34, 35, 36, 37, 38, 42, 43, 45, 46, 48, 49, 52, 53, 54, 55, 56, 59, 61, 64, 65, 67, 68, 71, 72, 74, 75, 76, 77, 78, 82, 84, 85, 86, 87, 89, 93, 94, 96, 97, 98, 99, 100, 101, 102, 103, 108, 109, 111, 114, 116, 117, 118, 119, 120, 122, 123, 124, 125, 126, 127, 129, 130, 131, 132, 133, 135, 136, 137, 138, 139, 140, 142, 143, 144, 145, 146, 147, 148, 150, 153, 154, 155, 157, 158, 160, 161, 162, 163, 164, 166, 168, 169, 171, 172, 173, 174, 177, 179, 180, 182, 183, 188, 189, 193, 195, 196, 197, 198, 199, 200, 202, 203, 204, 207, 208, 209, 211, 212, 213, 214, 215, 216, 217, 218, 221, 222, 224, 227, 228, 229, 230, 231, 232, 234, 236, 238, 239, 240, 241, 242, 243, 244, 245, 246, 248, 253, 257, 260, 264, 266, 269, 271, 273, 275, 276, 278, 283, 284, 285, 286, 288, 289, 290, 292, 293, 296, 299, 301, 303, 306, 307, 311, 312, 313, 314, 318, 320, 322, 325, 326, 327, 328, 329, 331, 332, 333, 337, 340, 341, 342, 343, 345, 347, 349, 353, 355, 356, 361, 362, 364, 365, 366, 367, 369, 370, 371, 372, 373, 374, 375, 377, 378, 382, 383, 384, 386, 388, 393, 394, 396, 398, 399, 400, 401, 402, 404, 406, 408, 410, 411, 413, 416, 418, 419, 420, 422, 423, 424, 425, 427, 428, 429, 430, 433, 435, 436, 438, 441, 442, 445, 447, 448, 449, 451, 452, 453, 455, 457, 461, 462, 463, 465, 466, 467, 468, 469, 470, 473, 474, 475, 476, 477, 478, 480, 482, 484, 485, 486, 487, 490, 491, 492, 495, 496, 497, 500, 501, 505, 506, 508, 509, 510, 511, 513, 514, 516, 518, 519, 520, 521, 522, 526, 527, 530, 531, 532, 533, 534, 535, 541, 543, 544, 547, 548, 549, 550, 551, 552, 553, 554, 555, 556, 557, 560, 562, 563, 564, 565, 566, 567, 572, 573, 574, 575, 577, 578, 579, 581, 582, 583, 584, 586, 589, 596, 597, 598, 599, 600, 602, 604, 607, 608, 609, 610, 611, 612, 615, 616, 617, 618, 621, 624, 625, 627, 630, 631, 632, 637, 638, 640, 642, 643, 645, 648, 650, 653, 654, 656, 658, 659, 663, 664, 666, 667, 668, 669, 670, 673, 675, 676, 678, 681, 682, 684, 686, 687, 688, 690, 692, 693, 696, 700, 703, 704, 705, 706, 709, 712, 713, 714, 715, 717, 718, 720, 722, 723, 724, 725, 726, 727, 734, 735, 736, 738, 739, 741, 742, 744, 746, 747, 748, 751, 757, 758, 759, 760, 763, 765, 766, 768, 770, 775, 779, 781, 782, 784, 785, 786, 787, 788, 789, 791, 793, 794, 797, 798, 799, 800, 801, 805, 807, 808, 809, 811, 813, 814, 815, 816, 820, 821, 822, 825, 827, 828, 830, 831, 833, 835, 836, 838, 839, 840, 841, 842, 846, 847, 848, 849, 850, 851, 852, 853, 854, 855, 856, 857, 858, 859, 860, 861, 863, 864, 865, 866, 867, 869, 871, 873, 876, 877, 878, 882, 889]
[0, 6, 11, 12, 17, 32, 35, 37, 40, 42, 46, 54, 62, 63, 68, 74, 75, 93, 98, 113, 124, 146, 149, 164, 167, 170, 180, 184, 201, 210, 228, 243, 262, 268, 273, 278, 283, 288, 294, 297, 300, 303, 310, 319, 321, 325, 327, 333, 354, 356, 358, 377, 382, 387, 392, 394, 396, 405, 409, 412, 432, 440, 454, 463, 483, 489, 491, 493, 494, 495, 498, 501, 504, 506, 512, 514, 536, 542, 543, 552, 559, 563, 564, 565, 572, 574, 581, 585, 591, 592, 609, 610, 641, 645, 655, 657, 660, 663, 678, 681, 683, 687, 689, 712, 718, 730, 731, 733, 746, 765, 786, 814, 823, 832, 839, 843, 844, 848, 850, 866, 870, 889]

[0, 2, 4, 5, 6, 7, 8, 9, 10, 11, 13, 14, 16, 17, 19, 20, 22, 25, 30, 31, 32, 33, 34, 35, 36, 37, 38, 42, 43, 45, 46, 48, 49, 52, 53, 54, 55, 56, 59, 61, 64, 65, 67, 68, 71, 72, 74, 75, 76, 77, 78, 79, 82, 84, 85, 86, 87, 89, 92, 93, 94, 96, 97, 98, 99, 100, 101, 102, 103, 108, 109, 111, 114, 116, 117, 118, 119, 120, 122, 123, 124, 125, 126, 127, 129, 130, 131, 132, 133, 135, 136, 137, 138, 139, 140, 142, 143, 144, 145, 146, 147, 148, 150, 153, 154, 155, 157, 158, 160, 161, 162, 163, 164, 166, 168, 169, 171, 172, 173, 174, 177, 179, 180, 182, 183, 184, 188, 189, 193, 195, 196, 197, 198, 199, 200, 202, 203, 204, 207, 208, 209, 211, 212, 213, 214, 215, 216, 217, 218, 221, 222, 224, 227, 228, 229, 230, 231, 232, 234, 236, 238, 239, 240, 241, 242, 243, 244, 245, 246, 247, 248, 253, 257, 260, 264, 266, 269, 271, 273, 275, 276, 278, 283, 284, 285, 286, 288, 289, 290, 292, 293, 296, 299, 301, 303, 306, 307, 308, 311, 312, 313, 314, 315, 318, 319, 320, 322, 325, 326, 327, 328, 329, 331, 332, 333, 337, 340, 341, 342, 343, 345, 347, 349, 353, 355, 356, 361, 362, 364, 365, 366, 367, 368, 369, 370, 371, 372, 373, 374, 375, 377, 378, 382, 383, 384, 386, 388, 393, 394, 396, 398, 399, 400, 401, 402, 404, 405, 406, 408, 410, 411, 413, 416, 418, 419, 420, 422, 423, 424, 425, 427, 428, 429, 430, 433, 435, 436, 438, 441, 442, 445, 447, 448, 449, 451, 452, 453, 455, 457, 461, 462, 463, 465, 466, 467, 468, 469, 470, 473, 474, 475, 476, 477, 478, 480, 482, 484, 485, 486, 487, 490, 491, 492, 493, 495, 496, 497, 500, 501, 505, 506, 508, 509, 510, 511, 513, 514, 516, 517, 518, 519, 520, 521, 522, 526, 527, 528, 530, 531, 532, 533, 534, 535, 541, 543, 544, 547, 548, 549, 550, 551, 552, 553, 554, 555, 556, 557, 560, 562, 563, 564, 565, 566, 567, 572, 573, 574, 575, 577, 578, 579, 581, 582, 583, 584, 585, 586, 589, 596, 597, 598, 599, 600, 602, 603, 604, 607, 608, 609, 610, 611, 612, 615, 616, 617, 618, 619, 621, 624, 625, 626, 627, 628, 630, 631, 632, 637, 638, 640, 642, 643, 645, 648, 650, 653, 654, 656, 658, 659, 663, 664, 666, 667, 668, 669, 670, 673, 675, 676, 678, 681, 682, 684, 686, 687, 688, 690, 692, 693, 696, 700, 703, 704, 705, 706, 709, 712, 713, 714, 715, 717, 718, 720, 722, 723, 724, 725, 726, 727, 734, 735, 736, 738, 739, 741, 742, 743, 744, 746, 747, 748, 751, 757, 758, 759, 760, 763, 764, 765, 766, 768, 770, 775, 777, 779, 781, 782, 784, 785, 786, 787, 788, 789, 791, 793, 794, 795, 797, 798, 799, 800, 801, 803, 805, 807, 808, 809, 811, 813, 814, 815, 816, 819, 820, 821, 822, 825, 827, 828, 829, 830, 831, 833, 835, 836, 838, 839, 840, 841, 842, 846, 847, 848, 849, 850, 851, 852, 853, 854, 855, 856, 857, 858, 859, 860, 861, 863, 864, 865, 866, 867, 869, 871, 873, 876, 877, 878, 882, 887, 889]
[0, 6, 11, 12, 17, 32, 35, 37, 40, 42, 46, 54, 62, 63, 68, 74, 75, 93, 98, 113, 124, 146, 149, 164, 167, 170, 180, 184, 201, 210, 228, 243, 262, 268, 273, 278, 283, 288, 294, 297, 300, 303, 310, 319, 321, 325, 327, 333, 354, 356, 358, 377, 382, 387, 392, 394, 396, 405, 409, 412, 432, 440, 454, 463, 483, 489, 491, 493, 494, 495, 498, 501, 504, 506, 512, 514, 536, 542, 543, 552, 559, 563, 564, 565, 572, 574, 581, 585, 591, 592, 609, 610, 641, 645, 655, 657, 660, 663, 678, 681, 683, 687, 689, 712, 718, 730, 731, 733, 746, 765, 786, 814, 823, 832, 839, 843, 844, 848, 850, 866, 870, 889]

[0, 2, 4, 5, 6, 7, 8, 9, 10, 11, 13, 14, 16, 17, 19, 20, 22, 25, 28, 30, 31, 32, 33, 34, 35, 36, 37, 38, 42, 43, 45, 46, 48, 49, 52, 53, 54, 55, 56, 59, 61, 64, 65, 67, 68, 69, 71, 72, 74, 75, 76, 77, 78, 79, 81, 82, 84, 85, 86, 87, 88, 89, 92, 93, 94, 96, 97, 98, 99, 100, 101, 102, 103, 107, 108, 109, 111, 114, 116, 117, 118, 119, 120, 121, 122, 123, 124, 125, 126, 127, 129, 130, 131, 132, 133, 135, 136, 137, 138, 139, 140, 142, 143, 144, 145, 146, 147, 148, 150, 153, 154, 155, 157, 158, 160, 161, 162, 163, 164, 166, 168, 169, 171, 172, 173, 174, 175, 177, 179, 180, 182, 183, 184, 185, 188, 189, 193, 195, 196, 197, 198, 199, 200, 202, 203, 204, 207, 208, 209, 211, 212, 213, 214, 215, 216, 217, 218, 221, 222, 224, 227, 228, 229, 230, 231, 232, 234, 236, 238, 239, 240, 241, 242, 243, 244, 245, 246, 247, 248, 252, 253, 257, 260, 264, 266, 269, 271, 273, 275, 276, 278, 283, 284, 285, 286, 288, 289, 290, 292, 293, 296, 297, 298, 299, 300, 301, 303, 306, 307, 308, 311, 312, 313, 314, 315, 318, 319, 320, 322, 325, 326, 327, 328, 329, 331, 332, 333, 337, 340, 341, 342, 343, 345, 346, 347, 349, 353, 355, 356, 361, 362, 364, 365, 366, 367, 368, 369, 370, 371, 372, 373, 374, 375, 377, 378, 382, 383, 384, 385, 386, 388, 393, 394, 396, 398, 399, 400, 401, 402, 404, 405, 406, 408, 410, 411, 413, 416, 418, 419, 420, 422, 423, 424, 425, 427, 428, 429, 430, 433, 435, 436, 438, 440, 441, 442, 445, 447, 448, 449, 451, 452, 453, 455, 457, 461, 462, 463, 464, 465, 466, 467, 468, 469, 470, 473, 474, 475, 476, 477, 478, 480, 482, 484, 485, 486, 487, 490, 491, 492, 493, 494, 495, 496, 497, 500, 501, 505, 506, 508, 509, 510, 511, 513, 514, 516, 517, 518, 519, 520, 521, 522, 526, 527, 528, 530, 531, 532, 533, 534, 535, 541, 543, 544, 547, 548, 549, 550, 551, 552, 553, 554, 555, 556, 557, 560, 562, 563, 564, 565, 566, 567, 572, 573, 574, 575, 577, 578, 579, 581, 582, 583, 584, 585, 586, 589, 596, 597, 598, 599, 600, 602, 603, 604, 607, 608, 609, 610, 611, 612, 615, 616, 617, 618, 619, 621, 624, 625, 626, 627, 628, 630, 631, 632, 637, 638, 640, 642, 643, 645, 648, 650, 653, 654, 656, 658, 659, 663, 664, 666, 667, 668, 669, 670, 672, 673, 675, 676, 678, 680, 681, 682, 684, 685, 686, 687, 688, 690, 692, 693, 695, 696, 700, 703, 704, 705, 706, 709, 712, 713, 714, 715, 717, 718, 720, 722, 723, 724, 725, 726, 727, 734, 735, 736, 738, 739, 741, 742, 743, 744, 746, 747, 748, 751, 757, 758, 759, 760, 763, 764, 765, 766, 768, 770, 771, 773, 775, 777, 779, 781, 782, 784, 785, 786, 787, 788, 789, 791, 793, 794, 795, 797, 798, 799, 800, 801, 803, 805, 807, 808, 809, 811, 813, 814, 815, 816, 817, 819, 820, 821, 822, 825, 827, 828, 829, 830, 831, 833, 835, 836, 838, 839, 840, 841, 842, 846, 847, 848, 849, 850, 851, 852, 853, 854, 855, 856, 857, 858, 859, 860, 861, 863, 864, 865, 866, 867, 869, 871, 873, 876, 877, 878, 882, 885, 887, 889]
[0, 6, 11, 12, 17, 32, 35, 37, 40, 42, 46, 54, 62, 63, 68, 74, 75, 93, 98, 113, 124, 146, 149, 164, 167, 170, 180, 184, 201, 210, 228, 243, 262, 268, 273, 278, 283, 288, 294, 297, 300, 303, 310, 319, 321, 325, 327, 333, 354, 356, 358, 377, 382, 387, 392, 394, 396, 405, 409, 412, 432, 440, 454, 463, 483, 489, 491, 493, 494, 495, 498, 501, 504, 506, 512, 514, 536, 542, 543, 552, 559, 563, 564, 565, 572, 574, 581, 585, 591, 592, 609, 610, 641, 645, 655, 657, 660, 663, 678, 681, 683, 687, 689, 712, 718, 730, 731, 733, 746, 765, 786, 814, 823, 832, 839, 843, 844, 848, 850, 866, 870, 889]

[0, 2, 3, 4, 5, 6, 7, 8, 9, 10, 11, 13, 14, 16, 17, 19, 20, 22, 25, 28, 30, 31, 32, 33, 34, 35, 36, 37, 38, 42, 43, 45, 46, 48, 49, 52, 53, 54, 55, 56, 59, 61, 62, 64, 65, 66, 67, 68, 69, 71, 72, 74, 75, 76, 77, 78, 79, 80, 81, 82, 84, 85, 86, 87, 88, 89, 92, 93, 94, 96, 97, 98, 99, 100, 101, 102, 103, 107, 108, 109, 111, 114, 116, 117, 118, 119, 120, 121, 122, 123, 124, 125, 126, 127, 129, 130, 131, 132, 133, 135, 136, 137, 138, 139, 140, 142, 143, 144, 145, 146, 147, 148, 150, 153, 154, 155, 157, 158, 160, 161, 162, 163, 164, 166, 168, 169, 171, 172, 173, 174, 175, 177, 179, 180, 182, 183, 184, 185, 187, 188, 189, 193, 195, 196, 197, 198, 199, 200, 202, 203, 204, 207, 208, 209, 211, 212, 213, 214, 215, 216, 217, 218, 221, 222, 224, 227, 228, 229, 230, 231, 232, 234, 236, 238, 239, 240, 241, 242, 243, 244, 245, 246, 247, 248, 252, 253, 257, 258, 260, 261, 264, 266, 269, 271, 273, 275, 276, 278, 283, 284, 285, 286, 288, 289, 290, 292, 293, 296, 297, 298, 299, 300, 301, 303, 305, 306, 307, 308, 311, 312, 313, 314, 315, 318, 319, 320, 322, 323, 325, 326, 327, 328, 329, 330, 331, 332, 333, 337, 340, 341, 342, 343, 345, 346, 347, 349, 353, 355, 356, 360, 361, 362, 364, 365, 366, 367, 368, 369, 370, 371, 372, 373, 374, 375, 377, 378, 382, 383, 384, 385, 386, 388, 393, 394, 396, 397, 398, 399, 400, 401, 402, 404, 405, 406, 407, 408, 410, 411, 413, 416, 418, 419, 420, 422, 423, 424, 425, 427, 428, 429, 430, 433, 434, 435, 436, 438, 440, 441, 442, 443, 445, 447, 448, 449, 451, 452, 453, 455, 457, 461, 462, 463, 464, 465, 466, 467, 468, 469, 470, 473, 474, 475, 476, 477, 478, 480, 482, 484, 485, 486, 487, 490, 491, 492, 493, 494, 495, 496, 497, 500, 501, 503, 505, 506, 508, 509, 510, 511, 513, 514, 516, 517, 518, 519, 520, 521, 522, 526, 527, 528, 530, 531, 532, 533, 534, 535, 541, 543, 544, 547, 548, 549, 550, 551, 552, 553, 554, 555, 556, 557, 560, 562, 563, 564, 565, 566, 567, 572, 573, 574, 575, 577, 578, 579, 581, 582, 583, 584, 585, 586, 589, 590, 596, 597, 598, 599, 600, 602, 603, 604, 607, 608, 609, 610, 611, 612, 615, 616, 617, 618, 619, 621, 624, 625, 626, 627, 628, 630, 631, 632, 635, 637, 638, 640, 641, 642, 643, 645, 648, 650, 653, 654, 656, 658, 659, 663, 664, 666, 667, 668, 669, 670, 672, 673, 675, 676, 678, 680, 681, 682, 684, 685, 686, 687, 688, 690, 692, 693, 695, 696, 697, 700, 703, 704, 705, 706, 709, 712, 713, 714, 715, 716, 717, 718, 720, 722, 723, 724, 725, 726, 727, 733, 734, 735, 736, 738, 739, 741, 742, 743, 744, 746, 747, 748, 751, 755, 757, 758, 759, 760, 763, 764, 765, 766, 768, 770, 771, 773, 775, 777, 779, 781, 782, 783, 784, 785, 786, 787, 788, 789, 791, 793, 794, 795, 797, 798, 799, 800, 801, 803, 804, 805, 807, 808, 809, 811, 813, 814, 815, 816, 817, 819, 820, 821, 822, 825, 827, 828, 829, 830, 831, 833, 835, 836, 838, 839, 840, 841, 842, 846, 847, 848, 849, 850, 851, 852, 853, 854, 855, 856, 857, 858, 859, 860, 861, 863, 864, 865, 866, 867, 869, 871, 873, 876, 877, 878, 882, 885, 887, 889]
[0, 6, 11, 12, 17, 32, 35, 37, 40, 42, 46, 54, 62, 63, 68, 74, 75, 93, 98, 113, 124, 146, 149, 164, 167, 170, 180, 184, 201, 210, 228, 243, 262, 268, 273, 278, 283, 288, 294, 297, 300, 303, 310, 319, 321, 325, 327, 333, 354, 356, 358, 377, 382, 387, 392, 394, 396, 405, 409, 412, 432, 440, 454, 463, 483, 489, 491, 493, 494, 495, 498, 501, 504, 506, 512, 514, 536, 542, 543, 552, 559, 563, 564, 565, 572, 574, 581, 585, 591, 592, 609, 610, 641, 645, 655, 657, 660, 663, 678, 681, 683, 687, 689, 712, 718, 730, 731, 733, 746, 765, 786, 814, 823, 832, 839, 843, 844, 848, 850, 866, 870, 889]

[0, 2, 3, 4, 5, 6, 7, 8, 9, 10, 11, 13, 14, 16, 17, 19, 20, 22, 25, 28, 30, 31, 32, 33, 34, 35, 36, 37, 38, 42, 43, 45, 46, 48, 49, 52, 53, 54, 55, 56, 59, 61, 62, 64, 65, 66, 67, 68, 69, 71, 72, 74, 75, 76, 77, 78, 79, 80, 81, 82, 84, 85, 86, 87, 88, 89, 90, 92, 93, 94, 96, 97, 98, 99, 100, 101, 102, 103, 107, 108, 109, 111, 112, 114, 116, 117, 118, 119, 120, 121, 122, 123, 124, 125, 126, 127, 129, 130, 131, 132, 133, 135, 136, 137, 138, 139, 140, 142, 143, 144, 145, 146, 147, 148, 150, 153, 154, 155, 157, 158, 160, 161, 162, 163, 164, 166, 168, 169, 171, 172, 173, 174, 175, 177, 178, 179, 180, 182, 183, 184, 185, 187, 188, 189, 193, 195, 196, 197, 198, 199, 200, 202, 203, 204, 207, 208, 209, 210, 211, 212, 213, 214, 215, 216, 217, 218, 221, 222, 224, 227, 228, 229, 230, 231, 232, 234, 236, 238, 239, 240, 241, 242, 243, 244, 245, 246, 247, 248, 252, 253, 257, 258, 260, 261, 264, 265, 266, 269, 270, 271, 273, 275, 276, 278, 279, 280, 281, 282, 283, 284, 285, 286, 288, 289, 290, 292, 293, 294, 296, 297, 298, 299, 300, 301, 302, 303, 305, 306, 307, 308, 311, 312, 313, 314, 315, 318, 319, 320, 322, 323, 325, 326, 327, 328, 329, 330, 331, 332, 333, 337, 340, 341, 342, 343, 345, 346, 347, 349, 353, 355, 356, 360, 361, 362, 364, 365, 366, 367, 368, 369, 370, 371, 372, 373, 374, 375, 377, 378, 382, 383, 384, 385, 386, 388, 393, 394, 396, 397, 398, 399, 400, 401, 402, 403, 404, 405, 406, 407, 408, 410, 411, 412, 413, 415, 416, 418, 419, 420, 422, 423, 424, 425, 427, 428, 429, 430, 433, 434, 435, 436, 438, 440, 441, 442, 443, 445, 447, 448, 449, 451, 452, 453, 455, 457, 461, 462, 463, 464, 465, 466, 467, 468, 469, 470, 472, 473, 474, 475, 476, 477, 478, 480, 482, 484, 485, 486, 487, 490, 491, 492, 493, 494, 495, 496, 497, 500, 501, 503, 505, 506, 508, 509, 510, 511, 513, 514, 516, 517, 518, 519, 520, 521, 522, 526, 527, 528, 530, 531, 532, 533, 534, 535, 541, 543, 544, 545, 547, 548, 549, 550, 551, 552, 553, 554, 555, 556, 557, 560, 562, 563, 564, 565, 566, 567, 572, 573, 574, 575, 577, 578, 579, 581, 582, 583, 584, 585, 586, 589, 590, 596, 597, 598, 599, 600, 602, 603, 604, 607, 608, 609, 610, 611, 612, 615, 616, 617, 618, 619, 620, 621, 624, 625, 626, 627, 628, 630, 631, 632, 635, 637, 638, 639, 640, 641, 642, 643, 645, 648, 650, 653, 654, 656, 658, 659, 661, 663, 664, 666, 667, 668, 669, 670, 672, 673, 675, 676, 678, 680, 681, 682, 684, 685, 686, 687, 688, 689, 690, 692, 693, 695, 696, 697, 700, 703, 704, 705, 706, 709, 712, 713, 714, 715, 716, 717, 718, 720, 722, 723, 724, 725, 726, 727, 732, 733, 734, 735, 736, 738, 739, 741, 742, 743, 744, 746, 747, 748, 751, 753, 755, 757, 758, 759, 760, 763, 764, 765, 766, 768, 770, 771, 773, 775, 777, 779, 780, 781, 782, 783, 784, 785, 786, 787, 788, 789, 791, 793, 794, 795, 797, 798, 799, 800, 801, 803, 804, 805, 807, 808, 809, 811, 813, 814, 815, 816, 817, 818, 819, 820, 821, 822, 825, 827, 828, 829, 830, 831, 833, 835, 836, 838, 839, 840, 841, 842, 846, 847, 848, 849, 850, 851, 852, 853, 854, 855, 856, 857, 858, 859, 860, 861, 863, 864, 865, 866, 867, 869, 871, 873, 876, 877, 878, 882, 885, 887, 889]
[0, 6, 11, 12, 17, 32, 35, 37, 40, 42, 46, 54, 62, 63, 68, 74, 75, 93, 98, 113, 124, 146, 149, 164, 167, 170, 180, 184, 201, 210, 228, 243, 262, 268, 273, 278, 283, 288, 294, 297, 300, 303, 310, 319, 321, 325, 327, 333, 354, 356, 358, 377, 382, 387, 392, 394, 396, 405, 409, 412, 432, 440, 454, 463, 483, 489, 491, 493, 494, 495, 498, 501, 504, 506, 512, 514, 536, 542, 543, 552, 559, 563, 564, 565, 572, 574, 581, 585, 591, 592, 609, 610, 641, 645, 655, 657, 660, 663, 678, 681, 683, 687, 689, 712, 718, 730, 731, 733, 746, 765, 786, 814, 823, 832, 839, 843, 844, 848, 850, 866, 870, 889]

[0, 2, 3, 4, 5, 6, 7, 8, 9, 10, 11, 13, 14, 16, 17, 19, 20, 22, 25, 28, 30, 31, 32, 33, 34, 35, 36, 37, 38, 39, 42, 43, 45, 46, 48, 49, 52, 53, 54, 55, 56, 59, 61, 62, 64, 65, 66, 67, 68, 69, 71, 72, 74, 75, 76, 77, 78, 79, 80, 81, 82, 84, 85, 86, 87, 88, 89, 90, 91, 92, 93, 94, 96, 97, 98, 99, 100, 101, 102, 103, 106, 107, 108, 109, 111, 112, 114, 116, 117, 118, 119, 120, 121, 122, 123, 124, 125, 126, 127, 129, 130, 131, 132, 133, 135, 136, 137, 138, 139, 140, 142, 143, 144, 145, 146, 147, 148, 150, 153, 154, 155, 157, 158, 160, 161, 162, 163, 164, 166, 167, 168, 169, 171, 172, 173, 174, 175, 177, 178, 179, 180, 181, 182, 183, 184, 185, 187, 188, 189, 193, 195, 196, 197, 198, 199, 200, 202, 203, 204, 207, 208, 209, 210, 211, 212, 213, 214, 215, 216, 217, 218, 220, 221, 222, 224, 227, 228, 229, 230, 231, 232, 234, 236, 238, 239, 240, 241, 242, 243, 244, 245, 246, 247, 248, 252, 253, 254, 257, 258, 260, 261, 264, 265, 266, 268, 269, 270, 271, 273, 275, 276, 278, 279, 280, 281, 282, 283, 284, 285, 286, 288, 289, 290, 292, 293, 294, 296, 297, 298, 299, 300, 301, 302, 303, 305, 306, 307, 308, 311, 312, 313, 314, 315, 318, 319, 320, 322, 323, 325, 326, 327, 328, 329, 330, 331, 332, 333, 337, 340, 341, 342, 343, 345, 346, 347, 349, 353, 355, 356, 358, 360, 361, 362, 364, 365, 366, 367, 368, 369, 370, 371, 372, 373, 374, 375, 377, 378, 381, 382, 383, 384, 385, 386, 388, 393, 394, 396, 397, 398, 399, 400, 401, 402, 403, 404, 405, 406, 407, 408, 410, 411, 412, 413, 415, 416, 418, 419, 420, 422, 423, 424, 425, 427, 428, 429, 430, 433, 434, 435, 436, 438, 440, 441, 442, 443, 445, 447, 448, 449, 451, 452, 453, 455, 456, 457, 459, 461, 462, 463, 464, 465, 466, 467, 468, 469, 470, 472, 473, 474, 475, 476, 477, 478, 480, 482, 484, 485, 486, 487, 489, 490, 491, 492, 493, 494, 495, 496, 497, 500, 501, 502, 503, 505, 506, 508, 509, 510, 511, 512, 513, 514, 516, 517, 518, 519, 520, 521, 522, 523, 526, 527, 528, 530, 531, 532, 533, 534, 535, 541, 543, 544, 545, 547, 548, 549, 550, 551, 552, 553, 554, 555, 556, 557, 560, 561, 562, 563, 564, 565, 566, 567, 572, 573, 574, 575, 577, 578, 579, 581, 582, 583, 584, 585, 586, 589, 590, 594, 596, 597, 598, 599, 600, 602, 603, 604, 607, 608, 609, 610, 611, 612, 615, 616, 617, 618, 619, 620, 621, 624, 625, 626, 627, 628, 630, 631, 632, 635, 637, 638, 639, 640, 641, 642, 643, 645, 648, 650, 653, 654, 656, 658, 659, 661, 663, 664, 666, 667, 668, 669, 670, 672, 673, 675, 676, 678, 680, 681, 682, 684, 685, 686, 687, 688, 689, 690, 692, 693, 694, 695, 696, 697, 700, 701, 703, 704, 705, 706, 709, 712, 713, 714, 715, 716, 717, 718, 720, 722, 723, 724, 725, 726, 727, 732, 733, 734, 735, 736, 737, 738, 739, 741, 742, 743, 744, 746, 747, 748, 751, 753, 755, 757, 758, 759, 760, 762, 763, 764, 765, 766, 768, 769, 770, 771, 773, 775, 777, 779, 780, 781, 782, 783, 784, 785, 786, 787, 788, 789, 791, 793, 794, 795, 797, 798, 799, 800, 801, 803, 804, 805, 807, 808, 809, 811, 813, 814, 815, 816, 817, 818, 819, 820, 821, 822, 825, 827, 828, 829, 830, 831, 833, 835, 836, 838, 839, 840, 841, 842, 846, 847, 848, 849, 850, 851, 852, 853, 854, 855, 856, 857, 858, 859, 860, 861, 863, 864, 865, 866, 867, 869, 871, 873, 876, 877, 878, 881, 882, 885, 886, 887, 889]
[0, 6, 11, 12, 17, 32, 35, 37, 40, 42, 46, 54, 62, 63, 68, 74, 75, 93, 98, 113, 124, 146, 149, 164, 167, 170, 180, 184, 201, 210, 228, 243, 262, 268, 273, 278, 283, 288, 294, 297, 300, 303, 310, 319, 321, 325, 327, 333, 354, 356, 358, 377, 382, 387, 392, 394, 396, 405, 409, 412, 432, 440, 454, 463, 483, 489, 491, 493, 494, 495, 498, 501, 504, 506, 512, 514, 536, 542, 543, 552, 559, 563, 564, 565, 572, 574, 581, 585, 591, 592, 609, 610, 641, 645, 655, 657, 660, 663, 678, 681, 683, 687, 689, 712, 718, 730, 731, 733, 746, 765, 786, 814, 823, 832, 839, 843, 844, 848, 850, 866, 870, 889]

[0, 2, 3, 4, 5, 6, 7, 8, 9, 10, 11, 13, 14, 16, 17, 19, 20, 22, 25, 28, 30, 31, 32, 33, 34, 35, 36, 37, 38, 39, 42, 43, 45, 46, 48, 49, 50, 52, 53, 54, 55, 56, 59, 61, 62, 64, 65, 66, 67, 68, 69, 71, 72, 74, 75, 76, 77, 78, 79, 80, 81, 82, 84, 85, 86, 87, 88, 89, 90, 91, 92, 93, 94, 96, 97, 98, 99, 100, 101, 102, 103, 106, 107, 108, 109, 111, 112, 114, 116, 117, 118, 119, 120, 121, 122, 123, 124, 125, 126, 127, 129, 130, 131, 132, 133, 135, 136, 137, 138, 139, 140, 142, 143, 144, 145, 146, 147, 148, 150, 153, 154, 155, 157, 158, 160, 161, 162, 163, 164, 166, 167, 168, 169, 171, 172, 173, 174, 175, 177, 178, 179, 180, 181, 182, 183, 184, 185, 187, 188, 189, 193, 194, 195, 196, 197, 198, 199, 200, 202, 203, 204, 207, 208, 209, 210, 211, 212, 213, 214, 215, 216, 217, 218, 220, 221, 222, 224, 225, 227, 228, 229, 230, 231, 232, 234, 236, 238, 239, 240, 241, 242, 243, 244, 245, 246, 247, 248, 252, 253, 254, 257, 258, 259, 260, 261, 264, 265, 266, 268, 269, 270, 271, 273, 275, 276, 278, 279, 280, 281, 282, 283, 284, 285, 286, 288, 289, 290, 292, 293, 294, 296, 297, 298, 299, 300, 301, 302, 303, 305, 306, 307, 308, 310, 311, 312, 313, 314, 315, 318, 319, 320, 322, 323, 325, 326, 327, 328, 329, 330, 331, 332, 333, 337, 340, 341, 342, 343, 345, 346, 347, 349, 352, 353, 355, 356, 358, 360, 361, 362, 363, 364, 365, 366, 367, 368, 369, 370, 371, 372, 373, 374, 375, 377, 378, 381, 382, 383, 384, 385, 386, 388, 389, 392, 393, 394, 396, 397, 398, 399, 400, 401, 402, 403, 404, 405, 406, 407, 408, 410, 411, 412, 413, 415, 416, 418, 419, 420, 422, 423, 424, 425, 427, 428, 429, 430, 433, 434, 435, 436, 437, 438, 440, 441, 442, 443, 445, 447, 448, 449, 450, 451, 452, 453, 455, 456, 457, 459, 461, 462, 463, 464, 465, 466, 467, 468, 469, 470, 472, 473, 474, 475, 476, 477, 478, 480, 482, 484, 485, 486, 487, 489, 490, 491, 492, 493, 494, 495, 496, 497, 500, 501, 502, 503, 504, 505, 506, 508, 509, 510, 511, 512, 513, 514, 516, 517, 518, 519, 520, 521, 522, 523, 526, 527, 528, 530, 531, 532, 533, 534, 535, 541, 542, 543, 544, 545, 546, 547, 548, 549, 550, 551, 552, 553, 554, 555, 556, 557, 558, 560, 561, 562, 563, 564, 565, 566, 567, 569, 572, 573, 574, 575, 577, 578, 579, 581, 582, 583, 584, 585, 586, 587, 589, 590, 592, 594, 596, 597, 598, 599, 600, 602, 603, 604, 607, 608, 609, 610, 611, 612, 615, 616, 617, 618, 619, 620, 621, 622, 624, 625, 626, 627, 628, 630, 631, 632, 634, 635, 637, 638, 639, 640, 641, 642, 643, 645, 648, 650, 653, 654, 656, 658, 659, 661, 663, 664, 666, 667, 668, 669, 670, 672, 673, 675, 676, 678, 680, 681, 682, 684, 685, 686, 687, 688, 689, 690, 692, 693, 694, 695, 696, 697, 700, 701, 703, 704, 705, 706, 709, 712, 713, 714, 715, 716, 717, 718, 720, 722, 723, 724, 725, 726, 727, 732, 733, 734, 735, 736, 737, 738, 739, 741, 742, 743, 744, 746, 747, 748, 751, 753, 755, 757, 758, 759, 760, 762, 763, 764, 765, 766, 768, 769, 770, 771, 773, 775, 776, 777, 778, 779, 780, 781, 782, 783, 784, 785, 786, 787, 788, 789, 791, 793, 794, 795, 797, 798, 799, 800, 801, 803, 804, 805, 806, 807, 808, 809, 811, 813, 814, 815, 816, 817, 818, 819, 820, 821, 822, 823, 825, 827, 828, 829, 830, 831, 833, 835, 836, 838, 839, 840, 841, 842, 844, 846, 847, 848, 849, 850, 851, 852, 853, 854, 855, 856, 857, 858, 859, 860, 861, 863, 864, 865, 866, 867, 869, 871, 873, 876, 877, 878, 881, 882, 885, 886, 887, 889]
[0, 6, 11, 12, 17, 32, 35, 37, 40, 42, 46, 54, 62, 63, 68, 74, 75, 93, 98, 113, 124, 146, 149, 164, 167, 170, 180, 184, 201, 210, 228, 243, 262, 268, 273, 278, 283, 288, 294, 297, 300, 303, 310, 319, 321, 325, 327, 333, 354, 356, 358, 377, 382, 387, 392, 394, 396, 405, 409, 412, 432, 440, 454, 463, 483, 489, 491, 493, 494, 495, 498, 501, 504, 506, 512, 514, 536, 542, 543, 552, 559, 563, 564, 565, 572, 574, 581, 585, 591, 592, 609, 610, 641, 645, 655, 657, 660, 663, 678, 681, 683, 687, 689, 712, 718, 730, 731, 733, 746, 765, 786, 814, 823, 832, 839, 843, 844, 848, 850, 866, 870, 889]

[0, 2, 3, 4, 5, 6, 7, 8, 9, 10, 11, 13, 14, 16, 17, 19, 20, 22, 25, 28, 29, 30, 31, 32, 33, 34, 35, 36, 37, 38, 39, 42, 43, 45, 46, 48, 49, 50, 51, 52, 53, 54, 55, 56, 58, 59, 61, 62, 64, 65, 66, 67, 68, 69, 70, 71, 72, 74, 75, 76, 77, 78, 79, 80, 81, 82, 84, 85, 86, 87, 88, 89, 90, 91, 92, 93, 94, 95, 96, 97, 98, 99, 100, 101, 102, 103, 105, 106, 107, 108, 109, 110, 111, 112, 114, 116, 117, 118, 119, 120, 121, 122, 123, 124, 125, 126, 127, 128, 129, 130, 131, 132, 133, 135, 136, 137, 138, 139, 140, 142, 143, 144, 145, 146, 147, 148, 150, 153, 154, 155, 157, 158, 160, 161, 162, 163, 164, 166, 167, 168, 169, 171, 172, 173, 174, 175, 177, 178, 179, 180, 181, 182, 183, 184, 185, 187, 188, 189, 193, 194, 195, 196, 197, 198, 199, 200, 202, 203, 204, 207, 208, 209, 210, 211, 212, 213, 214, 215, 216, 217, 218, 220, 221, 222, 223, 224, 225, 227, 228, 229, 230, 231, 232, 234, 236, 238, 239, 240, 241, 242, 243, 244, 245, 246, 247, 248, 252, 253, 254, 257, 258, 259, 260, 261, 262, 264, 265, 266, 268, 269, 270, 271, 273, 275, 276, 278, 279, 280, 281, 282, 283, 284, 285, 286, 288, 289, 290, 292, 293, 294, 296, 297, 298, 299, 300, 301, 302, 303, 305, 306, 307, 308, 309, 310, 311, 312, 313, 314, 315, 318, 319, 320, 321, 322, 323, 325, 326, 327, 328, 329, 330, 331, 332, 333, 337, 340, 341, 342, 343, 345, 346, 347, 349, 352, 353, 354, 355, 356, 358, 360, 361, 362, 363, 364, 365, 366, 367, 368, 369, 370, 371, 372, 373, 374, 375, 377, 378, 381, 382, 383, 384, 385, 386, 387, 388, 389, 392, 393, 394, 396, 397, 398, 399, 400, 401, 402, 403, 404, 405, 406, 407, 408, 410, 411, 412, 413, 415, 416, 418, 419, 420, 422, 423, 424, 425, 427, 428, 429, 430, 433, 434, 435, 436, 437, 438, 440, 441, 442, 443, 445, 447, 448, 449, 450, 451, 452, 453, 455, 456, 457, 459, 461, 462, 463, 464, 465, 466, 467, 468, 469, 470, 472, 473, 474, 475, 476, 477, 478, 480, 482, 484, 485, 486, 487, 489, 490, 491, 492, 493, 494, 495, 496, 497, 499, 500, 501, 502, 503, 504, 505, 506, 508, 509, 510, 511, 512, 513, 514, 516, 517, 518, 519, 520, 521, 522, 523, 526, 527, 528, 530, 531, 532, 533, 534, 535, 541, 542, 543, 544, 545, 546, 547, 548, 549, 550, 551, 552, 553, 554, 555, 556, 557, 558, 560, 561, 562, 563, 564, 565, 566, 567, 569, 572, 573, 574, 575, 577, 578, 579, 580, 581, 582, 583, 584, 585, 586, 587, 589, 590, 592, 594, 596, 597, 598, 599, 600, 602, 603, 604, 607, 608, 609, 610, 611, 612, 615, 616, 617, 618, 619, 620, 621, 622, 624, 625, 626, 627, 628, 630, 631, 632, 633, 634, 635, 637, 638, 639, 640, 641, 642, 643, 645, 648, 650, 653, 654, 655, 656, 658, 659, 660, 661, 662, 663, 664, 666, 667, 668, 669, 670, 672, 673, 675, 676, 678, 680, 681, 682, 684, 685, 686, 687, 688, 689, 690, 691, 692, 693, 694, 695, 696, 697, 700, 701, 703, 704, 705, 706, 709, 710, 712, 713, 714, 715, 716, 717, 718, 720, 722, 723, 724, 725, 726, 727, 732, 733, 734, 735, 736, 737, 738, 739, 741, 742, 743, 744, 746, 747, 748, 751, 753, 755, 757, 758, 759, 760, 762, 763, 764, 765, 766, 768, 769, 770, 771, 772, 773, 775, 776, 777, 778, 779, 780, 781, 782, 783, 784, 785, 786, 787, 788, 789, 791, 793, 794, 795, 797, 798, 799, 800, 801, 803, 804, 805, 806, 807, 808, 809, 811, 813, 814, 815, 816, 817, 818, 819, 820, 821, 822, 823, 824, 825, 827, 828, 829, 830, 831, 833, 835, 836, 838, 839, 840, 841, 842, 844, 846, 847, 848, 849, 850, 851, 852, 853, 854, 855, 856, 857, 858, 859, 860, 861, 863, 864, 865, 866, 867, 869, 871, 873, 876, 877, 878, 881, 882, 885, 886, 887, 889]
[0, 6, 11, 12, 17, 32, 35, 37, 40, 42, 46, 54, 62, 63, 68, 74, 75, 93, 98, 113, 124, 146, 149, 164, 167, 170, 180, 184, 201, 210, 228, 243, 262, 268, 273, 278, 283, 288, 294, 297, 300, 303, 310, 319, 321, 325, 327, 333, 354, 356, 358, 377, 382, 387, 392, 394, 396, 405, 409, 412, 432, 440, 454, 463, 483, 489, 491, 493, 494, 495, 498, 501, 504, 506, 512, 514, 536, 542, 543, 552, 559, 563, 564, 565, 572, 574, 581, 585, 591, 592, 609, 610, 641, 645, 655, 657, 660, 663, 678, 681, 683, 687, 689, 712, 718, 730, 731, 733, 746, 765, 786, 814, 823, 832, 839, 843, 844, 848, 850, 866, 870, 889]

[0, 2, 3, 4, 5, 6, 7, 8, 9, 10, 11, 13, 14, 16, 17, 19, 20, 22, 23, 25, 28, 29, 30, 31, 32, 33, 34, 35, 36, 37, 38, 39, 42, 43, 45, 46, 48, 49, 50, 51, 52, 53, 54, 55, 56, 57, 58, 59, 61, 62, 64, 65, 66, 67, 68, 69, 70, 71, 72, 74, 75, 76, 77, 78, 79, 80, 81, 82, 84, 85, 86, 87, 88, 89, 90, 91, 92, 93, 94, 95, 96, 97, 98, 99, 100, 101, 102, 103, 104, 105, 106, 107, 108, 109, 110, 111, 112, 114, 116, 117, 118, 119, 120, 121, 122, 123, 124, 125, 126, 127, 128, 129, 130, 131, 132, 133, 135, 136, 137, 138, 139, 140, 142, 143, 144, 145, 146, 147, 148, 150, 153, 154, 155, 156, 157, 158, 160, 161, 162, 163, 164, 166, 167, 168, 169, 171, 172, 173, 174, 175, 177, 178, 179, 180, 181, 182, 183, 184, 185, 187, 188, 189, 193, 194, 195, 196, 197, 198, 199, 200, 202, 203, 204, 206, 207, 208, 209, 210, 211, 212, 213, 214, 215, 216, 217, 218, 220, 221, 222, 223, 224, 225, 227, 228, 229, 230, 231, 232, 234, 236, 238, 239, 240, 241, 242, 243, 244, 245, 246, 247, 248, 251, 252, 253, 254, 257, 258, 259, 260, 261, 262, 264, 265, 266, 268, 269, 270, 271, 273, 275, 276, 278, 279, 280, 281, 282, 283, 284, 285, 286, 287, 288, 289, 290, 292, 293, 294, 296, 297, 298, 299, 300, 301, 302, 303, 305, 306, 307, 308, 309, 310, 311, 312, 313, 314, 315, 318, 319, 320, 321, 322, 323, 325, 326, 327, 328, 329, 330, 331, 332, 333, 334, 336, 337, 340, 341, 342, 343, 344, 345, 346, 347, 349, 352, 353, 354, 355, 356, 358, 359, 360, 361, 362, 363, 364, 365, 366, 367, 368, 369, 370, 371, 372, 373, 374, 375, 377, 378, 379, 381, 382, 383, 384, 385, 386, 387, 388, 389, 392, 393, 394, 396, 397, 398, 399, 400, 401, 402, 403, 404, 405, 406, 407, 408, 410, 411, 412, 413, 415, 416, 418, 419, 420, 422, 423, 424, 425, 427, 428, 429, 430, 433, 434, 435, 436, 437, 438, 440, 441, 442, 443, 445, 447, 448, 449, 450, 451, 452, 453, 455, 456, 457, 459, 461, 462, 463, 464, 465, 466, 467, 468, 469, 470, 472, 473, 474, 475, 476, 477, 478, 480, 482, 484, 485, 486, 487, 488, 489, 490, 491, 492, 493, 494, 495, 496, 497, 498, 499, 500, 501, 502, 503, 504, 505, 506, 508, 509, 510, 511, 512, 513, 514, 516, 517, 518, 519, 520, 521, 522, 523, 526, 527, 528, 530, 531, 532, 533, 534, 535, 537, 541, 542, 543, 544, 545, 546, 547, 548, 549, 550, 551, 552, 553, 554, 555, 556, 557, 558, 560, 561, 562, 563, 564, 565, 566, 567, 569, 572, 573, 574, 575, 577, 578, 579, 580, 581, 582, 583, 584, 585, 586, 587, 589, 590, 592, 594, 596, 597, 598, 599, 600, 602, 603, 604, 607, 608, 609, 610, 611, 612, 615, 616, 617, 618, 619, 620, 621, 622, 624, 625, 626, 627, 628, 630, 631, 632, 633, 634, 635, 637, 638, 639, 640, 641, 642, 643, 644, 645, 648, 650, 653, 654, 655, 656, 658, 659, 660, 661, 662, 663, 664, 666, 667, 668, 669, 670, 672, 673, 675, 676, 678, 680, 681, 682, 684, 685, 686, 687, 688, 689, 690, 691, 692, 693, 694, 695, 696, 697, 699, 700, 701, 703, 704, 705, 706, 709, 710, 711, 712, 713, 714, 715, 716, 717, 718, 720, 722, 723, 724, 725, 726, 727, 732, 733, 734, 735, 736, 737, 738, 739, 741, 742, 743, 744, 745, 746, 747, 748, 750, 751, 753, 755, 757, 758, 759, 760, 762, 763, 764, 765, 766, 768, 769, 770, 771, 772, 773, 774, 775, 776, 777, 778, 779, 780, 781, 782, 783, 784, 785, 786, 787, 788, 789, 791, 793, 794, 795, 797, 798, 799, 800, 801, 802, 803, 804, 805, 806, 807, 808, 809, 811, 813, 814, 815, 816, 817, 818, 819, 820, 821, 822, 823, 824, 825, 827, 828, 829, 830, 831, 833, 834, 835, 836, 838, 839, 840, 841, 842, 844, 845, 846, 847, 848, 849, 850, 851, 852, 853, 854, 855, 856, 857, 858, 859, 860, 861, 863, 864, 865, 866, 867, 869, 871, 872, 873, 876, 877, 878, 881, 882, 885, 886, 887, 889]
[0, 6, 11, 12, 17, 32, 35, 37, 40, 42, 46, 54, 62, 63, 68, 74, 75, 93, 98, 113, 124, 146, 149, 164, 167, 170, 180, 184, 201, 210, 228, 243, 262, 268, 273, 278, 283, 288, 294, 297, 300, 303, 310, 319, 321, 325, 327, 333, 354, 356, 358, 377, 382, 387, 392, 394, 396, 405, 409, 412, 432, 440, 454, 463, 483, 489, 491, 493, 494, 495, 498, 501, 504, 506, 512, 514, 536, 542, 543, 552, 559, 563, 564, 565, 572, 574, 581, 585, 591, 592, 609, 610, 641, 645, 655, 657, 660, 663, 678, 681, 683, 687, 689, 712, 718, 730, 731, 733, 746, 765, 786, 814, 823, 832, 839, 843, 844, 848, 850, 866, 870, 889]

[0, 1, 2, 3, 4, 5, 6, 7, 8, 9, 10, 11, 13, 14, 15, 16, 17, 19, 20, 22, 23, 24, 25, 28, 29, 30, 31, 32, 33, 34, 35, 36, 37, 38, 39, 42, 43, 45, 46, 48, 49, 50, 51, 52, 53, 54, 55, 56, 57, 58, 59, 61, 62, 64, 65, 66, 67, 68, 69, 70, 71, 72, 74, 75, 76, 77, 78, 79, 80, 81, 82, 84, 85, 86, 87, 88, 89, 90, 91, 92, 93, 94, 95, 96, 97, 98, 99, 100, 101, 102, 103, 104, 105, 106, 107, 108, 109, 110, 111, 112, 114, 116, 117, 118, 119, 120, 121, 122, 123, 124, 125, 126, 127, 128, 129, 130, 131, 132, 133, 135, 136, 137, 138, 139, 140, 141, 142, 143, 144, 145, 146, 147, 148, 149, 150, 152, 153, 154, 155, 156, 157, 158, 160, 161, 162, 163, 164, 166, 167, 168, 169, 170, 171, 172, 173, 174, 175, 177, 178, 179, 180, 181, 182, 183, 184, 185, 187, 188, 189, 193, 194, 195, 196, 197, 198, 199, 200, 202, 203, 204, 206, 207, 208, 209, 210, 211, 212, 213, 214, 215, 216, 217, 218, 220, 221, 222, 223, 224, 225, 226, 227, 228, 229, 230, 231, 232, 234, 236, 238, 239, 240, 241, 242, 243, 244, 245, 246, 247, 248, 251, 252, 253, 254, 257, 258, 259, 260, 261, 262, 264, 265, 266, 268, 269, 270, 271, 273, 275, 276, 278, 279, 280, 281, 282, 283, 284, 285, 286, 287, 288, 289, 290, 292, 293, 294, 296, 297, 298, 299, 300, 301, 302, 303, 305, 306, 307, 308, 309, 310, 311, 312, 313, 314, 315, 318, 319, 320, 321, 322, 323, 325, 326, 327, 328, 329, 330, 331, 332, 333, 334, 336, 337, 339, 340, 341, 342, 343, 344, 345, 346, 347, 349, 351, 352, 353, 354, 355, 356, 358, 359, 360, 361, 362, 363, 364, 365, 366, 367, 368, 369, 370, 371, 372, 373, 374, 375, 377, 378, 379, 380, 381, 382, 383, 384, 385, 386, 387, 388, 389, 392, 393, 394, 396, 397, 398, 399, 400, 401, 402, 403, 404, 405, 406, 407, 408, 410, 411, 412, 413, 415, 416, 417, 418, 419, 420, 421, 422, 423, 424, 425, 427, 428, 429, 430, 433, 434, 435, 436, 437, 438, 440, 441, 442, 443, 445, 447, 448, 449, 450, 451, 452, 453, 455, 456, 457, 458, 459, 461, 462, 463, 464, 465, 466, 467, 468, 469, 470, 472, 473, 474, 475, 476, 477, 478, 480, 482, 483, 484, 485, 486, 487, 488, 489, 490, 491, 492, 493, 494, 495, 496, 497, 498, 499, 500, 501, 502, 503, 504, 505, 506, 508, 509, 510, 511, 512, 513, 514, 516, 517, 518, 519, 520, 521, 522, 523, 526, 527, 528, 529, 530, 531, 532, 533, 534, 535, 537, 539, 541, 542, 543, 544, 545, 546, 547, 548, 549, 550, 551, 552, 553, 554, 555, 556, 557, 558, 560, 561, 562, 563, 564, 565, 566, 567, 569, 572, 573, 574, 575, 577, 578, 579, 580, 581, 582, 583, 584, 585, 586, 587, 589, 590, 592, 594, 596, 597, 598, 599, 600, 602, 603, 604, 607, 608, 609, 610, 611, 612, 615, 616, 617, 618, 619, 620, 621, 622, 624, 625, 626, 627, 628, 629, 630, 631, 632, 633, 634, 635, 637, 638, 639, 640, 641, 642, 643, 644, 645, 648, 650, 653, 654, 655, 656, 657, 658, 659, 660, 661, 662, 663, 664, 666, 667, 668, 669, 670, 672, 673, 675, 676, 678, 680, 681, 682, 684, 685, 686, 687, 688, 689, 690, 691, 692, 693, 694, 695, 696, 697, 699, 700, 701, 703, 704, 705, 706, 707, 709, 710, 711, 712, 713, 714, 715, 716, 717, 718, 720, 722, 723, 724, 725, 726, 727, 732, 733, 734, 735, 736, 737, 738, 739, 741, 742, 743, 744, 745, 746, 747, 748, 750, 751, 753, 755, 757, 758, 759, 760, 761, 762, 763, 764, 765, 766, 768, 769, 770, 771, 772, 773, 774, 775, 776, 777, 778, 779, 780, 781, 782, 783, 784, 785, 786, 787, 788, 789, 791, 793, 794, 795, 796, 797, 798, 799, 800, 801, 802, 803, 804, 805, 806, 807, 808, 809, 811, 813, 814, 815, 816, 817, 818, 819, 820, 821, 822, 823, 824, 825, 827, 828, 829, 830, 831, 832, 833, 834, 835, 836, 838, 839, 840, 841, 842, 844, 845, 846, 847, 848, 849, 850, 851, 852, 853, 854, 855, 856, 857, 858, 859, 860, 861, 863, 864, 865, 866, 867, 869, 871, 872, 873, 876, 877, 878, 881, 882, 884, 885, 886, 887, 888, 889]
[0, 6, 11, 12, 17, 32, 35, 37, 40, 42, 46, 54, 62, 63, 68, 74, 75, 93, 98, 113, 124, 146, 149, 164, 167, 170, 180, 184, 201, 210, 228, 243, 262, 268, 273, 278, 283, 288, 294, 297, 300, 303, 310, 319, 321, 325, 327, 333, 354, 356, 358, 377, 382, 387, 392, 394, 396, 405, 409, 412, 432, 440, 454, 463, 483, 489, 491, 493, 494, 495, 498, 501, 504, 506, 512, 514, 536, 542, 543, 552, 559, 563, 564, 565, 572, 574, 581, 585, 591, 592, 609, 610, 641, 645, 655, 657, 660, 663, 678, 681, 683, 687, 689, 712, 718, 730, 731, 733, 746, 765, 786, 814, 823, 832, 839, 843, 844, 848, 850, 866, 870, 889]

[0, 1, 2, 3, 4, 5, 6, 7, 8, 9, 10, 11, 13, 14, 15, 16, 17, 19, 20, 22, 23, 24, 25, 27, 28, 29, 30, 31, 32, 33, 34, 35, 36, 37, 38, 39, 42, 43, 45, 46, 48, 49, 50, 51, 52, 53, 54, 55, 56, 57, 58, 59, 60, 61, 62, 64, 65, 66, 67, 68, 69, 70, 71, 72, 74, 75, 76, 77, 78, 79, 80, 81, 82, 83, 84, 85, 86, 87, 88, 89, 90, 91, 92, 93, 94, 95, 96, 97, 98, 99, 100, 101, 102, 103, 104, 105, 106, 107, 108, 109, 110, 111, 112, 114, 115, 116, 117, 118, 119, 120, 121, 122, 123, 124, 125, 126, 127, 128, 129, 130, 131, 132, 133, 135, 136, 137, 138, 139, 140, 141, 142, 143, 144, 145, 146, 147, 148, 149, 150, 152, 153, 154, 155, 156, 157, 158, 160, 161, 162, 163, 164, 165, 166, 167, 168, 169, 170, 171, 172, 173, 174, 175, 177, 178, 179, 180, 181, 182, 183, 184, 185, 187, 188, 189, 190, 193, 194, 195, 196, 197, 198, 199, 200, 202, 203, 204, 205, 206, 207, 208, 209, 210, 211, 212, 213, 214, 215, 216, 217, 218, 220, 221, 222, 223, 224, 225, 226, 227, 228, 229, 230, 231, 232, 233, 234, 236, 237, 238, 239, 240, 241, 242, 243, 244, 245, 246, 247, 248, 251, 252, 253, 254, 257, 258, 259, 260, 261, 262, 264, 265, 266, 268, 269, 270, 271, 273, 275, 276, 278, 279, 280, 281, 282, 283, 284, 285, 286, 287, 288, 289, 290, 292, 293, 294, 296, 297, 298, 299, 300, 301, 302, 303, 305, 306, 307, 308, 309, 310, 311, 312, 313, 314, 315, 318, 319, 320, 321, 322, 323, 325, 326, 327, 328, 329, 330, 331, 332, 333, 334, 336, 337, 339, 340, 341, 342, 343, 344, 345, 346, 347, 349, 351, 352, 353, 354, 355, 356, 358, 359, 360, 361, 362, 363, 364, 365, 366, 367, 368, 369, 370, 371, 372, 373, 374, 375, 377, 378, 379, 380, 381, 382, 383, 384, 385, 386, 387, 388, 389, 390, 392, 393, 394, 396, 397, 398, 399, 400, 401, 402, 403, 404, 405, 406, 407, 408, 410, 411, 412, 413, 415, 416, 417, 418, 419, 420, 421, 422, 423, 424, 425, 426, 427, 428, 429, 430, 433, 434, 435, 436, 437, 438, 440, 441, 442, 443, 445, 447, 448, 449, 450, 451, 452, 453, 455, 456, 457, 458, 459, 461, 462, 463, 464, 465, 466, 467, 468, 469, 470, 471, 472, 473, 474, 475, 476, 477, 478, 480, 482, 483, 484, 485, 486, 487, 488, 489, 490, 491, 492, 493, 494, 495, 496, 497, 498, 499, 500, 501, 502, 503, 504, 505, 506, 507, 508, 509, 510, 511, 512, 513, 514, 516, 517, 518, 519, 520, 521, 522, 523, 526, 527, 528, 529, 530, 531, 532, 533, 534, 535, 537, 539, 541, 542, 543, 544, 545, 546, 547, 548, 549, 550, 551, 552, 553, 554, 555, 556, 557, 558, 560, 561, 562, 563, 564, 565, 566, 567, 569, 572, 573, 574, 575, 577, 578, 579, 580, 581, 582, 583, 584, 585, 586, 587, 588, 589, 590, 592, 593, 594, 595, 596, 597, 598, 599, 600, 602, 603, 604, 605, 607, 608, 609, 610, 611, 612, 615, 616, 617, 618, 619, 620, 621, 622, 623, 624, 625, 626, 627, 628, 629, 630, 631, 632, 633, 634, 635, 637, 638, 639, 640, 641, 642, 643, 644, 645, 648, 650, 651, 652, 653, 654, 655, 656, 657, 658, 659, 660, 661, 662, 663, 664, 666, 667, 668, 669, 670, 672, 673, 675, 676, 677, 678, 680, 681, 682, 684, 685, 686, 687, 688, 689, 690, 691, 692, 693, 694, 695, 696, 697, 699, 700, 701, 703, 704, 705, 706, 707, 709, 710, 711, 712, 713, 714, 715, 716, 717, 718, 719, 720, 722, 723, 724, 725, 726, 727, 732, 733, 734, 735, 736, 737, 738, 739, 741, 742, 743, 744, 745, 746, 747, 748, 750, 751, 753, 755, 757, 758, 759, 760, 761, 762, 763, 764, 765, 766, 768, 769, 770, 771, 772, 773, 774, 775, 776, 777, 778, 779, 780, 781, 782, 783, 784, 785, 786, 787, 788, 789, 790, 791, 792, 793, 794, 795, 796, 797, 798, 799, 800, 801, 802, 803, 804, 805, 806, 807, 808, 809, 811, 813, 814, 815, 816, 817, 818, 819, 820, 821, 822, 823, 824, 825, 827, 828, 829, 830, 831, 832, 833, 834, 835, 836, 838, 839, 840, 841, 842, 844, 845, 846, 847, 848, 849, 850, 851, 852, 853, 854, 855, 856, 857, 858, 859, 860, 861, 863, 864, 865, 866, 867, 869, 871, 872, 873, 876, 877, 878, 881, 882, 883, 884, 885, 886, 887, 888, 889]
[0, 6, 11, 12, 17, 32, 35, 37, 40, 42, 46, 54, 62, 63, 68, 74, 75, 93, 98, 113, 124, 146, 149, 164, 167, 170, 180, 184, 201, 210, 228, 243, 262, 268, 273, 278, 283, 288, 294, 297, 300, 303, 310, 319, 321, 325, 327, 333, 354, 356, 358, 377, 382, 387, 392, 394, 396, 405, 409, 412, 432, 440, 454, 463, 483, 489, 491, 493, 494, 495, 498, 501, 504, 506, 512, 514, 536, 542, 543, 552, 559, 563, 564, 565, 572, 574, 581, 585, 591, 592, 609, 610, 641, 645, 655, 657, 660, 663, 678, 681, 683, 687, 689, 712, 718, 730, 731, 733, 746, 765, 786, 814, 823, 832, 839, 843, 844, 848, 850, 866, 870, 889]

