[8, 17, 28, 53, 64, 113, 179, 251, 259, 265, 285, 304, 345, 347, 382, 514, 542, 588, 592, 604, 685, 877]
[16, 115, 118, 209, 314, 325, 335, 337, 360, 364, 375, 427, 555, 652, 670, 735, 740, 773, 784, 787, 804, 872]

[8, 17, 28, 53, 64, 113, 179, 251, 259, 265, 285, 304, 345, 347, 382, 514, 542, 588, 592, 604, 685, 877]
[3, 14, 16, 31, 86, 89, 105, 114, 115, 118, 123, 130, 131, 140, 148, 159, 163, 170, 171, 187, 193, 195, 209, 217, 218, 235, 242, 257, 258, 263, 273, 286, 295, 310, 311, 314, 316, 325, 326, 328, 334, 335, 336, 337, 339, 349, 350, 360, 364, 365, 375, 383, 395, 426, 427, 428, 434, 439, 444, 447, 449, 461, 478, 481, 486, 492, 501, 507, 530, 536, 537, 541, 555, 571, 575, 591, 595, 607, 611, 624, 639, 651, 652, 654, 657, 667, 670, 673, 680, 686, 695, 703, 712, 714, 715, 721, 735, 740, 741, 757, 758, 764, 765, 773, 774, 777, 784, 787, 792, 800, 804, 809, 819, 820, 825, 840, 853, 863, 872, 878, 883, 887]

[8, 16, 17, 28, 31, 35, 53, 64, 113, 152, 179, 214, 216, 223, 229, 251, 259, 265, 285, 302, 304, 317, 345, 347, 382, 412, 419, 421, 424, 440, 446, 497, 514, 526, 542, 564, 588, 592, 595, 604, 668, 685, 700, 791, 833, 875, 877]
[3, 14, 16, 31, 86, 89, 105, 114, 115, 118, 123, 130, 131, 140, 148, 159, 163, 170, 171, 187, 193, 195, 209, 217, 218, 235, 242, 257, 258, 263, 273, 286, 295, 310, 311, 314, 316, 325, 326, 328, 334, 335, 336, 337, 339, 349, 350, 360, 364, 365, 375, 383, 395, 426, 427, 428, 434, 439, 444, 447, 449, 461, 478, 481, 486, 492, 501, 507, 530, 536, 537, 541, 555, 571, 575, 591, 595, 607, 611, 624, 639, 651, 652, 654, 657, 667, 670, 673, 680, 686, 695, 703, 712, 714, 715, 721, 735, 740, 741, 757, 758, 764, 765, 773, 774, 777, 784, 787, 792, 800, 804, 809, 819, 820, 825, 840, 853, 863, 872, 878, 883, 887]

[8, 16, 17, 22, 28, 31, 35, 53, 64, 113, 115, 142, 152, 178, 179, 214, 216, 223, 229, 251, 259, 265, 266, 277, 285, 302, 304, 317, 327, 338, 342, 345, 347, 351, 382, 400, 412, 419, 421, 423, 424, 430, 432, 433, 440, 446, 460, 480, 497, 502, 514, 526, 542, 564, 588, 592, 595, 604, 606, 668, 685, 697, 700, 737, 791, 796, 803, 813, 833, 837, 875, 877]
[3, 14, 16, 31, 86, 89, 105, 114, 115, 118, 123, 130, 131, 140, 148, 159, 163, 170, 171, 187, 193, 195, 209, 217, 218, 235, 242, 257, 258, 263, 273, 286, 295, 310, 311, 314, 316, 325, 326, 328, 334, 335, 336, 337, 339, 349, 350, 360, 364, 365, 375, 383, 395, 426, 427, 428, 434, 439, 444, 447, 449, 461, 478, 481, 486, 492, 501, 507, 530, 536, 537, 541, 555, 571, 575, 591, 595, 607, 611, 624, 639, 651, 652, 654, 657, 667, 670, 673, 680, 686, 695, 703, 712, 714, 715, 721, 735, 740, 741, 757, 758, 764, 765, 773, 774, 777, 784, 787, 792, 800, 804, 809, 819, 820, 825, 840, 853, 863, 872, 878, 883, 887]

[8, 16, 17, 22, 28, 31, 35, 47, 50, 53, 64, 113, 115, 131, 142, 147, 152, 167, 178, 179, 183, 214, 216, 219, 223, 229, 240, 251, 259, 265, 266, 277, 285, 302, 304, 317, 327, 331, 332, 338, 342, 345, 347, 351, 366, 382, 392, 400, 412, 419, 421, 423, 424, 430, 432, 433, 440, 446, 460, 480, 497, 502, 514, 526, 542, 545, 564, 588, 592, 595, 604, 606, 609, 620, 663, 668, 685, 690, 697, 700, 706, 709, 713, 718, 724, 729, 737, 744, 770, 782, 783, 791, 793, 796, 803, 813, 833, 837, 875, 877, 887]
[3, 14, 16, 31, 86, 89, 105, 114, 115, 118, 123, 130, 131, 140, 148, 159, 163, 170, 171, 187, 193, 195, 209, 217, 218, 235, 242, 257, 258, 263, 273, 286, 295, 310, 311, 314, 316, 325, 326, 328, 334, 335, 336, 337, 339, 349, 350, 360, 364, 365, 375, 383, 395, 426, 427, 428, 434, 439, 444, 447, 449, 461, 478, 481, 486, 492, 501, 507, 530, 536, 537, 541, 555, 571, 575, 591, 595, 607, 611, 624, 639, 651, 652, 654, 657, 667, 670, 673, 680, 686, 695, 703, 712, 714, 715, 721, 735, 740, 741, 757, 758, 764, 765, 773, 774, 777, 784, 787, 792, 800, 804, 809, 819, 820, 825, 840, 853, 863, 872, 878, 883, 887]

[8, 16, 17, 22, 28, 31, 35, 47, 48, 50, 53, 64, 67, 113, 115, 131, 142, 143, 147, 152, 167, 178, 179, 183, 192, 196, 214, 216, 219, 223, 229, 240, 251, 252, 259, 265, 266, 277, 285, 302, 304, 305, 314, 317, 327, 331, 332, 334, 338, 342, 345, 347, 351, 365, 366, 382, 392, 400, 412, 419, 421, 423, 424, 425, 430, 432, 433, 435, 440, 446, 460, 480, 491, 497, 502, 514, 526, 542, 545, 564, 583, 588, 592, 595, 604, 606, 609, 620, 655, 663, 667, 668, 685, 687, 690, 697, 700, 706, 709, 713, 716, 718, 724, 725, 729, 737, 739, 744, 763, 770, 771, 782, 783, 790, 791, 793, 796, 803, 813, 833, 837, 865, 873, 875, 877, 887]
[3, 14, 16, 31, 86, 89, 105, 114, 115, 118, 123, 130, 131, 140, 148, 159, 163, 170, 171, 187, 193, 195, 209, 217, 218, 235, 242, 257, 258, 263, 273, 286, 295, 310, 311, 314, 316, 325, 326, 328, 334, 335, 336, 337, 339, 349, 350, 360, 364, 365, 375, 383, 395, 426, 427, 428, 434, 439, 444, 447, 449, 461, 478, 481, 486, 492, 501, 507, 530, 536, 537, 541, 555, 571, 575, 591, 595, 607, 611, 624, 639, 651, 652, 654, 657, 667, 670, 673, 680, 686, 695, 703, 712, 714, 715, 721, 735, 740, 741, 757, 758, 764, 765, 773, 774, 777, 784, 787, 792, 800, 804, 809, 819, 820, 825, 840, 853, 863, 872, 878, 883, 887]

[8, 16, 17, 22, 28, 29, 31, 35, 47, 48, 50, 53, 61, 64, 67, 73, 75, 89, 100, 110, 113, 115, 131, 142, 143, 147, 152, 167, 178, 179, 183, 192, 196, 214, 216, 219, 223, 229, 240, 251, 252, 259, 264, 265, 266, 277, 279, 285, 302, 304, 305, 314, 317, 327, 328, 331, 332, 334, 338, 342, 345, 347, 351, 359, 363, 365, 366, 371, 382, 392, 400, 410, 412, 419, 421, 422, 423, 424, 425, 430, 432, 433, 435, 440, 446, 460, 480, 491, 497, 502, 514, 526, 542, 545, 564, 565, 583, 588, 592, 595, 604, 606, 609, 620, 624, 633, 652, 655, 663, 667, 668, 685, 687, 690, 696, 697, 700, 706, 707, 708, 709, 713, 716, 718, 724, 725, 729, 735, 737, 739, 744, 763, 770, 771, 782, 783, 790, 791, 793, 796, 803, 813, 821, 822, 833, 837, 839, 853, 865, 873, 875, 877, 887]
[3, 14, 16, 31, 86, 89, 105, 114, 115, 118, 123, 130, 131, 140, 148, 159, 163, 170, 171, 187, 193, 195, 209, 217, 218, 235, 242, 257, 258, 263, 273, 286, 295, 310, 311, 314, 316, 325, 326, 328, 334, 335, 336, 337, 339, 349, 350, 360, 364, 365, 375, 383, 395, 426, 427, 428, 434, 439, 444, 447, 449, 461, 478, 481, 486, 492, 501, 507, 530, 536, 537, 541, 555, 571, 575, 591, 595, 607, 611, 624, 639, 651, 652, 654, 657, 667, 670, 673, 680, 686, 695, 703, 712, 714, 715, 721, 735, 740, 741, 757, 758, 764, 765, 773, 774, 777, 784, 787, 792, 800, 804, 809, 819, 820, 825, 840, 853, 863, 872, 878, 883, 887]

[8, 15, 16, 17, 18, 22, 28, 29, 31, 35, 36, 47, 48, 50, 53, 61, 64, 67, 73, 75, 89, 100, 102, 110, 113, 115, 126, 131, 142, 143, 147, 152, 162, 167, 178, 179, 183, 188, 192, 196, 207, 214, 216, 219, 223, 229, 240, 246, 248, 251, 252, 259, 264, 265, 266, 277, 279, 283, 285, 302, 303, 304, 305, 310, 314, 317, 327, 328, 330, 331, 332, 334, 337, 338, 342, 345, 347, 351, 359, 363, 365, 366, 371, 382, 392, 400, 403, 410, 412, 419, 421, 422, 423, 424, 425, 430, 432, 433, 435, 437, 440, 446, 453, 460, 480, 487, 491, 497, 502, 514, 526, 542, 545, 557, 564, 565, 583, 586, 588, 592, 595, 604, 606, 609, 620, 624, 633, 637, 652, 655, 663, 667, 668, 685, 687, 690, 691, 696, 697, 700, 706, 707, 708, 709, 712, 713, 716, 718, 724, 725, 726, 729, 733, 735, 737, 739, 744, 754, 763, 767, 770, 771, 782, 783, 790, 791, 793, 794, 796, 803, 813, 821, 822, 827, 833, 837, 839, 845, 853, 865, 873, 875, 877, 887]
[3, 14, 16, 31, 86, 89, 105, 114, 115, 118, 123, 130, 131, 140, 148, 159, 163, 170, 171, 187, 193, 195, 209, 217, 218, 235, 242, 257, 258, 263, 273, 286, 295, 310, 311, 314, 316, 325, 326, 328, 334, 335, 336, 337, 339, 349, 350, 360, 364, 365, 375, 383, 395, 426, 427, 428, 434, 439, 444, 447, 449, 461, 478, 481, 486, 492, 501, 507, 530, 536, 537, 541, 555, 571, 575, 591, 595, 607, 611, 624, 639, 651, 652, 654, 657, 667, 670, 673, 680, 686, 695, 703, 712, 714, 715, 721, 735, 740, 741, 757, 758, 764, 765, 773, 774, 777, 784, 787, 792, 800, 804, 809, 819, 820, 825, 840, 853, 863, 872, 878, 883, 887]

[8, 15, 16, 17, 18, 22, 28, 29, 31, 35, 36, 47, 48, 50, 53, 61, 64, 67, 73, 75, 77, 89, 90, 100, 102, 110, 113, 115, 119, 124, 126, 131, 136, 142, 143, 147, 152, 162, 167, 178, 179, 183, 188, 192, 196, 200, 207, 214, 216, 217, 219, 223, 229, 240, 246, 248, 251, 252, 259, 264, 265, 266, 277, 279, 283, 285, 302, 303, 304, 305, 310, 311, 314, 317, 327, 328, 330, 331, 332, 334, 337, 338, 342, 345, 347, 351, 357, 359, 363, 365, 366, 371, 379, 382, 392, 400, 403, 410, 412, 417, 419, 421, 422, 423, 424, 425, 430, 432, 433, 435, 437, 440, 443, 446, 453, 460, 465, 474, 480, 487, 491, 497, 502, 503, 514, 526, 542, 545, 547, 557, 558, 564, 565, 583, 586, 588, 592, 595, 604, 606, 609, 614, 620, 624, 632, 633, 637, 652, 655, 663, 667, 668, 678, 680, 684, 685, 687, 690, 691, 696, 697, 700, 706, 707, 708, 709, 712, 713, 716, 718, 724, 725, 726, 729, 733, 735, 737, 739, 744, 754, 763, 767, 770, 771, 772, 782, 783, 790, 791, 793, 794, 796, 797, 803, 813, 821, 822, 827, 833, 837, 839, 845, 851, 853, 865, 873, 875, 877, 887]
[3, 14, 16, 31, 86, 89, 105, 114, 115, 118, 123, 130, 131, 140, 148, 159, 163, 170, 171, 187, 193, 195, 209, 217, 218, 235, 242, 257, 258, 263, 273, 286, 295, 310, 311, 314, 316, 325, 326, 328, 334, 335, 336, 337, 339, 349, 350, 360, 364, 365, 375, 383, 395, 426, 427, 428, 434, 439, 444, 447, 449, 461, 478, 481, 486, 492, 501, 507, 530, 536, 537, 541, 555, 571, 575, 591, 595, 607, 611, 624, 639, 651, 652, 654, 657, 667, 670, 673, 680, 686, 695, 703, 712, 714, 715, 721, 735, 740, 741, 757, 758, 764, 765, 773, 774, 777, 784, 787, 792, 800, 804, 809, 819, 820, 825, 840, 853, 863, 872, 878, 883, 887]

[8, 15, 16, 17, 18, 22, 28, 29, 31, 35, 36, 46, 47, 48, 50, 53, 61, 64, 67, 69, 72, 73, 75, 77, 89, 90, 100, 101, 102, 110, 113, 115, 119, 124, 126, 131, 136, 142, 143, 147, 152, 162, 167, 173, 178, 179, 183, 188, 192, 196, 200, 206, 207, 214, 216, 217, 219, 223, 227, 229, 234, 240, 246, 248, 251, 252, 259, 264, 265, 266, 267, 277, 279, 283, 285, 302, 303, 304, 305, 310, 311, 314, 317, 321, 327, 328, 330, 331, 332, 334, 337, 338, 342, 345, 347, 351, 357, 359, 363, 365, 366, 371, 379, 382, 392, 396, 398, 400, 403, 410, 412, 417, 419, 421, 422, 423, 424, 425, 430, 432, 433, 435, 437, 440, 441, 443, 446, 453, 460, 465, 472, 474, 480, 487, 491, 497, 502, 503, 514, 526, 532, 534, 542, 545, 547, 557, 558, 564, 565, 583, 586, 588, 592, 595, 604, 606, 609, 614, 620, 622, 624, 632, 633, 637, 649, 652, 655, 663, 667, 668, 678, 680, 684, 685, 687, 690, 691, 696, 697, 700, 706, 707, 708, 709, 711, 712, 713, 716, 718, 724, 725, 726, 729, 733, 735, 737, 739, 744, 754, 763, 767, 770, 771, 772, 782, 783, 785, 790, 791, 793, 794, 795, 796, 797, 800, 803, 813, 821, 822, 825, 827, 829, 832, 833, 837, 839, 845, 848, 851, 853, 865, 873, 875, 877, 887]
[3, 14, 16, 31, 86, 89, 105, 114, 115, 118, 123, 130, 131, 140, 148, 159, 163, 170, 171, 187, 193, 195, 209, 217, 218, 235, 242, 257, 258, 263, 273, 286, 295, 310, 311, 314, 316, 325, 326, 328, 334, 335, 336, 337, 339, 349, 350, 360, 364, 365, 375, 383, 395, 426, 427, 428, 434, 439, 444, 447, 449, 461, 478, 481, 486, 492, 501, 507, 530, 536, 537, 541, 555, 571, 575, 591, 595, 607, 611, 624, 639, 651, 652, 654, 657, 667, 670, 673, 680, 686, 695, 703, 712, 714, 715, 721, 735, 740, 741, 757, 758, 764, 765, 773, 774, 777, 784, 787, 792, 800, 804, 809, 819, 820, 825, 840, 853, 863, 872, 878, 883, 887]

[8, 15, 16, 17, 18, 22, 28, 29, 31, 35, 36, 46, 47, 48, 50, 53, 56, 57, 61, 64, 65, 67, 69, 72, 73, 75, 77, 89, 90, 100, 101, 102, 110, 113, 115, 119, 124, 126, 129, 131, 136, 137, 142, 143, 147, 148, 152, 162, 167, 168, 172, 173, 178, 179, 180, 183, 188, 192, 196, 198, 200, 202, 206, 207, 214, 216, 217, 219, 223, 227, 229, 234, 240, 246, 248, 251, 252, 259, 264, 265, 266, 267, 277, 279, 283, 285, 302, 303, 304, 305, 310, 311, 314, 317, 321, 327, 328, 330, 331, 332, 334, 337, 338, 340, 342, 345, 347, 351, 357, 359, 363, 365, 366, 371, 379, 382, 392, 396, 398, 400, 402, 403, 409, 410, 412, 417, 419, 421, 422, 423, 424, 425, 430, 432, 433, 434, 435, 437, 440, 441, 443, 446, 453, 460, 465, 472, 474, 478, 480, 487, 491, 497, 502, 503, 514, 526, 532, 534, 537, 542, 545, 547, 557, 558, 560, 564, 565, 583, 586, 587, 588, 592, 595, 604, 606, 609, 614, 615, 619, 620, 622, 624, 632, 633, 637, 649, 652, 655, 659, 663, 667, 668, 673, 678, 680, 684, 685, 687, 690, 691, 696, 697, 700, 706, 707, 708, 709, 711, 712, 713, 716, 718, 724, 725, 726, 729, 733, 735, 737, 739, 744, 754, 759, 763, 765, 767, 770, 771, 772, 782, 783, 785, 790, 791, 793, 794, 795, 796, 797, 800, 803, 813, 821, 822, 825, 827, 829, 832, 833, 837, 839, 845, 848, 851, 853, 865, 873, 875, 877, 887]
[3, 14, 16, 31, 86, 89, 105, 114, 115, 118, 123, 130, 131, 140, 148, 159, 163, 170, 171, 187, 193, 195, 209, 217, 218, 235, 242, 257, 258, 263, 273, 286, 295, 310, 311, 314, 316, 325, 326, 328, 334, 335, 336, 337, 339, 349, 350, 360, 364, 365, 375, 383, 395, 426, 427, 428, 434, 439, 444, 447, 449, 461, 478, 481, 486, 492, 501, 507, 530, 536, 537, 541, 555, 571, 575, 591, 595, 607, 611, 624, 639, 651, 652, 654, 657, 667, 670, 673, 680, 686, 695, 703, 712, 714, 715, 721, 735, 740, 741, 757, 758, 764, 765, 773, 774, 777, 784, 787, 792, 800, 804, 809, 819, 820, 825, 840, 853, 863, 872, 878, 883, 887]

[8, 15, 16, 17, 18, 22, 26, 28, 29, 31, 35, 36, 46, 47, 48, 50, 53, 56, 57, 61, 64, 65, 67, 69, 72, 73, 75, 77, 89, 90, 100, 101, 102, 110, 113, 115, 119, 124, 126, 127, 129, 131, 136, 137, 142, 143, 145, 147, 148, 152, 153, 157, 161, 162, 167, 168, 172, 173, 178, 179, 180, 183, 188, 192, 196, 198, 200, 202, 205, 206, 207, 214, 216, 217, 219, 223, 227, 229, 234, 240, 246, 248, 251, 252, 259, 264, 265, 266, 267, 277, 279, 283, 285, 286, 294, 297, 302, 303, 304, 305, 310, 311, 314, 317, 320, 321, 327, 328, 330, 331, 332, 334, 337, 338, 340, 342, 345, 347, 351, 357, 359, 363, 365, 366, 371, 379, 382, 389, 392, 396, 398, 400, 402, 403, 405, 406, 409, 410, 412, 417, 419, 421, 422, 423, 424, 425, 430, 432, 433, 434, 435, 437, 438, 440, 441, 443, 446, 453, 458, 460, 462, 465, 472, 474, 478, 480, 487, 491, 497, 502, 503, 514, 526, 532, 534, 537, 542, 543, 545, 547, 557, 558, 560, 564, 565, 583, 586, 587, 588, 589, 592, 595, 604, 606, 609, 614, 615, 619, 620, 622, 624, 627, 632, 633, 637, 648, 649, 652, 655, 656, 659, 663, 667, 668, 673, 678, 680, 684, 685, 687, 690, 691, 696, 697, 700, 706, 707, 708, 709, 711, 712, 713, 716, 718, 724, 725, 726, 729, 733, 735, 737, 739, 744, 754, 759, 763, 765, 767, 770, 771, 772, 782, 783, 784, 785, 790, 791, 793, 794, 795, 796, 797, 800, 803, 813, 821, 822, 825, 827, 829, 832, 833, 837, 839, 842, 845, 848, 851, 853, 865, 867, 873, 875, 877, 887]
[3, 14, 16, 31, 86, 89, 105, 114, 115, 118, 123, 130, 131, 140, 148, 159, 163, 170, 171, 187, 193, 195, 209, 217, 218, 235, 242, 257, 258, 263, 273, 286, 295, 310, 311, 314, 316, 325, 326, 328, 334, 335, 336, 337, 339, 349, 350, 360, 364, 365, 375, 383, 395, 426, 427, 428, 434, 439, 444, 447, 449, 461, 478, 481, 486, 492, 501, 507, 530, 536, 537, 541, 555, 571, 575, 591, 595, 607, 611, 624, 639, 651, 652, 654, 657, 667, 670, 673, 680, 686, 695, 703, 712, 714, 715, 721, 735, 740, 741, 757, 758, 764, 765, 773, 774, 777, 784, 787, 792, 800, 804, 809, 819, 820, 825, 840, 853, 863, 872, 878, 883, 887]

[8, 15, 16, 17, 18, 22, 23, 24, 26, 28, 29, 31, 35, 36, 46, 47, 48, 50, 53, 56, 57, 61, 64, 65, 67, 69, 72, 73, 75, 77, 89, 90, 100, 101, 102, 110, 113, 115, 119, 124, 126, 127, 129, 131, 136, 137, 142, 143, 145, 147, 148, 152, 153, 154, 157, 161, 162, 167, 168, 172, 173, 178, 179, 180, 181, 183, 188, 192, 196, 198, 200, 202, 205, 206, 207, 210, 214, 216, 217, 219, 220, 223, 227, 229, 234, 240, 246, 248, 251, 252, 259, 260, 264, 265, 266, 267, 277, 279, 283, 285, 286, 294, 297, 302, 303, 304, 305, 310, 311, 312, 314, 317, 320, 321, 327, 328, 330, 331, 332, 334, 337, 338, 340, 342, 344, 345, 347, 351, 357, 359, 360, 363, 365, 366, 371, 377, 379, 382, 387, 389, 392, 396, 397, 398, 400, 402, 403, 405, 406, 409, 410, 412, 417, 419, 421, 422, 423, 424, 425, 430, 431, 432, 433, 434, 435, 437, 438, 440, 441, 443, 446, 450, 453, 458, 460, 462, 465, 472, 474, 478, 480, 487, 491, 497, 502, 503, 514, 526, 532, 534, 535, 537, 542, 543, 545, 547, 557, 558, 560, 564, 565, 569, 582, 583, 586, 587, 588, 589, 592, 595, 604, 606, 607, 609, 614, 615, 619, 620, 621, 622, 624, 627, 632, 633, 637, 648, 649, 652, 655, 656, 659, 663, 667, 668, 673, 678, 680, 684, 685, 686, 687, 690, 691, 696, 697, 698, 700, 706, 707, 708, 709, 711, 712, 713, 716, 718, 724, 725, 726, 729, 733, 735, 737, 739, 744, 752, 754, 759, 763, 765, 767, 770, 771, 772, 773, 782, 783, 784, 785, 790, 791, 793, 794, 795, 796, 797, 800, 803, 813, 817, 821, 822, 825, 827, 829, 832, 833, 837, 839, 842, 845, 848, 851, 853, 865, 867, 873, 875, 877, 887]
[3, 14, 16, 31, 86, 89, 105, 114, 115, 118, 123, 130, 131, 140, 148, 159, 163, 170, 171, 187, 193, 195, 209, 217, 218, 235, 242, 257, 258, 263, 273, 286, 295, 310, 311, 314, 316, 325, 326, 328, 334, 335, 336, 337, 339, 349, 350, 360, 364, 365, 375, 383, 395, 426, 427, 428, 434, 439, 444, 447, 449, 461, 478, 481, 486, 492, 501, 507, 530, 536, 537, 541, 555, 571, 575, 591, 595, 607, 611, 624, 639, 651, 652, 654, 657, 667, 670, 673, 680, 686, 695, 703, 712, 714, 715, 721, 735, 740, 741, 757, 758, 764, 765, 773, 774, 777, 784, 787, 792, 800, 804, 809, 819, 820, 825, 840, 853, 863, 872, 878, 883, 887]

[7, 8, 12, 15, 16, 17, 18, 22, 23, 24, 25, 26, 27, 28, 29, 31, 35, 36, 46, 47, 48, 50, 53, 56, 57, 61, 64, 65, 67, 69, 70, 72, 73, 75, 77, 89, 90, 100, 101, 102, 107, 109, 110, 113, 115, 119, 124, 126, 127, 129, 131, 136, 137, 142, 143, 145, 147, 148, 152, 153, 154, 157, 161, 162, 166, 167, 168, 172, 173, 178, 179, 180, 181, 183, 188, 192, 196, 198, 200, 202, 205, 206, 207, 210, 214, 216, 217, 219, 220, 223, 227, 229, 230, 234, 240, 246, 248, 251, 252, 259, 260, 264, 265, 266, 267, 277, 279, 283, 285, 286, 294, 297, 302, 303, 304, 305, 310, 311, 312, 314, 315, 317, 320, 321, 327, 328, 330, 331, 332, 334, 337, 338, 340, 342, 344, 345, 347, 351, 357, 359, 360, 363, 365, 366, 371, 377, 379, 382, 386, 387, 389, 392, 396, 397, 398, 400, 402, 403, 405, 406, 409, 410, 412, 414, 417, 419, 421, 422, 423, 424, 425, 430, 431, 432, 433, 434, 435, 437, 438, 440, 441, 443, 446, 450, 452, 453, 458, 460, 461, 462, 465, 472, 474, 478, 480, 484, 487, 491, 497, 502, 503, 514, 526, 532, 534, 535, 537, 542, 543, 545, 547, 557, 558, 560, 564, 565, 569, 570, 580, 582, 583, 586, 587, 588, 589, 592, 595, 604, 606, 607, 609, 614, 615, 619, 620, 621, 622, 624, 627, 632, 633, 637, 648, 649, 652, 654, 655, 656, 659, 663, 667, 668, 671, 673, 674, 678, 680, 684, 685, 686, 687, 690, 691, 696, 697, 698, 700, 706, 707, 708, 709, 711, 712, 713, 716, 718, 724, 725, 726, 729, 733, 734, 735, 737, 739, 740, 744, 752, 754, 757, 759, 763, 765, 767, 770, 771, 772, 773, 782, 783, 784, 785, 790, 791, 793, 794, 795, 796, 797, 800, 803, 813, 817, 821, 822, 825, 827, 829, 832, 833, 837, 839, 842, 845, 848, 851, 853, 857, 865, 867, 872, 873, 875, 877, 887]
[3, 14, 16, 31, 86, 89, 105, 114, 115, 118, 123, 130, 131, 140, 148, 159, 163, 170, 171, 187, 193, 195, 209, 217, 218, 235, 242, 257, 258, 263, 273, 286, 295, 310, 311, 314, 316, 325, 326, 328, 334, 335, 336, 337, 339, 349, 350, 360, 364, 365, 375, 383, 395, 426, 427, 428, 434, 439, 444, 447, 449, 461, 478, 481, 486, 492, 501, 507, 530, 536, 537, 541, 555, 571, 575, 591, 595, 607, 611, 624, 639, 651, 652, 654, 657, 667, 670, 673, 680, 686, 695, 703, 712, 714, 715, 721, 735, 740, 741, 757, 758, 764, 765, 773, 774, 777, 784, 787, 792, 800, 804, 809, 819, 820, 825, 840, 853, 863, 872, 878, 883, 887]

[7, 8, 12, 15, 16, 17, 18, 22, 23, 24, 25, 26, 27, 28, 29, 31, 35, 36, 46, 47, 48, 50, 53, 56, 57, 61, 64, 65, 67, 69, 70, 72, 73, 75, 77, 89, 90, 98, 100, 101, 102, 104, 107, 109, 110, 113, 115, 119, 124, 126, 127, 129, 131, 136, 137, 142, 143, 145, 146, 147, 148, 152, 153, 154, 157, 161, 162, 166, 167, 168, 172, 173, 178, 179, 180, 181, 183, 188, 192, 196, 198, 200, 202, 205, 206, 207, 210, 211, 214, 216, 217, 219, 220, 223, 227, 229, 230, 234, 240, 246, 247, 248, 251, 252, 257, 259, 260, 264, 265, 266, 267, 269, 277, 279, 283, 285, 286, 287, 290, 294, 297, 302, 303, 304, 305, 310, 311, 312, 314, 315, 317, 319, 320, 321, 325, 327, 328, 330, 331, 332, 334, 337, 338, 340, 342, 344, 345, 347, 351, 357, 359, 360, 361, 363, 365, 366, 371, 377, 379, 382, 386, 387, 389, 392, 396, 397, 398, 400, 402, 403, 405, 406, 409, 410, 412, 414, 416, 417, 419, 421, 422, 423, 424, 425, 430, 431, 432, 433, 434, 435, 437, 438, 440, 441, 443, 446, 450, 452, 453, 454, 458, 460, 461, 462, 465, 472, 474, 477, 478, 480, 484, 487, 491, 497, 502, 503, 514, 526, 531, 532, 534, 535, 537, 542, 543, 545, 547, 557, 558, 559, 560, 564, 565, 569, 570, 580, 581, 582, 583, 586, 587, 588, 589, 592, 595, 604, 606, 607, 609, 614, 615, 619, 620, 621, 622, 624, 626, 627, 628, 632, 633, 637, 643, 648, 649, 652, 654, 655, 656, 659, 663, 667, 668, 671, 673, 674, 678, 680, 684, 685, 686, 687, 690, 691, 696, 697, 698, 700, 706, 707, 708, 709, 711, 712, 713, 716, 718, 724, 725, 726, 729, 733, 734, 735, 737, 738, 739, 740, 744, 752, 754, 757, 759, 763, 765, 767, 770, 771, 772, 773, 782, 783, 784, 785, 790, 791, 793, 794, 795, 796, 797, 800, 803, 807, 813, 817, 821, 822, 825, 827, 829, 831, 832, 833, 837, 839, 842, 845, 848, 849, 851, 853, 857, 865, 867, 872, 873, 875, 877, 887]
[3, 14, 16, 31, 86, 89, 105, 114, 115, 118, 123, 130, 131, 140, 148, 159, 163, 170, 171, 187, 193, 195, 209, 217, 218, 235, 242, 257, 258, 263, 273, 286, 295, 310, 311, 314, 316, 325, 326, 328, 334, 335, 336, 337, 339, 349, 350, 360, 364, 365, 375, 383, 395, 426, 427, 428, 434, 439, 444, 447, 449, 461, 478, 481, 486, 492, 501, 507, 530, 536, 537, 541, 555, 571, 575, 591, 595, 607, 611, 624, 639, 651, 652, 654, 657, 667, 670, 673, 680, 686, 695, 703, 712, 714, 715, 721, 735, 740, 741, 757, 758, 764, 765, 773, 774, 777, 784, 787, 792, 800, 804, 809, 819, 820, 825, 840, 853, 863, 872, 878, 883, 887]

[7, 8, 12, 15, 16, 17, 18, 21, 22, 23, 24, 25, 26, 27, 28, 29, 31, 35, 36, 41, 46, 47, 48, 50, 53, 56, 57, 61, 64, 65, 67, 68, 69, 70, 72, 73, 75, 77, 81, 89, 90, 93, 98, 100, 101, 102, 104, 107, 109, 110, 113, 115, 119, 124, 126, 127, 129, 131, 136, 137, 142, 143, 145, 146, 147, 148, 152, 153, 154, 157, 161, 162, 165, 166, 167, 168, 171, 172, 173, 178, 179, 180, 181, 183, 188, 192, 196, 198, 200, 202, 205, 206, 207, 210, 211, 212, 214, 216, 217, 219, 220, 223, 227, 229, 230, 231, 234, 240, 246, 247, 248, 251, 252, 254, 257, 259, 260, 264, 265, 266, 267, 269, 273, 277, 279, 283, 285, 286, 287, 290, 294, 297, 298, 302, 303, 304, 305, 310, 311, 312, 313, 314, 315, 317, 319, 320, 321, 325, 327, 328, 330, 331, 332, 334, 337, 338, 339, 340, 342, 344, 345, 347, 351, 356, 357, 359, 360, 361, 363, 365, 366, 367, 371, 377, 379, 382, 386, 387, 389, 392, 396, 397, 398, 400, 402, 403, 405, 406, 409, 410, 411, 412, 413, 414, 416, 417, 419, 421, 422, 423, 424, 425, 430, 431, 432, 433, 434, 435, 437, 438, 440, 441, 443, 446, 450, 452, 453, 454, 458, 460, 461, 462, 465, 472, 474, 477, 478, 480, 484, 487, 491, 497, 502, 503, 514, 521, 526, 531, 532, 534, 535, 537, 542, 543, 545, 547, 557, 558, 559, 560, 564, 565, 569, 570, 577, 580, 581, 582, 583, 586, 587, 588, 589, 590, 592, 595, 604, 606, 607, 609, 614, 615, 619, 620, 621, 622, 624, 626, 627, 628, 632, 633, 637, 643, 648, 649, 652, 654, 655, 656, 659, 663, 664, 667, 668, 671, 673, 674, 678, 680, 684, 685, 686, 687, 690, 691, 696, 697, 698, 700, 705, 706, 707, 708, 709, 711, 712, 713, 716, 718, 724, 725, 726, 729, 733, 734, 735, 737, 738, 739, 740, 744, 752, 754, 757, 759, 763, 765, 767, 770, 771, 772, 773, 782, 783, 784, 785, 790, 791, 793, 794, 795, 796, 797, 800, 803, 807, 813, 817, 821, 822, 825, 827, 829, 831, 832, 833, 837, 839, 842, 844, 845, 848, 849, 851, 853, 857, 865, 867, 869, 872, 873, 875, 877, 887]
[3, 14, 16, 31, 86, 89, 105, 114, 115, 118, 123, 130, 131, 140, 148, 159, 163, 170, 171, 187, 193, 195, 209, 217, 218, 235, 242, 257, 258, 263, 273, 286, 295, 310, 311, 314, 316, 325, 326, 328, 334, 335, 336, 337, 339, 349, 350, 360, 364, 365, 375, 383, 395, 426, 427, 428, 434, 439, 444, 447, 449, 461, 478, 481, 486, 492, 501, 507, 530, 536, 537, 541, 555, 571, 575, 591, 595, 607, 611, 624, 639, 651, 652, 654, 657, 667, 670, 673, 680, 686, 695, 703, 712, 714, 715, 721, 735, 740, 741, 757, 758, 764, 765, 773, 774, 777, 784, 787, 792, 800, 804, 809, 819, 820, 825, 840, 853, 863, 872, 878, 883, 887]

[7, 8, 12, 15, 16, 17, 18, 21, 22, 23, 24, 25, 26, 27, 28, 29, 31, 33, 35, 36, 41, 46, 47, 48, 50, 53, 56, 57, 61, 64, 65, 67, 68, 69, 70, 72, 73, 75, 77, 81, 89, 90, 93, 98, 100, 101, 102, 104, 107, 109, 110, 113, 115, 119, 120, 124, 126, 127, 129, 131, 136, 137, 142, 143, 145, 146, 147, 148, 152, 153, 154, 155, 157, 161, 162, 165, 166, 167, 168, 171, 172, 173, 178, 179, 180, 181, 183, 185, 188, 192, 196, 198, 200, 202, 203, 205, 206, 207, 210, 211, 212, 214, 216, 217, 218, 219, 220, 223, 227, 229, 230, 231, 234, 240, 246, 247, 248, 251, 252, 254, 257, 259, 260, 264, 265, 266, 267, 269, 273, 277, 279, 283, 285, 286, 287, 290, 294, 297, 298, 302, 303, 304, 305, 310, 311, 312, 313, 314, 315, 317, 319, 320, 321, 325, 327, 328, 330, 331, 332, 334, 337, 338, 339, 340, 342, 344, 345, 347, 350, 351, 356, 357, 359, 360, 361, 363, 365, 366, 367, 368, 371, 377, 379, 382, 386, 387, 389, 392, 396, 397, 398, 400, 401, 402, 403, 405, 406, 407, 409, 410, 411, 412, 413, 414, 416, 417, 419, 421, 422, 423, 424, 425, 430, 431, 432, 433, 434, 435, 437, 438, 440, 441, 443, 446, 450, 452, 453, 454, 458, 460, 461, 462, 465, 472, 474, 477, 478, 480, 484, 487, 490, 491, 497, 502, 503, 504, 510, 514, 521, 526, 531, 532, 534, 535, 537, 540, 542, 543, 545, 547, 555, 557, 558, 559, 560, 564, 565, 569, 570, 577, 580, 581, 582, 583, 586, 587, 588, 589, 590, 592, 595, 604, 606, 607, 609, 614, 615, 616, 619, 620, 621, 622, 624, 626, 627, 628, 632, 633, 637, 642, 643, 648, 649, 652, 654, 655, 656, 659, 663, 664, 667, 668, 671, 673, 674, 678, 680, 684, 685, 686, 687, 688, 690, 691, 693, 694, 696, 697, 698, 700, 705, 706, 707, 708, 709, 711, 712, 713, 716, 718, 721, 724, 725, 726, 729, 732, 733, 734, 735, 737, 738, 739, 740, 744, 752, 754, 757, 759, 763, 765, 767, 770, 771, 772, 773, 779, 782, 783, 784, 785, 790, 791, 793, 794, 795, 796, 797, 800, 803, 806, 807, 813, 817, 821, 822, 825, 827, 829, 831, 832, 833, 837, 839, 842, 844, 845, 848, 849, 851, 853, 857, 865, 866, 867, 869, 872, 873, 875, 877, 887]
[3, 14, 16, 31, 86, 89, 105, 114, 115, 118, 123, 130, 131, 140, 148, 159, 163, 170, 171, 187, 193, 195, 209, 217, 218, 235, 242, 257, 258, 263, 273, 286, 295, 310, 311, 314, 316, 325, 326, 328, 334, 335, 336, 337, 339, 349, 350, 360, 364, 365, 375, 383, 395, 426, 427, 428, 434, 439, 444, 447, 449, 461, 478, 481, 486, 492, 501, 507, 530, 536, 537, 541, 555, 571, 575, 591, 595, 607, 611, 624, 639, 651, 652, 654, 657, 667, 670, 673, 680, 686, 695, 703, 712, 714, 715, 721, 735, 740, 741, 757, 758, 764, 765, 773, 774, 777, 784, 787, 792, 800, 804, 809, 819, 820, 825, 840, 853, 863, 872, 878, 883, 887]

[3, 7, 8, 12, 15, 16, 17, 18, 21, 22, 23, 24, 25, 26, 27, 28, 29, 31, 33, 35, 36, 41, 46, 47, 48, 50, 53, 56, 57, 61, 64, 65, 67, 68, 69, 70, 71, 72, 73, 75, 77, 81, 82, 89, 90, 92, 93, 98, 100, 101, 102, 104, 107, 109, 110, 113, 115, 118, 119, 120, 124, 126, 127, 129, 131, 136, 137, 142, 143, 145, 146, 147, 148, 150, 152, 153, 154, 155, 157, 161, 162, 165, 166, 167, 168, 171, 172, 173, 178, 179, 180, 181, 183, 185, 188, 192, 196, 198, 200, 202, 203, 205, 206, 207, 210, 211, 212, 214, 216, 217, 218, 219, 220, 223, 227, 229, 230, 231, 234, 240, 242, 246, 247, 248, 249, 251, 252, 254, 257, 259, 260, 264, 265, 266, 267, 269, 272, 273, 277, 279, 283, 285, 286, 287, 290, 294, 297, 298, 302, 303, 304, 305, 310, 311, 312, 313, 314, 315, 317, 319, 320, 321, 325, 327, 328, 330, 331, 332, 334, 337, 338, 339, 340, 342, 344, 345, 347, 350, 351, 355, 356, 357, 359, 360, 361, 363, 365, 366, 367, 368, 371, 377, 379, 382, 386, 387, 389, 392, 396, 397, 398, 400, 401, 402, 403, 405, 406, 407, 409, 410, 411, 412, 413, 414, 416, 417, 419, 421, 422, 423, 424, 425, 430, 431, 432, 433, 434, 435, 437, 438, 440, 441, 443, 444, 446, 450, 452, 453, 454, 458, 460, 461, 462, 465, 472, 474, 477, 478, 480, 483, 484, 487, 490, 491, 496, 497, 502, 503, 504, 510, 514, 521, 525, 526, 531, 532, 534, 535, 537, 540, 542, 543, 545, 547, 555, 557, 558, 559, 560, 563, 564, 565, 569, 570, 577, 579, 580, 581, 582, 583, 586, 587, 588, 589, 590, 592, 595, 604, 606, 607, 609, 614, 615, 616, 617, 619, 620, 621, 622, 624, 626, 627, 628, 632, 633, 637, 642, 643, 648, 649, 652, 654, 655, 656, 659, 663, 664, 667, 668, 671, 673, 674, 678, 680, 682, 684, 685, 686, 687, 688, 690, 691, 693, 694, 696, 697, 698, 700, 705, 706, 707, 708, 709, 711, 712, 713, 716, 718, 721, 724, 725, 726, 728, 729, 732, 733, 734, 735, 737, 738, 739, 740, 744, 752, 754, 757, 759, 763, 765, 767, 770, 771, 772, 773, 775, 779, 780, 782, 783, 784, 785, 790, 791, 793, 794, 795, 796, 797, 800, 803, 806, 807, 813, 817, 821, 822, 825, 827, 829, 831, 832, 833, 837, 839, 841, 842, 844, 845, 848, 849, 851, 853, 855, 857, 865, 866, 867, 869, 872, 873, 874, 875, 877, 878, 887]
[3, 14, 16, 31, 86, 89, 105, 114, 115, 118, 123, 130, 131, 140, 148, 159, 163, 170, 171, 187, 193, 195, 209, 217, 218, 235, 242, 257, 258, 263, 273, 286, 295, 310, 311, 314, 316, 325, 326, 328, 334, 335, 336, 337, 339, 349, 350, 360, 364, 365, 375, 383, 395, 426, 427, 428, 434, 439, 444, 447, 449, 461, 478, 481, 486, 492, 501, 507, 530, 536, 537, 541, 555, 571, 575, 591, 595, 607, 611, 624, 639, 651, 652, 654, 657, 667, 670, 673, 680, 686, 695, 703, 712, 714, 715, 721, 735, 740, 741, 757, 758, 764, 765, 773, 774, 777, 784, 787, 792, 800, 804, 809, 819, 820, 825, 840, 853, 863, 872, 878, 883, 887]

[3, 7, 8, 12, 15, 16, 17, 18, 21, 22, 23, 24, 25, 26, 27, 28, 29, 31, 33, 35, 36, 41, 45, 46, 47, 48, 50, 53, 55, 56, 57, 61, 64, 65, 67, 68, 69, 70, 71, 72, 73, 75, 77, 81, 82, 89, 90, 92, 93, 98, 100, 101, 102, 104, 107, 109, 110, 113, 115, 117, 118, 119, 120, 124, 126, 127, 129, 131, 136, 137, 140, 142, 143, 145, 146, 147, 148, 150, 152, 153, 154, 155, 157, 161, 162, 165, 166, 167, 168, 169, 171, 172, 173, 176, 178, 179, 180, 181, 183, 185, 188, 192, 196, 198, 200, 202, 203, 205, 206, 207, 210, 211, 212, 214, 216, 217, 218, 219, 220, 223, 227, 229, 230, 231, 234, 240, 242, 246, 247, 248, 249, 251, 252, 254, 257, 259, 260, 264, 265, 266, 267, 269, 272, 273, 277, 279, 283, 285, 286, 287, 290, 294, 297, 298, 301, 302, 303, 304, 305, 310, 311, 312, 313, 314, 315, 317, 319, 320, 321, 323, 325, 327, 328, 330, 331, 332, 334, 337, 338, 339, 340, 342, 344, 345, 347, 350, 351, 355, 356, 357, 359, 360, 361, 363, 365, 366, 367, 368, 371, 377, 378, 379, 382, 386, 387, 389, 392, 396, 397, 398, 400, 401, 402, 403, 405, 406, 407, 409, 410, 411, 412, 413, 414, 416, 417, 419, 421, 422, 423, 424, 425, 430, 431, 432, 433, 434, 435, 437, 438, 440, 441, 443, 444, 446, 450, 452, 453, 454, 458, 460, 461, 462, 465, 472, 474, 477, 478, 480, 483, 484, 487, 490, 491, 494, 496, 497, 500, 502, 503, 504, 510, 514, 521, 523, 525, 526, 531, 532, 534, 535, 537, 540, 542, 543, 545, 547, 555, 557, 558, 559, 560, 563, 564, 565, 569, 570, 577, 579, 580, 581, 582, 583, 586, 587, 588, 589, 590, 592, 595, 604, 606, 607, 609, 613, 614, 615, 616, 617, 619, 620, 621, 622, 624, 626, 627, 628, 632, 633, 637, 639, 642, 643, 648, 649, 651, 652, 654, 655, 656, 659, 663, 664, 667, 668, 671, 672, 673, 674, 678, 680, 682, 684, 685, 686, 687, 688, 690, 691, 693, 694, 696, 697, 698, 700, 705, 706, 707, 708, 709, 711, 712, 713, 714, 715, 716, 718, 721, 724, 725, 726, 728, 729, 732, 733, 734, 735, 736, 737, 738, 739, 740, 744, 745, 752, 754, 757, 759, 763, 765, 767, 770, 771, 772, 773, 775, 777, 779, 780, 782, 783, 784, 785, 790, 791, 793, 794, 795, 796, 797, 800, 803, 806, 807, 813, 817, 821, 822, 825, 827, 829, 830, 831, 832, 833, 834, 837, 839, 841, 842, 843, 844, 845, 848, 849, 851, 853, 855, 857, 865, 866, 867, 869, 872, 873, 874, 875, 877, 878, 884, 887]
[3, 14, 16, 31, 86, 89, 105, 114, 115, 118, 123, 130, 131, 140, 148, 159, 163, 170, 171, 187, 193, 195, 209, 217, 218, 235, 242, 257, 258, 263, 273, 286, 295, 310, 311, 314, 316, 325, 326, 328, 334, 335, 336, 337, 339, 349, 350, 360, 364, 365, 375, 383, 395, 426, 427, 428, 434, 439, 444, 447, 449, 461, 478, 481, 486, 492, 501, 507, 530, 536, 537, 541, 555, 571, 575, 591, 595, 607, 611, 624, 639, 651, 652, 654, 657, 667, 670, 673, 680, 686, 695, 703, 712, 714, 715, 721, 735, 740, 741, 757, 758, 764, 765, 773, 774, 777, 784, 787, 792, 800, 804, 809, 819, 820, 825, 840, 853, 863, 872, 878, 883, 887]

[3, 7, 8, 12, 15, 16, 17, 18, 21, 22, 23, 24, 25, 26, 27, 28, 29, 31, 33, 35, 36, 41, 45, 46, 47, 48, 50, 53, 55, 56, 57, 61, 64, 65, 67, 68, 69, 70, 71, 72, 73, 75, 77, 81, 82, 83, 89, 90, 92, 93, 98, 100, 101, 102, 104, 107, 109, 110, 113, 115, 117, 118, 119, 120, 121, 123, 124, 126, 127, 129, 131, 134, 136, 137, 140, 142, 143, 145, 146, 147, 148, 150, 152, 153, 154, 155, 157, 161, 162, 165, 166, 167, 168, 169, 170, 171, 172, 173, 174, 176, 178, 179, 180, 181, 183, 185, 188, 192, 196, 198, 200, 202, 203, 205, 206, 207, 209, 210, 211, 212, 214, 216, 217, 218, 219, 220, 223, 227, 229, 230, 231, 234, 239, 240, 242, 244, 246, 247, 248, 249, 251, 252, 254, 257, 258, 259, 260, 264, 265, 266, 267, 269, 272, 273, 277, 279, 283, 285, 286, 287, 290, 294, 297, 298, 301, 302, 303, 304, 305, 310, 311, 312, 313, 314, 315, 317, 319, 320, 321, 323, 325, 327, 328, 330, 331, 332, 334, 337, 338, 339, 340, 342, 344, 345, 347, 350, 351, 355, 356, 357, 359, 360, 361, 363, 365, 366, 367, 368, 371, 377, 378, 379, 382, 386, 387, 389, 390, 392, 396, 397, 398, 400, 401, 402, 403, 405, 406, 407, 409, 410, 411, 412, 413, 414, 416, 417, 418, 419, 421, 422, 423, 424, 425, 430, 431, 432, 433, 434, 435, 437, 438, 440, 441, 443, 444, 446, 450, 452, 453, 454, 458, 460, 461, 462, 465, 472, 474, 477, 478, 480, 483, 484, 487, 490, 491, 493, 494, 496, 497, 500, 502, 503, 504, 510, 514, 521, 523, 525, 526, 531, 532, 534, 535, 537, 540, 541, 542, 543, 545, 547, 549, 555, 557, 558, 559, 560, 563, 564, 565, 568, 569, 570, 572, 577, 579, 580, 581, 582, 583, 586, 587, 588, 589, 590, 592, 595, 604, 606, 607, 609, 613, 614, 615, 616, 617, 619, 620, 621, 622, 624, 626, 627, 628, 632, 633, 637, 639, 642, 643, 648, 649, 651, 652, 654, 655, 656, 659, 663, 664, 667, 668, 671, 672, 673, 674, 676, 678, 680, 682, 684, 685, 686, 687, 688, 690, 691, 693, 694, 696, 697, 698, 700, 705, 706, 707, 708, 709, 711, 712, 713, 714, 715, 716, 717, 718, 721, 724, 725, 726, 728, 729, 732, 733, 734, 735, 736, 737, 738, 739, 740, 744, 745, 750, 752, 753, 754, 756, 757, 759, 763, 765, 767, 770, 771, 772, 773, 775, 777, 779, 780, 782, 783, 784, 785, 790, 791, 793, 794, 795, 796, 797, 800, 803, 806, 807, 813, 814, 816, 817, 821, 822, 824, 825, 827, 829, 830, 831, 832, 833, 834, 837, 839, 841, 842, 843, 844, 845, 848, 849, 851, 853, 855, 857, 865, 866, 867, 869, 872, 873, 874, 875, 877, 878, 884, 887]
[3, 14, 16, 31, 86, 89, 105, 114, 115, 118, 123, 130, 131, 140, 148, 159, 163, 170, 171, 187, 193, 195, 209, 217, 218, 235, 242, 257, 258, 263, 273, 286, 295, 310, 311, 314, 316, 325, 326, 328, 334, 335, 336, 337, 339, 349, 350, 360, 364, 365, 375, 383, 395, 426, 427, 428, 434, 439, 444, 447, 449, 461, 478, 481, 486, 492, 501, 507, 530, 536, 537, 541, 555, 571, 575, 591, 595, 607, 611, 624, 639, 651, 652, 654, 657, 667, 670, 673, 680, 686, 695, 703, 712, 714, 715, 721, 735, 740, 741, 757, 758, 764, 765, 773, 774, 777, 784, 787, 792, 800, 804, 809, 819, 820, 825, 840, 853, 863, 872, 878, 883, 887]

[2, 3, 7, 8, 12, 15, 16, 17, 18, 21, 22, 23, 24, 25, 26, 27, 28, 29, 31, 33, 35, 36, 41, 44, 45, 46, 47, 48, 50, 53, 55, 56, 57, 61, 64, 65, 67, 68, 69, 70, 71, 72, 73, 75, 77, 81, 82, 83, 88, 89, 90, 92, 93, 98, 100, 101, 102, 104, 107, 109, 110, 112, 113, 115, 117, 118, 119, 120, 121, 123, 124, 126, 127, 129, 131, 134, 136, 137, 140, 142, 143, 145, 146, 147, 148, 150, 152, 153, 154, 155, 157, 161, 162, 165, 166, 167, 168, 169, 170, 171, 172, 173, 174, 176, 178, 179, 180, 181, 183, 185, 188, 192, 196, 198, 200, 202, 203, 205, 206, 207, 209, 210, 211, 212, 214, 216, 217, 218, 219, 220, 223, 227, 229, 230, 231, 233, 234, 239, 240, 242, 243, 244, 246, 247, 248, 249, 251, 252, 254, 255, 257, 258, 259, 260, 264, 265, 266, 267, 269, 272, 273, 277, 279, 283, 285, 286, 287, 290, 294, 297, 298, 301, 302, 303, 304, 305, 310, 311, 312, 313, 314, 315, 317, 318, 319, 320, 321, 323, 325, 327, 328, 330, 331, 332, 334, 337, 338, 339, 340, 342, 344, 345, 347, 350, 351, 354, 355, 356, 357, 359, 360, 361, 363, 365, 366, 367, 368, 371, 377, 378, 379, 382, 383, 385, 386, 387, 388, 389, 390, 392, 396, 397, 398, 400, 401, 402, 403, 405, 406, 407, 409, 410, 411, 412, 413, 414, 415, 416, 417, 418, 419, 420, 421, 422, 423, 424, 425, 429, 430, 431, 432, 433, 434, 435, 437, 438, 440, 441, 443, 444, 446, 450, 452, 453, 454, 458, 460, 461, 462, 465, 472, 474, 477, 478, 480, 483, 484, 487, 490, 491, 493, 494, 496, 497, 500, 502, 503, 504, 510, 514, 521, 523, 525, 526, 529, 531, 532, 534, 535, 537, 540, 541, 542, 543, 545, 547, 549, 555, 557, 558, 559, 560, 563, 564, 565, 568, 569, 570, 572, 574, 577, 579, 580, 581, 582, 583, 586, 587, 588, 589, 590, 592, 595, 604, 606, 607, 609, 613, 614, 615, 616, 617, 619, 620, 621, 622, 624, 626, 627, 628, 631, 632, 633, 637, 639, 642, 643, 644, 648, 649, 651, 652, 654, 655, 656, 659, 663, 664, 667, 668, 671, 672, 673, 674, 676, 678, 680, 682, 684, 685, 686, 687, 688, 690, 691, 693, 694, 696, 697, 698, 699, 700, 702, 705, 706, 707, 708, 709, 711, 712, 713, 714, 715, 716, 717, 718, 719, 721, 724, 725, 726, 728, 729, 732, 733, 734, 735, 736, 737, 738, 739, 740, 744, 745, 750, 752, 753, 754, 756, 757, 759, 763, 765, 767, 770, 771, 772, 773, 775, 777, 779, 780, 782, 783, 784, 785, 790, 791, 793, 794, 795, 796, 797, 800, 803, 804, 806, 807, 813, 814, 815, 816, 817, 821, 822, 824, 825, 827, 829, 830, 831, 832, 833, 834, 837, 839, 841, 842, 843, 844, 845, 847, 848, 849, 851, 853, 855, 857, 865, 866, 867, 869, 872, 873, 874, 875, 877, 878, 884, 887]
[3, 14, 16, 31, 86, 89, 105, 114, 115, 118, 123, 130, 131, 140, 148, 159, 163, 170, 171, 187, 193, 195, 209, 217, 218, 235, 242, 257, 258, 263, 273, 286, 295, 310, 311, 314, 316, 325, 326, 328, 334, 335, 336, 337, 339, 349, 350, 360, 364, 365, 375, 383, 395, 426, 427, 428, 434, 439, 444, 447, 449, 461, 478, 481, 486, 492, 501, 507, 530, 536, 537, 541, 555, 571, 575, 591, 595, 607, 611, 624, 639, 651, 652, 654, 657, 667, 670, 673, 680, 686, 695, 703, 712, 714, 715, 721, 735, 740, 741, 757, 758, 764, 765, 773, 774, 777, 784, 787, 792, 800, 804, 809, 819, 820, 825, 840, 853, 863, 872, 878, 883, 887]

[2, 3, 7, 8, 12, 15, 16, 17, 18, 21, 22, 23, 24, 25, 26, 27, 28, 29, 31, 33, 35, 36, 41, 44, 45, 46, 47, 48, 50, 53, 55, 56, 57, 61, 63, 64, 65, 67, 68, 69, 70, 71, 72, 73, 75, 77, 81, 82, 83, 88, 89, 90, 92, 93, 98, 99, 100, 101, 102, 104, 107, 109, 110, 112, 113, 115, 117, 118, 119, 120, 121, 123, 124, 126, 127, 129, 131, 134, 136, 137, 140, 142, 143, 145, 146, 147, 148, 150, 152, 153, 154, 155, 157, 161, 162, 165, 166, 167, 168, 169, 170, 171, 172, 173, 174, 176, 178, 179, 180, 181, 183, 185, 188, 192, 196, 198, 200, 202, 203, 205, 206, 207, 209, 210, 211, 212, 214, 216, 217, 218, 219, 220, 223, 227, 229, 230, 231, 233, 234, 239, 240, 242, 243, 244, 246, 247, 248, 249, 251, 252, 254, 255, 257, 258, 259, 260, 261, 262, 264, 265, 266, 267, 269, 272, 273, 277, 279, 283, 285, 286, 287, 290, 294, 297, 298, 299, 301, 302, 303, 304, 305, 310, 311, 312, 313, 314, 315, 317, 318, 319, 320, 321, 323, 325, 326, 327, 328, 330, 331, 332, 334, 337, 338, 339, 340, 342, 344, 345, 347, 350, 351, 353, 354, 355, 356, 357, 358, 359, 360, 361, 363, 365, 366, 367, 368, 371, 372, 377, 378, 379, 382, 383, 384, 385, 386, 387, 388, 389, 390, 392, 393, 396, 397, 398, 400, 401, 402, 403, 405, 406, 407, 409, 410, 411, 412, 413, 414, 415, 416, 417, 418, 419, 420, 421, 422, 423, 424, 425, 429, 430, 431, 432, 433, 434, 435, 437, 438, 440, 441, 443, 444, 446, 450, 452, 453, 454, 458, 460, 461, 462, 465, 472, 474, 477, 478, 480, 483, 484, 487, 490, 491, 493, 494, 496, 497, 500, 502, 503, 504, 510, 514, 521, 523, 525, 526, 529, 531, 532, 534, 535, 537, 538, 540, 541, 542, 543, 545, 547, 548, 549, 553, 554, 555, 557, 558, 559, 560, 563, 564, 565, 568, 569, 570, 572, 573, 574, 577, 579, 580, 581, 582, 583, 586, 587, 588, 589, 590, 591, 592, 595, 596, 604, 606, 607, 609, 613, 614, 615, 616, 617, 619, 620, 621, 622, 624, 626, 627, 628, 631, 632, 633, 637, 638, 639, 642, 643, 644, 648, 649, 651, 652, 654, 655, 656, 659, 663, 664, 667, 668, 671, 672, 673, 674, 676, 678, 680, 682, 684, 685, 686, 687, 688, 690, 691, 693, 694, 696, 697, 698, 699, 700, 702, 705, 706, 707, 708, 709, 711, 712, 713, 714, 715, 716, 717, 718, 719, 721, 722, 724, 725, 726, 728, 729, 732, 733, 734, 735, 736, 737, 738, 739, 740, 744, 745, 750, 752, 753, 754, 756, 757, 759, 763, 765, 767, 770, 771, 772, 773, 775, 777, 779, 780, 782, 783, 784, 785, 790, 791, 793, 794, 795, 796, 797, 800, 802, 803, 804, 806, 807, 812, 813, 814, 815, 816, 817, 821, 822, 824, 825, 826, 827, 829, 830, 831, 832, 833, 834, 837, 839, 841, 842, 843, 844, 845, 847, 848, 849, 851, 853, 855, 857, 859, 861, 865, 866, 867, 869, 872, 873, 874, 875, 877, 878, 884, 887]
[3, 14, 16, 31, 86, 89, 105, 114, 115, 118, 123, 130, 131, 140, 148, 159, 163, 170, 171, 187, 193, 195, 209, 217, 218, 235, 242, 257, 258, 263, 273, 286, 295, 310, 311, 314, 316, 325, 326, 328, 334, 335, 336, 337, 339, 349, 350, 360, 364, 365, 375, 383, 395, 426, 427, 428, 434, 439, 444, 447, 449, 461, 478, 481, 486, 492, 501, 507, 530, 536, 537, 541, 555, 571, 575, 591, 595, 607, 611, 624, 639, 651, 652, 654, 657, 667, 670, 673, 680, 686, 695, 703, 712, 714, 715, 721, 735, 740, 741, 757, 758, 764, 765, 773, 774, 777, 784, 787, 792, 800, 804, 809, 819, 820, 825, 840, 853, 863, 872, 878, 883, 887]

[2, 3, 7, 8, 12, 15, 16, 17, 18, 21, 22, 23, 24, 25, 26, 27, 28, 29, 31, 33, 35, 36, 38, 40, 41, 44, 45, 46, 47, 48, 50, 53, 55, 56, 57, 61, 62, 63, 64, 65, 67, 68, 69, 70, 71, 72, 73, 75, 77, 80, 81, 82, 83, 88, 89, 90, 92, 93, 98, 99, 100, 101, 102, 104, 107, 109, 110, 112, 113, 115, 117, 118, 119, 120, 121, 123, 124, 126, 127, 129, 131, 134, 136, 137, 140, 142, 143, 145, 146, 147, 148, 150, 152, 153, 154, 155, 157, 161, 162, 165, 166, 167, 168, 169, 170, 171, 172, 173, 174, 176, 178, 179, 180, 181, 183, 185, 188, 192, 196, 198, 200, 202, 203, 205, 206, 207, 209, 210, 211, 212, 214, 216, 217, 218, 219, 220, 223, 227, 229, 230, 231, 233, 234, 236, 239, 240, 241, 242, 243, 244, 246, 247, 248, 249, 251, 252, 254, 255, 257, 258, 259, 260, 261, 262, 264, 265, 266, 267, 269, 271, 272, 273, 277, 278, 279, 283, 284, 285, 286, 287, 290, 294, 297, 298, 299, 301, 302, 303, 304, 305, 310, 311, 312, 313, 314, 315, 317, 318, 319, 320, 321, 323, 325, 326, 327, 328, 329, 330, 331, 332, 334, 337, 338, 339, 340, 342, 344, 345, 347, 350, 351, 353, 354, 355, 356, 357, 358, 359, 360, 361, 363, 365, 366, 367, 368, 371, 372, 377, 378, 379, 382, 383, 384, 385, 386, 387, 388, 389, 390, 392, 393, 396, 397, 398, 400, 401, 402, 403, 405, 406, 407, 409, 410, 411, 412, 413, 414, 415, 416, 417, 418, 419, 420, 421, 422, 423, 424, 425, 429, 430, 431, 432, 433, 434, 435, 437, 438, 439, 440, 441, 443, 444, 446, 450, 451, 452, 453, 454, 458, 460, 461, 462, 465, 472, 474, 477, 478, 480, 481, 483, 484, 487, 490, 491, 493, 494, 496, 497, 500, 502, 503, 504, 510, 514, 521, 523, 525, 526, 529, 530, 531, 532, 534, 535, 537, 538, 540, 541, 542, 543, 545, 546, 547, 548, 549, 553, 554, 555, 557, 558, 559, 560, 563, 564, 565, 566, 568, 569, 570, 572, 573, 574, 577, 578, 579, 580, 581, 582, 583, 586, 587, 588, 589, 590, 591, 592, 595, 596, 601, 604, 606, 607, 609, 613, 614, 615, 616, 617, 619, 620, 621, 622, 624, 626, 627, 628, 631, 632, 633, 637, 638, 639, 642, 643, 644, 648, 649, 651, 652, 654, 655, 656, 659, 663, 664, 666, 667, 668, 671, 672, 673, 674, 676, 678, 680, 682, 684, 685, 686, 687, 688, 690, 691, 693, 694, 696, 697, 698, 699, 700, 702, 705, 706, 707, 708, 709, 711, 712, 713, 714, 715, 716, 717, 718, 719, 721, 722, 724, 725, 726, 728, 729, 731, 732, 733, 734, 735, 736, 737, 738, 739, 740, 744, 745, 749, 750, 752, 753, 754, 756, 757, 759, 763, 765, 767, 770, 771, 772, 773, 775, 777, 779, 780, 782, 783, 784, 785, 790, 791, 793, 794, 795, 796, 797, 800, 802, 803, 804, 806, 807, 808, 812, 813, 814, 815, 816, 817, 821, 822, 824, 825, 826, 827, 829, 830, 831, 832, 833, 834, 836, 837, 839, 841, 842, 843, 844, 845, 847, 848, 849, 850, 851, 853, 855, 857, 859, 861, 865, 866, 867, 869, 872, 873, 874, 875, 877, 878, 880, 884, 887]
[3, 14, 16, 31, 86, 89, 105, 114, 115, 118, 123, 130, 131, 140, 148, 159, 163, 170, 171, 187, 193, 195, 209, 217, 218, 235, 242, 257, 258, 263, 273, 286, 295, 310, 311, 314, 316, 325, 326, 328, 334, 335, 336, 337, 339, 349, 350, 360, 364, 365, 375, 383, 395, 426, 427, 428, 434, 439, 444, 447, 449, 461, 478, 481, 486, 492, 501, 507, 530, 536, 537, 541, 555, 571, 575, 591, 595, 607, 611, 624, 639, 651, 652, 654, 657, 667, 670, 673, 680, 686, 695, 703, 712, 714, 715, 721, 735, 740, 741, 757, 758, 764, 765, 773, 774, 777, 784, 787, 792, 800, 804, 809, 819, 820, 825, 840, 853, 863, 872, 878, 883, 887]

[2, 3, 4, 7, 8, 12, 15, 16, 17, 18, 21, 22, 23, 24, 25, 26, 27, 28, 29, 31, 33, 35, 36, 38, 40, 41, 44, 45, 46, 47, 48, 50, 53, 55, 56, 57, 61, 62, 63, 64, 65, 67, 68, 69, 70, 71, 72, 73, 75, 77, 80, 81, 82, 83, 88, 89, 90, 92, 93, 98, 99, 100, 101, 102, 104, 107, 109, 110, 112, 113, 115, 117, 118, 119, 120, 121, 123, 124, 126, 127, 129, 131, 134, 136, 137, 140, 142, 143, 145, 146, 147, 148, 150, 152, 153, 154, 155, 157, 161, 162, 165, 166, 167, 168, 169, 170, 171, 172, 173, 174, 176, 178, 179, 180, 181, 183, 185, 186, 188, 192, 196, 198, 200, 202, 203, 205, 206, 207, 209, 210, 211, 212, 214, 216, 217, 218, 219, 220, 223, 227, 229, 230, 231, 233, 234, 236, 239, 240, 241, 242, 243, 244, 246, 247, 248, 249, 251, 252, 254, 255, 257, 258, 259, 260, 261, 262, 264, 265, 266, 267, 269, 271, 272, 273, 275, 277, 278, 279, 283, 284, 285, 286, 287, 290, 294, 297, 298, 299, 301, 302, 303, 304, 305, 310, 311, 312, 313, 314, 315, 317, 318, 319, 320, 321, 322, 323, 325, 326, 327, 328, 329, 330, 331, 332, 334, 337, 338, 339, 340, 341, 342, 344, 345, 347, 350, 351, 353, 354, 355, 356, 357, 358, 359, 360, 361, 363, 365, 366, 367, 368, 369, 371, 372, 377, 378, 379, 382, 383, 384, 385, 386, 387, 388, 389, 390, 392, 393, 396, 397, 398, 400, 401, 402, 403, 405, 406, 407, 409, 410, 411, 412, 413, 414, 415, 416, 417, 418, 419, 420, 421, 422, 423, 424, 425, 429, 430, 431, 432, 433, 434, 435, 436, 437, 438, 439, 440, 441, 443, 444, 446, 450, 451, 452, 453, 454, 458, 460, 461, 462, 465, 471, 472, 474, 477, 478, 480, 481, 483, 484, 487, 490, 491, 493, 494, 496, 497, 498, 500, 502, 503, 504, 507, 510, 514, 521, 523, 525, 526, 529, 530, 531, 532, 534, 535, 537, 538, 540, 541, 542, 543, 545, 546, 547, 548, 549, 553, 554, 555, 557, 558, 559, 560, 563, 564, 565, 566, 568, 569, 570, 572, 573, 574, 577, 578, 579, 580, 581, 582, 583, 586, 587, 588, 589, 590, 591, 592, 595, 596, 601, 603, 604, 606, 607, 609, 613, 614, 615, 616, 617, 619, 620, 621, 622, 624, 626, 627, 628, 631, 632, 633, 634, 636, 637, 638, 639, 642, 643, 644, 648, 649, 651, 652, 654, 655, 656, 659, 663, 664, 666, 667, 668, 671, 672, 673, 674, 676, 678, 679, 680, 682, 684, 685, 686, 687, 688, 690, 691, 693, 694, 695, 696, 697, 698, 699, 700, 702, 705, 706, 707, 708, 709, 711, 712, 713, 714, 715, 716, 717, 718, 719, 721, 722, 724, 725, 726, 728, 729, 731, 732, 733, 734, 735, 736, 737, 738, 739, 740, 744, 745, 749, 750, 752, 753, 754, 756, 757, 759, 763, 764, 765, 767, 769, 770, 771, 772, 773, 775, 777, 779, 780, 782, 783, 784, 785, 786, 790, 791, 793, 794, 795, 796, 797, 800, 802, 803, 804, 806, 807, 808, 812, 813, 814, 815, 816, 817, 818, 821, 822, 823, 824, 825, 826, 827, 829, 830, 831, 832, 833, 834, 836, 837, 839, 841, 842, 843, 844, 845, 847, 848, 849, 850, 851, 853, 855, 856, 857, 859, 861, 863, 864, 865, 866, 867, 869, 870, 872, 873, 874, 875, 877, 878, 879, 880, 884, 887]
[3, 14, 16, 31, 86, 89, 105, 114, 115, 118, 123, 130, 131, 140, 148, 159, 163, 170, 171, 187, 193, 195, 209, 217, 218, 235, 242, 257, 258, 263, 273, 286, 295, 310, 311, 314, 316, 325, 326, 328, 334, 335, 336, 337, 339, 349, 350, 360, 364, 365, 375, 383, 395, 426, 427, 428, 434, 439, 444, 447, 449, 461, 478, 481, 486, 492, 501, 507, 530, 536, 537, 541, 555, 571, 575, 591, 595, 607, 611, 624, 639, 651, 652, 654, 657, 667, 670, 673, 680, 686, 695, 703, 712, 714, 715, 721, 735, 740, 741, 757, 758, 764, 765, 773, 774, 777, 784, 787, 792, 800, 804, 809, 819, 820, 825, 840, 853, 863, 872, 878, 883, 887]

[2, 3, 4, 7, 8, 12, 15, 16, 17, 18, 20, 21, 22, 23, 24, 25, 26, 27, 28, 29, 30, 31, 33, 35, 36, 38, 40, 41, 44, 45, 46, 47, 48, 50, 53, 55, 56, 57, 61, 62, 63, 64, 65, 67, 68, 69, 70, 71, 72, 73, 75, 77, 80, 81, 82, 83, 88, 89, 90, 92, 93, 98, 99, 100, 101, 102, 104, 107, 109, 110, 112, 113, 115, 117, 118, 119, 120, 121, 123, 124, 126, 127, 129, 130, 131, 134, 136, 137, 140, 142, 143, 145, 146, 147, 148, 150, 151, 152, 153, 154, 155, 156, 157, 161, 162, 165, 166, 167, 168, 169, 170, 171, 172, 173, 174, 176, 177, 178, 179, 180, 181, 182, 183, 185, 186, 188, 192, 196, 198, 200, 202, 203, 204, 205, 206, 207, 208, 209, 210, 211, 212, 214, 216, 217, 218, 219, 220, 222, 223, 227, 229, 230, 231, 233, 234, 236, 239, 240, 241, 242, 243, 244, 246, 247, 248, 249, 251, 252, 254, 255, 256, 257, 258, 259, 260, 261, 262, 264, 265, 266, 267, 269, 271, 272, 273, 275, 276, 277, 278, 279, 283, 284, 285, 286, 287, 290, 294, 297, 298, 299, 301, 302, 303, 304, 305, 310, 311, 312, 313, 314, 315, 317, 318, 319, 320, 321, 322, 323, 325, 326, 327, 328, 329, 330, 331, 332, 334, 337, 338, 339, 340, 341, 342, 344, 345, 347, 350, 351, 353, 354, 355, 356, 357, 358, 359, 360, 361, 363, 365, 366, 367, 368, 369, 371, 372, 377, 378, 379, 382, 383, 384, 385, 386, 387, 388, 389, 390, 392, 393, 396, 397, 398, 400, 401, 402, 403, 405, 406, 407, 409, 410, 411, 412, 413, 414, 415, 416, 417, 418, 419, 420, 421, 422, 423, 424, 425, 429, 430, 431, 432, 433, 434, 435, 436, 437, 438, 439, 440, 441, 443, 444, 446, 448, 450, 451, 452, 453, 454, 458, 460, 461, 462, 465, 471, 472, 474, 477, 478, 480, 481, 483, 484, 487, 490, 491, 493, 494, 496, 497, 498, 500, 502, 503, 504, 507, 510, 514, 517, 521, 523, 524, 525, 526, 527, 529, 530, 531, 532, 534, 535, 537, 538, 540, 541, 542, 543, 544, 545, 546, 547, 548, 549, 553, 554, 555, 557, 558, 559, 560, 563, 564, 565, 566, 568, 569, 570, 572, 573, 574, 577, 578, 579, 580, 581, 582, 583, 586, 587, 588, 589, 590, 591, 592, 595, 596, 599, 601, 603, 604, 606, 607, 609, 613, 614, 615, 616, 617, 619, 620, 621, 622, 623, 624, 626, 627, 628, 631, 632, 633, 634, 636, 637, 638, 639, 640, 642, 643, 644, 648, 649, 651, 652, 654, 655, 656, 658, 659, 663, 664, 666, 667, 668, 671, 672, 673, 674, 676, 678, 679, 680, 682, 684, 685, 686, 687, 688, 690, 691, 693, 694, 695, 696, 697, 698, 699, 700, 702, 705, 706, 707, 708, 709, 711, 712, 713, 714, 715, 716, 717, 718, 719, 721, 722, 724, 725, 726, 728, 729, 731, 732, 733, 734, 735, 736, 737, 738, 739, 740, 744, 745, 749, 750, 752, 753, 754, 756, 757, 759, 763, 764, 765, 767, 769, 770, 771, 772, 773, 775, 777, 779, 780, 782, 783, 784, 785, 786, 790, 791, 793, 794, 795, 796, 797, 800, 802, 803, 804, 806, 807, 808, 812, 813, 814, 815, 816, 817, 818, 821, 822, 823, 824, 825, 826, 827, 829, 830, 831, 832, 833, 834, 836, 837, 838, 839, 840, 841, 842, 843, 844, 845, 847, 848, 849, 850, 851, 853, 855, 856, 857, 859, 861, 863, 864, 865, 866, 867, 869, 870, 872, 873, 874, 875, 877, 878, 879, 880, 882, 884, 885, 887]
[3, 14, 16, 31, 86, 89, 105, 114, 115, 118, 123, 130, 131, 140, 148, 159, 163, 170, 171, 187, 193, 195, 209, 217, 218, 235, 242, 257, 258, 263, 273, 286, 295, 310, 311, 314, 316, 325, 326, 328, 334, 335, 336, 337, 339, 349, 350, 360, 364, 365, 375, 383, 395, 426, 427, 428, 434, 439, 444, 447, 449, 461, 478, 481, 486, 492, 501, 507, 530, 536, 537, 541, 555, 571, 575, 591, 595, 607, 611, 624, 639, 651, 652, 654, 657, 667, 670, 673, 680, 686, 695, 703, 712, 714, 715, 721, 735, 740, 741, 757, 758, 764, 765, 773, 774, 777, 784, 787, 792, 800, 804, 809, 819, 820, 825, 840, 853, 863, 872, 878, 883, 887]

[2, 3, 4, 7, 8, 9, 12, 15, 16, 17, 18, 20, 21, 22, 23, 24, 25, 26, 27, 28, 29, 30, 31, 33, 35, 36, 38, 40, 41, 44, 45, 46, 47, 48, 50, 53, 55, 56, 57, 61, 62, 63, 64, 65, 67, 68, 69, 70, 71, 72, 73, 75, 77, 80, 81, 82, 83, 84, 88, 89, 90, 92, 93, 95, 98, 99, 100, 101, 102, 103, 104, 107, 109, 110, 112, 113, 115, 117, 118, 119, 120, 121, 123, 124, 126, 127, 129, 130, 131, 133, 134, 136, 137, 140, 142, 143, 145, 146, 147, 148, 150, 151, 152, 153, 154, 155, 156, 157, 161, 162, 165, 166, 167, 168, 169, 170, 171, 172, 173, 174, 176, 177, 178, 179, 180, 181, 182, 183, 185, 186, 188, 192, 196, 198, 199, 200, 202, 203, 204, 205, 206, 207, 208, 209, 210, 211, 212, 214, 216, 217, 218, 219, 220, 222, 223, 225, 227, 229, 230, 231, 233, 234, 236, 239, 240, 241, 242, 243, 244, 246, 247, 248, 249, 251, 252, 254, 255, 256, 257, 258, 259, 260, 261, 262, 263, 264, 265, 266, 267, 269, 271, 272, 273, 275, 276, 277, 278, 279, 283, 284, 285, 286, 287, 290, 294, 297, 298, 299, 301, 302, 303, 304, 305, 309, 310, 311, 312, 313, 314, 315, 317, 318, 319, 320, 321, 322, 323, 325, 326, 327, 328, 329, 330, 331, 332, 334, 337, 338, 339, 340, 341, 342, 343, 344, 345, 347, 350, 351, 353, 354, 355, 356, 357, 358, 359, 360, 361, 363, 365, 366, 367, 368, 369, 371, 372, 377, 378, 379, 382, 383, 384, 385, 386, 387, 388, 389, 390, 392, 393, 396, 397, 398, 400, 401, 402, 403, 405, 406, 407, 408, 409, 410, 411, 412, 413, 414, 415, 416, 417, 418, 419, 420, 421, 422, 423, 424, 425, 428, 429, 430, 431, 432, 433, 434, 435, 436, 437, 438, 439, 440, 441, 443, 444, 446, 448, 450, 451, 452, 453, 454, 458, 460, 461, 462, 463, 465, 471, 472, 474, 477, 478, 480, 481, 483, 484, 487, 490, 491, 493, 494, 496, 497, 498, 500, 502, 503, 504, 506, 507, 510, 514, 517, 521, 523, 524, 525, 526, 527, 529, 530, 531, 532, 534, 535, 537, 538, 540, 541, 542, 543, 544, 545, 546, 547, 548, 549, 553, 554, 555, 556, 557, 558, 559, 560, 563, 564, 565, 566, 568, 569, 570, 572, 573, 574, 576, 577, 578, 579, 580, 581, 582, 583, 584, 586, 587, 588, 589, 590, 591, 592, 595, 596, 599, 601, 603, 604, 606, 607, 609, 613, 614, 615, 616, 617, 619, 620, 621, 622, 623, 624, 626, 627, 628, 631, 632, 633, 634, 635, 636, 637, 638, 639, 640, 642, 643, 644, 648, 649, 651, 652, 654, 655, 656, 658, 659, 660, 661, 663, 664, 666, 667, 668, 669, 671, 672, 673, 674, 676, 678, 679, 680, 682, 684, 685, 686, 687, 688, 690, 691, 693, 694, 695, 696, 697, 698, 699, 700, 702, 705, 706, 707, 708, 709, 711, 712, 713, 714, 715, 716, 717, 718, 719, 721, 722, 723, 724, 725, 726, 728, 729, 731, 732, 733, 734, 735, 736, 737, 738, 739, 740, 744, 745, 749, 750, 752, 753, 754, 756, 757, 759, 763, 764, 765, 767, 769, 770, 771, 772, 773, 775, 777, 779, 780, 782, 783, 784, 785, 786, 790, 791, 793, 794, 795, 796, 797, 800, 802, 803, 804, 806, 807, 808, 810, 812, 813, 814, 815, 816, 817, 818, 821, 822, 823, 824, 825, 826, 827, 828, 829, 830, 831, 832, 833, 834, 836, 837, 838, 839, 840, 841, 842, 843, 844, 845, 847, 848, 849, 850, 851, 853, 855, 856, 857, 859, 861, 863, 864, 865, 866, 867, 869, 870, 872, 873, 874, 875, 877, 878, 879, 880, 882, 883, 884, 885, 887]
[3, 14, 16, 31, 86, 89, 105, 114, 115, 118, 123, 130, 131, 140, 148, 159, 163, 170, 171, 187, 193, 195, 209, 217, 218, 235, 242, 257, 258, 263, 273, 286, 295, 310, 311, 314, 316, 325, 326, 328, 334, 335, 336, 337, 339, 349, 350, 360, 364, 365, 375, 383, 395, 426, 427, 428, 434, 439, 444, 447, 449, 461, 478, 481, 486, 492, 501, 507, 530, 536, 537, 541, 555, 571, 575, 591, 595, 607, 611, 624, 639, 651, 652, 654, 657, 667, 670, 673, 680, 686, 695, 703, 712, 714, 715, 721, 735, 740, 741, 757, 758, 764, 765, 773, 774, 777, 784, 787, 792, 800, 804, 809, 819, 820, 825, 840, 853, 863, 872, 878, 883, 887]

[0, 2, 3, 4, 7, 8, 9, 12, 15, 16, 17, 18, 20, 21, 22, 23, 24, 25, 26, 27, 28, 29, 30, 31, 33, 35, 36, 38, 40, 41, 44, 45, 46, 47, 48, 50, 53, 55, 56, 57, 61, 62, 63, 64, 65, 67, 68, 69, 70, 71, 72, 73, 75, 77, 80, 81, 82, 83, 84, 85, 87, 88, 89, 90, 92, 93, 95, 98, 99, 100, 101, 102, 103, 104, 106, 107, 109, 110, 112, 113, 115, 117, 118, 119, 120, 121, 123, 124, 126, 127, 129, 130, 131, 133, 134, 136, 137, 138, 140, 142, 143, 145, 146, 147, 148, 150, 151, 152, 153, 154, 155, 156, 157, 159, 161, 162, 165, 166, 167, 168, 169, 170, 171, 172, 173, 174, 176, 177, 178, 179, 180, 181, 182, 183, 184, 185, 186, 188, 190, 192, 196, 198, 199, 200, 202, 203, 204, 205, 206, 207, 208, 209, 210, 211, 212, 214, 216, 217, 218, 219, 220, 222, 223, 225, 227, 229, 230, 231, 233, 234, 236, 239, 240, 241, 242, 243, 244, 245, 246, 247, 248, 249, 251, 252, 254, 255, 256, 257, 258, 259, 260, 261, 262, 263, 264, 265, 266, 267, 269, 271, 272, 273, 275, 276, 277, 278, 279, 283, 284, 285, 286, 287, 290, 294, 297, 298, 299, 301, 302, 303, 304, 305, 309, 310, 311, 312, 313, 314, 315, 317, 318, 319, 320, 321, 322, 323, 325, 326, 327, 328, 329, 330, 331, 332, 334, 337, 338, 339, 340, 341, 342, 343, 344, 345, 347, 350, 351, 353, 354, 355, 356, 357, 358, 359, 360, 361, 363, 365, 366, 367, 368, 369, 371, 372, 377, 378, 379, 382, 383, 384, 385, 386, 387, 388, 389, 390, 392, 393, 396, 397, 398, 400, 401, 402, 403, 405, 406, 407, 408, 409, 410, 411, 412, 413, 414, 415, 416, 417, 418, 419, 420, 421, 422, 423, 424, 425, 428, 429, 430, 431, 432, 433, 434, 435, 436, 437, 438, 439, 440, 441, 443, 444, 446, 448, 450, 451, 452, 453, 454, 455, 456, 458, 460, 461, 462, 463, 465, 466, 471, 472, 474, 477, 478, 480, 481, 482, 483, 484, 487, 489, 490, 491, 493, 494, 496, 497, 498, 500, 502, 503, 504, 506, 507, 510, 514, 517, 521, 523, 524, 525, 526, 527, 529, 530, 531, 532, 534, 535, 537, 538, 540, 541, 542, 543, 544, 545, 546, 547, 548, 549, 553, 554, 555, 556, 557, 558, 559, 560, 563, 564, 565, 566, 568, 569, 570, 572, 573, 574, 576, 577, 578, 579, 580, 581, 582, 583, 584, 586, 587, 588, 589, 590, 591, 592, 595, 596, 599, 601, 602, 603, 604, 606, 607, 608, 609, 610, 611, 613, 614, 615, 616, 617, 619, 620, 621, 622, 623, 624, 626, 627, 628, 631, 632, 633, 634, 635, 636, 637, 638, 639, 640, 642, 643, 644, 646, 648, 649, 651, 652, 654, 655, 656, 658, 659, 660, 661, 663, 664, 666, 667, 668, 669, 671, 672, 673, 674, 676, 678, 679, 680, 682, 684, 685, 686, 687, 688, 690, 691, 693, 694, 695, 696, 697, 698, 699, 700, 701, 702, 705, 706, 707, 708, 709, 711, 712, 713, 714, 715, 716, 717, 718, 719, 721, 722, 723, 724, 725, 726, 728, 729, 730, 731, 732, 733, 734, 735, 736, 737, 738, 739, 740, 741, 744, 745, 747, 749, 750, 752, 753, 754, 756, 757, 759, 763, 764, 765, 767, 769, 770, 771, 772, 773, 775, 777, 778, 779, 780, 782, 783, 784, 785, 786, 790, 791, 793, 794, 795, 796, 797, 800, 802, 803, 804, 806, 807, 808, 810, 812, 813, 814, 815, 816, 817, 818, 821, 822, 823, 824, 825, 826, 827, 828, 829, 830, 831, 832, 833, 834, 836, 837, 838, 839, 840, 841, 842, 843, 844, 845, 847, 848, 849, 850, 851, 853, 855, 856, 857, 859, 861, 863, 864, 865, 866, 867, 869, 870, 872, 873, 874, 875, 877, 878, 879, 880, 882, 883, 884, 885, 886, 887]
[3, 14, 16, 31, 86, 89, 105, 114, 115, 118, 123, 130, 131, 140, 148, 159, 163, 170, 171, 187, 193, 195, 209, 217, 218, 235, 242, 257, 258, 263, 273, 286, 295, 310, 311, 314, 316, 325, 326, 328, 334, 335, 336, 337, 339, 349, 350, 360, 364, 365, 375, 383, 395, 426, 427, 428, 434, 439, 444, 447, 449, 461, 478, 481, 486, 492, 501, 507, 530, 536, 537, 541, 555, 571, 575, 591, 595, 607, 611, 624, 639, 651, 652, 654, 657, 667, 670, 673, 680, 686, 695, 703, 712, 714, 715, 721, 735, 740, 741, 757, 758, 764, 765, 773, 774, 777, 784, 787, 792, 800, 804, 809, 819, 820, 825, 840, 853, 863, 872, 878, 883, 887]

[0, 2, 3, 4, 7, 8, 9, 12, 15, 16, 17, 18, 20, 21, 22, 23, 24, 25, 26, 27, 28, 29, 30, 31, 33, 35, 36, 38, 40, 41, 44, 45, 46, 47, 48, 50, 53, 55, 56, 57, 61, 62, 63, 64, 65, 66, 67, 68, 69, 70, 71, 72, 73, 75, 77, 80, 81, 82, 83, 84, 85, 87, 88, 89, 90, 92, 93, 95, 98, 99, 100, 101, 102, 103, 104, 106, 107, 109, 110, 112, 113, 115, 117, 118, 119, 120, 121, 123, 124, 126, 127, 129, 130, 131, 132, 133, 134, 136, 137, 138, 140, 142, 143, 145, 146, 147, 148, 150, 151, 152, 153, 154, 155, 156, 157, 159, 161, 162, 163, 165, 166, 167, 168, 169, 170, 171, 172, 173, 174, 175, 176, 177, 178, 179, 180, 181, 182, 183, 184, 185, 186, 188, 190, 192, 196, 198, 199, 200, 202, 203, 204, 205, 206, 207, 208, 209, 210, 211, 212, 214, 216, 217, 218, 219, 220, 222, 223, 225, 227, 229, 230, 231, 233, 234, 236, 239, 240, 241, 242, 243, 244, 245, 246, 247, 248, 249, 251, 252, 254, 255, 256, 257, 258, 259, 260, 261, 262, 263, 264, 265, 266, 267, 269, 270, 271, 272, 273, 275, 276, 277, 278, 279, 280, 283, 284, 285, 286, 287, 289, 290, 294, 297, 298, 299, 301, 302, 303, 304, 305, 306, 309, 310, 311, 312, 313, 314, 315, 317, 318, 319, 320, 321, 322, 323, 325, 326, 327, 328, 329, 330, 331, 332, 333, 334, 337, 338, 339, 340, 341, 342, 343, 344, 345, 346, 347, 350, 351, 353, 354, 355, 356, 357, 358, 359, 360, 361, 362, 363, 365, 366, 367, 368, 369, 371, 372, 377, 378, 379, 382, 383, 384, 385, 386, 387, 388, 389, 390, 392, 393, 396, 397, 398, 400, 401, 402, 403, 404, 405, 406, 407, 408, 409, 410, 411, 412, 413, 414, 415, 416, 417, 418, 419, 420, 421, 422, 423, 424, 425, 428, 429, 430, 431, 432, 433, 434, 435, 436, 437, 438, 439, 440, 441, 443, 444, 446, 448, 450, 451, 452, 453, 454, 455, 456, 457, 458, 460, 461, 462, 463, 465, 466, 468, 471, 472, 474, 477, 478, 480, 481, 482, 483, 484, 486, 487, 489, 490, 491, 493, 494, 496, 497, 498, 499, 500, 502, 503, 504, 506, 507, 510, 514, 517, 521, 523, 524, 525, 526, 527, 529, 530, 531, 532, 534, 535, 536, 537, 538, 540, 541, 542, 543, 544, 545, 546, 547, 548, 549, 553, 554, 555, 556, 557, 558, 559, 560, 563, 564, 565, 566, 568, 569, 570, 572, 573, 574, 576, 577, 578, 579, 580, 581, 582, 583, 584, 586, 587, 588, 589, 590, 591, 592, 593, 595, 596, 599, 601, 602, 603, 604, 605, 606, 607, 608, 609, 610, 611, 613, 614, 615, 616, 617, 619, 620, 621, 622, 623, 624, 626, 627, 628, 631, 632, 633, 634, 635, 636, 637, 638, 639, 640, 642, 643, 644, 646, 648, 649, 651, 652, 654, 655, 656, 658, 659, 660, 661, 663, 664, 666, 667, 668, 669, 671, 672, 673, 674, 675, 676, 678, 679, 680, 682, 684, 685, 686, 687, 688, 690, 691, 693, 694, 695, 696, 697, 698, 699, 700, 701, 702, 705, 706, 707, 708, 709, 711, 712, 713, 714, 715, 716, 717, 718, 719, 721, 722, 723, 724, 725, 726, 728, 729, 730, 731, 732, 733, 734, 735, 736, 737, 738, 739, 740, 741, 743, 744, 745, 747, 749, 750, 752, 753, 754, 756, 757, 758, 759, 763, 764, 765, 767, 769, 770, 771, 772, 773, 775, 777, 778, 779, 780, 782, 783, 784, 785, 786, 790, 791, 792, 793, 794, 795, 796, 797, 799, 800, 802, 803, 804, 806, 807, 808, 810, 812, 813, 814, 815, 816, 817, 818, 821, 822, 823, 824, 825, 826, 827, 828, 829, 830, 831, 832, 833, 834, 836, 837, 838, 839, 840, 841, 842, 843, 844, 845, 847, 848, 849, 850, 851, 853, 855, 856, 857, 859, 861, 863, 864, 865, 866, 867, 868, 869, 870, 872, 873, 874, 875, 877, 878, 879, 880, 882, 883, 884, 885, 886, 887]
[3, 14, 16, 31, 86, 89, 105, 114, 115, 118, 123, 130, 131, 140, 148, 159, 163, 170, 171, 187, 193, 195, 209, 217, 218, 235, 242, 257, 258, 263, 273, 286, 295, 310, 311, 314, 316, 325, 326, 328, 334, 335, 336, 337, 339, 349, 350, 360, 364, 365, 375, 383, 395, 426, 427, 428, 434, 439, 444, 447, 449, 461, 478, 481, 486, 492, 501, 507, 530, 536, 537, 541, 555, 571, 575, 591, 595, 607, 611, 624, 639, 651, 652, 654, 657, 667, 670, 673, 680, 686, 695, 703, 712, 714, 715, 721, 735, 740, 741, 757, 758, 764, 765, 773, 774, 777, 784, 787, 792, 800, 804, 809, 819, 820, 825, 840, 853, 863, 872, 878, 883, 887]

[0, 2, 3, 4, 7, 8, 9, 12, 13, 15, 16, 17, 18, 19, 20, 21, 22, 23, 24, 25, 26, 27, 28, 29, 30, 31, 33, 35, 36, 38, 40, 41, 44, 45, 46, 47, 48, 50, 52, 53, 55, 56, 57, 61, 62, 63, 64, 65, 66, 67, 68, 69, 70, 71, 72, 73, 75, 77, 80, 81, 82, 83, 84, 85, 87, 88, 89, 90, 91, 92, 93, 95, 98, 99, 100, 101, 102, 103, 104, 106, 107, 109, 110, 111, 112, 113, 115, 117, 118, 119, 120, 121, 123, 124, 126, 127, 129, 130, 131, 132, 133, 134, 136, 137, 138, 140, 142, 143, 145, 146, 147, 148, 150, 151, 152, 153, 154, 155, 156, 157, 159, 161, 162, 163, 165, 166, 167, 168, 169, 170, 171, 172, 173, 174, 175, 176, 177, 178, 179, 180, 181, 182, 183, 184, 185, 186, 188, 190, 191, 192, 194, 196, 198, 199, 200, 202, 203, 204, 205, 206, 207, 208, 209, 210, 211, 212, 213, 214, 216, 217, 218, 219, 220, 222, 223, 225, 227, 229, 230, 231, 232, 233, 234, 236, 239, 240, 241, 242, 243, 244, 245, 246, 247, 248, 249, 251, 252, 254, 255, 256, 257, 258, 259, 260, 261, 262, 263, 264, 265, 266, 267, 269, 270, 271, 272, 273, 275, 276, 277, 278, 279, 280, 283, 284, 285, 286, 287, 289, 290, 291, 294, 297, 298, 299, 301, 302, 303, 304, 305, 306, 308, 309, 310, 311, 312, 313, 314, 315, 317, 318, 319, 320, 321, 322, 323, 325, 326, 327, 328, 329, 330, 331, 332, 333, 334, 337, 338, 339, 340, 341, 342, 343, 344, 345, 346, 347, 349, 350, 351, 353, 354, 355, 356, 357, 358, 359, 360, 361, 362, 363, 365, 366, 367, 368, 369, 371, 372, 373, 374, 377, 378, 379, 381, 382, 383, 384, 385, 386, 387, 388, 389, 390, 392, 393, 396, 397, 398, 400, 401, 402, 403, 404, 405, 406, 407, 408, 409, 410, 411, 412, 413, 414, 415, 416, 417, 418, 419, 420, 421, 422, 423, 424, 425, 428, 429, 430, 431, 432, 433, 434, 435, 436, 437, 438, 439, 440, 441, 443, 444, 446, 448, 450, 451, 452, 453, 454, 455, 456, 457, 458, 460, 461, 462, 463, 464, 465, 466, 468, 471, 472, 474, 477, 478, 480, 481, 482, 483, 484, 485, 486, 487, 489, 490, 491, 493, 494, 496, 497, 498, 499, 500, 502, 503, 504, 506, 507, 510, 511, 514, 517, 521, 523, 524, 525, 526, 527, 529, 530, 531, 532, 534, 535, 536, 537, 538, 540, 541, 542, 543, 544, 545, 546, 547, 548, 549, 553, 554, 555, 556, 557, 558, 559, 560, 563, 564, 565, 566, 567, 568, 569, 570, 571, 572, 573, 574, 576, 577, 578, 579, 580, 581, 582, 583, 584, 585, 586, 587, 588, 589, 590, 591, 592, 593, 595, 596, 599, 601, 602, 603, 604, 605, 606, 607, 608, 609, 610, 611, 613, 614, 615, 616, 617, 619, 620, 621, 622, 623, 624, 626, 627, 628, 630, 631, 632, 633, 634, 635, 636, 637, 638, 639, 640, 642, 643, 644, 646, 648, 649, 651, 652, 654, 655, 656, 658, 659, 660, 661, 663, 664, 665, 666, 667, 668, 669, 671, 672, 673, 674, 675, 676, 678, 679, 680, 682, 684, 685, 686, 687, 688, 690, 691, 693, 694, 695, 696, 697, 698, 699, 700, 701, 702, 705, 706, 707, 708, 709, 711, 712, 713, 714, 715, 716, 717, 718, 719, 720, 721, 722, 723, 724, 725, 726, 728, 729, 730, 731, 732, 733, 734, 735, 736, 737, 738, 739, 740, 741, 743, 744, 745, 747, 749, 750, 752, 753, 754, 756, 757, 758, 759, 763, 764, 765, 767, 769, 770, 771, 772, 773, 775, 777, 778, 779, 780, 782, 783, 784, 785, 786, 790, 791, 792, 793, 794, 795, 796, 797, 799, 800, 802, 803, 804, 806, 807, 808, 810, 812, 813, 814, 815, 816, 817, 818, 821, 822, 823, 824, 825, 826, 827, 828, 829, 830, 831, 832, 833, 834, 836, 837, 838, 839, 840, 841, 842, 843, 844, 845, 847, 848, 849, 850, 851, 853, 855, 856, 857, 859, 861, 862, 863, 864, 865, 866, 867, 868, 869, 870, 872, 873, 874, 875, 877, 878, 879, 880, 882, 883, 884, 885, 886, 887]
[3, 14, 16, 31, 86, 89, 105, 114, 115, 118, 123, 130, 131, 140, 148, 159, 163, 170, 171, 187, 193, 195, 209, 217, 218, 235, 242, 257, 258, 263, 273, 286, 295, 310, 311, 314, 316, 325, 326, 328, 334, 335, 336, 337, 339, 349, 350, 360, 364, 365, 375, 383, 395, 426, 427, 428, 434, 439, 444, 447, 449, 461, 478, 481, 486, 492, 501, 507, 530, 536, 537, 541, 555, 571, 575, 591, 595, 607, 611, 624, 639, 651, 652, 654, 657, 667, 670, 673, 680, 686, 695, 703, 712, 714, 715, 721, 735, 740, 741, 757, 758, 764, 765, 773, 774, 777, 784, 787, 792, 800, 804, 809, 819, 820, 825, 840, 853, 863, 872, 878, 883, 887]

[0, 2, 3, 4, 7, 8, 9, 12, 13, 15, 16, 17, 18, 19, 20, 21, 22, 23, 24, 25, 26, 27, 28, 29, 30, 31, 33, 35, 36, 38, 39, 40, 41, 44, 45, 46, 47, 48, 50, 52, 53, 55, 56, 57, 61, 62, 63, 64, 65, 66, 67, 68, 69, 70, 71, 72, 73, 75, 77, 80, 81, 82, 83, 84, 85, 87, 88, 89, 90, 91, 92, 93, 95, 98, 99, 100, 101, 102, 103, 104, 106, 107, 109, 110, 111, 112, 113, 114, 115, 117, 118, 119, 120, 121, 123, 124, 126, 127, 129, 130, 131, 132, 133, 134, 135, 136, 137, 138, 139, 140, 141, 142, 143, 145, 146, 147, 148, 150, 151, 152, 153, 154, 155, 156, 157, 159, 161, 162, 163, 165, 166, 167, 168, 169, 170, 171, 172, 173, 174, 175, 176, 177, 178, 179, 180, 181, 182, 183, 184, 185, 186, 188, 190, 191, 192, 194, 196, 197, 198, 199, 200, 202, 203, 204, 205, 206, 207, 208, 209, 210, 211, 212, 213, 214, 216, 217, 218, 219, 220, 222, 223, 225, 226, 227, 229, 230, 231, 232, 233, 234, 236, 237, 239, 240, 241, 242, 243, 244, 245, 246, 247, 248, 249, 251, 252, 254, 255, 256, 257, 258, 259, 260, 261, 262, 263, 264, 265, 266, 267, 269, 270, 271, 272, 273, 275, 276, 277, 278, 279, 280, 283, 284, 285, 286, 287, 289, 290, 291, 294, 295, 297, 298, 299, 300, 301, 302, 303, 304, 305, 306, 308, 309, 310, 311, 312, 313, 314, 315, 317, 318, 319, 320, 321, 322, 323, 325, 326, 327, 328, 329, 330, 331, 332, 333, 334, 337, 338, 339, 340, 341, 342, 343, 344, 345, 346, 347, 349, 350, 351, 353, 354, 355, 356, 357, 358, 359, 360, 361, 362, 363, 364, 365, 366, 367, 368, 369, 371, 372, 373, 374, 377, 378, 379, 381, 382, 383, 384, 385, 386, 387, 388, 389, 390, 392, 393, 394, 396, 397, 398, 400, 401, 402, 403, 404, 405, 406, 407, 408, 409, 410, 411, 412, 413, 414, 415, 416, 417, 418, 419, 420, 421, 422, 423, 424, 425, 428, 429, 430, 431, 432, 433, 434, 435, 436, 437, 438, 439, 440, 441, 442, 443, 444, 446, 448, 449, 450, 451, 452, 453, 454, 455, 456, 457, 458, 460, 461, 462, 463, 464, 465, 466, 468, 471, 472, 474, 477, 478, 480, 481, 482, 483, 484, 485, 486, 487, 489, 490, 491, 493, 494, 496, 497, 498, 499, 500, 502, 503, 504, 506, 507, 509, 510, 511, 514, 516, 517, 521, 523, 524, 525, 526, 527, 529, 530, 531, 532, 534, 535, 536, 537, 538, 540, 541, 542, 543, 544, 545, 546, 547, 548, 549, 552, 553, 554, 555, 556, 557, 558, 559, 560, 561, 563, 564, 565, 566, 567, 568, 569, 570, 571, 572, 573, 574, 575, 576, 577, 578, 579, 580, 581, 582, 583, 584, 585, 586, 587, 588, 589, 590, 591, 592, 593, 595, 596, 599, 601, 602, 603, 604, 605, 606, 607, 608, 609, 610, 611, 613, 614, 615, 616, 617, 619, 620, 621, 622, 623, 624, 626, 627, 628, 630, 631, 632, 633, 634, 635, 636, 637, 638, 639, 640, 642, 643, 644, 646, 648, 649, 651, 652, 654, 655, 656, 658, 659, 660, 661, 663, 664, 665, 666, 667, 668, 669, 670, 671, 672, 673, 674, 675, 676, 678, 679, 680, 681, 682, 684, 685, 686, 687, 688, 690, 691, 693, 694, 695, 696, 697, 698, 699, 700, 701, 702, 705, 706, 707, 708, 709, 711, 712, 713, 714, 715, 716, 717, 718, 719, 720, 721, 722, 723, 724, 725, 726, 728, 729, 730, 731, 732, 733, 734, 735, 736, 737, 738, 739, 740, 741, 743, 744, 745, 747, 749, 750, 752, 753, 754, 756, 757, 758, 759, 760, 763, 764, 765, 767, 769, 770, 771, 772, 773, 775, 777, 778, 779, 780, 782, 783, 784, 785, 786, 790, 791, 792, 793, 794, 795, 796, 797, 799, 800, 802, 803, 804, 806, 807, 808, 810, 812, 813, 814, 815, 816, 817, 818, 821, 822, 823, 824, 825, 826, 827, 828, 829, 830, 831, 832, 833, 834, 836, 837, 838, 839, 840, 841, 842, 843, 844, 845, 847, 848, 849, 850, 851, 853, 855, 856, 857, 859, 860, 861, 862, 863, 864, 865, 866, 867, 868, 869, 870, 872, 873, 874, 875, 877, 878, 879, 880, 881, 882, 883, 884, 885, 886, 887]
[3, 14, 16, 31, 86, 89, 105, 114, 115, 118, 123, 130, 131, 140, 148, 159, 163, 170, 171, 187, 193, 195, 209, 217, 218, 235, 242, 257, 258, 263, 273, 286, 295, 310, 311, 314, 316, 325, 326, 328, 334, 335, 336, 337, 339, 349, 350, 360, 364, 365, 375, 383, 395, 426, 427, 428, 434, 439, 444, 447, 449, 461, 478, 481, 486, 492, 501, 507, 530, 536, 537, 541, 555, 571, 575, 591, 595, 607, 611, 624, 639, 651, 652, 654, 657, 667, 670, 673, 680, 686, 695, 703, 712, 714, 715, 721, 735, 740, 741, 757, 758, 764, 765, 773, 774, 777, 784, 787, 792, 800, 804, 809, 819, 820, 825, 840, 853, 863, 872, 878, 883, 887]

[0, 2, 3, 4, 7, 8, 9, 11, 12, 13, 15, 16, 17, 18, 19, 20, 21, 22, 23, 24, 25, 26, 27, 28, 29, 30, 31, 32, 33, 35, 36, 38, 39, 40, 41, 42, 44, 45, 46, 47, 48, 50, 52, 53, 55, 56, 57, 58, 61, 62, 63, 64, 65, 66, 67, 68, 69, 70, 71, 72, 73, 75, 77, 80, 81, 82, 83, 84, 85, 86, 87, 88, 89, 90, 91, 92, 93, 95, 98, 99, 100, 101, 102, 103, 104, 106, 107, 109, 110, 111, 112, 113, 114, 115, 117, 118, 119, 120, 121, 122, 123, 124, 126, 127, 129, 130, 131, 132, 133, 134, 135, 136, 137, 138, 139, 140, 141, 142, 143, 144, 145, 146, 147, 148, 150, 151, 152, 153, 154, 155, 156, 157, 159, 161, 162, 163, 165, 166, 167, 168, 169, 170, 171, 172, 173, 174, 175, 176, 177, 178, 179, 180, 181, 182, 183, 184, 185, 186, 187, 188, 190, 191, 192, 194, 196, 197, 198, 199, 200, 202, 203, 204, 205, 206, 207, 208, 209, 210, 211, 212, 213, 214, 216, 217, 218, 219, 220, 222, 223, 225, 226, 227, 229, 230, 231, 232, 233, 234, 236, 237, 239, 240, 241, 242, 243, 244, 245, 246, 247, 248, 249, 251, 252, 253, 254, 255, 256, 257, 258, 259, 260, 261, 262, 263, 264, 265, 266, 267, 269, 270, 271, 272, 273, 275, 276, 277, 278, 279, 280, 283, 284, 285, 286, 287, 289, 290, 291, 294, 295, 297, 298, 299, 300, 301, 302, 303, 304, 305, 306, 307, 308, 309, 310, 311, 312, 313, 314, 315, 317, 318, 319, 320, 321, 322, 323, 325, 326, 327, 328, 329, 330, 331, 332, 333, 334, 337, 338, 339, 340, 341, 342, 343, 344, 345, 346, 347, 348, 349, 350, 351, 353, 354, 355, 356, 357, 358, 359, 360, 361, 362, 363, 364, 365, 366, 367, 368, 369, 371, 372, 373, 374, 377, 378, 379, 381, 382, 383, 384, 385, 386, 387, 388, 389, 390, 392, 393, 394, 396, 397, 398, 400, 401, 402, 403, 404, 405, 406, 407, 408, 409, 410, 411, 412, 413, 414, 415, 416, 417, 418, 419, 420, 421, 422, 423, 424, 425, 426, 428, 429, 430, 431, 432, 433, 434, 435, 436, 437, 438, 439, 440, 441, 442, 443, 444, 446, 448, 449, 450, 451, 452, 453, 454, 455, 456, 457, 458, 460, 461, 462, 463, 464, 465, 466, 468, 471, 472, 473, 474, 477, 478, 480, 481, 482, 483, 484, 485, 486, 487, 488, 489, 490, 491, 492, 493, 494, 496, 497, 498, 499, 500, 502, 503, 504, 506, 507, 509, 510, 511, 512, 514, 515, 516, 517, 521, 523, 524, 525, 526, 527, 529, 530, 531, 532, 533, 534, 535, 536, 537, 538, 540, 541, 542, 543, 544, 545, 546, 547, 548, 549, 552, 553, 554, 555, 556, 557, 558, 559, 560, 561, 563, 564, 565, 566, 567, 568, 569, 570, 571, 572, 573, 574, 575, 576, 577, 578, 579, 580, 581, 582, 583, 584, 585, 586, 587, 588, 589, 590, 591, 592, 593, 595, 596, 599, 601, 602, 603, 604, 605, 606, 607, 608, 609, 610, 611, 613, 614, 615, 616, 617, 619, 620, 621, 622, 623, 624, 626, 627, 628, 630, 631, 632, 633, 634, 635, 636, 637, 638, 639, 640, 642, 643, 644, 646, 648, 649, 651, 652, 653, 654, 655, 656, 657, 658, 659, 660, 661, 663, 664, 665, 666, 667, 668, 669, 670, 671, 672, 673, 674, 675, 676, 678, 679, 680, 681, 682, 683, 684, 685, 686, 687, 688, 690, 691, 693, 694, 695, 696, 697, 698, 699, 700, 701, 702, 705, 706, 707, 708, 709, 711, 712, 713, 714, 715, 716, 717, 718, 719, 720, 721, 722, 723, 724, 725, 726, 728, 729, 730, 731, 732, 733, 734, 735, 736, 737, 738, 739, 740, 741, 742, 743, 744, 745, 747, 749, 750, 752, 753, 754, 756, 757, 758, 759, 760, 763, 764, 765, 767, 769, 770, 771, 772, 773, 775, 777, 778, 779, 780, 782, 783, 784, 785, 786, 789, 790, 791, 792, 793, 794, 795, 796, 797, 799, 800, 802, 803, 804, 806, 807, 808, 810, 812, 813, 814, 815, 816, 817, 818, 820, 821, 822, 823, 824, 825, 826, 827, 828, 829, 830, 831, 832, 833, 834, 836, 837, 838, 839, 840, 841, 842, 843, 844, 845, 847, 848, 849, 850, 851, 852, 853, 855, 856, 857, 859, 860, 861, 862, 863, 864, 865, 866, 867, 868, 869, 870, 872, 873, 874, 875, 877, 878, 879, 880, 881, 882, 883, 884, 885, 886, 887]
[3, 14, 16, 31, 86, 89, 105, 114, 115, 118, 123, 130, 131, 140, 148, 159, 163, 170, 171, 187, 193, 195, 209, 217, 218, 235, 242, 257, 258, 263, 273, 286, 295, 310, 311, 314, 316, 325, 326, 328, 334, 335, 336, 337, 339, 349, 350, 360, 364, 365, 375, 383, 395, 426, 427, 428, 434, 439, 444, 447, 449, 461, 478, 481, 486, 492, 501, 507, 530, 536, 537, 541, 555, 571, 575, 591, 595, 607, 611, 624, 639, 651, 652, 654, 657, 667, 670, 673, 680, 686, 695, 703, 712, 714, 715, 721, 735, 740, 741, 757, 758, 764, 765, 773, 774, 777, 784, 787, 792, 800, 804, 809, 819, 820, 825, 840, 853, 863, 872, 878, 883, 887]

[0, 2, 3, 4, 7, 8, 9, 11, 12, 13, 15, 16, 17, 18, 19, 20, 21, 22, 23, 24, 25, 26, 27, 28, 29, 30, 31, 32, 33, 34, 35, 36, 38, 39, 40, 41, 42, 44, 45, 46, 47, 48, 49, 50, 52, 53, 55, 56, 57, 58, 59, 61, 62, 63, 64, 65, 66, 67, 68, 69, 70, 71, 72, 73, 75, 76, 77, 79, 80, 81, 82, 83, 84, 85, 86, 87, 88, 89, 90, 91, 92, 93, 95, 98, 99, 100, 101, 102, 103, 104, 106, 107, 109, 110, 111, 112, 113, 114, 115, 117, 118, 119, 120, 121, 122, 123, 124, 126, 127, 129, 130, 131, 132, 133, 134, 135, 136, 137, 138, 139, 140, 141, 142, 143, 144, 145, 146, 147, 148, 150, 151, 152, 153, 154, 155, 156, 157, 159, 161, 162, 163, 164, 165, 166, 167, 168, 169, 170, 171, 172, 173, 174, 175, 176, 177, 178, 179, 180, 181, 182, 183, 184, 185, 186, 187, 188, 189, 190, 191, 192, 194, 196, 197, 198, 199, 200, 202, 203, 204, 205, 206, 207, 208, 209, 210, 211, 212, 213, 214, 215, 216, 217, 218, 219, 220, 222, 223, 225, 226, 227, 229, 230, 231, 232, 233, 234, 235, 236, 237, 239, 240, 241, 242, 243, 244, 245, 246, 247, 248, 249, 251, 252, 253, 254, 255, 256, 257, 258, 259, 260, 261, 262, 263, 264, 265, 266, 267, 269, 270, 271, 272, 273, 275, 276, 277, 278, 279, 280, 283, 284, 285, 286, 287, 288, 289, 290, 291, 294, 295, 296, 297, 298, 299, 300, 301, 302, 303, 304, 305, 306, 307, 308, 309, 310, 311, 312, 313, 314, 315, 317, 318, 319, 320, 321, 322, 323, 325, 326, 327, 328, 329, 330, 331, 332, 333, 334, 337, 338, 339, 340, 341, 342, 343, 344, 345, 346, 347, 348, 349, 350, 351, 352, 353, 354, 355, 356, 357, 358, 359, 360, 361, 362, 363, 364, 365, 366, 367, 368, 369, 371, 372, 373, 374, 377, 378, 379, 380, 381, 382, 383, 384, 385, 386, 387, 388, 389, 390, 392, 393, 394, 396, 397, 398, 399, 400, 401, 402, 403, 404, 405, 406, 407, 408, 409, 410, 411, 412, 413, 414, 415, 416, 417, 418, 419, 420, 421, 422, 423, 424, 425, 426, 428, 429, 430, 431, 432, 433, 434, 435, 436, 437, 438, 439, 440, 441, 442, 443, 444, 446, 448, 449, 450, 451, 452, 453, 454, 455, 456, 457, 458, 460, 461, 462, 463, 464, 465, 466, 467, 468, 471, 472, 473, 474, 475, 477, 478, 480, 481, 482, 483, 484, 485, 486, 487, 488, 489, 490, 491, 492, 493, 494, 496, 497, 498, 499, 500, 502, 503, 504, 506, 507, 509, 510, 511, 512, 514, 515, 516, 517, 518, 521, 522, 523, 524, 525, 526, 527, 529, 530, 531, 532, 533, 534, 535, 536, 537, 538, 540, 541, 542, 543, 544, 545, 546, 547, 548, 549, 552, 553, 554, 555, 556, 557, 558, 559, 560, 561, 563, 564, 565, 566, 567, 568, 569, 570, 571, 572, 573, 574, 575, 576, 577, 578, 579, 580, 581, 582, 583, 584, 585, 586, 587, 588, 589, 590, 591, 592, 593, 595, 596, 599, 601, 602, 603, 604, 605, 606, 607, 608, 609, 610, 611, 613, 614, 615, 616, 617, 619, 620, 621, 622, 623, 624, 626, 627, 628, 630, 631, 632, 633, 634, 635, 636, 637, 638, 639, 640, 642, 643, 644, 646, 648, 649, 651, 652, 653, 654, 655, 656, 657, 658, 659, 660, 661, 662, 663, 664, 665, 666, 667, 668, 669, 670, 671, 672, 673, 674, 675, 676, 678, 679, 680, 681, 682, 683, 684, 685, 686, 687, 688, 690, 691, 692, 693, 694, 695, 696, 697, 698, 699, 700, 701, 702, 705, 706, 707, 708, 709, 711, 712, 713, 714, 715, 716, 717, 718, 719, 720, 721, 722, 723, 724, 725, 726, 727, 728, 729, 730, 731, 732, 733, 734, 735, 736, 737, 738, 739, 740, 741, 742, 743, 744, 745, 747, 749, 750, 752, 753, 754, 756, 757, 758, 759, 760, 762, 763, 764, 765, 767, 769, 770, 771, 772, 773, 774, 775, 776, 777, 778, 779, 780, 782, 783, 784, 785, 786, 789, 790, 791, 792, 793, 794, 795, 796, 797, 799, 800, 802, 803, 804, 806, 807, 808, 810, 812, 813, 814, 815, 816, 817, 818, 820, 821, 822, 823, 824, 825, 826, 827, 828, 829, 830, 831, 832, 833, 834, 835, 836, 837, 838, 839, 840, 841, 842, 843, 844, 845, 847, 848, 849, 850, 851, 852, 853, 855, 856, 857, 859, 860, 861, 862, 863, 864, 865, 866, 867, 868, 869, 870, 872, 873, 874, 875, 877, 878, 879, 880, 881, 882, 883, 884, 885, 886, 887]
[3, 14, 16, 31, 86, 89, 105, 114, 115, 118, 123, 130, 131, 140, 148, 159, 163, 170, 171, 187, 193, 195, 209, 217, 218, 235, 242, 257, 258, 263, 273, 286, 295, 310, 311, 314, 316, 325, 326, 328, 334, 335, 336, 337, 339, 349, 350, 360, 364, 365, 375, 383, 395, 426, 427, 428, 434, 439, 444, 447, 449, 461, 478, 481, 486, 492, 501, 507, 530, 536, 537, 541, 555, 571, 575, 591, 595, 607, 611, 624, 639, 651, 652, 654, 657, 667, 670, 673, 680, 686, 695, 703, 712, 714, 715, 721, 735, 740, 741, 757, 758, 764, 765, 773, 774, 777, 784, 787, 792, 800, 804, 809, 819, 820, 825, 840, 853, 863, 872, 878, 883, 887]

