[9, 108, 188, 196, 236, 255, 300, 302, 332, 404, 406, 420, 565, 586, 666, 690, 727, 736, 759, 840, 854, 870]
[2, 27, 38, 51, 53, 109, 211, 239, 266, 319, 399, 460, 492, 574, 592, 597, 670, 677, 724, 754, 819, 824]

[9, 108, 188, 196, 236, 255, 300, 302, 332, 404, 406, 420, 565, 586, 666, 690, 727, 736, 759, 840, 854, 870]
[2, 11, 20, 24, 27, 33, 38, 46, 51, 52, 53, 69, 70, 92, 109, 136, 137, 189, 193, 199, 200, 205, 211, 219, 221, 223, 232, 234, 239, 244, 250, 253, 266, 270, 277, 285, 293, 306, 315, 319, 323, 333, 346, 348, 350, 352, 364, 365, 367, 378, 379, 389, 396, 399, 402, 408, 417, 430, 436, 453, 460, 462, 470, 482, 490, 492, 494, 500, 504, 537, 548, 552, 560, 574, 576, 590, 592, 597, 600, 606, 608, 612, 614, 619, 622, 629, 653, 660, 669, 670, 673, 677, 697, 703, 710, 714, 724, 734, 737, 742, 744, 745, 752, 753, 754, 756, 758, 764, 773, 805, 806, 808, 810, 813, 819, 824, 855, 859, 862, 883, 887, 889]

[3, 9, 68, 75, 99, 108, 114, 152, 169, 188, 196, 202, 227, 236, 241, 255, 278, 291, 300, 302, 314, 332, 356, 404, 406, 420, 429, 431, 485, 565, 586, 617, 622, 666, 683, 690, 700, 712, 725, 727, 736, 759, 840, 854, 862, 870, 877]
[2, 11, 20, 24, 27, 33, 38, 46, 51, 52, 53, 69, 70, 92, 109, 136, 137, 189, 193, 199, 200, 205, 211, 219, 221, 223, 232, 234, 239, 244, 250, 253, 266, 270, 277, 285, 293, 306, 315, 319, 323, 333, 346, 348, 350, 352, 364, 365, 367, 378, 379, 389, 396, 399, 402, 408, 417, 430, 436, 453, 460, 462, 470, 482, 490, 492, 494, 500, 504, 537, 548, 552, 560, 574, 576, 590, 592, 597, 600, 606, 608, 612, 614, 619, 622, 629, 653, 660, 669, 670, 673, 677, 697, 703, 710, 714, 724, 734, 737, 742, 744, 745, 752, 753, 754, 756, 758, 764, 773, 805, 806, 808, 810, 813, 819, 824, 855, 859, 862, 883, 887, 889]

[3, 9, 17, 21, 29, 57, 61, 68, 75, 85, 99, 108, 114, 152, 169, 178, 188, 196, 202, 215, 227, 229, 236, 241, 255, 278, 291, 300, 302, 314, 318, 332, 356, 404, 406, 420, 421, 429, 431, 454, 467, 479, 485, 504, 505, 565, 586, 617, 618, 622, 629, 666, 677, 683, 689, 690, 700, 712, 716, 725, 727, 733, 736, 759, 809, 819, 840, 854, 862, 870, 872, 877]
[2, 11, 20, 24, 27, 33, 38, 46, 51, 52, 53, 69, 70, 92, 109, 136, 137, 189, 193, 199, 200, 205, 211, 219, 221, 223, 232, 234, 239, 244, 250, 253, 266, 270, 277, 285, 293, 306, 315, 319, 323, 333, 346, 348, 350, 352, 364, 365, 367, 378, 379, 389, 396, 399, 402, 408, 417, 430, 436, 453, 460, 462, 470, 482, 490, 492, 494, 500, 504, 537, 548, 552, 560, 574, 576, 590, 592, 597, 600, 606, 608, 612, 614, 619, 622, 629, 653, 660, 669, 670, 673, 677, 697, 703, 710, 714, 724, 734, 737, 742, 744, 745, 752, 753, 754, 756, 758, 764, 773, 805, 806, 808, 810, 813, 819, 824, 855, 859, 862, 883, 887, 889]

[3, 9, 17, 21, 29, 56, 57, 61, 68, 75, 85, 99, 108, 114, 152, 154, 169, 178, 183, 188, 196, 202, 204, 207, 215, 227, 229, 236, 241, 254, 255, 278, 291, 297, 300, 302, 314, 318, 332, 341, 356, 390, 395, 404, 406, 420, 421, 429, 431, 433, 454, 467, 479, 481, 485, 504, 505, 512, 522, 559, 565, 577, 586, 600, 617, 618, 622, 628, 629, 630, 666, 677, 683, 689, 690, 700, 707, 712, 716, 725, 727, 733, 736, 757, 759, 788, 809, 811, 819, 825, 840, 854, 858, 862, 870, 872, 877, 884, 886]
[2, 11, 20, 24, 27, 33, 38, 46, 51, 52, 53, 69, 70, 92, 109, 136, 137, 189, 193, 199, 200, 205, 211, 219, 221, 223, 232, 234, 239, 244, 250, 253, 266, 270, 277, 285, 293, 306, 315, 319, 323, 333, 346, 348, 350, 352, 364, 365, 367, 378, 379, 389, 396, 399, 402, 408, 417, 430, 436, 453, 460, 462, 470, 482, 490, 492, 494, 500, 504, 537, 548, 552, 560, 574, 576, 590, 592, 597, 600, 606, 608, 612, 614, 619, 622, 629, 653, 660, 669, 670, 673, 677, 697, 703, 710, 714, 724, 734, 737, 742, 744, 745, 752, 753, 754, 756, 758, 764, 773, 805, 806, 808, 810, 813, 819, 824, 855, 859, 862, 883, 887, 889]

[3, 9, 17, 21, 23, 24, 29, 54, 56, 57, 61, 68, 75, 85, 99, 108, 110, 114, 152, 154, 169, 178, 183, 188, 196, 202, 204, 207, 215, 227, 229, 236, 241, 254, 255, 275, 278, 280, 291, 297, 300, 302, 314, 318, 332, 341, 348, 356, 390, 395, 404, 406, 418, 420, 421, 429, 431, 433, 454, 467, 470, 473, 479, 481, 485, 504, 505, 506, 512, 513, 522, 546, 547, 559, 565, 577, 586, 592, 600, 607, 617, 618, 622, 628, 629, 630, 661, 666, 673, 677, 683, 684, 689, 690, 700, 707, 709, 712, 716, 725, 727, 733, 736, 757, 759, 765, 788, 791, 809, 811, 819, 821, 825, 840, 851, 854, 857, 858, 862, 870, 872, 877, 884, 886]
[2, 11, 20, 24, 27, 33, 38, 46, 51, 52, 53, 69, 70, 92, 109, 136, 137, 189, 193, 199, 200, 205, 211, 219, 221, 223, 232, 234, 239, 244, 250, 253, 266, 270, 277, 285, 293, 306, 315, 319, 323, 333, 346, 348, 350, 352, 364, 365, 367, 378, 379, 389, 396, 399, 402, 408, 417, 430, 436, 453, 460, 462, 470, 482, 490, 492, 494, 500, 504, 537, 548, 552, 560, 574, 576, 590, 592, 597, 600, 606, 608, 612, 614, 619, 622, 629, 653, 660, 669, 670, 673, 677, 697, 703, 710, 714, 724, 734, 737, 742, 744, 745, 752, 753, 754, 756, 758, 764, 773, 805, 806, 808, 810, 813, 819, 824, 855, 859, 862, 883, 887, 889]

[3, 9, 17, 21, 23, 24, 29, 54, 56, 57, 61, 68, 75, 79, 85, 99, 107, 108, 110, 114, 123, 133, 147, 152, 154, 169, 178, 183, 188, 196, 202, 204, 207, 215, 227, 229, 233, 236, 237, 241, 245, 254, 255, 256, 275, 278, 280, 291, 297, 300, 302, 309, 314, 318, 332, 340, 341, 348, 356, 390, 395, 396, 404, 406, 418, 420, 421, 429, 431, 433, 454, 463, 467, 469, 470, 473, 474, 479, 481, 485, 504, 505, 506, 512, 513, 522, 546, 547, 559, 565, 577, 581, 584, 586, 592, 600, 606, 607, 617, 618, 622, 627, 628, 629, 630, 640, 661, 666, 673, 677, 683, 684, 689, 690, 700, 707, 709, 712, 716, 725, 727, 731, 733, 734, 736, 743, 757, 759, 765, 784, 788, 791, 809, 811, 819, 821, 825, 827, 840, 851, 854, 857, 858, 862, 870, 872, 877, 884, 886]
[2, 11, 20, 24, 27, 33, 38, 46, 51, 52, 53, 69, 70, 92, 109, 136, 137, 189, 193, 199, 200, 205, 211, 219, 221, 223, 232, 234, 239, 244, 250, 253, 266, 270, 277, 285, 293, 306, 315, 319, 323, 333, 346, 348, 350, 352, 364, 365, 367, 378, 379, 389, 396, 399, 402, 408, 417, 430, 436, 453, 460, 462, 470, 482, 490, 492, 494, 500, 504, 537, 548, 552, 560, 574, 576, 590, 592, 597, 600, 606, 608, 612, 614, 619, 622, 629, 653, 660, 669, 670, 673, 677, 697, 703, 710, 714, 724, 734, 737, 742, 744, 745, 752, 753, 754, 756, 758, 764, 773, 805, 806, 808, 810, 813, 819, 824, 855, 859, 862, 883, 887, 889]

[3, 9, 17, 21, 23, 24, 27, 29, 41, 54, 56, 57, 61, 65, 68, 75, 79, 85, 99, 107, 108, 110, 114, 123, 133, 147, 152, 154, 169, 170, 178, 183, 188, 196, 202, 204, 207, 214, 215, 227, 229, 233, 236, 237, 241, 245, 254, 255, 256, 265, 275, 278, 280, 291, 292, 297, 300, 302, 309, 314, 318, 326, 330, 332, 340, 341, 348, 356, 363, 390, 395, 396, 404, 406, 418, 420, 421, 429, 430, 431, 433, 442, 450, 454, 463, 467, 469, 470, 473, 474, 479, 481, 485, 504, 505, 506, 512, 513, 521, 522, 546, 547, 558, 559, 565, 569, 577, 581, 584, 586, 590, 592, 600, 606, 607, 611, 612, 617, 618, 622, 627, 628, 629, 630, 640, 661, 666, 673, 677, 683, 684, 689, 690, 700, 707, 709, 712, 716, 725, 727, 731, 733, 734, 736, 743, 757, 759, 765, 784, 788, 791, 794, 800, 808, 809, 811, 819, 821, 825, 827, 840, 851, 854, 856, 857, 858, 862, 870, 872, 877, 880, 884, 886, 889]
[2, 11, 20, 24, 27, 33, 38, 46, 51, 52, 53, 69, 70, 92, 109, 136, 137, 189, 193, 199, 200, 205, 211, 219, 221, 223, 232, 234, 239, 244, 250, 253, 266, 270, 277, 285, 293, 306, 315, 319, 323, 333, 346, 348, 350, 352, 364, 365, 367, 378, 379, 389, 396, 399, 402, 408, 417, 430, 436, 453, 460, 462, 470, 482, 490, 492, 494, 500, 504, 537, 548, 552, 560, 574, 576, 590, 592, 597, 600, 606, 608, 612, 614, 619, 622, 629, 653, 660, 669, 670, 673, 677, 697, 703, 710, 714, 724, 734, 737, 742, 744, 745, 752, 753, 754, 756, 758, 764, 773, 805, 806, 808, 810, 813, 819, 824, 855, 859, 862, 883, 887, 889]

[3, 9, 17, 21, 23, 24, 27, 29, 41, 54, 56, 57, 61, 65, 66, 68, 72, 75, 79, 85, 99, 107, 108, 110, 114, 123, 133, 134, 143, 147, 152, 154, 168, 169, 170, 178, 183, 188, 193, 196, 202, 204, 207, 214, 215, 219, 227, 229, 233, 236, 237, 241, 245, 254, 255, 256, 265, 275, 278, 280, 291, 292, 297, 300, 302, 305, 309, 314, 318, 326, 330, 332, 336, 340, 341, 348, 356, 363, 365, 390, 395, 396, 404, 405, 406, 418, 420, 421, 429, 430, 431, 433, 442, 445, 450, 454, 457, 463, 465, 467, 469, 470, 473, 474, 479, 481, 485, 486, 504, 505, 506, 511, 512, 513, 521, 522, 524, 546, 547, 558, 559, 565, 569, 575, 577, 581, 584, 586, 590, 592, 600, 606, 607, 611, 612, 613, 617, 618, 622, 625, 627, 628, 629, 630, 636, 640, 661, 666, 669, 673, 677, 683, 684, 689, 690, 694, 697, 700, 707, 709, 712, 716, 717, 725, 727, 731, 733, 734, 736, 743, 744, 757, 759, 765, 766, 774, 784, 788, 791, 794, 800, 802, 808, 809, 811, 813, 819, 821, 822, 825, 827, 840, 851, 854, 856, 857, 858, 862, 870, 872, 877, 880, 884, 886, 889]
[2, 11, 20, 24, 27, 33, 38, 46, 51, 52, 53, 69, 70, 92, 109, 136, 137, 189, 193, 199, 200, 205, 211, 219, 221, 223, 232, 234, 239, 244, 250, 253, 266, 270, 277, 285, 293, 306, 315, 319, 323, 333, 346, 348, 350, 352, 364, 365, 367, 378, 379, 389, 396, 399, 402, 408, 417, 430, 436, 453, 460, 462, 470, 482, 490, 492, 494, 500, 504, 537, 548, 552, 560, 574, 576, 590, 592, 597, 600, 606, 608, 612, 614, 619, 622, 629, 653, 660, 669, 670, 673, 677, 697, 703, 710, 714, 724, 734, 737, 742, 744, 745, 752, 753, 754, 756, 758, 764, 773, 805, 806, 808, 810, 813, 819, 824, 855, 859, 862, 883, 887, 889]

[3, 7, 9, 17, 21, 23, 24, 27, 29, 35, 41, 54, 55, 56, 57, 61, 65, 66, 68, 72, 75, 79, 81, 85, 97, 99, 107, 108, 110, 113, 114, 123, 127, 133, 134, 143, 147, 152, 154, 158, 162, 168, 169, 170, 178, 183, 188, 193, 196, 202, 204, 207, 214, 215, 219, 222, 227, 229, 232, 233, 236, 237, 241, 245, 254, 255, 256, 265, 268, 272, 275, 278, 280, 291, 292, 297, 300, 302, 305, 309, 314, 318, 326, 330, 332, 336, 340, 341, 348, 356, 363, 365, 390, 395, 396, 399, 400, 401, 404, 405, 406, 418, 420, 421, 429, 430, 431, 433, 442, 445, 450, 454, 457, 463, 465, 466, 467, 469, 470, 473, 474, 479, 481, 485, 486, 504, 505, 506, 511, 512, 513, 518, 521, 522, 524, 531, 537, 543, 546, 547, 558, 559, 565, 569, 575, 577, 579, 581, 584, 586, 590, 592, 600, 606, 607, 611, 612, 613, 617, 618, 622, 625, 627, 628, 629, 630, 636, 640, 661, 666, 669, 673, 674, 677, 683, 684, 685, 689, 690, 693, 694, 697, 700, 707, 709, 712, 716, 717, 725, 727, 731, 733, 734, 736, 743, 744, 757, 759, 765, 766, 774, 779, 781, 784, 788, 791, 794, 800, 802, 808, 809, 811, 813, 819, 821, 822, 825, 826, 827, 840, 851, 854, 856, 857, 858, 862, 870, 872, 876, 877, 880, 884, 886, 889]
[2, 11, 20, 24, 27, 33, 38, 46, 51, 52, 53, 69, 70, 92, 109, 136, 137, 189, 193, 199, 200, 205, 211, 219, 221, 223, 232, 234, 239, 244, 250, 253, 266, 270, 277, 285, 293, 306, 315, 319, 323, 333, 346, 348, 350, 352, 364, 365, 367, 378, 379, 389, 396, 399, 402, 408, 417, 430, 436, 453, 460, 462, 470, 482, 490, 492, 494, 500, 504, 537, 548, 552, 560, 574, 576, 590, 592, 597, 600, 606, 608, 612, 614, 619, 622, 629, 653, 660, 669, 670, 673, 677, 697, 703, 710, 714, 724, 734, 737, 742, 744, 745, 752, 753, 754, 756, 758, 764, 773, 805, 806, 808, 810, 813, 819, 824, 855, 859, 862, 883, 887, 889]

[3, 7, 9, 16, 17, 21, 23, 24, 27, 29, 35, 39, 41, 44, 54, 55, 56, 57, 61, 65, 66, 68, 69, 72, 75, 79, 81, 85, 94, 97, 99, 107, 108, 110, 113, 114, 123, 127, 133, 134, 143, 147, 152, 154, 158, 161, 162, 168, 169, 170, 178, 183, 186, 188, 190, 193, 196, 202, 204, 207, 211, 214, 215, 219, 222, 227, 229, 232, 233, 235, 236, 237, 241, 245, 254, 255, 256, 258, 265, 267, 268, 272, 275, 278, 280, 291, 292, 297, 298, 300, 302, 305, 309, 310, 314, 318, 326, 330, 332, 335, 336, 340, 341, 343, 348, 356, 360, 363, 365, 390, 395, 396, 399, 400, 401, 404, 405, 406, 418, 420, 421, 426, 429, 430, 431, 433, 442, 445, 449, 450, 454, 457, 458, 463, 465, 466, 467, 469, 470, 473, 474, 479, 481, 485, 486, 504, 505, 506, 511, 512, 513, 518, 521, 522, 524, 531, 537, 543, 546, 547, 558, 559, 565, 569, 575, 576, 577, 579, 581, 584, 586, 590, 592, 600, 606, 607, 611, 612, 613, 616, 617, 618, 622, 625, 627, 628, 629, 630, 636, 638, 640, 661, 666, 669, 673, 674, 677, 683, 684, 685, 689, 690, 693, 694, 697, 700, 707, 709, 712, 716, 717, 722, 725, 727, 731, 733, 734, 736, 743, 744, 757, 759, 765, 766, 774, 779, 781, 784, 788, 791, 794, 800, 802, 808, 809, 811, 813, 818, 819, 821, 822, 825, 826, 827, 840, 851, 853, 854, 856, 857, 858, 862, 870, 872, 876, 877, 880, 884, 886, 889]
[2, 11, 20, 24, 27, 33, 38, 46, 51, 52, 53, 69, 70, 92, 109, 136, 137, 189, 193, 199, 200, 205, 211, 219, 221, 223, 232, 234, 239, 244, 250, 253, 266, 270, 277, 285, 293, 306, 315, 319, 323, 333, 346, 348, 350, 352, 364, 365, 367, 378, 379, 389, 396, 399, 402, 408, 417, 430, 436, 453, 460, 462, 470, 482, 490, 492, 494, 500, 504, 537, 548, 552, 560, 574, 576, 590, 592, 597, 600, 606, 608, 612, 614, 619, 622, 629, 653, 660, 669, 670, 673, 677, 697, 703, 710, 714, 724, 734, 737, 742, 744, 745, 752, 753, 754, 756, 758, 764, 773, 805, 806, 808, 810, 813, 819, 824, 855, 859, 862, 883, 887, 889]

[3, 6, 7, 9, 12, 16, 17, 21, 23, 24, 27, 29, 31, 32, 35, 36, 37, 39, 41, 44, 54, 55, 56, 57, 61, 65, 66, 68, 69, 72, 75, 79, 81, 85, 91, 94, 97, 99, 107, 108, 110, 113, 114, 123, 127, 133, 134, 135, 143, 147, 152, 154, 157, 158, 161, 162, 168, 169, 170, 172, 178, 183, 186, 188, 190, 193, 196, 202, 204, 207, 211, 214, 215, 219, 222, 227, 229, 232, 233, 235, 236, 237, 241, 245, 254, 255, 256, 258, 265, 267, 268, 272, 275, 276, 278, 280, 291, 292, 297, 298, 300, 302, 305, 308, 309, 310, 314, 318, 326, 330, 332, 335, 336, 340, 341, 343, 348, 356, 360, 363, 365, 390, 395, 396, 399, 400, 401, 404, 405, 406, 418, 420, 421, 426, 429, 430, 431, 433, 442, 445, 449, 450, 454, 457, 458, 463, 465, 466, 467, 469, 470, 473, 474, 479, 481, 485, 486, 495, 504, 505, 506, 511, 512, 513, 518, 520, 521, 522, 524, 531, 537, 543, 546, 547, 552, 558, 559, 562, 565, 569, 575, 576, 577, 579, 581, 584, 586, 590, 592, 600, 602, 606, 607, 611, 612, 613, 616, 617, 618, 622, 625, 627, 628, 629, 630, 636, 638, 640, 661, 666, 668, 669, 673, 674, 677, 683, 684, 685, 689, 690, 693, 694, 697, 700, 707, 709, 712, 716, 717, 722, 725, 727, 731, 733, 734, 736, 743, 744, 755, 757, 759, 760, 765, 766, 769, 774, 777, 779, 781, 784, 788, 791, 793, 794, 800, 802, 808, 809, 811, 813, 818, 819, 821, 822, 825, 826, 827, 840, 842, 851, 853, 854, 856, 857, 858, 862, 868, 870, 872, 876, 877, 880, 884, 886, 889]
[2, 11, 20, 24, 27, 33, 38, 46, 51, 52, 53, 69, 70, 92, 109, 136, 137, 189, 193, 199, 200, 205, 211, 219, 221, 223, 232, 234, 239, 244, 250, 253, 266, 270, 277, 285, 293, 306, 315, 319, 323, 333, 346, 348, 350, 352, 364, 365, 367, 378, 379, 389, 396, 399, 402, 408, 417, 430, 436, 453, 460, 462, 470, 482, 490, 492, 494, 500, 504, 537, 548, 552, 560, 574, 576, 590, 592, 597, 600, 606, 608, 612, 614, 619, 622, 629, 653, 660, 669, 670, 673, 677, 697, 703, 710, 714, 724, 734, 737, 742, 744, 745, 752, 753, 754, 756, 758, 764, 773, 805, 806, 808, 810, 813, 819, 824, 855, 859, 862, 883, 887, 889]

[3, 4, 6, 7, 9, 12, 14, 16, 17, 21, 23, 24, 27, 29, 31, 32, 35, 36, 37, 39, 41, 44, 54, 55, 56, 57, 61, 65, 66, 68, 69, 72, 75, 79, 81, 85, 91, 94, 97, 99, 103, 107, 108, 110, 113, 114, 123, 127, 131, 133, 134, 135, 137, 143, 147, 152, 154, 157, 158, 161, 162, 168, 169, 170, 172, 178, 183, 186, 188, 190, 193, 196, 202, 204, 207, 211, 214, 215, 219, 222, 224, 227, 229, 232, 233, 235, 236, 237, 241, 245, 254, 255, 256, 258, 265, 267, 268, 272, 275, 276, 278, 280, 288, 291, 292, 294, 296, 297, 298, 300, 302, 305, 308, 309, 310, 314, 318, 326, 330, 332, 335, 336, 340, 341, 342, 343, 347, 348, 356, 360, 363, 365, 378, 383, 384, 390, 395, 396, 399, 400, 401, 404, 405, 406, 418, 420, 421, 426, 429, 430, 431, 433, 442, 444, 445, 449, 450, 454, 457, 458, 463, 465, 466, 467, 469, 470, 473, 474, 479, 481, 485, 486, 495, 504, 505, 506, 511, 512, 513, 518, 520, 521, 522, 524, 528, 531, 537, 543, 546, 547, 552, 558, 559, 562, 565, 569, 575, 576, 577, 579, 581, 584, 586, 590, 592, 596, 600, 602, 606, 607, 611, 612, 613, 614, 616, 617, 618, 622, 625, 626, 627, 628, 629, 630, 635, 636, 638, 640, 651, 659, 661, 666, 668, 669, 673, 674, 677, 680, 682, 683, 684, 685, 689, 690, 693, 694, 697, 700, 707, 709, 712, 716, 717, 722, 724, 725, 727, 731, 733, 734, 736, 743, 744, 755, 757, 759, 760, 765, 766, 769, 774, 777, 779, 781, 784, 788, 791, 793, 794, 800, 802, 808, 809, 811, 813, 818, 819, 821, 822, 825, 826, 827, 840, 842, 851, 853, 854, 856, 857, 858, 862, 868, 870, 872, 876, 877, 880, 884, 886, 889]
[2, 11, 20, 24, 27, 33, 38, 46, 51, 52, 53, 69, 70, 92, 109, 136, 137, 189, 193, 199, 200, 205, 211, 219, 221, 223, 232, 234, 239, 244, 250, 253, 266, 270, 277, 285, 293, 306, 315, 319, 323, 333, 346, 348, 350, 352, 364, 365, 367, 378, 379, 389, 396, 399, 402, 408, 417, 430, 436, 453, 460, 462, 470, 482, 490, 492, 494, 500, 504, 537, 548, 552, 560, 574, 576, 590, 592, 597, 600, 606, 608, 612, 614, 619, 622, 629, 653, 660, 669, 670, 673, 677, 697, 703, 710, 714, 724, 734, 737, 742, 744, 745, 752, 753, 754, 756, 758, 764, 773, 805, 806, 808, 810, 813, 819, 824, 855, 859, 862, 883, 887, 889]

[2, 3, 4, 6, 7, 9, 12, 14, 16, 17, 21, 23, 24, 27, 29, 31, 32, 35, 36, 37, 39, 41, 44, 50, 54, 55, 56, 57, 61, 65, 66, 68, 69, 72, 75, 79, 81, 85, 91, 94, 97, 98, 99, 103, 105, 107, 108, 110, 113, 114, 115, 123, 127, 131, 133, 134, 135, 137, 143, 147, 152, 154, 157, 158, 161, 162, 168, 169, 170, 172, 178, 183, 186, 188, 190, 193, 196, 202, 204, 207, 210, 211, 214, 215, 219, 222, 224, 227, 229, 232, 233, 235, 236, 237, 241, 243, 245, 254, 255, 256, 257, 258, 265, 267, 268, 272, 275, 276, 278, 279, 280, 288, 291, 292, 294, 296, 297, 298, 300, 302, 305, 308, 309, 310, 314, 318, 319, 326, 330, 332, 333, 335, 336, 340, 341, 342, 343, 347, 348, 356, 358, 360, 363, 365, 378, 383, 384, 390, 395, 396, 399, 400, 401, 404, 405, 406, 418, 419, 420, 421, 426, 429, 430, 431, 433, 440, 442, 444, 445, 449, 450, 454, 457, 458, 463, 465, 466, 467, 469, 470, 473, 474, 479, 481, 485, 486, 495, 504, 505, 506, 511, 512, 513, 518, 520, 521, 522, 524, 528, 531, 537, 541, 543, 546, 547, 552, 558, 559, 562, 565, 569, 575, 576, 577, 579, 581, 584, 586, 590, 591, 592, 596, 599, 600, 602, 606, 607, 611, 612, 613, 614, 616, 617, 618, 622, 625, 626, 627, 628, 629, 630, 635, 636, 638, 640, 643, 651, 659, 661, 664, 666, 668, 669, 671, 673, 674, 677, 680, 682, 683, 684, 685, 689, 690, 693, 694, 697, 700, 703, 707, 709, 712, 716, 717, 718, 722, 724, 725, 727, 731, 733, 734, 736, 743, 744, 753, 755, 757, 759, 760, 765, 766, 769, 774, 777, 779, 781, 784, 788, 791, 793, 794, 800, 802, 808, 809, 811, 813, 818, 819, 821, 822, 825, 826, 827, 840, 842, 847, 851, 853, 854, 856, 857, 858, 862, 866, 868, 870, 872, 876, 877, 880, 884, 886, 889]
[2, 11, 20, 24, 27, 33, 38, 46, 51, 52, 53, 69, 70, 92, 109, 136, 137, 189, 193, 199, 200, 205, 211, 219, 221, 223, 232, 234, 239, 244, 250, 253, 266, 270, 277, 285, 293, 306, 315, 319, 323, 333, 346, 348, 350, 352, 364, 365, 367, 378, 379, 389, 396, 399, 402, 408, 417, 430, 436, 453, 460, 462, 470, 482, 490, 492, 494, 500, 504, 537, 548, 552, 560, 574, 576, 590, 592, 597, 600, 606, 608, 612, 614, 619, 622, 629, 653, 660, 669, 670, 673, 677, 697, 703, 710, 714, 724, 734, 737, 742, 744, 745, 752, 753, 754, 756, 758, 764, 773, 805, 806, 808, 810, 813, 819, 824, 855, 859, 862, 883, 887, 889]

[2, 3, 4, 6, 7, 9, 12, 14, 16, 17, 21, 22, 23, 24, 27, 29, 31, 32, 35, 36, 37, 39, 41, 44, 49, 50, 54, 55, 56, 57, 61, 65, 66, 68, 69, 72, 75, 79, 81, 85, 91, 94, 97, 98, 99, 103, 105, 107, 108, 110, 113, 114, 115, 123, 127, 129, 131, 133, 134, 135, 137, 143, 147, 152, 154, 157, 158, 159, 161, 162, 165, 168, 169, 170, 172, 178, 183, 186, 188, 190, 193, 196, 202, 204, 207, 208, 210, 211, 214, 215, 219, 222, 224, 227, 229, 232, 233, 235, 236, 237, 241, 243, 245, 254, 255, 256, 257, 258, 265, 267, 268, 272, 275, 276, 278, 279, 280, 288, 291, 292, 294, 296, 297, 298, 300, 302, 305, 308, 309, 310, 314, 318, 319, 326, 330, 332, 333, 335, 336, 340, 341, 342, 343, 347, 348, 350, 356, 358, 360, 363, 365, 374, 378, 381, 383, 384, 390, 393, 395, 396, 399, 400, 401, 404, 405, 406, 418, 419, 420, 421, 426, 429, 430, 431, 433, 440, 442, 444, 445, 449, 450, 454, 457, 458, 463, 465, 466, 467, 469, 470, 472, 473, 474, 476, 479, 481, 485, 486, 495, 504, 505, 506, 509, 511, 512, 513, 518, 520, 521, 522, 524, 528, 531, 537, 541, 543, 546, 547, 548, 549, 552, 558, 559, 562, 565, 569, 575, 576, 577, 579, 581, 584, 586, 590, 591, 592, 596, 599, 600, 602, 606, 607, 611, 612, 613, 614, 616, 617, 618, 622, 625, 626, 627, 628, 629, 630, 634, 635, 636, 638, 640, 643, 651, 657, 659, 661, 664, 666, 667, 668, 669, 671, 673, 674, 677, 680, 682, 683, 684, 685, 689, 690, 693, 694, 697, 700, 703, 707, 709, 711, 712, 716, 717, 718, 722, 724, 725, 727, 731, 733, 734, 735, 736, 743, 744, 748, 753, 755, 757, 759, 760, 765, 766, 769, 774, 777, 779, 781, 782, 784, 788, 791, 793, 794, 800, 802, 808, 809, 811, 813, 818, 819, 820, 821, 822, 825, 826, 827, 839, 840, 842, 847, 851, 853, 854, 856, 857, 858, 861, 862, 866, 868, 870, 872, 876, 877, 880, 884, 886, 889]
[2, 11, 20, 24, 27, 33, 38, 46, 51, 52, 53, 69, 70, 92, 109, 136, 137, 189, 193, 199, 200, 205, 211, 219, 221, 223, 232, 234, 239, 244, 250, 253, 266, 270, 277, 285, 293, 306, 315, 319, 323, 333, 346, 348, 350, 352, 364, 365, 367, 378, 379, 389, 396, 399, 402, 408, 417, 430, 436, 453, 460, 462, 470, 482, 490, 492, 494, 500, 504, 537, 548, 552, 560, 574, 576, 590, 592, 597, 600, 606, 608, 612, 614, 619, 622, 629, 653, 660, 669, 670, 673, 677, 697, 703, 710, 714, 724, 734, 737, 742, 744, 745, 752, 753, 754, 756, 758, 764, 773, 805, 806, 808, 810, 813, 819, 824, 855, 859, 862, 883, 887, 889]

[2, 3, 4, 6, 7, 9, 11, 12, 14, 16, 17, 21, 22, 23, 24, 27, 29, 30, 31, 32, 35, 36, 37, 39, 41, 44, 49, 50, 52, 54, 55, 56, 57, 61, 65, 66, 68, 69, 70, 72, 75, 79, 81, 85, 91, 94, 97, 98, 99, 103, 105, 107, 108, 110, 113, 114, 115, 118, 123, 125, 127, 129, 131, 133, 134, 135, 136, 137, 143, 147, 152, 154, 157, 158, 159, 161, 162, 165, 168, 169, 170, 172, 174, 178, 183, 186, 188, 190, 193, 196, 199, 202, 204, 207, 208, 210, 211, 214, 215, 219, 222, 224, 227, 229, 232, 233, 235, 236, 237, 241, 243, 245, 254, 255, 256, 257, 258, 263, 265, 267, 268, 272, 275, 276, 278, 279, 280, 288, 291, 292, 294, 296, 297, 298, 300, 302, 305, 308, 309, 310, 314, 318, 319, 326, 330, 332, 333, 335, 336, 340, 341, 342, 343, 347, 348, 350, 356, 358, 360, 363, 365, 371, 374, 378, 381, 383, 384, 390, 393, 395, 396, 399, 400, 401, 404, 405, 406, 417, 418, 419, 420, 421, 426, 429, 430, 431, 432, 433, 439, 440, 442, 443, 444, 445, 449, 450, 454, 457, 458, 463, 465, 466, 467, 469, 470, 472, 473, 474, 476, 478, 479, 481, 485, 486, 495, 504, 505, 506, 509, 511, 512, 513, 518, 520, 521, 522, 524, 528, 531, 537, 541, 543, 546, 547, 548, 549, 552, 556, 558, 559, 562, 565, 569, 575, 576, 577, 579, 581, 584, 586, 587, 590, 591, 592, 596, 599, 600, 602, 606, 607, 611, 612, 613, 614, 616, 617, 618, 622, 625, 626, 627, 628, 629, 630, 634, 635, 636, 638, 640, 643, 646, 651, 657, 659, 661, 664, 666, 667, 668, 669, 671, 673, 674, 677, 680, 682, 683, 684, 685, 688, 689, 690, 693, 694, 697, 700, 703, 707, 709, 711, 712, 716, 717, 718, 719, 722, 724, 725, 727, 731, 733, 734, 735, 736, 742, 743, 744, 748, 753, 755, 757, 759, 760, 765, 766, 769, 774, 777, 779, 781, 782, 784, 788, 791, 793, 794, 795, 799, 800, 802, 808, 809, 811, 813, 818, 819, 820, 821, 822, 825, 826, 827, 839, 840, 842, 847, 850, 851, 853, 854, 856, 857, 858, 861, 862, 866, 868, 870, 872, 876, 877, 880, 884, 886, 889]
[2, 11, 20, 24, 27, 33, 38, 46, 51, 52, 53, 69, 70, 92, 109, 136, 137, 189, 193, 199, 200, 205, 211, 219, 221, 223, 232, 234, 239, 244, 250, 253, 266, 270, 277, 285, 293, 306, 315, 319, 323, 333, 346, 348, 350, 352, 364, 365, 367, 378, 379, 389, 396, 399, 402, 408, 417, 430, 436, 453, 460, 462, 470, 482, 490, 492, 494, 500, 504, 537, 548, 552, 560, 574, 576, 590, 592, 597, 600, 606, 608, 612, 614, 619, 622, 629, 653, 660, 669, 670, 673, 677, 697, 703, 710, 714, 724, 734, 737, 742, 744, 745, 752, 753, 754, 756, 758, 764, 773, 805, 806, 808, 810, 813, 819, 824, 855, 859, 862, 883, 887, 889]

[2, 3, 4, 6, 7, 9, 11, 12, 14, 16, 17, 21, 22, 23, 24, 27, 29, 30, 31, 32, 35, 36, 37, 39, 40, 41, 42, 44, 49, 50, 52, 53, 54, 55, 56, 57, 61, 62, 65, 66, 68, 69, 70, 72, 75, 79, 81, 85, 91, 94, 97, 98, 99, 103, 105, 107, 108, 110, 113, 114, 115, 118, 123, 125, 127, 129, 131, 133, 134, 135, 136, 137, 143, 147, 152, 154, 157, 158, 159, 161, 162, 165, 167, 168, 169, 170, 172, 174, 178, 183, 186, 188, 190, 193, 196, 199, 202, 204, 207, 208, 210, 211, 214, 215, 219, 222, 224, 227, 229, 231, 232, 233, 235, 236, 237, 241, 243, 245, 254, 255, 256, 257, 258, 263, 265, 266, 267, 268, 272, 275, 276, 278, 279, 280, 281, 287, 288, 291, 292, 294, 296, 297, 298, 300, 302, 305, 308, 309, 310, 314, 318, 319, 326, 330, 332, 333, 335, 336, 340, 341, 342, 343, 347, 348, 350, 353, 356, 358, 360, 363, 365, 371, 373, 374, 378, 381, 383, 384, 390, 393, 395, 396, 397, 399, 400, 401, 404, 405, 406, 417, 418, 419, 420, 421, 426, 427, 429, 430, 431, 432, 433, 434, 439, 440, 442, 443, 444, 445, 449, 450, 454, 457, 458, 460, 462, 463, 465, 466, 467, 469, 470, 472, 473, 474, 476, 478, 479, 481, 485, 486, 489, 495, 504, 505, 506, 509, 511, 512, 513, 518, 520, 521, 522, 524, 528, 531, 535, 537, 541, 543, 546, 547, 548, 549, 552, 556, 558, 559, 562, 564, 565, 569, 575, 576, 577, 579, 581, 584, 586, 587, 590, 591, 592, 596, 599, 600, 602, 606, 607, 611, 612, 613, 614, 616, 617, 618, 620, 622, 625, 626, 627, 628, 629, 630, 634, 635, 636, 638, 640, 643, 646, 649, 651, 657, 659, 661, 664, 666, 667, 668, 669, 671, 673, 674, 677, 680, 682, 683, 684, 685, 688, 689, 690, 693, 694, 697, 700, 703, 707, 708, 709, 711, 712, 716, 717, 718, 719, 722, 724, 725, 727, 731, 733, 734, 735, 736, 742, 743, 744, 748, 753, 755, 757, 759, 760, 765, 766, 769, 770, 774, 777, 779, 781, 782, 784, 788, 791, 793, 794, 795, 799, 800, 802, 808, 809, 811, 813, 818, 819, 820, 821, 822, 825, 826, 827, 839, 840, 842, 847, 850, 851, 853, 854, 856, 857, 858, 861, 862, 866, 868, 870, 872, 875, 876, 877, 880, 882, 884, 886, 889]
[2, 11, 20, 24, 27, 33, 38, 46, 51, 52, 53, 69, 70, 92, 109, 136, 137, 189, 193, 199, 200, 205, 211, 219, 221, 223, 232, 234, 239, 244, 250, 253, 266, 270, 277, 285, 293, 306, 315, 319, 323, 333, 346, 348, 350, 352, 364, 365, 367, 378, 379, 389, 396, 399, 402, 408, 417, 430, 436, 453, 460, 462, 470, 482, 490, 492, 494, 500, 504, 537, 548, 552, 560, 574, 576, 590, 592, 597, 600, 606, 608, 612, 614, 619, 622, 629, 653, 660, 669, 670, 673, 677, 697, 703, 710, 714, 724, 734, 737, 742, 744, 745, 752, 753, 754, 756, 758, 764, 773, 805, 806, 808, 810, 813, 819, 824, 855, 859, 862, 883, 887, 889]

[2, 3, 4, 6, 7, 9, 11, 12, 14, 16, 17, 21, 22, 23, 24, 27, 29, 30, 31, 32, 35, 36, 37, 39, 40, 41, 42, 44, 45, 49, 50, 51, 52, 53, 54, 55, 56, 57, 61, 62, 63, 65, 66, 68, 69, 70, 72, 75, 79, 81, 85, 91, 94, 97, 98, 99, 103, 105, 107, 108, 110, 111, 113, 114, 115, 118, 123, 125, 127, 129, 131, 133, 134, 135, 136, 137, 141, 143, 147, 152, 154, 157, 158, 159, 161, 162, 165, 167, 168, 169, 170, 172, 174, 178, 183, 186, 188, 190, 193, 195, 196, 199, 200, 202, 204, 207, 208, 210, 211, 214, 215, 219, 222, 224, 227, 229, 231, 232, 233, 235, 236, 237, 241, 243, 245, 254, 255, 256, 257, 258, 263, 264, 265, 266, 267, 268, 272, 275, 276, 278, 279, 280, 281, 287, 288, 291, 292, 294, 296, 297, 298, 299, 300, 302, 305, 308, 309, 310, 314, 318, 319, 326, 330, 332, 333, 335, 336, 340, 341, 342, 343, 347, 348, 350, 353, 356, 358, 360, 363, 364, 365, 370, 371, 373, 374, 378, 381, 383, 384, 390, 393, 395, 396, 397, 399, 400, 401, 404, 405, 406, 417, 418, 419, 420, 421, 426, 427, 429, 430, 431, 432, 433, 434, 439, 440, 442, 443, 444, 445, 449, 450, 454, 457, 458, 460, 462, 463, 465, 466, 467, 468, 469, 470, 472, 473, 474, 476, 478, 479, 481, 485, 486, 489, 495, 502, 504, 505, 506, 509, 511, 512, 513, 518, 520, 521, 522, 524, 528, 531, 535, 537, 540, 541, 543, 546, 547, 548, 549, 551, 552, 556, 558, 559, 560, 562, 564, 565, 569, 575, 576, 577, 579, 581, 584, 586, 587, 590, 591, 592, 596, 599, 600, 602, 606, 607, 611, 612, 613, 614, 616, 617, 618, 620, 622, 625, 626, 627, 628, 629, 630, 634, 635, 636, 638, 640, 643, 646, 649, 651, 654, 657, 659, 661, 663, 664, 666, 667, 668, 669, 671, 673, 674, 677, 680, 681, 682, 683, 684, 685, 687, 688, 689, 690, 693, 694, 697, 700, 701, 703, 707, 708, 709, 711, 712, 716, 717, 718, 719, 722, 724, 725, 727, 731, 733, 734, 735, 736, 741, 742, 743, 744, 746, 748, 753, 755, 757, 759, 760, 765, 766, 768, 769, 770, 774, 777, 779, 781, 782, 784, 788, 791, 793, 794, 795, 799, 800, 802, 808, 809, 811, 813, 818, 819, 820, 821, 822, 825, 826, 827, 839, 840, 842, 847, 850, 851, 853, 854, 856, 857, 858, 861, 862, 866, 868, 870, 872, 875, 876, 877, 880, 882, 884, 886, 888, 889]
[2, 11, 20, 24, 27, 33, 38, 46, 51, 52, 53, 69, 70, 92, 109, 136, 137, 189, 193, 199, 200, 205, 211, 219, 221, 223, 232, 234, 239, 244, 250, 253, 266, 270, 277, 285, 293, 306, 315, 319, 323, 333, 346, 348, 350, 352, 364, 365, 367, 378, 379, 389, 396, 399, 402, 408, 417, 430, 436, 453, 460, 462, 470, 482, 490, 492, 494, 500, 504, 537, 548, 552, 560, 574, 576, 590, 592, 597, 600, 606, 608, 612, 614, 619, 622, 629, 653, 660, 669, 670, 673, 677, 697, 703, 710, 714, 724, 734, 737, 742, 744, 745, 752, 753, 754, 756, 758, 764, 773, 805, 806, 808, 810, 813, 819, 824, 855, 859, 862, 883, 887, 889]

[2, 3, 4, 6, 7, 9, 11, 12, 13, 14, 16, 17, 21, 22, 23, 24, 27, 29, 30, 31, 32, 33, 35, 36, 37, 39, 40, 41, 42, 44, 45, 49, 50, 51, 52, 53, 54, 55, 56, 57, 61, 62, 63, 65, 66, 68, 69, 70, 72, 75, 76, 79, 80, 81, 85, 91, 94, 97, 98, 99, 103, 105, 107, 108, 110, 111, 113, 114, 115, 118, 123, 125, 126, 127, 129, 131, 133, 134, 135, 136, 137, 141, 143, 147, 152, 154, 155, 157, 158, 159, 161, 162, 165, 166, 167, 168, 169, 170, 172, 174, 178, 183, 186, 188, 190, 192, 193, 195, 196, 199, 200, 202, 204, 207, 208, 210, 211, 214, 215, 219, 222, 224, 227, 229, 231, 232, 233, 235, 236, 237, 241, 243, 245, 254, 255, 256, 257, 258, 263, 264, 265, 266, 267, 268, 269, 272, 275, 276, 277, 278, 279, 280, 281, 286, 287, 288, 291, 292, 294, 296, 297, 298, 299, 300, 302, 305, 307, 308, 309, 310, 314, 318, 319, 326, 330, 332, 333, 335, 336, 340, 341, 342, 343, 347, 348, 350, 353, 356, 358, 360, 363, 364, 365, 370, 371, 372, 373, 374, 378, 381, 383, 384, 390, 391, 393, 395, 396, 397, 399, 400, 401, 403, 404, 405, 406, 416, 417, 418, 419, 420, 421, 426, 427, 429, 430, 431, 432, 433, 434, 439, 440, 442, 443, 444, 445, 447, 448, 449, 450, 454, 457, 458, 460, 462, 463, 465, 466, 467, 468, 469, 470, 472, 473, 474, 476, 478, 479, 481, 485, 486, 489, 495, 502, 504, 505, 506, 509, 511, 512, 513, 518, 520, 521, 522, 524, 528, 531, 535, 537, 540, 541, 543, 546, 547, 548, 549, 551, 552, 556, 558, 559, 560, 562, 564, 565, 569, 575, 576, 577, 579, 581, 584, 586, 587, 590, 591, 592, 596, 599, 600, 602, 606, 607, 611, 612, 613, 614, 616, 617, 618, 620, 622, 625, 626, 627, 628, 629, 630, 634, 635, 636, 638, 640, 643, 646, 648, 649, 651, 654, 657, 659, 661, 663, 664, 666, 667, 668, 669, 671, 673, 674, 677, 680, 681, 682, 683, 684, 685, 686, 687, 688, 689, 690, 693, 694, 696, 697, 700, 701, 703, 707, 708, 709, 711, 712, 716, 717, 718, 719, 722, 724, 725, 727, 731, 733, 734, 735, 736, 741, 742, 743, 744, 746, 748, 753, 755, 757, 759, 760, 764, 765, 766, 768, 769, 770, 774, 777, 779, 781, 782, 784, 788, 791, 793, 794, 795, 799, 800, 802, 808, 809, 811, 813, 814, 818, 819, 820, 821, 822, 825, 826, 827, 839, 840, 842, 847, 850, 851, 853, 854, 856, 857, 858, 861, 862, 865, 866, 868, 870, 872, 875, 876, 877, 879, 880, 882, 884, 886, 888, 889]
[2, 11, 20, 24, 27, 33, 38, 46, 51, 52, 53, 69, 70, 92, 109, 136, 137, 189, 193, 199, 200, 205, 211, 219, 221, 223, 232, 234, 239, 244, 250, 253, 266, 270, 277, 285, 293, 306, 315, 319, 323, 333, 346, 348, 350, 352, 364, 365, 367, 378, 379, 389, 396, 399, 402, 408, 417, 430, 436, 453, 460, 462, 470, 482, 490, 492, 494, 500, 504, 537, 548, 552, 560, 574, 576, 590, 592, 597, 600, 606, 608, 612, 614, 619, 622, 629, 653, 660, 669, 670, 673, 677, 697, 703, 710, 714, 724, 734, 737, 742, 744, 745, 752, 753, 754, 756, 758, 764, 773, 805, 806, 808, 810, 813, 819, 824, 855, 859, 862, 883, 887, 889]

[2, 3, 4, 6, 7, 9, 11, 12, 13, 14, 16, 17, 18, 21, 22, 23, 24, 27, 29, 30, 31, 32, 33, 35, 36, 37, 39, 40, 41, 42, 44, 45, 49, 50, 51, 52, 53, 54, 55, 56, 57, 61, 62, 63, 65, 66, 68, 69, 70, 72, 75, 76, 79, 80, 81, 85, 87, 88, 89, 91, 94, 97, 98, 99, 103, 105, 107, 108, 110, 111, 113, 114, 115, 118, 123, 125, 126, 127, 129, 131, 133, 134, 135, 136, 137, 141, 143, 147, 152, 154, 155, 157, 158, 159, 161, 162, 165, 166, 167, 168, 169, 170, 172, 174, 178, 183, 186, 188, 190, 191, 192, 193, 195, 196, 199, 200, 202, 204, 207, 208, 210, 211, 214, 215, 219, 222, 224, 227, 229, 231, 232, 233, 235, 236, 237, 241, 243, 245, 254, 255, 256, 257, 258, 260, 263, 264, 265, 266, 267, 268, 269, 272, 275, 276, 277, 278, 279, 280, 281, 286, 287, 288, 291, 292, 294, 296, 297, 298, 299, 300, 302, 305, 307, 308, 309, 310, 311, 314, 318, 319, 326, 328, 330, 331, 332, 333, 335, 336, 340, 341, 342, 343, 347, 348, 350, 353, 356, 358, 360, 363, 364, 365, 370, 371, 372, 373, 374, 378, 381, 383, 384, 390, 391, 393, 395, 396, 397, 399, 400, 401, 403, 404, 405, 406, 416, 417, 418, 419, 420, 421, 426, 427, 429, 430, 431, 432, 433, 434, 439, 440, 442, 443, 444, 445, 447, 448, 449, 450, 454, 457, 458, 460, 462, 463, 465, 466, 467, 468, 469, 470, 472, 473, 474, 476, 478, 479, 481, 485, 486, 489, 491, 492, 495, 502, 504, 505, 506, 509, 511, 512, 513, 518, 520, 521, 522, 524, 526, 527, 528, 531, 535, 537, 540, 541, 543, 546, 547, 548, 549, 551, 552, 556, 558, 559, 560, 562, 564, 565, 569, 575, 576, 577, 579, 581, 584, 586, 587, 588, 590, 591, 592, 596, 599, 600, 602, 606, 607, 611, 612, 613, 614, 616, 617, 618, 620, 622, 625, 626, 627, 628, 629, 630, 633, 634, 635, 636, 638, 640, 642, 643, 646, 648, 649, 651, 654, 657, 659, 661, 663, 664, 666, 667, 668, 669, 671, 673, 674, 677, 680, 681, 682, 683, 684, 685, 686, 687, 688, 689, 690, 693, 694, 696, 697, 700, 701, 703, 704, 707, 708, 709, 711, 712, 716, 717, 718, 719, 721, 722, 724, 725, 727, 731, 733, 734, 735, 736, 741, 742, 743, 744, 746, 748, 753, 754, 755, 757, 759, 760, 764, 765, 766, 768, 769, 770, 772, 774, 777, 779, 781, 782, 784, 788, 790, 791, 793, 794, 795, 799, 800, 801, 802, 808, 809, 811, 813, 814, 817, 818, 819, 820, 821, 822, 825, 826, 827, 830, 839, 840, 842, 847, 850, 851, 853, 854, 856, 857, 858, 861, 862, 865, 866, 867, 868, 870, 872, 875, 876, 877, 879, 880, 882, 884, 886, 888, 889]
[2, 11, 20, 24, 27, 33, 38, 46, 51, 52, 53, 69, 70, 92, 109, 136, 137, 189, 193, 199, 200, 205, 211, 219, 221, 223, 232, 234, 239, 244, 250, 253, 266, 270, 277, 285, 293, 306, 315, 319, 323, 333, 346, 348, 350, 352, 364, 365, 367, 378, 379, 389, 396, 399, 402, 408, 417, 430, 436, 453, 460, 462, 470, 482, 490, 492, 494, 500, 504, 537, 548, 552, 560, 574, 576, 590, 592, 597, 600, 606, 608, 612, 614, 619, 622, 629, 653, 660, 669, 670, 673, 677, 697, 703, 710, 714, 724, 734, 737, 742, 744, 745, 752, 753, 754, 756, 758, 764, 773, 805, 806, 808, 810, 813, 819, 824, 855, 859, 862, 883, 887, 889]

[2, 3, 4, 6, 7, 9, 11, 12, 13, 14, 16, 17, 18, 21, 22, 23, 24, 26, 27, 29, 30, 31, 32, 33, 35, 36, 37, 39, 40, 41, 42, 44, 45, 49, 50, 51, 52, 53, 54, 55, 56, 57, 61, 62, 63, 65, 66, 68, 69, 70, 72, 75, 76, 79, 80, 81, 83, 85, 87, 88, 89, 90, 91, 94, 97, 98, 99, 103, 105, 107, 108, 110, 111, 113, 114, 115, 117, 118, 123, 125, 126, 127, 128, 129, 130, 131, 133, 134, 135, 136, 137, 141, 143, 147, 151, 152, 154, 155, 157, 158, 159, 161, 162, 165, 166, 167, 168, 169, 170, 172, 174, 177, 178, 183, 186, 188, 190, 191, 192, 193, 195, 196, 199, 200, 202, 204, 207, 208, 210, 211, 214, 215, 219, 222, 224, 227, 229, 231, 232, 233, 235, 236, 237, 241, 243, 245, 246, 254, 255, 256, 257, 258, 260, 263, 264, 265, 266, 267, 268, 269, 272, 275, 276, 277, 278, 279, 280, 281, 285, 286, 287, 288, 291, 292, 294, 296, 297, 298, 299, 300, 302, 305, 307, 308, 309, 310, 311, 314, 318, 319, 325, 326, 328, 330, 331, 332, 333, 335, 336, 340, 341, 342, 343, 347, 348, 350, 353, 356, 358, 360, 363, 364, 365, 370, 371, 372, 373, 374, 378, 381, 383, 384, 390, 391, 393, 394, 395, 396, 397, 399, 400, 401, 403, 404, 405, 406, 416, 417, 418, 419, 420, 421, 426, 427, 429, 430, 431, 432, 433, 434, 439, 440, 442, 443, 444, 445, 447, 448, 449, 450, 454, 457, 458, 460, 462, 463, 465, 466, 467, 468, 469, 470, 472, 473, 474, 476, 478, 479, 481, 485, 486, 489, 491, 492, 495, 502, 504, 505, 506, 509, 511, 512, 513, 518, 520, 521, 522, 524, 526, 527, 528, 531, 534, 535, 537, 540, 541, 542, 543, 546, 547, 548, 549, 551, 552, 556, 558, 559, 560, 562, 564, 565, 569, 575, 576, 577, 579, 581, 584, 586, 587, 588, 590, 591, 592, 596, 598, 599, 600, 602, 604, 606, 607, 611, 612, 613, 614, 616, 617, 618, 620, 622, 625, 626, 627, 628, 629, 630, 633, 634, 635, 636, 638, 640, 641, 642, 643, 646, 648, 649, 651, 654, 657, 659, 661, 663, 664, 666, 667, 668, 669, 671, 673, 674, 677, 680, 681, 682, 683, 684, 685, 686, 687, 688, 689, 690, 693, 694, 696, 697, 700, 701, 703, 704, 707, 708, 709, 711, 712, 716, 717, 718, 719, 720, 721, 722, 724, 725, 727, 731, 733, 734, 735, 736, 741, 742, 743, 744, 746, 748, 753, 754, 755, 757, 759, 760, 762, 764, 765, 766, 767, 768, 769, 770, 772, 774, 777, 779, 781, 782, 784, 788, 790, 791, 793, 794, 795, 798, 799, 800, 801, 802, 806, 808, 809, 811, 813, 814, 817, 818, 819, 820, 821, 822, 825, 826, 827, 830, 835, 839, 840, 842, 847, 850, 851, 853, 854, 856, 857, 858, 861, 862, 865, 866, 867, 868, 870, 872, 873, 875, 876, 877, 878, 879, 880, 882, 884, 886, 888, 889]
[2, 11, 20, 24, 27, 33, 38, 46, 51, 52, 53, 69, 70, 92, 109, 136, 137, 189, 193, 199, 200, 205, 211, 219, 221, 223, 232, 234, 239, 244, 250, 253, 266, 270, 277, 285, 293, 306, 315, 319, 323, 333, 346, 348, 350, 352, 364, 365, 367, 378, 379, 389, 396, 399, 402, 408, 417, 430, 436, 453, 460, 462, 470, 482, 490, 492, 494, 500, 504, 537, 548, 552, 560, 574, 576, 590, 592, 597, 600, 606, 608, 612, 614, 619, 622, 629, 653, 660, 669, 670, 673, 677, 697, 703, 710, 714, 724, 734, 737, 742, 744, 745, 752, 753, 754, 756, 758, 764, 773, 805, 806, 808, 810, 813, 819, 824, 855, 859, 862, 883, 887, 889]

[2, 3, 4, 6, 7, 9, 11, 12, 13, 14, 16, 17, 18, 21, 22, 23, 24, 26, 27, 29, 30, 31, 32, 33, 35, 36, 37, 39, 40, 41, 42, 44, 45, 49, 50, 51, 52, 53, 54, 55, 56, 57, 61, 62, 63, 65, 66, 67, 68, 69, 70, 72, 75, 76, 79, 80, 81, 83, 84, 85, 87, 88, 89, 90, 91, 94, 97, 98, 99, 103, 105, 107, 108, 110, 111, 112, 113, 114, 115, 117, 118, 123, 125, 126, 127, 128, 129, 130, 131, 133, 134, 135, 136, 137, 140, 141, 143, 147, 151, 152, 154, 155, 157, 158, 159, 161, 162, 165, 166, 167, 168, 169, 170, 172, 174, 177, 178, 183, 186, 188, 190, 191, 192, 193, 195, 196, 199, 200, 202, 204, 207, 208, 210, 211, 213, 214, 215, 219, 222, 224, 227, 229, 231, 232, 233, 234, 235, 236, 237, 241, 243, 245, 246, 254, 255, 256, 257, 258, 260, 263, 264, 265, 266, 267, 268, 269, 272, 274, 275, 276, 277, 278, 279, 280, 281, 285, 286, 287, 288, 291, 292, 294, 296, 297, 298, 299, 300, 302, 305, 307, 308, 309, 310, 311, 314, 316, 318, 319, 325, 326, 328, 329, 330, 331, 332, 333, 335, 336, 339, 340, 341, 342, 343, 347, 348, 350, 353, 356, 357, 358, 360, 363, 364, 365, 370, 371, 372, 373, 374, 378, 381, 383, 384, 388, 390, 391, 393, 394, 395, 396, 397, 399, 400, 401, 403, 404, 405, 406, 416, 417, 418, 419, 420, 421, 426, 427, 429, 430, 431, 432, 433, 434, 439, 440, 442, 443, 444, 445, 447, 448, 449, 450, 454, 457, 458, 460, 462, 463, 465, 466, 467, 468, 469, 470, 472, 473, 474, 476, 478, 479, 481, 485, 486, 489, 491, 492, 495, 502, 504, 505, 506, 508, 509, 511, 512, 513, 518, 520, 521, 522, 524, 526, 527, 528, 531, 534, 535, 537, 540, 541, 542, 543, 545, 546, 547, 548, 549, 551, 552, 555, 556, 558, 559, 560, 562, 564, 565, 569, 575, 576, 577, 579, 581, 584, 586, 587, 588, 589, 590, 591, 592, 594, 596, 598, 599, 600, 602, 604, 606, 607, 611, 612, 613, 614, 616, 617, 618, 620, 622, 625, 626, 627, 628, 629, 630, 633, 634, 635, 636, 638, 640, 641, 642, 643, 646, 647, 648, 649, 651, 654, 657, 659, 661, 663, 664, 666, 667, 668, 669, 670, 671, 673, 674, 677, 680, 681, 682, 683, 684, 685, 686, 687, 688, 689, 690, 693, 694, 696, 697, 700, 701, 703, 704, 706, 707, 708, 709, 711, 712, 716, 717, 718, 719, 720, 721, 722, 723, 724, 725, 727, 731, 733, 734, 735, 736, 739, 741, 742, 743, 744, 746, 748, 753, 754, 755, 757, 759, 760, 762, 764, 765, 766, 767, 768, 769, 770, 772, 774, 777, 779, 781, 782, 784, 788, 789, 790, 791, 793, 794, 795, 798, 799, 800, 801, 802, 806, 808, 809, 811, 813, 814, 817, 818, 819, 820, 821, 822, 823, 825, 826, 827, 830, 835, 839, 840, 842, 847, 848, 850, 851, 853, 854, 856, 857, 858, 861, 862, 865, 866, 867, 868, 870, 872, 873, 875, 876, 877, 878, 879, 880, 882, 884, 886, 888, 889]
[2, 11, 20, 24, 27, 33, 38, 46, 51, 52, 53, 69, 70, 92, 109, 136, 137, 189, 193, 199, 200, 205, 211, 219, 221, 223, 232, 234, 239, 244, 250, 253, 266, 270, 277, 285, 293, 306, 315, 319, 323, 333, 346, 348, 350, 352, 364, 365, 367, 378, 379, 389, 396, 399, 402, 408, 417, 430, 436, 453, 460, 462, 470, 482, 490, 492, 494, 500, 504, 537, 548, 552, 560, 574, 576, 590, 592, 597, 600, 606, 608, 612, 614, 619, 622, 629, 653, 660, 669, 670, 673, 677, 697, 703, 710, 714, 724, 734, 737, 742, 744, 745, 752, 753, 754, 756, 758, 764, 773, 805, 806, 808, 810, 813, 819, 824, 855, 859, 862, 883, 887, 889]

[2, 3, 4, 6, 7, 9, 11, 12, 13, 14, 16, 17, 18, 21, 22, 23, 24, 26, 27, 29, 30, 31, 32, 33, 34, 35, 36, 37, 39, 40, 41, 42, 44, 45, 49, 50, 51, 52, 53, 54, 55, 56, 57, 61, 62, 63, 65, 66, 67, 68, 69, 70, 72, 75, 76, 79, 80, 81, 83, 84, 85, 87, 88, 89, 90, 91, 92, 93, 94, 97, 98, 99, 103, 105, 107, 108, 110, 111, 112, 113, 114, 115, 117, 118, 123, 124, 125, 126, 127, 128, 129, 130, 131, 133, 134, 135, 136, 137, 138, 140, 141, 143, 147, 151, 152, 154, 155, 157, 158, 159, 161, 162, 164, 165, 166, 167, 168, 169, 170, 172, 174, 176, 177, 178, 179, 180, 183, 186, 188, 190, 191, 192, 193, 195, 196, 198, 199, 200, 201, 202, 204, 207, 208, 210, 211, 213, 214, 215, 219, 222, 224, 227, 229, 230, 231, 232, 233, 234, 235, 236, 237, 241, 243, 245, 246, 249, 253, 254, 255, 256, 257, 258, 260, 263, 264, 265, 266, 267, 268, 269, 272, 274, 275, 276, 277, 278, 279, 280, 281, 285, 286, 287, 288, 291, 292, 294, 296, 297, 298, 299, 300, 302, 305, 307, 308, 309, 310, 311, 314, 316, 318, 319, 325, 326, 328, 329, 330, 331, 332, 333, 335, 336, 339, 340, 341, 342, 343, 344, 347, 348, 350, 353, 356, 357, 358, 360, 363, 364, 365, 370, 371, 372, 373, 374, 378, 381, 383, 384, 388, 390, 391, 393, 394, 395, 396, 397, 399, 400, 401, 403, 404, 405, 406, 412, 416, 417, 418, 419, 420, 421, 426, 427, 429, 430, 431, 432, 433, 434, 439, 440, 442, 443, 444, 445, 447, 448, 449, 450, 454, 457, 458, 460, 462, 463, 465, 466, 467, 468, 469, 470, 471, 472, 473, 474, 476, 478, 479, 481, 485, 486, 489, 491, 492, 495, 502, 504, 505, 506, 508, 509, 511, 512, 513, 515, 518, 520, 521, 522, 524, 525, 526, 527, 528, 531, 534, 535, 537, 540, 541, 542, 543, 545, 546, 547, 548, 549, 551, 552, 555, 556, 558, 559, 560, 562, 564, 565, 569, 575, 576, 577, 579, 581, 584, 586, 587, 588, 589, 590, 591, 592, 594, 595, 596, 598, 599, 600, 602, 604, 606, 607, 611, 612, 613, 614, 616, 617, 618, 620, 622, 625, 626, 627, 628, 629, 630, 633, 634, 635, 636, 638, 639, 640, 641, 642, 643, 646, 647, 648, 649, 651, 654, 657, 659, 661, 663, 664, 666, 667, 668, 669, 670, 671, 673, 674, 677, 680, 681, 682, 683, 684, 685, 686, 687, 688, 689, 690, 693, 694, 696, 697, 700, 701, 703, 704, 706, 707, 708, 709, 711, 712, 716, 717, 718, 719, 720, 721, 722, 723, 724, 725, 726, 727, 731, 733, 734, 735, 736, 739, 741, 742, 743, 744, 746, 748, 753, 754, 755, 757, 758, 759, 760, 762, 764, 765, 766, 767, 768, 769, 770, 772, 774, 777, 779, 781, 782, 784, 788, 789, 790, 791, 793, 794, 795, 798, 799, 800, 801, 802, 806, 808, 809, 811, 813, 814, 817, 818, 819, 820, 821, 822, 823, 825, 826, 827, 830, 832, 835, 839, 840, 842, 847, 848, 850, 851, 853, 854, 856, 857, 858, 861, 862, 865, 866, 867, 868, 870, 872, 873, 875, 876, 877, 878, 879, 880, 882, 884, 886, 887, 888, 889]
[2, 11, 20, 24, 27, 33, 38, 46, 51, 52, 53, 69, 70, 92, 109, 136, 137, 189, 193, 199, 200, 205, 211, 219, 221, 223, 232, 234, 239, 244, 250, 253, 266, 270, 277, 285, 293, 306, 315, 319, 323, 333, 346, 348, 350, 352, 364, 365, 367, 378, 379, 389, 396, 399, 402, 408, 417, 430, 436, 453, 460, 462, 470, 482, 490, 492, 494, 500, 504, 537, 548, 552, 560, 574, 576, 590, 592, 597, 600, 606, 608, 612, 614, 619, 622, 629, 653, 660, 669, 670, 673, 677, 697, 703, 710, 714, 724, 734, 737, 742, 744, 745, 752, 753, 754, 756, 758, 764, 773, 805, 806, 808, 810, 813, 819, 824, 855, 859, 862, 883, 887, 889]

[2, 3, 4, 6, 7, 9, 11, 12, 13, 14, 16, 17, 18, 21, 22, 23, 24, 26, 27, 29, 30, 31, 32, 33, 34, 35, 36, 37, 39, 40, 41, 42, 44, 45, 48, 49, 50, 51, 52, 53, 54, 55, 56, 57, 61, 62, 63, 65, 66, 67, 68, 69, 70, 72, 75, 76, 79, 80, 81, 83, 84, 85, 87, 88, 89, 90, 91, 92, 93, 94, 97, 98, 99, 103, 105, 107, 108, 110, 111, 112, 113, 114, 115, 117, 118, 123, 124, 125, 126, 127, 128, 129, 130, 131, 133, 134, 135, 136, 137, 138, 139, 140, 141, 143, 144, 147, 151, 152, 154, 155, 157, 158, 159, 161, 162, 164, 165, 166, 167, 168, 169, 170, 172, 174, 176, 177, 178, 179, 180, 183, 186, 188, 190, 191, 192, 193, 195, 196, 198, 199, 200, 201, 202, 204, 207, 208, 210, 211, 213, 214, 215, 219, 222, 224, 227, 229, 230, 231, 232, 233, 234, 235, 236, 237, 241, 243, 245, 246, 249, 253, 254, 255, 256, 257, 258, 260, 263, 264, 265, 266, 267, 268, 269, 272, 273, 274, 275, 276, 277, 278, 279, 280, 281, 282, 285, 286, 287, 288, 289, 291, 292, 294, 296, 297, 298, 299, 300, 302, 303, 305, 307, 308, 309, 310, 311, 314, 316, 318, 319, 325, 326, 328, 329, 330, 331, 332, 333, 335, 336, 339, 340, 341, 342, 343, 344, 347, 348, 350, 353, 356, 357, 358, 360, 363, 364, 365, 369, 370, 371, 372, 373, 374, 378, 381, 383, 384, 385, 388, 390, 391, 393, 394, 395, 396, 397, 399, 400, 401, 403, 404, 405, 406, 412, 416, 417, 418, 419, 420, 421, 426, 427, 429, 430, 431, 432, 433, 434, 439, 440, 442, 443, 444, 445, 447, 448, 449, 450, 454, 455, 457, 458, 460, 462, 463, 464, 465, 466, 467, 468, 469, 470, 471, 472, 473, 474, 476, 478, 479, 481, 485, 486, 489, 491, 492, 495, 502, 504, 505, 506, 508, 509, 510, 511, 512, 513, 514, 515, 518, 520, 521, 522, 524, 525, 526, 527, 528, 529, 531, 534, 535, 537, 540, 541, 542, 543, 545, 546, 547, 548, 549, 551, 552, 555, 556, 558, 559, 560, 562, 564, 565, 566, 569, 572, 575, 576, 577, 579, 581, 583, 584, 586, 587, 588, 589, 590, 591, 592, 594, 595, 596, 598, 599, 600, 602, 604, 606, 607, 609, 611, 612, 613, 614, 616, 617, 618, 620, 622, 625, 626, 627, 628, 629, 630, 633, 634, 635, 636, 638, 639, 640, 641, 642, 643, 646, 647, 648, 649, 651, 654, 657, 659, 661, 663, 664, 666, 667, 668, 669, 670, 671, 673, 674, 675, 677, 680, 681, 682, 683, 684, 685, 686, 687, 688, 689, 690, 693, 694, 696, 697, 700, 701, 703, 704, 706, 707, 708, 709, 711, 712, 714, 716, 717, 718, 719, 720, 721, 722, 723, 724, 725, 726, 727, 731, 732, 733, 734, 735, 736, 738, 739, 741, 742, 743, 744, 746, 748, 753, 754, 755, 757, 758, 759, 760, 762, 764, 765, 766, 767, 768, 769, 770, 772, 773, 774, 777, 779, 781, 782, 784, 788, 789, 790, 791, 793, 794, 795, 798, 799, 800, 801, 802, 805, 806, 808, 809, 811, 813, 814, 817, 818, 819, 820, 821, 822, 823, 825, 826, 827, 830, 832, 835, 839, 840, 842, 846, 847, 848, 850, 851, 853, 854, 856, 857, 858, 861, 862, 865, 866, 867, 868, 870, 872, 873, 875, 876, 877, 878, 879, 880, 882, 884, 886, 887, 888, 889]
[2, 11, 20, 24, 27, 33, 38, 46, 51, 52, 53, 69, 70, 92, 109, 136, 137, 189, 193, 199, 200, 205, 211, 219, 221, 223, 232, 234, 239, 244, 250, 253, 266, 270, 277, 285, 293, 306, 315, 319, 323, 333, 346, 348, 350, 352, 364, 365, 367, 378, 379, 389, 396, 399, 402, 408, 417, 430, 436, 453, 460, 462, 470, 482, 490, 492, 494, 500, 504, 537, 548, 552, 560, 574, 576, 590, 592, 597, 600, 606, 608, 612, 614, 619, 622, 629, 653, 660, 669, 670, 673, 677, 697, 703, 710, 714, 724, 734, 737, 742, 744, 745, 752, 753, 754, 756, 758, 764, 773, 805, 806, 808, 810, 813, 819, 824, 855, 859, 862, 883, 887, 889]

[2, 3, 4, 6, 7, 9, 11, 12, 13, 14, 15, 16, 17, 18, 21, 22, 23, 24, 26, 27, 29, 30, 31, 32, 33, 34, 35, 36, 37, 39, 40, 41, 42, 44, 45, 48, 49, 50, 51, 52, 53, 54, 55, 56, 57, 61, 62, 63, 65, 66, 67, 68, 69, 70, 71, 72, 75, 76, 79, 80, 81, 83, 84, 85, 87, 88, 89, 90, 91, 92, 93, 94, 95, 97, 98, 99, 103, 105, 107, 108, 110, 111, 112, 113, 114, 115, 117, 118, 123, 124, 125, 126, 127, 128, 129, 130, 131, 133, 134, 135, 136, 137, 138, 139, 140, 141, 143, 144, 145, 147, 149, 151, 152, 153, 154, 155, 157, 158, 159, 161, 162, 163, 164, 165, 166, 167, 168, 169, 170, 172, 174, 176, 177, 178, 179, 180, 183, 186, 187, 188, 189, 190, 191, 192, 193, 195, 196, 198, 199, 200, 201, 202, 204, 207, 208, 209, 210, 211, 213, 214, 215, 219, 222, 224, 227, 228, 229, 230, 231, 232, 233, 234, 235, 236, 237, 241, 243, 245, 246, 249, 253, 254, 255, 256, 257, 258, 260, 263, 264, 265, 266, 267, 268, 269, 272, 273, 274, 275, 276, 277, 278, 279, 280, 281, 282, 284, 285, 286, 287, 288, 289, 291, 292, 294, 296, 297, 298, 299, 300, 302, 303, 305, 307, 308, 309, 310, 311, 314, 316, 318, 319, 325, 326, 328, 329, 330, 331, 332, 333, 335, 336, 339, 340, 341, 342, 343, 344, 347, 348, 350, 352, 353, 356, 357, 358, 360, 363, 364, 365, 369, 370, 371, 372, 373, 374, 378, 381, 383, 384, 385, 388, 390, 391, 393, 394, 395, 396, 397, 398, 399, 400, 401, 403, 404, 405, 406, 412, 416, 417, 418, 419, 420, 421, 426, 427, 429, 430, 431, 432, 433, 434, 439, 440, 442, 443, 444, 445, 447, 448, 449, 450, 454, 455, 457, 458, 460, 462, 463, 464, 465, 466, 467, 468, 469, 470, 471, 472, 473, 474, 476, 478, 479, 481, 485, 486, 489, 491, 492, 495, 502, 504, 505, 506, 508, 509, 510, 511, 512, 513, 514, 515, 518, 520, 521, 522, 524, 525, 526, 527, 528, 529, 531, 534, 535, 537, 540, 541, 542, 543, 545, 546, 547, 548, 549, 551, 552, 555, 556, 558, 559, 560, 562, 564, 565, 566, 569, 572, 573, 575, 576, 577, 579, 580, 581, 583, 584, 586, 587, 588, 589, 590, 591, 592, 594, 595, 596, 598, 599, 600, 602, 604, 606, 607, 609, 611, 612, 613, 614, 615, 616, 617, 618, 620, 622, 625, 626, 627, 628, 629, 630, 633, 634, 635, 636, 638, 639, 640, 641, 642, 643, 646, 647, 648, 649, 651, 654, 657, 659, 661, 663, 664, 666, 667, 668, 669, 670, 671, 673, 674, 675, 676, 677, 680, 681, 682, 683, 684, 685, 686, 687, 688, 689, 690, 693, 694, 696, 697, 700, 701, 703, 704, 706, 707, 708, 709, 711, 712, 714, 715, 716, 717, 718, 719, 720, 721, 722, 723, 724, 725, 726, 727, 731, 732, 733, 734, 735, 736, 738, 739, 740, 741, 742, 743, 744, 746, 748, 753, 754, 755, 757, 758, 759, 760, 762, 764, 765, 766, 767, 768, 769, 770, 771, 772, 773, 774, 777, 778, 779, 781, 782, 784, 788, 789, 790, 791, 793, 794, 795, 798, 799, 800, 801, 802, 805, 806, 808, 809, 810, 811, 813, 814, 815, 817, 818, 819, 820, 821, 822, 823, 825, 826, 827, 830, 832, 835, 839, 840, 842, 846, 847, 848, 850, 851, 853, 854, 856, 857, 858, 859, 861, 862, 865, 866, 867, 868, 870, 872, 873, 875, 876, 877, 878, 879, 880, 882, 884, 886, 887, 888, 889]
[2, 11, 20, 24, 27, 33, 38, 46, 51, 52, 53, 69, 70, 92, 109, 136, 137, 189, 193, 199, 200, 205, 211, 219, 221, 223, 232, 234, 239, 244, 250, 253, 266, 270, 277, 285, 293, 306, 315, 319, 323, 333, 346, 348, 350, 352, 364, 365, 367, 378, 379, 389, 396, 399, 402, 408, 417, 430, 436, 453, 460, 462, 470, 482, 490, 492, 494, 500, 504, 537, 548, 552, 560, 574, 576, 590, 592, 597, 600, 606, 608, 612, 614, 619, 622, 629, 653, 660, 669, 670, 673, 677, 697, 703, 710, 714, 724, 734, 737, 742, 744, 745, 752, 753, 754, 756, 758, 764, 773, 805, 806, 808, 810, 813, 819, 824, 855, 859, 862, 883, 887, 889]

[2, 3, 4, 6, 7, 9, 11, 12, 13, 14, 15, 16, 17, 18, 21, 22, 23, 24, 26, 27, 29, 30, 31, 32, 33, 34, 35, 36, 37, 39, 40, 41, 42, 44, 45, 47, 48, 49, 50, 51, 52, 53, 54, 55, 56, 57, 61, 62, 63, 65, 66, 67, 68, 69, 70, 71, 72, 75, 76, 79, 80, 81, 83, 84, 85, 87, 88, 89, 90, 91, 92, 93, 94, 95, 97, 98, 99, 101, 103, 105, 107, 108, 110, 111, 112, 113, 114, 115, 117, 118, 123, 124, 125, 126, 127, 128, 129, 130, 131, 133, 134, 135, 136, 137, 138, 139, 140, 141, 143, 144, 145, 147, 149, 151, 152, 153, 154, 155, 157, 158, 159, 161, 162, 163, 164, 165, 166, 167, 168, 169, 170, 171, 172, 174, 176, 177, 178, 179, 180, 183, 186, 187, 188, 189, 190, 191, 192, 193, 194, 195, 196, 198, 199, 200, 201, 202, 204, 207, 208, 209, 210, 211, 212, 213, 214, 215, 219, 222, 223, 224, 227, 228, 229, 230, 231, 232, 233, 234, 235, 236, 237, 241, 243, 245, 246, 249, 250, 253, 254, 255, 256, 257, 258, 260, 263, 264, 265, 266, 267, 268, 269, 271, 272, 273, 274, 275, 276, 277, 278, 279, 280, 281, 282, 284, 285, 286, 287, 288, 289, 291, 292, 294, 296, 297, 298, 299, 300, 302, 303, 305, 307, 308, 309, 310, 311, 314, 316, 318, 319, 325, 326, 328, 329, 330, 331, 332, 333, 335, 336, 339, 340, 341, 342, 343, 344, 347, 348, 350, 352, 353, 356, 357, 358, 360, 363, 364, 365, 368, 369, 370, 371, 372, 373, 374, 375, 378, 381, 383, 384, 385, 388, 389, 390, 391, 393, 394, 395, 396, 397, 398, 399, 400, 401, 402, 403, 404, 405, 406, 411, 412, 416, 417, 418, 419, 420, 421, 425, 426, 427, 429, 430, 431, 432, 433, 434, 439, 440, 442, 443, 444, 445, 447, 448, 449, 450, 451, 454, 455, 457, 458, 460, 462, 463, 464, 465, 466, 467, 468, 469, 470, 471, 472, 473, 474, 476, 478, 479, 481, 485, 486, 489, 491, 492, 495, 499, 502, 504, 505, 506, 508, 509, 510, 511, 512, 513, 514, 515, 518, 520, 521, 522, 524, 525, 526, 527, 528, 529, 531, 532, 534, 535, 537, 540, 541, 542, 543, 545, 546, 547, 548, 549, 551, 552, 555, 556, 558, 559, 560, 562, 564, 565, 566, 569, 572, 573, 575, 576, 577, 579, 580, 581, 583, 584, 586, 587, 588, 589, 590, 591, 592, 594, 595, 596, 598, 599, 600, 602, 604, 606, 607, 609, 611, 612, 613, 614, 615, 616, 617, 618, 620, 622, 625, 626, 627, 628, 629, 630, 633, 634, 635, 636, 638, 639, 640, 641, 642, 643, 646, 647, 648, 649, 651, 654, 657, 659, 661, 663, 664, 666, 667, 668, 669, 670, 671, 673, 674, 675, 676, 677, 680, 681, 682, 683, 684, 685, 686, 687, 688, 689, 690, 693, 694, 696, 697, 700, 701, 703, 704, 705, 706, 707, 708, 709, 710, 711, 712, 714, 715, 716, 717, 718, 719, 720, 721, 722, 723, 724, 725, 726, 727, 731, 732, 733, 734, 735, 736, 738, 739, 740, 741, 742, 743, 744, 746, 748, 753, 754, 755, 757, 758, 759, 760, 762, 764, 765, 766, 767, 768, 769, 770, 771, 772, 773, 774, 777, 778, 779, 781, 782, 784, 785, 786, 788, 789, 790, 791, 793, 794, 795, 798, 799, 800, 801, 802, 803, 804, 805, 806, 808, 809, 810, 811, 813, 814, 815, 816, 817, 818, 819, 820, 821, 822, 823, 825, 826, 827, 830, 832, 835, 837, 839, 840, 842, 846, 847, 848, 850, 851, 853, 854, 856, 857, 858, 859, 861, 862, 865, 866, 867, 868, 870, 872, 873, 875, 876, 877, 878, 879, 880, 882, 884, 886, 887, 888, 889]
[2, 11, 20, 24, 27, 33, 38, 46, 51, 52, 53, 69, 70, 92, 109, 136, 137, 189, 193, 199, 200, 205, 211, 219, 221, 223, 232, 234, 239, 244, 250, 253, 266, 270, 277, 285, 293, 306, 315, 319, 323, 333, 346, 348, 350, 352, 364, 365, 367, 378, 379, 389, 396, 399, 402, 408, 417, 430, 436, 453, 460, 462, 470, 482, 490, 492, 494, 500, 504, 537, 548, 552, 560, 574, 576, 590, 592, 597, 600, 606, 608, 612, 614, 619, 622, 629, 653, 660, 669, 670, 673, 677, 697, 703, 710, 714, 724, 734, 737, 742, 744, 745, 752, 753, 754, 756, 758, 764, 773, 805, 806, 808, 810, 813, 819, 824, 855, 859, 862, 883, 887, 889]

[2, 3, 4, 6, 7, 9, 11, 12, 13, 14, 15, 16, 17, 18, 21, 22, 23, 24, 26, 27, 29, 30, 31, 32, 33, 34, 35, 36, 37, 39, 40, 41, 42, 44, 45, 47, 48, 49, 50, 51, 52, 53, 54, 55, 56, 57, 61, 62, 63, 65, 66, 67, 68, 69, 70, 71, 72, 75, 76, 78, 79, 80, 81, 83, 84, 85, 87, 88, 89, 90, 91, 92, 93, 94, 95, 97, 98, 99, 101, 102, 103, 105, 107, 108, 110, 111, 112, 113, 114, 115, 117, 118, 123, 124, 125, 126, 127, 128, 129, 130, 131, 133, 134, 135, 136, 137, 138, 139, 140, 141, 143, 144, 145, 147, 148, 149, 151, 152, 153, 154, 155, 157, 158, 159, 161, 162, 163, 164, 165, 166, 167, 168, 169, 170, 171, 172, 174, 176, 177, 178, 179, 180, 183, 184, 186, 187, 188, 189, 190, 191, 192, 193, 194, 195, 196, 198, 199, 200, 201, 202, 203, 204, 207, 208, 209, 210, 211, 212, 213, 214, 215, 217, 219, 222, 223, 224, 227, 228, 229, 230, 231, 232, 233, 234, 235, 236, 237, 241, 243, 245, 246, 249, 250, 251, 253, 254, 255, 256, 257, 258, 260, 263, 264, 265, 266, 267, 268, 269, 271, 272, 273, 274, 275, 276, 277, 278, 279, 280, 281, 282, 284, 285, 286, 287, 288, 289, 291, 292, 293, 294, 296, 297, 298, 299, 300, 302, 303, 305, 306, 307, 308, 309, 310, 311, 314, 316, 318, 319, 325, 326, 328, 329, 330, 331, 332, 333, 335, 336, 339, 340, 341, 342, 343, 344, 345, 347, 348, 350, 352, 353, 356, 357, 358, 360, 361, 363, 364, 365, 368, 369, 370, 371, 372, 373, 374, 375, 378, 380, 381, 383, 384, 385, 386, 388, 389, 390, 391, 393, 394, 395, 396, 397, 398, 399, 400, 401, 402, 403, 404, 405, 406, 411, 412, 415, 416, 417, 418, 419, 420, 421, 425, 426, 427, 429, 430, 431, 432, 433, 434, 439, 440, 441, 442, 443, 444, 445, 447, 448, 449, 450, 451, 454, 455, 457, 458, 460, 462, 463, 464, 465, 466, 467, 468, 469, 470, 471, 472, 473, 474, 476, 477, 478, 479, 481, 485, 486, 489, 490, 491, 492, 495, 496, 499, 500, 502, 504, 505, 506, 508, 509, 510, 511, 512, 513, 514, 515, 518, 520, 521, 522, 524, 525, 526, 527, 528, 529, 531, 532, 534, 535, 537, 539, 540, 541, 542, 543, 545, 546, 547, 548, 549, 551, 552, 555, 556, 558, 559, 560, 562, 564, 565, 566, 569, 572, 573, 575, 576, 577, 579, 580, 581, 583, 584, 586, 587, 588, 589, 590, 591, 592, 594, 595, 596, 597, 598, 599, 600, 602, 604, 606, 607, 609, 611, 612, 613, 614, 615, 616, 617, 618, 620, 622, 625, 626, 627, 628, 629, 630, 632, 633, 634, 635, 636, 638, 639, 640, 641, 642, 643, 646, 647, 648, 649, 651, 654, 657, 659, 660, 661, 663, 664, 666, 667, 668, 669, 670, 671, 673, 674, 675, 676, 677, 680, 681, 682, 683, 684, 685, 686, 687, 688, 689, 690, 693, 694, 696, 697, 700, 701, 703, 704, 705, 706, 707, 708, 709, 710, 711, 712, 714, 715, 716, 717, 718, 719, 720, 721, 722, 723, 724, 725, 726, 727, 731, 732, 733, 734, 735, 736, 738, 739, 740, 741, 742, 743, 744, 746, 748, 753, 754, 755, 757, 758, 759, 760, 762, 764, 765, 766, 767, 768, 769, 770, 771, 772, 773, 774, 777, 778, 779, 781, 782, 784, 785, 786, 788, 789, 790, 791, 793, 794, 795, 798, 799, 800, 801, 802, 803, 804, 805, 806, 808, 809, 810, 811, 813, 814, 815, 816, 817, 818, 819, 820, 821, 822, 823, 825, 826, 827, 830, 832, 833, 835, 837, 839, 840, 842, 844, 846, 847, 848, 850, 851, 853, 854, 856, 857, 858, 859, 861, 862, 865, 866, 867, 868, 870, 872, 873, 875, 876, 877, 878, 879, 880, 882, 884, 886, 887, 888, 889]
[2, 11, 20, 24, 27, 33, 38, 46, 51, 52, 53, 69, 70, 92, 109, 136, 137, 189, 193, 199, 200, 205, 211, 219, 221, 223, 232, 234, 239, 244, 250, 253, 266, 270, 277, 285, 293, 306, 315, 319, 323, 333, 346, 348, 350, 352, 364, 365, 367, 378, 379, 389, 396, 399, 402, 408, 417, 430, 436, 453, 460, 462, 470, 482, 490, 492, 494, 500, 504, 537, 548, 552, 560, 574, 576, 590, 592, 597, 600, 606, 608, 612, 614, 619, 622, 629, 653, 660, 669, 670, 673, 677, 697, 703, 710, 714, 724, 734, 737, 742, 744, 745, 752, 753, 754, 756, 758, 764, 773, 805, 806, 808, 810, 813, 819, 824, 855, 859, 862, 883, 887, 889]

[2, 3, 4, 6, 7, 9, 11, 12, 13, 14, 15, 16, 17, 18, 21, 22, 23, 24, 26, 27, 29, 30, 31, 32, 33, 34, 35, 36, 37, 39, 40, 41, 42, 44, 45, 47, 48, 49, 50, 51, 52, 53, 54, 55, 56, 57, 61, 62, 63, 65, 66, 67, 68, 69, 70, 71, 72, 75, 76, 78, 79, 80, 81, 83, 84, 85, 87, 88, 89, 90, 91, 92, 93, 94, 95, 97, 98, 99, 101, 102, 103, 105, 107, 108, 110, 111, 112, 113, 114, 115, 117, 118, 121, 123, 124, 125, 126, 127, 128, 129, 130, 131, 133, 134, 135, 136, 137, 138, 139, 140, 141, 143, 144, 145, 147, 148, 149, 151, 152, 153, 154, 155, 157, 158, 159, 161, 162, 163, 164, 165, 166, 167, 168, 169, 170, 171, 172, 174, 176, 177, 178, 179, 180, 183, 184, 186, 187, 188, 189, 190, 191, 192, 193, 194, 195, 196, 198, 199, 200, 201, 202, 203, 204, 207, 208, 209, 210, 211, 212, 213, 214, 215, 217, 219, 222, 223, 224, 227, 228, 229, 230, 231, 232, 233, 234, 235, 236, 237, 239, 241, 243, 245, 246, 249, 250, 251, 253, 254, 255, 256, 257, 258, 260, 262, 263, 264, 265, 266, 267, 268, 269, 270, 271, 272, 273, 274, 275, 276, 277, 278, 279, 280, 281, 282, 284, 285, 286, 287, 288, 289, 291, 292, 293, 294, 296, 297, 298, 299, 300, 302, 303, 305, 306, 307, 308, 309, 310, 311, 314, 316, 318, 319, 320, 325, 326, 328, 329, 330, 331, 332, 333, 335, 336, 339, 340, 341, 342, 343, 344, 345, 347, 348, 349, 350, 352, 353, 354, 356, 357, 358, 360, 361, 363, 364, 365, 368, 369, 370, 371, 372, 373, 374, 375, 378, 380, 381, 383, 384, 385, 386, 388, 389, 390, 391, 393, 394, 395, 396, 397, 398, 399, 400, 401, 402, 403, 404, 405, 406, 411, 412, 415, 416, 417, 418, 419, 420, 421, 424, 425, 426, 427, 429, 430, 431, 432, 433, 434, 436, 439, 440, 441, 442, 443, 444, 445, 447, 448, 449, 450, 451, 454, 455, 457, 458, 460, 462, 463, 464, 465, 466, 467, 468, 469, 470, 471, 472, 473, 474, 476, 477, 478, 479, 481, 485, 486, 489, 490, 491, 492, 495, 496, 499, 500, 502, 503, 504, 505, 506, 508, 509, 510, 511, 512, 513, 514, 515, 517, 518, 520, 521, 522, 524, 525, 526, 527, 528, 529, 531, 532, 534, 535, 537, 539, 540, 541, 542, 543, 545, 546, 547, 548, 549, 551, 552, 555, 556, 558, 559, 560, 562, 564, 565, 566, 569, 572, 573, 574, 575, 576, 577, 579, 580, 581, 583, 584, 586, 587, 588, 589, 590, 591, 592, 594, 595, 596, 597, 598, 599, 600, 602, 603, 604, 606, 607, 609, 611, 612, 613, 614, 615, 616, 617, 618, 620, 622, 623, 625, 626, 627, 628, 629, 630, 632, 633, 634, 635, 636, 638, 639, 640, 641, 642, 643, 646, 647, 648, 649, 651, 654, 657, 659, 660, 661, 662, 663, 664, 666, 667, 668, 669, 670, 671, 673, 674, 675, 676, 677, 680, 681, 682, 683, 684, 685, 686, 687, 688, 689, 690, 693, 694, 696, 697, 700, 701, 703, 704, 705, 706, 707, 708, 709, 710, 711, 712, 714, 715, 716, 717, 718, 719, 720, 721, 722, 723, 724, 725, 726, 727, 731, 732, 733, 734, 735, 736, 737, 738, 739, 740, 741, 742, 743, 744, 746, 747, 748, 751, 752, 753, 754, 755, 757, 758, 759, 760, 761, 762, 764, 765, 766, 767, 768, 769, 770, 771, 772, 773, 774, 777, 778, 779, 781, 782, 784, 785, 786, 788, 789, 790, 791, 792, 793, 794, 795, 796, 798, 799, 800, 801, 802, 803, 804, 805, 806, 808, 809, 810, 811, 812, 813, 814, 815, 816, 817, 818, 819, 820, 821, 822, 823, 825, 826, 827, 830, 832, 833, 835, 837, 839, 840, 842, 844, 846, 847, 848, 850, 851, 853, 854, 856, 857, 858, 859, 860, 861, 862, 865, 866, 867, 868, 870, 872, 873, 875, 876, 877, 878, 879, 880, 881, 882, 884, 886, 887, 888, 889]
[2, 11, 20, 24, 27, 33, 38, 46, 51, 52, 53, 69, 70, 92, 109, 136, 137, 189, 193, 199, 200, 205, 211, 219, 221, 223, 232, 234, 239, 244, 250, 253, 266, 270, 277, 285, 293, 306, 315, 319, 323, 333, 346, 348, 350, 352, 364, 365, 367, 378, 379, 389, 396, 399, 402, 408, 417, 430, 436, 453, 460, 462, 470, 482, 490, 492, 494, 500, 504, 537, 548, 552, 560, 574, 576, 590, 592, 597, 600, 606, 608, 612, 614, 619, 622, 629, 653, 660, 669, 670, 673, 677, 697, 703, 710, 714, 724, 734, 737, 742, 744, 745, 752, 753, 754, 756, 758, 764, 773, 805, 806, 808, 810, 813, 819, 824, 855, 859, 862, 883, 887, 889]

[2, 3, 4, 6, 7, 8, 9, 11, 12, 13, 14, 15, 16, 17, 18, 20, 21, 22, 23, 24, 26, 27, 29, 30, 31, 32, 33, 34, 35, 36, 37, 39, 40, 41, 42, 44, 45, 47, 48, 49, 50, 51, 52, 53, 54, 55, 56, 57, 61, 62, 63, 65, 66, 67, 68, 69, 70, 71, 72, 75, 76, 78, 79, 80, 81, 83, 84, 85, 87, 88, 89, 90, 91, 92, 93, 94, 95, 97, 98, 99, 101, 102, 103, 105, 107, 108, 110, 111, 112, 113, 114, 115, 117, 118, 121, 123, 124, 125, 126, 127, 128, 129, 130, 131, 133, 134, 135, 136, 137, 138, 139, 140, 141, 142, 143, 144, 145, 147, 148, 149, 150, 151, 152, 153, 154, 155, 157, 158, 159, 161, 162, 163, 164, 165, 166, 167, 168, 169, 170, 171, 172, 174, 176, 177, 178, 179, 180, 183, 184, 186, 187, 188, 189, 190, 191, 192, 193, 194, 195, 196, 197, 198, 199, 200, 201, 202, 203, 204, 207, 208, 209, 210, 211, 212, 213, 214, 215, 216, 217, 219, 222, 223, 224, 227, 228, 229, 230, 231, 232, 233, 234, 235, 236, 237, 239, 241, 243, 245, 246, 249, 250, 251, 253, 254, 255, 256, 257, 258, 260, 262, 263, 264, 265, 266, 267, 268, 269, 270, 271, 272, 273, 274, 275, 276, 277, 278, 279, 280, 281, 282, 284, 285, 286, 287, 288, 289, 290, 291, 292, 293, 294, 296, 297, 298, 299, 300, 302, 303, 305, 306, 307, 308, 309, 310, 311, 314, 316, 318, 319, 320, 325, 326, 328, 329, 330, 331, 332, 333, 335, 336, 339, 340, 341, 342, 343, 344, 345, 347, 348, 349, 350, 352, 353, 354, 356, 357, 358, 360, 361, 363, 364, 365, 368, 369, 370, 371, 372, 373, 374, 375, 378, 380, 381, 382, 383, 384, 385, 386, 388, 389, 390, 391, 392, 393, 394, 395, 396, 397, 398, 399, 400, 401, 402, 403, 404, 405, 406, 411, 412, 415, 416, 417, 418, 419, 420, 421, 424, 425, 426, 427, 429, 430, 431, 432, 433, 434, 436, 439, 440, 441, 442, 443, 444, 445, 447, 448, 449, 450, 451, 454, 455, 457, 458, 459, 460, 462, 463, 464, 465, 466, 467, 468, 469, 470, 471, 472, 473, 474, 475, 476, 477, 478, 479, 481, 485, 486, 489, 490, 491, 492, 495, 496, 497, 499, 500, 501, 502, 503, 504, 505, 506, 508, 509, 510, 511, 512, 513, 514, 515, 517, 518, 520, 521, 522, 524, 525, 526, 527, 528, 529, 531, 532, 534, 535, 537, 539, 540, 541, 542, 543, 545, 546, 547, 548, 549, 551, 552, 555, 556, 558, 559, 560, 562, 564, 565, 566, 569, 572, 573, 574, 575, 576, 577, 579, 580, 581, 583, 584, 586, 587, 588, 589, 590, 591, 592, 594, 595, 596, 597, 598, 599, 600, 602, 603, 604, 605, 606, 607, 609, 611, 612, 613, 614, 615, 616, 617, 618, 620, 622, 623, 625, 626, 627, 628, 629, 630, 632, 633, 634, 635, 636, 637, 638, 639, 640, 641, 642, 643, 646, 647, 648, 649, 650, 651, 653, 654, 657, 659, 660, 661, 662, 663, 664, 666, 667, 668, 669, 670, 671, 673, 674, 675, 676, 677, 679, 680, 681, 682, 683, 684, 685, 686, 687, 688, 689, 690, 693, 694, 696, 697, 698, 700, 701, 703, 704, 705, 706, 707, 708, 709, 710, 711, 712, 714, 715, 716, 717, 718, 719, 720, 721, 722, 723, 724, 725, 726, 727, 729, 731, 732, 733, 734, 735, 736, 737, 738, 739, 740, 741, 742, 743, 744, 746, 747, 748, 751, 752, 753, 754, 755, 757, 758, 759, 760, 761, 762, 764, 765, 766, 767, 768, 769, 770, 771, 772, 773, 774, 777, 778, 779, 781, 782, 784, 785, 786, 788, 789, 790, 791, 792, 793, 794, 795, 796, 798, 799, 800, 801, 802, 803, 804, 805, 806, 808, 809, 810, 811, 812, 813, 814, 815, 816, 817, 818, 819, 820, 821, 822, 823, 825, 826, 827, 830, 832, 833, 835, 836, 837, 839, 840, 842, 844, 846, 847, 848, 850, 851, 852, 853, 854, 856, 857, 858, 859, 860, 861, 862, 863, 865, 866, 867, 868, 869, 870, 871, 872, 873, 875, 876, 877, 878, 879, 880, 881, 882, 884, 886, 887, 888, 889]
[2, 11, 20, 24, 27, 33, 38, 46, 51, 52, 53, 69, 70, 92, 109, 136, 137, 189, 193, 199, 200, 205, 211, 219, 221, 223, 232, 234, 239, 244, 250, 253, 266, 270, 277, 285, 293, 306, 315, 319, 323, 333, 346, 348, 350, 352, 364, 365, 367, 378, 379, 389, 396, 399, 402, 408, 417, 430, 436, 453, 460, 462, 470, 482, 490, 492, 494, 500, 504, 537, 548, 552, 560, 574, 576, 590, 592, 597, 600, 606, 608, 612, 614, 619, 622, 629, 653, 660, 669, 670, 673, 677, 697, 703, 710, 714, 724, 734, 737, 742, 744, 745, 752, 753, 754, 756, 758, 764, 773, 805, 806, 808, 810, 813, 819, 824, 855, 859, 862, 883, 887, 889]

[2, 3, 4, 5, 6, 7, 8, 9, 11, 12, 13, 14, 15, 16, 17, 18, 20, 21, 22, 23, 24, 26, 27, 28, 29, 30, 31, 32, 33, 34, 35, 36, 37, 39, 40, 41, 42, 44, 45, 47, 48, 49, 50, 51, 52, 53, 54, 55, 56, 57, 61, 62, 63, 65, 66, 67, 68, 69, 70, 71, 72, 75, 76, 77, 78, 79, 80, 81, 83, 84, 85, 87, 88, 89, 90, 91, 92, 93, 94, 95, 97, 98, 99, 101, 102, 103, 105, 107, 108, 110, 111, 112, 113, 114, 115, 117, 118, 121, 123, 124, 125, 126, 127, 128, 129, 130, 131, 133, 134, 135, 136, 137, 138, 139, 140, 141, 142, 143, 144, 145, 147, 148, 149, 150, 151, 152, 153, 154, 155, 156, 157, 158, 159, 161, 162, 163, 164, 165, 166, 167, 168, 169, 170, 171, 172, 173, 174, 175, 176, 177, 178, 179, 180, 183, 184, 186, 187, 188, 189, 190, 191, 192, 193, 194, 195, 196, 197, 198, 199, 200, 201, 202, 203, 204, 205, 207, 208, 209, 210, 211, 212, 213, 214, 215, 216, 217, 219, 222, 223, 224, 227, 228, 229, 230, 231, 232, 233, 234, 235, 236, 237, 238, 239, 241, 243, 245, 246, 248, 249, 250, 251, 253, 254, 255, 256, 257, 258, 259, 260, 262, 263, 264, 265, 266, 267, 268, 269, 270, 271, 272, 273, 274, 275, 276, 277, 278, 279, 280, 281, 282, 284, 285, 286, 287, 288, 289, 290, 291, 292, 293, 294, 296, 297, 298, 299, 300, 302, 303, 305, 306, 307, 308, 309, 310, 311, 314, 316, 318, 319, 320, 321, 325, 326, 328, 329, 330, 331, 332, 333, 335, 336, 339, 340, 341, 342, 343, 344, 345, 347, 348, 349, 350, 352, 353, 354, 356, 357, 358, 360, 361, 363, 364, 365, 366, 367, 368, 369, 370, 371, 372, 373, 374, 375, 378, 380, 381, 382, 383, 384, 385, 386, 387, 388, 389, 390, 391, 392, 393, 394, 395, 396, 397, 398, 399, 400, 401, 402, 403, 404, 405, 406, 411, 412, 415, 416, 417, 418, 419, 420, 421, 424, 425, 426, 427, 429, 430, 431, 432, 433, 434, 436, 439, 440, 441, 442, 443, 444, 445, 447, 448, 449, 450, 451, 452, 454, 455, 457, 458, 459, 460, 462, 463, 464, 465, 466, 467, 468, 469, 470, 471, 472, 473, 474, 475, 476, 477, 478, 479, 481, 483, 485, 486, 489, 490, 491, 492, 495, 496, 497, 499, 500, 501, 502, 503, 504, 505, 506, 508, 509, 510, 511, 512, 513, 514, 515, 517, 518, 520, 521, 522, 524, 525, 526, 527, 528, 529, 530, 531, 532, 534, 535, 536, 537, 538, 539, 540, 541, 542, 543, 545, 546, 547, 548, 549, 551, 552, 555, 556, 558, 559, 560, 562, 564, 565, 566, 569, 572, 573, 574, 575, 576, 577, 578, 579, 580, 581, 583, 584, 586, 587, 588, 589, 590, 591, 592, 594, 595, 596, 597, 598, 599, 600, 602, 603, 604, 605, 606, 607, 609, 611, 612, 613, 614, 615, 616, 617, 618, 620, 622, 623, 625, 626, 627, 628, 629, 630, 631, 632, 633, 634, 635, 636, 637, 638, 639, 640, 641, 642, 643, 646, 647, 648, 649, 650, 651, 653, 654, 657, 659, 660, 661, 662, 663, 664, 666, 667, 668, 669, 670, 671, 673, 674, 675, 676, 677, 679, 680, 681, 682, 683, 684, 685, 686, 687, 688, 689, 690, 693, 694, 695, 696, 697, 698, 700, 701, 703, 704, 705, 706, 707, 708, 709, 710, 711, 712, 714, 715, 716, 717, 718, 719, 720, 721, 722, 723, 724, 725, 726, 727, 729, 731, 732, 733, 734, 735, 736, 737, 738, 739, 740, 741, 742, 743, 744, 746, 747, 748, 751, 752, 753, 754, 755, 757, 758, 759, 760, 761, 762, 764, 765, 766, 767, 768, 769, 770, 771, 772, 773, 774, 777, 778, 779, 781, 782, 783, 784, 785, 786, 788, 789, 790, 791, 792, 793, 794, 795, 796, 798, 799, 800, 801, 802, 803, 804, 805, 806, 808, 809, 810, 811, 812, 813, 814, 815, 816, 817, 818, 819, 820, 821, 822, 823, 825, 826, 827, 830, 832, 833, 835, 836, 837, 838, 839, 840, 842, 844, 846, 847, 848, 850, 851, 852, 853, 854, 855, 856, 857, 858, 859, 860, 861, 862, 863, 865, 866, 867, 868, 869, 870, 871, 872, 873, 875, 876, 877, 878, 879, 880, 881, 882, 884, 886, 887, 888, 889]
[2, 11, 20, 24, 27, 33, 38, 46, 51, 52, 53, 69, 70, 92, 109, 136, 137, 189, 193, 199, 200, 205, 211, 219, 221, 223, 232, 234, 239, 244, 250, 253, 266, 270, 277, 285, 293, 306, 315, 319, 323, 333, 346, 348, 350, 352, 364, 365, 367, 378, 379, 389, 396, 399, 402, 408, 417, 430, 436, 453, 460, 462, 470, 482, 490, 492, 494, 500, 504, 537, 548, 552, 560, 574, 576, 590, 592, 597, 600, 606, 608, 612, 614, 619, 622, 629, 653, 660, 669, 670, 673, 677, 697, 703, 710, 714, 724, 734, 737, 742, 744, 745, 752, 753, 754, 756, 758, 764, 773, 805, 806, 808, 810, 813, 819, 824, 855, 859, 862, 883, 887, 889]

[1, 2, 3, 4, 5, 6, 7, 8, 9, 11, 12, 13, 14, 15, 16, 17, 18, 19, 20, 21, 22, 23, 24, 26, 27, 28, 29, 30, 31, 32, 33, 34, 35, 36, 37, 38, 39, 40, 41, 42, 44, 45, 47, 48, 49, 50, 51, 52, 53, 54, 55, 56, 57, 58, 60, 61, 62, 63, 65, 66, 67, 68, 69, 70, 71, 72, 73, 75, 76, 77, 78, 79, 80, 81, 83, 84, 85, 87, 88, 89, 90, 91, 92, 93, 94, 95, 97, 98, 99, 101, 102, 103, 105, 106, 107, 108, 110, 111, 112, 113, 114, 115, 117, 118, 121, 123, 124, 125, 126, 127, 128, 129, 130, 131, 133, 134, 135, 136, 137, 138, 139, 140, 141, 142, 143, 144, 145, 147, 148, 149, 150, 151, 152, 153, 154, 155, 156, 157, 158, 159, 161, 162, 163, 164, 165, 166, 167, 168, 169, 170, 171, 172, 173, 174, 175, 176, 177, 178, 179, 180, 183, 184, 186, 187, 188, 189, 190, 191, 192, 193, 194, 195, 196, 197, 198, 199, 200, 201, 202, 203, 204, 205, 207, 208, 209, 210, 211, 212, 213, 214, 215, 216, 217, 219, 222, 223, 224, 226, 227, 228, 229, 230, 231, 232, 233, 234, 235, 236, 237, 238, 239, 240, 241, 243, 245, 246, 248, 249, 250, 251, 253, 254, 255, 256, 257, 258, 259, 260, 262, 263, 264, 265, 266, 267, 268, 269, 270, 271, 272, 273, 274, 275, 276, 277, 278, 279, 280, 281, 282, 284, 285, 286, 287, 288, 289, 290, 291, 292, 293, 294, 296, 297, 298, 299, 300, 302, 303, 305, 306, 307, 308, 309, 310, 311, 312, 313, 314, 316, 318, 319, 320, 321, 323, 325, 326, 328, 329, 330, 331, 332, 333, 334, 335, 336, 339, 340, 341, 342, 343, 344, 345, 347, 348, 349, 350, 352, 353, 354, 356, 357, 358, 360, 361, 362, 363, 364, 365, 366, 367, 368, 369, 370, 371, 372, 373, 374, 375, 378, 380, 381, 382, 383, 384, 385, 386, 387, 388, 389, 390, 391, 392, 393, 394, 395, 396, 397, 398, 399, 400, 401, 402, 403, 404, 405, 406, 411, 412, 415, 416, 417, 418, 419, 420, 421, 424, 425, 426, 427, 429, 430, 431, 432, 433, 434, 436, 439, 440, 441, 442, 443, 444, 445, 447, 448, 449, 450, 451, 452, 454, 455, 457, 458, 459, 460, 462, 463, 464, 465, 466, 467, 468, 469, 470, 471, 472, 473, 474, 475, 476, 477, 478, 479, 480, 481, 483, 485, 486, 489, 490, 491, 492, 494, 495, 496, 497, 499, 500, 501, 502, 503, 504, 505, 506, 508, 509, 510, 511, 512, 513, 514, 515, 517, 518, 520, 521, 522, 524, 525, 526, 527, 528, 529, 530, 531, 532, 534, 535, 536, 537, 538, 539, 540, 541, 542, 543, 545, 546, 547, 548, 549, 551, 552, 554, 555, 556, 558, 559, 560, 562, 564, 565, 566, 569, 572, 573, 574, 575, 576, 577, 578, 579, 580, 581, 583, 584, 586, 587, 588, 589, 590, 591, 592, 594, 595, 596, 597, 598, 599, 600, 602, 603, 604, 605, 606, 607, 609, 611, 612, 613, 614, 615, 616, 617, 618, 620, 622, 623, 624, 625, 626, 627, 628, 629, 630, 631, 632, 633, 634, 635, 636, 637, 638, 639, 640, 641, 642, 643, 646, 647, 648, 649, 650, 651, 653, 654, 657, 659, 660, 661, 662, 663, 664, 666, 667, 668, 669, 670, 671, 673, 674, 675, 676, 677, 679, 680, 681, 682, 683, 684, 685, 686, 687, 688, 689, 690, 691, 693, 694, 695, 696, 697, 698, 700, 701, 703, 704, 705, 706, 707, 708, 709, 710, 711, 712, 714, 715, 716, 717, 718, 719, 720, 721, 722, 723, 724, 725, 726, 727, 729, 731, 732, 733, 734, 735, 736, 737, 738, 739, 740, 741, 742, 743, 744, 746, 747, 748, 750, 751, 752, 753, 754, 755, 757, 758, 759, 760, 761, 762, 764, 765, 766, 767, 768, 769, 770, 771, 772, 773, 774, 775, 777, 778, 779, 780, 781, 782, 783, 784, 785, 786, 788, 789, 790, 791, 792, 793, 794, 795, 796, 797, 798, 799, 800, 801, 802, 803, 804, 805, 806, 808, 809, 810, 811, 812, 813, 814, 815, 816, 817, 818, 819, 820, 821, 822, 823, 824, 825, 826, 827, 829, 830, 832, 833, 835, 836, 837, 838, 839, 840, 842, 844, 846, 847, 848, 850, 851, 852, 853, 854, 855, 856, 857, 858, 859, 860, 861, 862, 863, 865, 866, 867, 868, 869, 870, 871, 872, 873, 875, 876, 877, 878, 879, 880, 881, 882, 884, 886, 887, 888, 889]
[2, 11, 20, 24, 27, 33, 38, 46, 51, 52, 53, 69, 70, 92, 109, 136, 137, 189, 193, 199, 200, 205, 211, 219, 221, 223, 232, 234, 239, 244, 250, 253, 266, 270, 277, 285, 293, 306, 315, 319, 323, 333, 346, 348, 350, 352, 364, 365, 367, 378, 379, 389, 396, 399, 402, 408, 417, 430, 436, 453, 460, 462, 470, 482, 490, 492, 494, 500, 504, 537, 548, 552, 560, 574, 576, 590, 592, 597, 600, 606, 608, 612, 614, 619, 622, 629, 653, 660, 669, 670, 673, 677, 697, 703, 710, 714, 724, 734, 737, 742, 744, 745, 752, 753, 754, 756, 758, 764, 773, 805, 806, 808, 810, 813, 819, 824, 855, 859, 862, 883, 887, 889]

[1, 2, 3, 4, 5, 6, 7, 8, 9, 11, 12, 13, 14, 15, 16, 17, 18, 19, 20, 21, 22, 23, 24, 25, 26, 27, 28, 29, 30, 31, 32, 33, 34, 35, 36, 37, 38, 39, 40, 41, 42, 44, 45, 47, 48, 49, 50, 51, 52, 53, 54, 55, 56, 57, 58, 60, 61, 62, 63, 64, 65, 66, 67, 68, 69, 70, 71, 72, 73, 75, 76, 77, 78, 79, 80, 81, 83, 84, 85, 87, 88, 89, 90, 91, 92, 93, 94, 95, 97, 98, 99, 101, 102, 103, 105, 106, 107, 108, 110, 111, 112, 113, 114, 115, 117, 118, 121, 123, 124, 125, 126, 127, 128, 129, 130, 131, 132, 133, 134, 135, 136, 137, 138, 139, 140, 141, 142, 143, 144, 145, 147, 148, 149, 150, 151, 152, 153, 154, 155, 156, 157, 158, 159, 161, 162, 163, 164, 165, 166, 167, 168, 169, 170, 171, 172, 173, 174, 175, 176, 177, 178, 179, 180, 182, 183, 184, 186, 187, 188, 189, 190, 191, 192, 193, 194, 195, 196, 197, 198, 199, 200, 201, 202, 203, 204, 205, 206, 207, 208, 209, 210, 211, 212, 213, 214, 215, 216, 217, 219, 222, 223, 224, 225, 226, 227, 228, 229, 230, 231, 232, 233, 234, 235, 236, 237, 238, 239, 240, 241, 243, 245, 246, 248, 249, 250, 251, 252, 253, 254, 255, 256, 257, 258, 259, 260, 261, 262, 263, 264, 265, 266, 267, 268, 269, 270, 271, 272, 273, 274, 275, 276, 277, 278, 279, 280, 281, 282, 284, 285, 286, 287, 288, 289, 290, 291, 292, 293, 294, 296, 297, 298, 299, 300, 302, 303, 305, 306, 307, 308, 309, 310, 311, 312, 313, 314, 316, 317, 318, 319, 320, 321, 322, 323, 325, 326, 328, 329, 330, 331, 332, 333, 334, 335, 336, 339, 340, 341, 342, 343, 344, 345, 347, 348, 349, 350, 352, 353, 354, 355, 356, 357, 358, 360, 361, 362, 363, 364, 365, 366, 367, 368, 369, 370, 371, 372, 373, 374, 375, 378, 379, 380, 381, 382, 383, 384, 385, 386, 387, 388, 389, 390, 391, 392, 393, 394, 395, 396, 397, 398, 399, 400, 401, 402, 403, 404, 405, 406, 410, 411, 412, 415, 416, 417, 418, 419, 420, 421, 424, 425, 426, 427, 429, 430, 431, 432, 433, 434, 436, 439, 440, 441, 442, 443, 444, 445, 447, 448, 449, 450, 451, 452, 454, 455, 457, 458, 459, 460, 462, 463, 464, 465, 466, 467, 468, 469, 470, 471, 472, 473, 474, 475, 476, 477, 478, 479, 480, 481, 482, 483, 485, 486, 489, 490, 491, 492, 494, 495, 496, 497, 499, 500, 501, 502, 503, 504, 505, 506, 508, 509, 510, 511, 512, 513, 514, 515, 517, 518, 520, 521, 522, 524, 525, 526, 527, 528, 529, 530, 531, 532, 534, 535, 536, 537, 538, 539, 540, 541, 542, 543, 545, 546, 547, 548, 549, 551, 552, 554, 555, 556, 557, 558, 559, 560, 561, 562, 564, 565, 566, 568, 569, 572, 573, 574, 575, 576, 577, 578, 579, 580, 581, 583, 584, 586, 587, 588, 589, 590, 591, 592, 593, 594, 595, 596, 597, 598, 599, 600, 602, 603, 604, 605, 606, 607, 609, 611, 612, 613, 614, 615, 616, 617, 618, 620, 622, 623, 624, 625, 626, 627, 628, 629, 630, 631, 632, 633, 634, 635, 636, 637, 638, 639, 640, 641, 642, 643, 646, 647, 648, 649, 650, 651, 653, 654, 657, 659, 660, 661, 662, 663, 664, 666, 667, 668, 669, 670, 671, 673, 674, 675, 676, 677, 679, 680, 681, 682, 683, 684, 685, 686, 687, 688, 689, 690, 691, 693, 694, 695, 696, 697, 698, 700, 701, 703, 704, 705, 706, 707, 708, 709, 710, 711, 712, 713, 714, 715, 716, 717, 718, 719, 720, 721, 722, 723, 724, 725, 726, 727, 728, 729, 731, 732, 733, 734, 735, 736, 737, 738, 739, 740, 741, 742, 743, 744, 745, 746, 747, 748, 749, 750, 751, 752, 753, 754, 755, 757, 758, 759, 760, 761, 762, 764, 765, 766, 767, 768, 769, 770, 771, 772, 773, 774, 775, 776, 777, 778, 779, 780, 781, 782, 783, 784, 785, 786, 788, 789, 790, 791, 792, 793, 794, 795, 796, 797, 798, 799, 800, 801, 802, 803, 804, 805, 806, 808, 809, 810, 811, 812, 813, 814, 815, 816, 817, 818, 819, 820, 821, 822, 823, 824, 825, 826, 827, 829, 830, 832, 833, 834, 835, 836, 837, 838, 839, 840, 842, 844, 846, 847, 848, 850, 851, 852, 853, 854, 855, 856, 857, 858, 859, 860, 861, 862, 863, 865, 866, 867, 868, 869, 870, 871, 872, 873, 875, 876, 877, 878, 879, 880, 881, 882, 884, 886, 887, 888, 889]
[2, 11, 20, 24, 27, 33, 38, 46, 51, 52, 53, 69, 70, 92, 109, 136, 137, 189, 193, 199, 200, 205, 211, 219, 221, 223, 232, 234, 239, 244, 250, 253, 266, 270, 277, 285, 293, 306, 315, 319, 323, 333, 346, 348, 350, 352, 364, 365, 367, 378, 379, 389, 396, 399, 402, 408, 417, 430, 436, 453, 460, 462, 470, 482, 490, 492, 494, 500, 504, 537, 548, 552, 560, 574, 576, 590, 592, 597, 600, 606, 608, 612, 614, 619, 622, 629, 653, 660, 669, 670, 673, 677, 697, 703, 710, 714, 724, 734, 737, 742, 744, 745, 752, 753, 754, 756, 758, 764, 773, 805, 806, 808, 810, 813, 819, 824, 855, 859, 862, 883, 887, 889]

