[9, 27, 55, 113, 190, 199, 268, 282, 303, 306, 343, 351, 408, 423, 499, 526, 528, 576, 597, 698, 828, 843]
[142, 154, 195, 237, 334, 347, 381, 388, 402, 413, 431, 518, 577, 614, 670, 702, 749, 793, 801, 807, 853, 889]

[9, 27, 55, 113, 190, 199, 268, 282, 303, 306, 343, 351, 408, 423, 499, 526, 528, 576, 597, 698, 828, 843]
[3, 10, 23, 44, 45, 53, 72, 74, 77, 80, 84, 85, 96, 106, 108, 115, 137, 139, 142, 154, 157, 172, 195, 196, 197, 200, 211, 212, 218, 224, 229, 237, 238, 250, 254, 272, 284, 291, 293, 296, 304, 305, 310, 330, 334, 347, 358, 364, 376, 377, 381, 382, 384, 388, 402, 410, 413, 426, 429, 431, 437, 444, 445, 455, 456, 466, 468, 472, 505, 506, 518, 557, 560, 577, 582, 613, 614, 618, 627, 629, 645, 651, 668, 669, 670, 673, 677, 683, 685, 690, 692, 702, 708, 711, 719, 725, 735, 738, 748, 749, 750, 754, 755, 757, 762, 763, 777, 778, 782, 792, 793, 801, 807, 808, 831, 852, 853, 861, 885, 886, 887, 889]

[9, 27, 55, 57, 113, 159, 169, 171, 190, 195, 199, 216, 223, 235, 252, 268, 282, 294, 303, 306, 343, 351, 353, 383, 408, 423, 433, 455, 499, 502, 508, 526, 528, 540, 570, 576, 597, 672, 685, 688, 698, 702, 757, 828, 843, 850, 870]
[3, 10, 23, 44, 45, 53, 72, 74, 77, 80, 84, 85, 96, 106, 108, 115, 137, 139, 142, 154, 157, 172, 195, 196, 197, 200, 211, 212, 218, 224, 229, 237, 238, 250, 254, 272, 284, 291, 293, 296, 304, 305, 310, 330, 334, 347, 358, 364, 376, 377, 381, 382, 384, 388, 402, 410, 413, 426, 429, 431, 437, 444, 445, 455, 456, 466, 468, 472, 505, 506, 518, 557, 560, 577, 582, 613, 614, 618, 627, 629, 645, 651, 668, 669, 670, 673, 677, 683, 685, 690, 692, 702, 708, 711, 719, 725, 735, 738, 748, 749, 750, 754, 755, 757, 762, 763, 777, 778, 782, 792, 793, 801, 807, 808, 831, 852, 853, 861, 885, 886, 887, 889]

[9, 12, 19, 27, 55, 57, 83, 86, 108, 110, 113, 159, 169, 171, 175, 189, 190, 195, 199, 211, 216, 223, 235, 252, 268, 282, 294, 303, 306, 312, 343, 351, 353, 370, 383, 408, 415, 423, 433, 455, 482, 499, 502, 508, 526, 528, 540, 570, 576, 587, 597, 621, 627, 632, 672, 675, 685, 688, 689, 698, 702, 705, 719, 757, 769, 828, 836, 843, 850, 857, 870, 881]
[3, 10, 23, 44, 45, 53, 72, 74, 77, 80, 84, 85, 96, 106, 108, 115, 137, 139, 142, 154, 157, 172, 195, 196, 197, 200, 211, 212, 218, 224, 229, 237, 238, 250, 254, 272, 284, 291, 293, 296, 304, 305, 310, 330, 334, 347, 358, 364, 376, 377, 381, 382, 384, 388, 402, 410, 413, 426, 429, 431, 437, 444, 445, 455, 456, 466, 468, 472, 505, 506, 518, 557, 560, 577, 582, 613, 614, 618, 627, 629, 645, 651, 668, 669, 670, 673, 677, 683, 685, 690, 692, 702, 708, 711, 719, 725, 735, 738, 748, 749, 750, 754, 755, 757, 762, 763, 777, 778, 782, 792, 793, 801, 807, 808, 831, 852, 853, 861, 885, 886, 887, 889]

[7, 8, 9, 12, 19, 27, 47, 55, 57, 64, 83, 86, 108, 110, 113, 159, 165, 169, 171, 175, 189, 190, 195, 199, 200, 211, 216, 223, 224, 235, 252, 268, 282, 294, 303, 306, 312, 343, 351, 353, 356, 364, 370, 383, 408, 413, 415, 423, 433, 436, 453, 455, 482, 499, 502, 508, 513, 526, 528, 540, 570, 576, 587, 596, 597, 621, 627, 632, 659, 664, 672, 675, 685, 688, 689, 692, 698, 702, 705, 706, 719, 736, 757, 763, 769, 800, 822, 828, 833, 836, 843, 850, 852, 856, 857, 870, 881]
[3, 10, 23, 44, 45, 53, 72, 74, 77, 80, 84, 85, 96, 106, 108, 115, 137, 139, 142, 154, 157, 172, 195, 196, 197, 200, 211, 212, 218, 224, 229, 237, 238, 250, 254, 272, 284, 291, 293, 296, 304, 305, 310, 330, 334, 347, 358, 364, 376, 377, 381, 382, 384, 388, 402, 410, 413, 426, 429, 431, 437, 444, 445, 455, 456, 466, 468, 472, 505, 506, 518, 557, 560, 577, 582, 613, 614, 618, 627, 629, 645, 651, 668, 669, 670, 673, 677, 683, 685, 690, 692, 702, 708, 711, 719, 725, 735, 738, 748, 749, 750, 754, 755, 757, 762, 763, 777, 778, 782, 792, 793, 801, 807, 808, 831, 852, 853, 861, 885, 886, 887, 889]

[6, 7, 8, 9, 12, 19, 27, 44, 45, 47, 50, 55, 57, 64, 71, 83, 86, 101, 108, 110, 113, 119, 159, 165, 169, 171, 175, 189, 190, 195, 199, 200, 211, 216, 223, 224, 234, 235, 252, 268, 280, 282, 289, 291, 294, 303, 306, 312, 324, 343, 351, 353, 356, 364, 370, 383, 408, 413, 415, 423, 433, 436, 448, 453, 455, 482, 499, 502, 508, 513, 518, 526, 528, 540, 543, 570, 572, 576, 587, 596, 597, 599, 621, 627, 632, 659, 664, 666, 672, 675, 685, 688, 689, 692, 698, 702, 705, 706, 707, 719, 736, 757, 758, 763, 769, 771, 772, 785, 796, 800, 822, 828, 830, 833, 835, 836, 843, 850, 852, 856, 857, 867, 870, 881]
[3, 10, 23, 44, 45, 53, 72, 74, 77, 80, 84, 85, 96, 106, 108, 115, 137, 139, 142, 154, 157, 172, 195, 196, 197, 200, 211, 212, 218, 224, 229, 237, 238, 250, 254, 272, 284, 291, 293, 296, 304, 305, 310, 330, 334, 347, 358, 364, 376, 377, 381, 382, 384, 388, 402, 410, 413, 426, 429, 431, 437, 444, 445, 455, 456, 466, 468, 472, 505, 506, 518, 557, 560, 577, 582, 613, 614, 618, 627, 629, 645, 651, 668, 669, 670, 673, 677, 683, 685, 690, 692, 702, 708, 711, 719, 725, 735, 738, 748, 749, 750, 754, 755, 757, 762, 763, 777, 778, 782, 792, 793, 801, 807, 808, 831, 852, 853, 861, 885, 886, 887, 889]

[1, 6, 7, 8, 9, 12, 19, 27, 44, 45, 47, 50, 55, 57, 59, 62, 64, 71, 72, 77, 83, 86, 101, 108, 110, 113, 119, 134, 136, 159, 165, 169, 171, 175, 189, 190, 195, 199, 200, 211, 216, 223, 224, 234, 235, 252, 265, 268, 280, 282, 289, 291, 294, 303, 306, 312, 313, 324, 343, 351, 353, 356, 364, 370, 383, 408, 409, 411, 413, 415, 423, 433, 436, 448, 453, 455, 482, 485, 499, 502, 508, 513, 518, 526, 528, 540, 543, 547, 554, 570, 572, 576, 577, 582, 587, 589, 596, 597, 599, 614, 621, 627, 632, 648, 659, 661, 664, 666, 672, 674, 675, 685, 686, 688, 689, 692, 696, 698, 702, 705, 706, 707, 719, 736, 757, 758, 763, 769, 771, 772, 785, 796, 800, 807, 822, 825, 828, 830, 833, 835, 836, 839, 843, 850, 852, 856, 857, 867, 870, 881, 882]
[3, 10, 23, 44, 45, 53, 72, 74, 77, 80, 84, 85, 96, 106, 108, 115, 137, 139, 142, 154, 157, 172, 195, 196, 197, 200, 211, 212, 218, 224, 229, 237, 238, 250, 254, 272, 284, 291, 293, 296, 304, 305, 310, 330, 334, 347, 358, 364, 376, 377, 381, 382, 384, 388, 402, 410, 413, 426, 429, 431, 437, 444, 445, 455, 456, 466, 468, 472, 505, 506, 518, 557, 560, 577, 582, 613, 614, 618, 627, 629, 645, 651, 668, 669, 670, 673, 677, 683, 685, 690, 692, 702, 708, 711, 719, 725, 735, 738, 748, 749, 750, 754, 755, 757, 762, 763, 777, 778, 782, 792, 793, 801, 807, 808, 831, 852, 853, 861, 885, 886, 887, 889]

[0, 1, 6, 7, 8, 9, 12, 19, 27, 33, 44, 45, 47, 50, 55, 57, 59, 62, 63, 64, 71, 72, 77, 83, 86, 101, 108, 110, 113, 119, 134, 136, 159, 165, 169, 171, 175, 189, 190, 195, 199, 200, 205, 207, 211, 216, 223, 224, 234, 235, 241, 250, 252, 260, 265, 268, 280, 282, 289, 290, 291, 294, 303, 306, 312, 313, 324, 343, 344, 351, 353, 356, 364, 370, 377, 382, 383, 408, 409, 411, 413, 415, 423, 430, 433, 436, 448, 453, 455, 472, 474, 482, 485, 488, 491, 499, 502, 508, 513, 514, 518, 521, 526, 528, 540, 543, 547, 554, 570, 572, 576, 577, 582, 584, 587, 589, 596, 597, 599, 606, 614, 621, 627, 632, 638, 648, 659, 660, 661, 664, 666, 672, 674, 675, 676, 685, 686, 688, 689, 692, 696, 697, 698, 702, 705, 706, 707, 719, 723, 735, 736, 739, 754, 757, 758, 763, 764, 769, 771, 772, 785, 796, 800, 807, 822, 825, 828, 830, 833, 835, 836, 839, 843, 850, 852, 856, 857, 867, 870, 880, 881, 882]
[3, 10, 23, 44, 45, 53, 72, 74, 77, 80, 84, 85, 96, 106, 108, 115, 137, 139, 142, 154, 157, 172, 195, 196, 197, 200, 211, 212, 218, 224, 229, 237, 238, 250, 254, 272, 284, 291, 293, 296, 304, 305, 310, 330, 334, 347, 358, 364, 376, 377, 381, 382, 384, 388, 402, 410, 413, 426, 429, 431, 437, 444, 445, 455, 456, 466, 468, 472, 505, 506, 518, 557, 560, 577, 582, 613, 614, 618, 627, 629, 645, 651, 668, 669, 670, 673, 677, 683, 685, 690, 692, 702, 708, 711, 719, 725, 735, 738, 748, 749, 750, 754, 755, 757, 762, 763, 777, 778, 782, 792, 793, 801, 807, 808, 831, 852, 853, 861, 885, 886, 887, 889]

[0, 1, 5, 6, 7, 8, 9, 10, 12, 18, 19, 27, 33, 44, 45, 47, 50, 55, 57, 59, 61, 62, 63, 64, 71, 72, 77, 83, 86, 101, 104, 108, 110, 113, 119, 134, 136, 145, 159, 165, 166, 169, 171, 175, 189, 190, 195, 199, 200, 205, 207, 211, 216, 223, 224, 234, 235, 241, 250, 252, 260, 265, 268, 280, 282, 289, 290, 291, 294, 302, 303, 306, 312, 313, 324, 343, 344, 347, 351, 353, 356, 361, 362, 364, 370, 377, 382, 383, 389, 408, 409, 411, 413, 415, 423, 430, 433, 436, 448, 453, 455, 460, 472, 474, 482, 485, 488, 491, 494, 499, 502, 505, 508, 513, 514, 518, 521, 526, 528, 540, 543, 547, 554, 555, 570, 572, 576, 577, 582, 584, 587, 589, 596, 597, 599, 601, 606, 614, 621, 627, 631, 632, 638, 648, 653, 659, 660, 661, 664, 666, 670, 672, 674, 675, 676, 685, 686, 688, 689, 692, 696, 697, 698, 702, 705, 706, 707, 714, 718, 719, 723, 725, 735, 736, 738, 739, 750, 754, 757, 758, 763, 764, 769, 771, 772, 784, 785, 796, 800, 807, 816, 822, 825, 828, 830, 833, 835, 836, 839, 843, 850, 852, 856, 857, 867, 870, 880, 881, 882, 884]
[3, 10, 23, 44, 45, 53, 72, 74, 77, 80, 84, 85, 96, 106, 108, 115, 137, 139, 142, 154, 157, 172, 195, 196, 197, 200, 211, 212, 218, 224, 229, 237, 238, 250, 254, 272, 284, 291, 293, 296, 304, 305, 310, 330, 334, 347, 358, 364, 376, 377, 381, 382, 384, 388, 402, 410, 413, 426, 429, 431, 437, 444, 445, 455, 456, 466, 468, 472, 505, 506, 518, 557, 560, 577, 582, 613, 614, 618, 627, 629, 645, 651, 668, 669, 670, 673, 677, 683, 685, 690, 692, 702, 708, 711, 719, 725, 735, 738, 748, 749, 750, 754, 755, 757, 762, 763, 777, 778, 782, 792, 793, 801, 807, 808, 831, 852, 853, 861, 885, 886, 887, 889]

[0, 1, 5, 6, 7, 8, 9, 10, 12, 18, 19, 22, 27, 33, 38, 44, 45, 47, 50, 52, 55, 57, 59, 61, 62, 63, 64, 71, 72, 75, 77, 83, 86, 87, 101, 104, 108, 110, 113, 119, 123, 134, 136, 145, 154, 159, 165, 166, 169, 171, 175, 186, 189, 190, 195, 199, 200, 205, 207, 211, 216, 223, 224, 234, 235, 241, 250, 252, 260, 265, 268, 280, 282, 289, 290, 291, 294, 295, 300, 302, 303, 306, 312, 313, 324, 333, 343, 344, 347, 349, 351, 353, 356, 361, 362, 364, 370, 377, 382, 383, 389, 408, 409, 411, 413, 415, 423, 430, 431, 433, 436, 446, 448, 453, 455, 460, 468, 472, 474, 482, 485, 488, 490, 491, 494, 498, 499, 502, 505, 508, 513, 514, 518, 521, 526, 528, 540, 543, 547, 554, 555, 556, 570, 572, 576, 577, 582, 584, 587, 589, 596, 597, 599, 601, 606, 614, 621, 627, 631, 632, 637, 638, 640, 648, 653, 654, 659, 660, 661, 664, 666, 670, 672, 674, 675, 676, 685, 686, 688, 689, 692, 696, 697, 698, 699, 702, 705, 706, 707, 714, 718, 719, 723, 725, 727, 735, 736, 738, 739, 750, 754, 757, 758, 763, 764, 769, 771, 772, 775, 784, 785, 796, 800, 807, 814, 816, 822, 825, 828, 830, 833, 835, 836, 839, 843, 850, 852, 856, 857, 867, 870, 880, 881, 882, 884]
[3, 10, 23, 44, 45, 53, 72, 74, 77, 80, 84, 85, 96, 106, 108, 115, 137, 139, 142, 154, 157, 172, 195, 196, 197, 200, 211, 212, 218, 224, 229, 237, 238, 250, 254, 272, 284, 291, 293, 296, 304, 305, 310, 330, 334, 347, 358, 364, 376, 377, 381, 382, 384, 388, 402, 410, 413, 426, 429, 431, 437, 444, 445, 455, 456, 466, 468, 472, 505, 506, 518, 557, 560, 577, 582, 613, 614, 618, 627, 629, 645, 651, 668, 669, 670, 673, 677, 683, 685, 690, 692, 702, 708, 711, 719, 725, 735, 738, 748, 749, 750, 754, 755, 757, 762, 763, 777, 778, 782, 792, 793, 801, 807, 808, 831, 852, 853, 861, 885, 886, 887, 889]

[0, 1, 5, 6, 7, 8, 9, 10, 12, 18, 19, 21, 22, 27, 33, 38, 44, 45, 47, 49, 50, 52, 55, 57, 59, 60, 61, 62, 63, 64, 71, 72, 75, 77, 83, 86, 87, 101, 104, 108, 110, 113, 117, 119, 123, 134, 136, 145, 154, 159, 165, 166, 169, 171, 175, 186, 187, 189, 190, 195, 199, 200, 203, 205, 207, 211, 216, 223, 224, 234, 235, 241, 243, 250, 252, 253, 257, 260, 265, 268, 280, 282, 287, 289, 290, 291, 294, 295, 300, 302, 303, 304, 306, 312, 313, 324, 333, 343, 344, 347, 349, 351, 353, 356, 360, 361, 362, 364, 370, 377, 382, 383, 389, 408, 409, 411, 413, 415, 418, 423, 430, 431, 433, 436, 446, 448, 453, 455, 460, 468, 472, 474, 482, 485, 488, 490, 491, 494, 498, 499, 502, 505, 508, 511, 513, 514, 518, 521, 522, 526, 528, 540, 543, 547, 553, 554, 555, 556, 570, 572, 576, 577, 582, 584, 587, 589, 596, 597, 599, 601, 606, 614, 621, 627, 631, 632, 637, 638, 640, 648, 653, 654, 659, 660, 661, 664, 666, 668, 670, 671, 672, 674, 675, 676, 685, 686, 688, 689, 692, 696, 697, 698, 699, 702, 705, 706, 707, 714, 717, 718, 719, 723, 725, 727, 731, 735, 736, 738, 739, 744, 750, 754, 757, 758, 763, 764, 769, 771, 772, 775, 784, 785, 790, 796, 800, 807, 814, 816, 822, 825, 828, 830, 833, 835, 836, 839, 841, 843, 850, 852, 856, 857, 867, 870, 879, 880, 881, 882, 884, 886]
[3, 10, 23, 44, 45, 53, 72, 74, 77, 80, 84, 85, 96, 106, 108, 115, 137, 139, 142, 154, 157, 172, 195, 196, 197, 200, 211, 212, 218, 224, 229, 237, 238, 250, 254, 272, 284, 291, 293, 296, 304, 305, 310, 330, 334, 347, 358, 364, 376, 377, 381, 382, 384, 388, 402, 410, 413, 426, 429, 431, 437, 444, 445, 455, 456, 466, 468, 472, 505, 506, 518, 557, 560, 577, 582, 613, 614, 618, 627, 629, 645, 651, 668, 669, 670, 673, 677, 683, 685, 690, 692, 702, 708, 711, 719, 725, 735, 738, 748, 749, 750, 754, 755, 757, 762, 763, 777, 778, 782, 792, 793, 801, 807, 808, 831, 852, 853, 861, 885, 886, 887, 889]

[0, 1, 2, 5, 6, 7, 8, 9, 10, 12, 18, 19, 21, 22, 27, 33, 38, 44, 45, 47, 49, 50, 52, 55, 57, 59, 60, 61, 62, 63, 64, 71, 72, 75, 77, 83, 86, 87, 101, 104, 108, 110, 113, 117, 119, 123, 134, 136, 145, 154, 159, 165, 166, 169, 171, 172, 175, 184, 186, 187, 189, 190, 195, 196, 199, 200, 203, 205, 207, 211, 216, 221, 223, 224, 234, 235, 241, 243, 250, 252, 253, 257, 258, 260, 265, 268, 276, 280, 282, 287, 289, 290, 291, 294, 295, 300, 302, 303, 304, 306, 312, 313, 324, 333, 341, 343, 344, 347, 348, 349, 351, 353, 356, 360, 361, 362, 364, 370, 377, 382, 383, 389, 390, 408, 409, 411, 413, 415, 418, 423, 426, 428, 429, 430, 431, 433, 436, 446, 448, 453, 455, 460, 463, 468, 472, 474, 482, 485, 488, 490, 491, 494, 498, 499, 502, 505, 508, 511, 513, 514, 518, 521, 522, 526, 528, 535, 540, 543, 544, 547, 553, 554, 555, 556, 564, 565, 570, 572, 576, 577, 582, 584, 585, 587, 589, 596, 597, 599, 601, 606, 609, 614, 618, 621, 627, 631, 632, 637, 638, 640, 648, 653, 654, 659, 660, 661, 664, 666, 668, 670, 671, 672, 674, 675, 676, 685, 686, 688, 689, 692, 696, 697, 698, 699, 702, 705, 706, 707, 714, 717, 718, 719, 723, 724, 725, 727, 728, 731, 735, 736, 738, 739, 744, 750, 754, 757, 758, 763, 764, 769, 771, 772, 775, 784, 785, 790, 796, 800, 807, 813, 814, 816, 822, 825, 828, 830, 833, 835, 836, 839, 841, 843, 850, 852, 856, 857, 861, 867, 870, 879, 880, 881, 882, 884, 886]
[3, 10, 23, 44, 45, 53, 72, 74, 77, 80, 84, 85, 96, 106, 108, 115, 137, 139, 142, 154, 157, 172, 195, 196, 197, 200, 211, 212, 218, 224, 229, 237, 238, 250, 254, 272, 284, 291, 293, 296, 304, 305, 310, 330, 334, 347, 358, 364, 376, 377, 381, 382, 384, 388, 402, 410, 413, 426, 429, 431, 437, 444, 445, 455, 456, 466, 468, 472, 505, 506, 518, 557, 560, 577, 582, 613, 614, 618, 627, 629, 645, 651, 668, 669, 670, 673, 677, 683, 685, 690, 692, 702, 708, 711, 719, 725, 735, 738, 748, 749, 750, 754, 755, 757, 762, 763, 777, 778, 782, 792, 793, 801, 807, 808, 831, 852, 853, 861, 885, 886, 887, 889]

[0, 1, 2, 5, 6, 7, 8, 9, 10, 12, 14, 18, 19, 21, 22, 27, 33, 38, 44, 45, 47, 49, 50, 51, 52, 55, 57, 59, 60, 61, 62, 63, 64, 71, 72, 74, 75, 77, 83, 86, 87, 101, 104, 108, 110, 113, 117, 119, 123, 134, 136, 145, 154, 159, 165, 166, 169, 171, 172, 175, 184, 186, 187, 189, 190, 195, 196, 199, 200, 203, 205, 207, 211, 213, 216, 221, 223, 224, 234, 235, 241, 243, 250, 252, 253, 257, 258, 260, 265, 268, 276, 280, 282, 287, 289, 290, 291, 294, 295, 300, 302, 303, 304, 306, 308, 312, 313, 318, 324, 333, 341, 343, 344, 347, 348, 349, 351, 353, 356, 360, 361, 362, 363, 364, 366, 370, 371, 377, 381, 382, 383, 389, 390, 394, 405, 408, 409, 411, 413, 415, 418, 423, 426, 428, 429, 430, 431, 433, 436, 445, 446, 448, 453, 455, 460, 463, 468, 472, 474, 482, 485, 488, 490, 491, 494, 498, 499, 502, 503, 505, 508, 511, 513, 514, 518, 521, 522, 524, 526, 528, 535, 540, 543, 544, 547, 548, 553, 554, 555, 556, 564, 565, 570, 572, 576, 577, 582, 584, 585, 587, 589, 596, 597, 599, 601, 606, 607, 609, 614, 618, 621, 627, 631, 632, 637, 638, 640, 648, 653, 654, 659, 660, 661, 664, 666, 668, 669, 670, 671, 672, 674, 675, 676, 685, 686, 688, 689, 692, 696, 697, 698, 699, 702, 705, 706, 707, 714, 715, 717, 718, 719, 723, 724, 725, 727, 728, 731, 735, 736, 738, 739, 740, 744, 750, 754, 757, 758, 760, 763, 764, 769, 771, 772, 775, 784, 785, 790, 796, 800, 803, 807, 813, 814, 816, 822, 825, 828, 830, 833, 835, 836, 838, 839, 841, 843, 847, 850, 852, 856, 857, 861, 867, 870, 879, 880, 881, 882, 884, 886, 888]
[3, 10, 23, 44, 45, 53, 72, 74, 77, 80, 84, 85, 96, 106, 108, 115, 137, 139, 142, 154, 157, 172, 195, 196, 197, 200, 211, 212, 218, 224, 229, 237, 238, 250, 254, 272, 284, 291, 293, 296, 304, 305, 310, 330, 334, 347, 358, 364, 376, 377, 381, 382, 384, 388, 402, 410, 413, 426, 429, 431, 437, 444, 445, 455, 456, 466, 468, 472, 505, 506, 518, 557, 560, 577, 582, 613, 614, 618, 627, 629, 645, 651, 668, 669, 670, 673, 677, 683, 685, 690, 692, 702, 708, 711, 719, 725, 735, 738, 748, 749, 750, 754, 755, 757, 762, 763, 777, 778, 782, 792, 793, 801, 807, 808, 831, 852, 853, 861, 885, 886, 887, 889]

[0, 1, 2, 5, 6, 7, 8, 9, 10, 12, 14, 18, 19, 21, 22, 27, 33, 35, 38, 44, 45, 47, 49, 50, 51, 52, 55, 57, 59, 60, 61, 62, 63, 64, 71, 72, 74, 75, 77, 83, 86, 87, 95, 101, 102, 104, 108, 110, 113, 117, 119, 123, 134, 136, 145, 148, 154, 157, 159, 165, 166, 169, 171, 172, 175, 181, 184, 186, 187, 189, 190, 195, 196, 199, 200, 203, 205, 207, 211, 213, 216, 221, 223, 224, 226, 234, 235, 237, 241, 243, 250, 252, 253, 257, 258, 260, 265, 268, 276, 277, 280, 282, 287, 289, 290, 291, 294, 295, 300, 302, 303, 304, 306, 308, 312, 313, 318, 324, 331, 333, 335, 341, 343, 344, 347, 348, 349, 350, 351, 353, 356, 358, 360, 361, 362, 363, 364, 366, 370, 371, 377, 381, 382, 383, 389, 390, 394, 396, 405, 408, 409, 411, 413, 415, 418, 423, 426, 428, 429, 430, 431, 432, 433, 436, 445, 446, 448, 453, 455, 460, 463, 465, 468, 472, 474, 482, 485, 488, 490, 491, 494, 498, 499, 502, 503, 505, 508, 511, 513, 514, 518, 521, 522, 524, 526, 528, 535, 540, 543, 544, 547, 548, 553, 554, 555, 556, 564, 565, 570, 572, 576, 577, 582, 584, 585, 587, 589, 596, 597, 599, 600, 601, 602, 606, 607, 609, 614, 618, 620, 621, 627, 631, 632, 637, 638, 640, 648, 653, 654, 659, 660, 661, 662, 664, 666, 668, 669, 670, 671, 672, 674, 675, 676, 685, 686, 688, 689, 692, 696, 697, 698, 699, 701, 702, 705, 706, 707, 709, 714, 715, 717, 718, 719, 723, 724, 725, 727, 728, 731, 735, 736, 738, 739, 740, 744, 750, 754, 757, 758, 760, 763, 764, 766, 769, 771, 772, 775, 778, 784, 785, 789, 790, 796, 800, 803, 807, 813, 814, 816, 822, 825, 828, 830, 833, 835, 836, 838, 839, 841, 843, 847, 850, 852, 856, 857, 861, 867, 870, 879, 880, 881, 882, 884, 886, 888]
[3, 10, 23, 44, 45, 53, 72, 74, 77, 80, 84, 85, 96, 106, 108, 115, 137, 139, 142, 154, 157, 172, 195, 196, 197, 200, 211, 212, 218, 224, 229, 237, 238, 250, 254, 272, 284, 291, 293, 296, 304, 305, 310, 330, 334, 347, 358, 364, 376, 377, 381, 382, 384, 388, 402, 410, 413, 426, 429, 431, 437, 444, 445, 455, 456, 466, 468, 472, 505, 506, 518, 557, 560, 577, 582, 613, 614, 618, 627, 629, 645, 651, 668, 669, 670, 673, 677, 683, 685, 690, 692, 702, 708, 711, 719, 725, 735, 738, 748, 749, 750, 754, 755, 757, 762, 763, 777, 778, 782, 792, 793, 801, 807, 808, 831, 852, 853, 861, 885, 886, 887, 889]

[0, 1, 2, 5, 6, 7, 8, 9, 10, 12, 13, 14, 15, 18, 19, 21, 22, 27, 33, 35, 38, 44, 45, 47, 49, 50, 51, 52, 55, 56, 57, 58, 59, 60, 61, 62, 63, 64, 71, 72, 74, 75, 77, 83, 86, 87, 95, 101, 102, 104, 107, 108, 110, 113, 117, 119, 123, 128, 134, 136, 145, 147, 148, 154, 156, 157, 159, 165, 166, 169, 171, 172, 175, 181, 184, 186, 187, 189, 190, 195, 196, 199, 200, 203, 205, 207, 211, 213, 216, 221, 223, 224, 226, 234, 235, 237, 241, 243, 244, 250, 252, 253, 257, 258, 260, 265, 268, 276, 277, 280, 282, 287, 289, 290, 291, 294, 295, 300, 302, 303, 304, 306, 308, 312, 313, 318, 324, 328, 331, 333, 335, 341, 343, 344, 347, 348, 349, 350, 351, 353, 356, 358, 360, 361, 362, 363, 364, 366, 370, 371, 377, 381, 382, 383, 389, 390, 394, 396, 405, 408, 409, 411, 413, 415, 418, 423, 426, 428, 429, 430, 431, 432, 433, 436, 445, 446, 448, 453, 455, 460, 463, 465, 468, 472, 474, 482, 485, 488, 490, 491, 493, 494, 498, 499, 502, 503, 505, 508, 509, 511, 513, 514, 518, 520, 521, 522, 524, 526, 528, 535, 540, 543, 544, 547, 548, 553, 554, 555, 556, 564, 565, 570, 572, 576, 577, 582, 584, 585, 587, 589, 596, 597, 599, 600, 601, 602, 606, 607, 608, 609, 614, 618, 620, 621, 627, 630, 631, 632, 637, 638, 640, 646, 647, 648, 653, 654, 659, 660, 661, 662, 664, 666, 668, 669, 670, 671, 672, 674, 675, 676, 685, 686, 688, 689, 692, 696, 697, 698, 699, 701, 702, 705, 706, 707, 709, 712, 714, 715, 717, 718, 719, 723, 724, 725, 727, 728, 730, 731, 735, 736, 738, 739, 740, 744, 746, 750, 754, 757, 758, 760, 763, 764, 766, 769, 771, 772, 775, 778, 784, 785, 789, 790, 796, 799, 800, 801, 803, 807, 811, 813, 814, 816, 822, 825, 828, 830, 833, 835, 836, 838, 839, 841, 843, 847, 850, 851, 852, 856, 857, 861, 867, 870, 875, 879, 880, 881, 882, 884, 886, 888]
[3, 10, 23, 44, 45, 53, 72, 74, 77, 80, 84, 85, 96, 106, 108, 115, 137, 139, 142, 154, 157, 172, 195, 196, 197, 200, 211, 212, 218, 224, 229, 237, 238, 250, 254, 272, 284, 291, 293, 296, 304, 305, 310, 330, 334, 347, 358, 364, 376, 377, 381, 382, 384, 388, 402, 410, 413, 426, 429, 431, 437, 444, 445, 455, 456, 466, 468, 472, 505, 506, 518, 557, 560, 577, 582, 613, 614, 618, 627, 629, 645, 651, 668, 669, 670, 673, 677, 683, 685, 690, 692, 702, 708, 711, 719, 725, 735, 738, 748, 749, 750, 754, 755, 757, 762, 763, 777, 778, 782, 792, 793, 801, 807, 808, 831, 852, 853, 861, 885, 886, 887, 889]

[0, 1, 2, 3, 5, 6, 7, 8, 9, 10, 12, 13, 14, 15, 18, 19, 21, 22, 27, 33, 35, 38, 44, 45, 47, 49, 50, 51, 52, 55, 56, 57, 58, 59, 60, 61, 62, 63, 64, 71, 72, 74, 75, 77, 83, 86, 87, 95, 101, 102, 104, 105, 107, 108, 110, 113, 117, 119, 123, 128, 129, 134, 136, 145, 147, 148, 154, 156, 157, 159, 165, 166, 169, 171, 172, 175, 177, 181, 184, 186, 187, 189, 190, 195, 196, 199, 200, 203, 205, 207, 211, 213, 216, 221, 223, 224, 226, 234, 235, 237, 241, 243, 244, 250, 252, 253, 257, 258, 260, 261, 265, 268, 276, 277, 280, 282, 287, 289, 290, 291, 294, 295, 300, 302, 303, 304, 306, 308, 312, 313, 318, 324, 328, 331, 333, 335, 341, 343, 344, 347, 348, 349, 350, 351, 353, 356, 357, 358, 360, 361, 362, 363, 364, 366, 370, 371, 377, 381, 382, 383, 389, 390, 394, 396, 405, 408, 409, 411, 413, 415, 416, 418, 423, 425, 426, 428, 429, 430, 431, 432, 433, 436, 441, 445, 446, 448, 453, 454, 455, 458, 460, 463, 465, 468, 472, 473, 474, 482, 485, 488, 490, 491, 493, 494, 498, 499, 501, 502, 503, 505, 508, 509, 511, 512, 513, 514, 517, 518, 520, 521, 522, 524, 526, 528, 535, 536, 540, 543, 544, 547, 548, 552, 553, 554, 555, 556, 564, 565, 570, 572, 576, 577, 581, 582, 584, 585, 587, 589, 596, 597, 598, 599, 600, 601, 602, 606, 607, 608, 609, 614, 618, 620, 621, 625, 627, 630, 631, 632, 637, 638, 640, 642, 646, 647, 648, 653, 654, 659, 660, 661, 662, 664, 666, 668, 669, 670, 671, 672, 674, 675, 676, 678, 685, 686, 688, 689, 692, 696, 697, 698, 699, 701, 702, 705, 706, 707, 709, 712, 714, 715, 717, 718, 719, 723, 724, 725, 727, 728, 730, 731, 735, 736, 738, 739, 740, 743, 744, 746, 750, 754, 757, 758, 760, 763, 764, 766, 769, 771, 772, 775, 778, 784, 785, 789, 790, 796, 799, 800, 801, 803, 807, 811, 813, 814, 816, 822, 825, 827, 828, 830, 833, 835, 836, 838, 839, 841, 843, 847, 850, 851, 852, 855, 856, 857, 861, 867, 870, 875, 879, 880, 881, 882, 884, 886, 888]
[3, 10, 23, 44, 45, 53, 72, 74, 77, 80, 84, 85, 96, 106, 108, 115, 137, 139, 142, 154, 157, 172, 195, 196, 197, 200, 211, 212, 218, 224, 229, 237, 238, 250, 254, 272, 284, 291, 293, 296, 304, 305, 310, 330, 334, 347, 358, 364, 376, 377, 381, 382, 384, 388, 402, 410, 413, 426, 429, 431, 437, 444, 445, 455, 456, 466, 468, 472, 505, 506, 518, 557, 560, 577, 582, 613, 614, 618, 627, 629, 645, 651, 668, 669, 670, 673, 677, 683, 685, 690, 692, 702, 708, 711, 719, 725, 735, 738, 748, 749, 750, 754, 755, 757, 762, 763, 777, 778, 782, 792, 793, 801, 807, 808, 831, 852, 853, 861, 885, 886, 887, 889]

[0, 1, 2, 3, 5, 6, 7, 8, 9, 10, 12, 13, 14, 15, 18, 19, 21, 22, 27, 33, 35, 38, 44, 45, 47, 49, 50, 51, 52, 55, 56, 57, 58, 59, 60, 61, 62, 63, 64, 71, 72, 74, 75, 77, 83, 86, 87, 95, 101, 102, 104, 105, 107, 108, 110, 113, 114, 117, 118, 119, 123, 128, 129, 134, 136, 145, 147, 148, 154, 156, 157, 159, 165, 166, 169, 171, 172, 173, 175, 177, 178, 179, 181, 184, 186, 187, 189, 190, 195, 196, 199, 200, 203, 205, 207, 211, 213, 216, 217, 219, 221, 223, 224, 226, 234, 235, 237, 241, 243, 244, 250, 252, 253, 254, 256, 257, 258, 260, 261, 265, 268, 274, 276, 277, 280, 282, 287, 289, 290, 291, 294, 295, 300, 302, 303, 304, 306, 308, 312, 313, 318, 324, 328, 331, 333, 335, 341, 343, 344, 346, 347, 348, 349, 350, 351, 353, 356, 357, 358, 360, 361, 362, 363, 364, 365, 366, 370, 371, 372, 377, 381, 382, 383, 389, 390, 394, 396, 405, 408, 409, 411, 413, 414, 415, 416, 418, 423, 425, 426, 428, 429, 430, 431, 432, 433, 436, 439, 441, 445, 446, 448, 453, 454, 455, 458, 460, 463, 465, 468, 472, 473, 474, 482, 485, 488, 490, 491, 493, 494, 498, 499, 501, 502, 503, 505, 508, 509, 511, 512, 513, 514, 517, 518, 520, 521, 522, 523, 524, 526, 528, 533, 535, 536, 540, 543, 544, 547, 548, 552, 553, 554, 555, 556, 564, 565, 570, 572, 576, 577, 581, 582, 584, 585, 587, 589, 590, 595, 596, 597, 598, 599, 600, 601, 602, 605, 606, 607, 608, 609, 614, 618, 620, 621, 625, 627, 630, 631, 632, 637, 638, 640, 642, 646, 647, 648, 653, 654, 659, 660, 661, 662, 664, 666, 668, 669, 670, 671, 672, 674, 675, 676, 678, 681, 685, 686, 688, 689, 692, 696, 697, 698, 699, 701, 702, 705, 706, 707, 709, 712, 714, 715, 717, 718, 719, 723, 724, 725, 727, 728, 730, 731, 735, 736, 738, 739, 740, 741, 743, 744, 746, 750, 754, 757, 758, 760, 762, 763, 764, 766, 769, 771, 772, 775, 778, 784, 785, 789, 790, 796, 799, 800, 801, 803, 807, 809, 811, 813, 814, 816, 822, 825, 827, 828, 830, 833, 835, 836, 838, 839, 841, 843, 847, 850, 851, 852, 855, 856, 857, 861, 867, 869, 870, 875, 879, 880, 881, 882, 884, 886, 888]
[3, 10, 23, 44, 45, 53, 72, 74, 77, 80, 84, 85, 96, 106, 108, 115, 137, 139, 142, 154, 157, 172, 195, 196, 197, 200, 211, 212, 218, 224, 229, 237, 238, 250, 254, 272, 284, 291, 293, 296, 304, 305, 310, 330, 334, 347, 358, 364, 376, 377, 381, 382, 384, 388, 402, 410, 413, 426, 429, 431, 437, 444, 445, 455, 456, 466, 468, 472, 505, 506, 518, 557, 560, 577, 582, 613, 614, 618, 627, 629, 645, 651, 668, 669, 670, 673, 677, 683, 685, 690, 692, 702, 708, 711, 719, 725, 735, 738, 748, 749, 750, 754, 755, 757, 762, 763, 777, 778, 782, 792, 793, 801, 807, 808, 831, 852, 853, 861, 885, 886, 887, 889]

[0, 1, 2, 3, 5, 6, 7, 8, 9, 10, 12, 13, 14, 15, 18, 19, 21, 22, 23, 26, 27, 33, 35, 38, 39, 44, 45, 46, 47, 49, 50, 51, 52, 55, 56, 57, 58, 59, 60, 61, 62, 63, 64, 67, 71, 72, 74, 75, 77, 79, 83, 86, 87, 94, 95, 101, 102, 103, 104, 105, 107, 108, 110, 113, 114, 117, 118, 119, 123, 128, 129, 134, 136, 140, 141, 145, 147, 148, 154, 156, 157, 159, 165, 166, 169, 171, 172, 173, 175, 177, 178, 179, 181, 184, 186, 187, 189, 190, 195, 196, 199, 200, 203, 205, 207, 211, 213, 216, 217, 219, 221, 223, 224, 226, 230, 234, 235, 237, 241, 243, 244, 250, 252, 253, 254, 256, 257, 258, 260, 261, 263, 265, 268, 274, 276, 277, 280, 281, 282, 287, 289, 290, 291, 294, 295, 300, 302, 303, 304, 306, 308, 312, 313, 318, 324, 328, 331, 333, 335, 341, 343, 344, 346, 347, 348, 349, 350, 351, 353, 356, 357, 358, 360, 361, 362, 363, 364, 365, 366, 370, 371, 372, 377, 381, 382, 383, 386, 389, 390, 394, 396, 405, 408, 409, 411, 413, 414, 415, 416, 418, 422, 423, 425, 426, 428, 429, 430, 431, 432, 433, 436, 439, 441, 445, 446, 448, 450, 451, 453, 454, 455, 458, 460, 463, 465, 468, 472, 473, 474, 480, 482, 485, 488, 490, 491, 493, 494, 498, 499, 501, 502, 503, 505, 508, 509, 511, 512, 513, 514, 517, 518, 520, 521, 522, 523, 524, 526, 528, 533, 535, 536, 540, 543, 544, 545, 547, 548, 552, 553, 554, 555, 556, 564, 565, 570, 572, 576, 577, 581, 582, 584, 585, 587, 589, 590, 595, 596, 597, 598, 599, 600, 601, 602, 605, 606, 607, 608, 609, 614, 618, 620, 621, 625, 627, 630, 631, 632, 637, 638, 640, 642, 646, 647, 648, 652, 653, 654, 659, 660, 661, 662, 664, 666, 668, 669, 670, 671, 672, 674, 675, 676, 678, 681, 685, 686, 688, 689, 692, 696, 697, 698, 699, 701, 702, 705, 706, 707, 709, 712, 714, 715, 717, 718, 719, 723, 724, 725, 727, 728, 729, 730, 731, 735, 736, 738, 739, 740, 741, 743, 744, 746, 750, 754, 757, 758, 760, 762, 763, 764, 766, 769, 771, 772, 775, 778, 784, 785, 789, 790, 796, 799, 800, 801, 803, 807, 809, 811, 813, 814, 815, 816, 820, 822, 825, 827, 828, 830, 833, 835, 836, 838, 839, 841, 843, 847, 850, 851, 852, 855, 856, 857, 861, 863, 865, 867, 869, 870, 875, 879, 880, 881, 882, 884, 886, 888]
[3, 10, 23, 44, 45, 53, 72, 74, 77, 80, 84, 85, 96, 106, 108, 115, 137, 139, 142, 154, 157, 172, 195, 196, 197, 200, 211, 212, 218, 224, 229, 237, 238, 250, 254, 272, 284, 291, 293, 296, 304, 305, 310, 330, 334, 347, 358, 364, 376, 377, 381, 382, 384, 388, 402, 410, 413, 426, 429, 431, 437, 444, 445, 455, 456, 466, 468, 472, 505, 506, 518, 557, 560, 577, 582, 613, 614, 618, 627, 629, 645, 651, 668, 669, 670, 673, 677, 683, 685, 690, 692, 702, 708, 711, 719, 725, 735, 738, 748, 749, 750, 754, 755, 757, 762, 763, 777, 778, 782, 792, 793, 801, 807, 808, 831, 852, 853, 861, 885, 886, 887, 889]

[0, 1, 2, 3, 5, 6, 7, 8, 9, 10, 12, 13, 14, 15, 16, 18, 19, 21, 22, 23, 26, 27, 33, 35, 38, 39, 44, 45, 46, 47, 49, 50, 51, 52, 55, 56, 57, 58, 59, 60, 61, 62, 63, 64, 67, 71, 72, 74, 75, 77, 79, 83, 86, 87, 91, 92, 94, 95, 101, 102, 103, 104, 105, 107, 108, 110, 113, 114, 116, 117, 118, 119, 123, 128, 129, 134, 136, 140, 141, 145, 147, 148, 154, 156, 157, 159, 165, 166, 169, 171, 172, 173, 175, 177, 178, 179, 181, 184, 186, 187, 189, 190, 195, 196, 199, 200, 203, 205, 207, 211, 212, 213, 216, 217, 219, 221, 223, 224, 226, 227, 230, 234, 235, 237, 241, 243, 244, 250, 252, 253, 254, 256, 257, 258, 260, 261, 263, 265, 268, 274, 276, 277, 280, 281, 282, 287, 289, 290, 291, 294, 295, 300, 302, 303, 304, 306, 308, 312, 313, 317, 318, 324, 328, 331, 333, 335, 341, 343, 344, 346, 347, 348, 349, 350, 351, 353, 356, 357, 358, 360, 361, 362, 363, 364, 365, 366, 370, 371, 372, 377, 381, 382, 383, 386, 389, 390, 391, 394, 396, 401, 405, 408, 409, 411, 413, 414, 415, 416, 418, 422, 423, 425, 426, 428, 429, 430, 431, 432, 433, 436, 439, 441, 445, 446, 448, 450, 451, 452, 453, 454, 455, 458, 460, 463, 465, 468, 472, 473, 474, 480, 482, 485, 488, 490, 491, 493, 494, 498, 499, 501, 502, 503, 505, 506, 508, 509, 511, 512, 513, 514, 515, 517, 518, 520, 521, 522, 523, 524, 526, 528, 531, 533, 535, 536, 540, 543, 544, 545, 547, 548, 549, 552, 553, 554, 555, 556, 564, 565, 570, 571, 572, 575, 576, 577, 581, 582, 584, 585, 587, 589, 590, 595, 596, 597, 598, 599, 600, 601, 602, 605, 606, 607, 608, 609, 614, 618, 620, 621, 623, 625, 627, 630, 631, 632, 637, 638, 640, 641, 642, 645, 646, 647, 648, 650, 652, 653, 654, 659, 660, 661, 662, 664, 666, 668, 669, 670, 671, 672, 674, 675, 676, 678, 681, 685, 686, 688, 689, 692, 696, 697, 698, 699, 701, 702, 705, 706, 707, 709, 712, 714, 715, 717, 718, 719, 723, 724, 725, 727, 728, 729, 730, 731, 735, 736, 738, 739, 740, 741, 743, 744, 746, 750, 754, 757, 758, 760, 761, 762, 763, 764, 766, 767, 769, 771, 772, 775, 778, 784, 785, 789, 790, 791, 796, 799, 800, 801, 803, 807, 809, 811, 813, 814, 815, 816, 819, 820, 822, 825, 827, 828, 829, 830, 833, 835, 836, 838, 839, 841, 843, 847, 850, 851, 852, 855, 856, 857, 861, 863, 865, 867, 869, 870, 875, 879, 880, 881, 882, 884, 886, 888]
[3, 10, 23, 44, 45, 53, 72, 74, 77, 80, 84, 85, 96, 106, 108, 115, 137, 139, 142, 154, 157, 172, 195, 196, 197, 200, 211, 212, 218, 224, 229, 237, 238, 250, 254, 272, 284, 291, 293, 296, 304, 305, 310, 330, 334, 347, 358, 364, 376, 377, 381, 382, 384, 388, 402, 410, 413, 426, 429, 431, 437, 444, 445, 455, 456, 466, 468, 472, 505, 506, 518, 557, 560, 577, 582, 613, 614, 618, 627, 629, 645, 651, 668, 669, 670, 673, 677, 683, 685, 690, 692, 702, 708, 711, 719, 725, 735, 738, 748, 749, 750, 754, 755, 757, 762, 763, 777, 778, 782, 792, 793, 801, 807, 808, 831, 852, 853, 861, 885, 886, 887, 889]

[0, 1, 2, 3, 4, 5, 6, 7, 8, 9, 10, 12, 13, 14, 15, 16, 18, 19, 21, 22, 23, 26, 27, 33, 35, 38, 39, 42, 44, 45, 46, 47, 49, 50, 51, 52, 55, 56, 57, 58, 59, 60, 61, 62, 63, 64, 67, 71, 72, 74, 75, 77, 79, 83, 86, 87, 91, 92, 94, 95, 101, 102, 103, 104, 105, 107, 108, 110, 113, 114, 116, 117, 118, 119, 123, 125, 128, 129, 134, 136, 140, 141, 145, 147, 148, 154, 156, 157, 159, 165, 166, 169, 171, 172, 173, 175, 177, 178, 179, 181, 184, 186, 187, 188, 189, 190, 194, 195, 196, 197, 199, 200, 203, 205, 207, 211, 212, 213, 216, 217, 219, 221, 223, 224, 226, 227, 229, 230, 234, 235, 237, 241, 243, 244, 250, 252, 253, 254, 256, 257, 258, 260, 261, 263, 265, 268, 274, 276, 277, 280, 281, 282, 287, 289, 290, 291, 294, 295, 299, 300, 302, 303, 304, 306, 308, 312, 313, 317, 318, 321, 323, 324, 328, 331, 333, 335, 339, 341, 343, 344, 346, 347, 348, 349, 350, 351, 353, 356, 357, 358, 360, 361, 362, 363, 364, 365, 366, 370, 371, 372, 377, 381, 382, 383, 386, 389, 390, 391, 394, 395, 396, 401, 405, 408, 409, 411, 413, 414, 415, 416, 418, 422, 423, 425, 426, 428, 429, 430, 431, 432, 433, 436, 439, 441, 445, 446, 448, 450, 451, 452, 453, 454, 455, 458, 460, 463, 465, 468, 472, 473, 474, 480, 482, 485, 488, 490, 491, 493, 494, 498, 499, 501, 502, 503, 505, 506, 508, 509, 511, 512, 513, 514, 515, 517, 518, 520, 521, 522, 523, 524, 526, 528, 531, 533, 535, 536, 540, 543, 544, 545, 547, 548, 549, 552, 553, 554, 555, 556, 564, 565, 570, 571, 572, 574, 575, 576, 577, 579, 581, 582, 584, 585, 587, 589, 590, 591, 595, 596, 597, 598, 599, 600, 601, 602, 605, 606, 607, 608, 609, 614, 616, 618, 619, 620, 621, 622, 623, 625, 627, 630, 631, 632, 637, 638, 640, 641, 642, 645, 646, 647, 648, 650, 652, 653, 654, 656, 659, 660, 661, 662, 664, 666, 668, 669, 670, 671, 672, 674, 675, 676, 678, 681, 684, 685, 686, 688, 689, 692, 696, 697, 698, 699, 701, 702, 705, 706, 707, 709, 712, 714, 715, 717, 718, 719, 723, 724, 725, 727, 728, 729, 730, 731, 735, 736, 738, 739, 740, 741, 743, 744, 746, 750, 754, 757, 758, 760, 761, 762, 763, 764, 766, 767, 769, 771, 772, 775, 778, 784, 785, 789, 790, 791, 796, 799, 800, 801, 803, 807, 808, 809, 811, 813, 814, 815, 816, 819, 820, 822, 825, 826, 827, 828, 829, 830, 832, 833, 835, 836, 838, 839, 841, 843, 847, 850, 851, 852, 855, 856, 857, 858, 861, 863, 865, 867, 869, 870, 871, 875, 879, 880, 881, 882, 884, 886, 888]
[3, 10, 23, 44, 45, 53, 72, 74, 77, 80, 84, 85, 96, 106, 108, 115, 137, 139, 142, 154, 157, 172, 195, 196, 197, 200, 211, 212, 218, 224, 229, 237, 238, 250, 254, 272, 284, 291, 293, 296, 304, 305, 310, 330, 334, 347, 358, 364, 376, 377, 381, 382, 384, 388, 402, 410, 413, 426, 429, 431, 437, 444, 445, 455, 456, 466, 468, 472, 505, 506, 518, 557, 560, 577, 582, 613, 614, 618, 627, 629, 645, 651, 668, 669, 670, 673, 677, 683, 685, 690, 692, 702, 708, 711, 719, 725, 735, 738, 748, 749, 750, 754, 755, 757, 762, 763, 777, 778, 782, 792, 793, 801, 807, 808, 831, 852, 853, 861, 885, 886, 887, 889]

[0, 1, 2, 3, 4, 5, 6, 7, 8, 9, 10, 12, 13, 14, 15, 16, 18, 19, 21, 22, 23, 25, 26, 27, 33, 35, 38, 39, 42, 44, 45, 46, 47, 49, 50, 51, 52, 55, 56, 57, 58, 59, 60, 61, 62, 63, 64, 67, 71, 72, 74, 75, 77, 79, 83, 86, 87, 91, 92, 94, 95, 101, 102, 103, 104, 105, 107, 108, 110, 111, 113, 114, 116, 117, 118, 119, 121, 123, 125, 128, 129, 134, 136, 140, 141, 145, 147, 148, 149, 154, 155, 156, 157, 159, 165, 166, 169, 171, 172, 173, 175, 177, 178, 179, 181, 184, 186, 187, 188, 189, 190, 194, 195, 196, 197, 199, 200, 201, 203, 205, 207, 211, 212, 213, 216, 217, 219, 221, 223, 224, 225, 226, 227, 229, 230, 231, 234, 235, 237, 241, 242, 243, 244, 250, 252, 253, 254, 256, 257, 258, 260, 261, 263, 265, 266, 268, 274, 276, 277, 280, 281, 282, 287, 289, 290, 291, 294, 295, 299, 300, 302, 303, 304, 306, 308, 312, 313, 317, 318, 321, 323, 324, 326, 328, 331, 333, 335, 339, 341, 343, 344, 346, 347, 348, 349, 350, 351, 353, 356, 357, 358, 360, 361, 362, 363, 364, 365, 366, 370, 371, 372, 377, 381, 382, 383, 386, 389, 390, 391, 394, 395, 396, 401, 405, 408, 409, 411, 413, 414, 415, 416, 418, 421, 422, 423, 425, 426, 428, 429, 430, 431, 432, 433, 436, 439, 441, 445, 446, 447, 448, 450, 451, 452, 453, 454, 455, 458, 460, 463, 465, 468, 472, 473, 474, 478, 480, 482, 485, 488, 490, 491, 493, 494, 498, 499, 501, 502, 503, 504, 505, 506, 508, 509, 511, 512, 513, 514, 515, 517, 518, 520, 521, 522, 523, 524, 526, 528, 531, 533, 535, 536, 540, 543, 544, 545, 547, 548, 549, 552, 553, 554, 555, 556, 559, 564, 565, 570, 571, 572, 574, 575, 576, 577, 579, 581, 582, 584, 585, 587, 589, 590, 591, 593, 595, 596, 597, 598, 599, 600, 601, 602, 605, 606, 607, 608, 609, 614, 616, 618, 619, 620, 621, 622, 623, 625, 627, 630, 631, 632, 637, 638, 640, 641, 642, 645, 646, 647, 648, 650, 652, 653, 654, 656, 659, 660, 661, 662, 664, 666, 668, 669, 670, 671, 672, 674, 675, 676, 677, 678, 681, 684, 685, 686, 688, 689, 690, 692, 696, 697, 698, 699, 701, 702, 705, 706, 707, 709, 712, 714, 715, 717, 718, 719, 723, 724, 725, 727, 728, 729, 730, 731, 735, 736, 738, 739, 740, 741, 743, 744, 746, 750, 754, 757, 758, 760, 761, 762, 763, 764, 766, 767, 769, 771, 772, 775, 776, 778, 779, 784, 785, 787, 788, 789, 790, 791, 796, 799, 800, 801, 803, 807, 808, 809, 811, 813, 814, 815, 816, 819, 820, 821, 822, 825, 826, 827, 828, 829, 830, 832, 833, 835, 836, 838, 839, 841, 843, 847, 850, 851, 852, 855, 856, 857, 858, 861, 862, 863, 865, 867, 869, 870, 871, 875, 879, 880, 881, 882, 884, 886, 888]
[3, 10, 23, 44, 45, 53, 72, 74, 77, 80, 84, 85, 96, 106, 108, 115, 137, 139, 142, 154, 157, 172, 195, 196, 197, 200, 211, 212, 218, 224, 229, 237, 238, 250, 254, 272, 284, 291, 293, 296, 304, 305, 310, 330, 334, 347, 358, 364, 376, 377, 381, 382, 384, 388, 402, 410, 413, 426, 429, 431, 437, 444, 445, 455, 456, 466, 468, 472, 505, 506, 518, 557, 560, 577, 582, 613, 614, 618, 627, 629, 645, 651, 668, 669, 670, 673, 677, 683, 685, 690, 692, 702, 708, 711, 719, 725, 735, 738, 748, 749, 750, 754, 755, 757, 762, 763, 777, 778, 782, 792, 793, 801, 807, 808, 831, 852, 853, 861, 885, 886, 887, 889]

[0, 1, 2, 3, 4, 5, 6, 7, 8, 9, 10, 12, 13, 14, 15, 16, 18, 19, 21, 22, 23, 24, 25, 26, 27, 30, 33, 35, 38, 39, 42, 44, 45, 46, 47, 49, 50, 51, 52, 53, 55, 56, 57, 58, 59, 60, 61, 62, 63, 64, 67, 71, 72, 74, 75, 76, 77, 79, 83, 86, 87, 89, 90, 91, 92, 94, 95, 97, 101, 102, 103, 104, 105, 107, 108, 110, 111, 113, 114, 116, 117, 118, 119, 120, 121, 123, 125, 128, 129, 134, 136, 140, 141, 145, 147, 148, 149, 154, 155, 156, 157, 159, 165, 166, 169, 171, 172, 173, 175, 177, 178, 179, 181, 183, 184, 186, 187, 188, 189, 190, 194, 195, 196, 197, 199, 200, 201, 203, 205, 207, 208, 211, 212, 213, 216, 217, 219, 221, 223, 224, 225, 226, 227, 229, 230, 231, 234, 235, 237, 241, 242, 243, 244, 250, 252, 253, 254, 256, 257, 258, 260, 261, 263, 265, 266, 268, 274, 276, 277, 280, 281, 282, 287, 289, 290, 291, 294, 295, 299, 300, 302, 303, 304, 306, 308, 312, 313, 314, 317, 318, 321, 323, 324, 326, 328, 331, 333, 335, 339, 341, 343, 344, 346, 347, 348, 349, 350, 351, 353, 356, 357, 358, 360, 361, 362, 363, 364, 365, 366, 370, 371, 372, 377, 381, 382, 383, 386, 389, 390, 391, 393, 394, 395, 396, 401, 405, 408, 409, 411, 413, 414, 415, 416, 418, 421, 422, 423, 425, 426, 428, 429, 430, 431, 432, 433, 434, 436, 439, 441, 445, 446, 447, 448, 450, 451, 452, 453, 454, 455, 458, 460, 463, 465, 466, 468, 472, 473, 474, 478, 480, 482, 485, 488, 490, 491, 493, 494, 498, 499, 501, 502, 503, 504, 505, 506, 508, 509, 511, 512, 513, 514, 515, 517, 518, 520, 521, 522, 523, 524, 526, 528, 531, 533, 535, 536, 540, 543, 544, 545, 547, 548, 549, 552, 553, 554, 555, 556, 559, 564, 565, 570, 571, 572, 574, 575, 576, 577, 579, 581, 582, 584, 585, 587, 589, 590, 591, 593, 595, 596, 597, 598, 599, 600, 601, 602, 604, 605, 606, 607, 608, 609, 614, 616, 618, 619, 620, 621, 622, 623, 625, 627, 630, 631, 632, 634, 636, 637, 638, 640, 641, 642, 645, 646, 647, 648, 650, 652, 653, 654, 656, 659, 660, 661, 662, 664, 666, 668, 669, 670, 671, 672, 674, 675, 676, 677, 678, 681, 684, 685, 686, 688, 689, 690, 692, 696, 697, 698, 699, 701, 702, 704, 705, 706, 707, 709, 712, 714, 715, 717, 718, 719, 723, 724, 725, 727, 728, 729, 730, 731, 735, 736, 738, 739, 740, 741, 743, 744, 746, 750, 754, 757, 758, 760, 761, 762, 763, 764, 766, 767, 769, 771, 772, 775, 776, 778, 779, 784, 785, 786, 787, 788, 789, 790, 791, 796, 798, 799, 800, 801, 803, 807, 808, 809, 810, 811, 813, 814, 815, 816, 818, 819, 820, 821, 822, 824, 825, 826, 827, 828, 829, 830, 832, 833, 835, 836, 837, 838, 839, 841, 843, 847, 850, 851, 852, 855, 856, 857, 858, 859, 861, 862, 863, 865, 867, 869, 870, 871, 875, 879, 880, 881, 882, 884, 886, 888]
[3, 10, 23, 44, 45, 53, 72, 74, 77, 80, 84, 85, 96, 106, 108, 115, 137, 139, 142, 154, 157, 172, 195, 196, 197, 200, 211, 212, 218, 224, 229, 237, 238, 250, 254, 272, 284, 291, 293, 296, 304, 305, 310, 330, 334, 347, 358, 364, 376, 377, 381, 382, 384, 388, 402, 410, 413, 426, 429, 431, 437, 444, 445, 455, 456, 466, 468, 472, 505, 506, 518, 557, 560, 577, 582, 613, 614, 618, 627, 629, 645, 651, 668, 669, 670, 673, 677, 683, 685, 690, 692, 702, 708, 711, 719, 725, 735, 738, 748, 749, 750, 754, 755, 757, 762, 763, 777, 778, 782, 792, 793, 801, 807, 808, 831, 852, 853, 861, 885, 886, 887, 889]

[0, 1, 2, 3, 4, 5, 6, 7, 8, 9, 10, 12, 13, 14, 15, 16, 18, 19, 21, 22, 23, 24, 25, 26, 27, 30, 31, 33, 35, 38, 39, 42, 44, 45, 46, 47, 49, 50, 51, 52, 53, 55, 56, 57, 58, 59, 60, 61, 62, 63, 64, 67, 71, 72, 74, 75, 76, 77, 79, 83, 86, 87, 89, 90, 91, 92, 94, 95, 97, 101, 102, 103, 104, 105, 107, 108, 110, 111, 113, 114, 116, 117, 118, 119, 120, 121, 123, 125, 128, 129, 134, 136, 140, 141, 145, 147, 148, 149, 154, 155, 156, 157, 158, 159, 165, 166, 167, 169, 171, 172, 173, 175, 177, 178, 179, 181, 183, 184, 185, 186, 187, 188, 189, 190, 194, 195, 196, 197, 199, 200, 201, 203, 204, 205, 207, 208, 211, 212, 213, 216, 217, 219, 220, 221, 223, 224, 225, 226, 227, 229, 230, 231, 234, 235, 237, 241, 242, 243, 244, 250, 252, 253, 254, 256, 257, 258, 260, 261, 263, 265, 266, 268, 274, 276, 277, 280, 281, 282, 286, 287, 289, 290, 291, 294, 295, 298, 299, 300, 302, 303, 304, 306, 308, 312, 313, 314, 316, 317, 318, 321, 323, 324, 326, 328, 331, 333, 334, 335, 339, 341, 343, 344, 346, 347, 348, 349, 350, 351, 353, 356, 357, 358, 360, 361, 362, 363, 364, 365, 366, 370, 371, 372, 377, 381, 382, 383, 386, 389, 390, 391, 392, 393, 394, 395, 396, 401, 405, 408, 409, 411, 413, 414, 415, 416, 418, 421, 422, 423, 425, 426, 428, 429, 430, 431, 432, 433, 434, 436, 439, 441, 443, 445, 446, 447, 448, 450, 451, 452, 453, 454, 455, 458, 460, 463, 465, 466, 468, 472, 473, 474, 478, 480, 482, 484, 485, 488, 490, 491, 493, 494, 495, 498, 499, 501, 502, 503, 504, 505, 506, 508, 509, 511, 512, 513, 514, 515, 517, 518, 520, 521, 522, 523, 524, 526, 528, 531, 533, 535, 536, 540, 543, 544, 545, 547, 548, 549, 552, 553, 554, 555, 556, 557, 559, 564, 565, 566, 570, 571, 572, 574, 575, 576, 577, 579, 581, 582, 584, 585, 587, 589, 590, 591, 593, 595, 596, 597, 598, 599, 600, 601, 602, 604, 605, 606, 607, 608, 609, 612, 613, 614, 616, 618, 619, 620, 621, 622, 623, 625, 627, 630, 631, 632, 634, 636, 637, 638, 640, 641, 642, 645, 646, 647, 648, 650, 652, 653, 654, 656, 658, 659, 660, 661, 662, 664, 666, 668, 669, 670, 671, 672, 674, 675, 676, 677, 678, 681, 684, 685, 686, 688, 689, 690, 692, 696, 697, 698, 699, 701, 702, 704, 705, 706, 707, 709, 712, 713, 714, 715, 717, 718, 719, 723, 724, 725, 727, 728, 729, 730, 731, 735, 736, 738, 739, 740, 741, 743, 744, 745, 746, 750, 752, 754, 757, 758, 760, 761, 762, 763, 764, 766, 767, 769, 771, 772, 775, 776, 778, 779, 782, 784, 785, 786, 787, 788, 789, 790, 791, 796, 798, 799, 800, 801, 803, 807, 808, 809, 810, 811, 813, 814, 815, 816, 818, 819, 820, 821, 822, 824, 825, 826, 827, 828, 829, 830, 831, 832, 833, 835, 836, 837, 838, 839, 841, 843, 847, 850, 851, 852, 855, 856, 857, 858, 859, 861, 862, 863, 865, 867, 869, 870, 871, 875, 878, 879, 880, 881, 882, 884, 886, 888]
[3, 10, 23, 44, 45, 53, 72, 74, 77, 80, 84, 85, 96, 106, 108, 115, 137, 139, 142, 154, 157, 172, 195, 196, 197, 200, 211, 212, 218, 224, 229, 237, 238, 250, 254, 272, 284, 291, 293, 296, 304, 305, 310, 330, 334, 347, 358, 364, 376, 377, 381, 382, 384, 388, 402, 410, 413, 426, 429, 431, 437, 444, 445, 455, 456, 466, 468, 472, 505, 506, 518, 557, 560, 577, 582, 613, 614, 618, 627, 629, 645, 651, 668, 669, 670, 673, 677, 683, 685, 690, 692, 702, 708, 711, 719, 725, 735, 738, 748, 749, 750, 754, 755, 757, 762, 763, 777, 778, 782, 792, 793, 801, 807, 808, 831, 852, 853, 861, 885, 886, 887, 889]

[0, 1, 2, 3, 4, 5, 6, 7, 8, 9, 10, 12, 13, 14, 15, 16, 18, 19, 21, 22, 23, 24, 25, 26, 27, 30, 31, 33, 35, 37, 38, 39, 42, 44, 45, 46, 47, 49, 50, 51, 52, 53, 55, 56, 57, 58, 59, 60, 61, 62, 63, 64, 67, 71, 72, 73, 74, 75, 76, 77, 79, 83, 86, 87, 89, 90, 91, 92, 94, 95, 97, 99, 101, 102, 103, 104, 105, 107, 108, 109, 110, 111, 112, 113, 114, 116, 117, 118, 119, 120, 121, 123, 125, 128, 129, 131, 134, 136, 140, 141, 143, 145, 147, 148, 149, 154, 155, 156, 157, 158, 159, 164, 165, 166, 167, 169, 171, 172, 173, 174, 175, 177, 178, 179, 181, 183, 184, 185, 186, 187, 188, 189, 190, 194, 195, 196, 197, 199, 200, 201, 203, 204, 205, 207, 208, 211, 212, 213, 215, 216, 217, 219, 220, 221, 222, 223, 224, 225, 226, 227, 229, 230, 231, 234, 235, 237, 241, 242, 243, 244, 250, 252, 253, 254, 256, 257, 258, 260, 261, 263, 265, 266, 268, 274, 276, 277, 280, 281, 282, 286, 287, 288, 289, 290, 291, 294, 295, 298, 299, 300, 302, 303, 304, 306, 308, 312, 313, 314, 316, 317, 318, 321, 323, 324, 326, 328, 331, 333, 334, 335, 339, 341, 343, 344, 346, 347, 348, 349, 350, 351, 353, 356, 357, 358, 360, 361, 362, 363, 364, 365, 366, 370, 371, 372, 377, 381, 382, 383, 386, 389, 390, 391, 392, 393, 394, 395, 396, 401, 405, 408, 409, 411, 413, 414, 415, 416, 417, 418, 421, 422, 423, 425, 426, 428, 429, 430, 431, 432, 433, 434, 435, 436, 439, 441, 443, 445, 446, 447, 448, 450, 451, 452, 453, 454, 455, 458, 460, 463, 465, 466, 468, 472, 473, 474, 478, 479, 480, 482, 484, 485, 488, 490, 491, 493, 494, 495, 498, 499, 501, 502, 503, 504, 505, 506, 508, 509, 511, 512, 513, 514, 515, 517, 518, 520, 521, 522, 523, 524, 526, 528, 531, 533, 535, 536, 537, 540, 543, 544, 545, 547, 548, 549, 552, 553, 554, 555, 556, 557, 559, 562, 564, 565, 566, 570, 571, 572, 574, 575, 576, 577, 579, 581, 582, 583, 584, 585, 587, 589, 590, 591, 593, 595, 596, 597, 598, 599, 600, 601, 602, 604, 605, 606, 607, 608, 609, 612, 613, 614, 616, 618, 619, 620, 621, 622, 623, 625, 627, 630, 631, 632, 634, 636, 637, 638, 640, 641, 642, 645, 646, 647, 648, 650, 652, 653, 654, 656, 658, 659, 660, 661, 662, 664, 666, 667, 668, 669, 670, 671, 672, 674, 675, 676, 677, 678, 680, 681, 684, 685, 686, 688, 689, 690, 692, 696, 697, 698, 699, 701, 702, 703, 704, 705, 706, 707, 709, 712, 713, 714, 715, 717, 718, 719, 723, 724, 725, 727, 728, 729, 730, 731, 735, 736, 738, 739, 740, 741, 743, 744, 745, 746, 750, 752, 754, 757, 758, 760, 761, 762, 763, 764, 766, 767, 768, 769, 770, 771, 772, 775, 776, 778, 779, 782, 784, 785, 786, 787, 788, 789, 790, 791, 796, 798, 799, 800, 801, 803, 807, 808, 809, 810, 811, 813, 814, 815, 816, 818, 819, 820, 821, 822, 824, 825, 826, 827, 828, 829, 830, 831, 832, 833, 835, 836, 837, 838, 839, 841, 842, 843, 846, 847, 850, 851, 852, 855, 856, 857, 858, 859, 861, 862, 863, 865, 867, 869, 870, 871, 875, 878, 879, 880, 881, 882, 884, 886, 888]
[3, 10, 23, 44, 45, 53, 72, 74, 77, 80, 84, 85, 96, 106, 108, 115, 137, 139, 142, 154, 157, 172, 195, 196, 197, 200, 211, 212, 218, 224, 229, 237, 238, 250, 254, 272, 284, 291, 293, 296, 304, 305, 310, 330, 334, 347, 358, 364, 376, 377, 381, 382, 384, 388, 402, 410, 413, 426, 429, 431, 437, 444, 445, 455, 456, 466, 468, 472, 505, 506, 518, 557, 560, 577, 582, 613, 614, 618, 627, 629, 645, 651, 668, 669, 670, 673, 677, 683, 685, 690, 692, 702, 708, 711, 719, 725, 735, 738, 748, 749, 750, 754, 755, 757, 762, 763, 777, 778, 782, 792, 793, 801, 807, 808, 831, 852, 853, 861, 885, 886, 887, 889]

[0, 1, 2, 3, 4, 5, 6, 7, 8, 9, 10, 12, 13, 14, 15, 16, 18, 19, 21, 22, 23, 24, 25, 26, 27, 30, 31, 33, 35, 37, 38, 39, 42, 43, 44, 45, 46, 47, 49, 50, 51, 52, 53, 55, 56, 57, 58, 59, 60, 61, 62, 63, 64, 67, 71, 72, 73, 74, 75, 76, 77, 79, 81, 83, 86, 87, 88, 89, 90, 91, 92, 94, 95, 97, 99, 101, 102, 103, 104, 105, 107, 108, 109, 110, 111, 112, 113, 114, 116, 117, 118, 119, 120, 121, 123, 125, 128, 129, 131, 134, 136, 140, 141, 143, 145, 146, 147, 148, 149, 154, 155, 156, 157, 158, 159, 164, 165, 166, 167, 169, 171, 172, 173, 174, 175, 177, 178, 179, 181, 183, 184, 185, 186, 187, 188, 189, 190, 194, 195, 196, 197, 199, 200, 201, 203, 204, 205, 207, 208, 211, 212, 213, 215, 216, 217, 219, 220, 221, 222, 223, 224, 225, 226, 227, 229, 230, 231, 234, 235, 237, 241, 242, 243, 244, 248, 250, 252, 253, 254, 256, 257, 258, 260, 261, 263, 265, 266, 268, 269, 274, 276, 277, 280, 281, 282, 283, 286, 287, 288, 289, 290, 291, 294, 295, 296, 298, 299, 300, 302, 303, 304, 306, 308, 312, 313, 314, 316, 317, 318, 321, 323, 324, 325, 326, 328, 331, 333, 334, 335, 339, 341, 343, 344, 346, 347, 348, 349, 350, 351, 353, 356, 357, 358, 360, 361, 362, 363, 364, 365, 366, 370, 371, 372, 377, 381, 382, 383, 386, 389, 390, 391, 392, 393, 394, 395, 396, 401, 405, 408, 409, 411, 413, 414, 415, 416, 417, 418, 421, 422, 423, 425, 426, 428, 429, 430, 431, 432, 433, 434, 435, 436, 439, 441, 443, 445, 446, 447, 448, 450, 451, 452, 453, 454, 455, 458, 460, 463, 465, 466, 468, 469, 470, 472, 473, 474, 478, 479, 480, 482, 484, 485, 488, 490, 491, 493, 494, 495, 498, 499, 501, 502, 503, 504, 505, 506, 508, 509, 511, 512, 513, 514, 515, 517, 518, 520, 521, 522, 523, 524, 526, 528, 531, 533, 535, 536, 537, 540, 543, 544, 545, 547, 548, 549, 551, 552, 553, 554, 555, 556, 557, 559, 562, 564, 565, 566, 570, 571, 572, 574, 575, 576, 577, 579, 581, 582, 583, 584, 585, 587, 588, 589, 590, 591, 593, 594, 595, 596, 597, 598, 599, 600, 601, 602, 604, 605, 606, 607, 608, 609, 610, 612, 613, 614, 616, 618, 619, 620, 621, 622, 623, 625, 627, 628, 630, 631, 632, 634, 636, 637, 638, 640, 641, 642, 645, 646, 647, 648, 650, 651, 652, 653, 654, 656, 658, 659, 660, 661, 662, 664, 666, 667, 668, 669, 670, 671, 672, 674, 675, 676, 677, 678, 680, 681, 684, 685, 686, 688, 689, 690, 692, 696, 697, 698, 699, 701, 702, 703, 704, 705, 706, 707, 709, 712, 713, 714, 715, 717, 718, 719, 722, 723, 724, 725, 727, 728, 729, 730, 731, 732, 735, 736, 738, 739, 740, 741, 743, 744, 745, 746, 749, 750, 752, 754, 757, 758, 760, 761, 762, 763, 764, 766, 767, 768, 769, 770, 771, 772, 775, 776, 778, 779, 781, 782, 784, 785, 786, 787, 788, 789, 790, 791, 796, 798, 799, 800, 801, 803, 807, 808, 809, 810, 811, 813, 814, 815, 816, 818, 819, 820, 821, 822, 824, 825, 826, 827, 828, 829, 830, 831, 832, 833, 835, 836, 837, 838, 839, 841, 842, 843, 846, 847, 850, 851, 852, 855, 856, 857, 858, 859, 861, 862, 863, 865, 867, 869, 870, 871, 872, 875, 877, 878, 879, 880, 881, 882, 883, 884, 885, 886, 888]
[3, 10, 23, 44, 45, 53, 72, 74, 77, 80, 84, 85, 96, 106, 108, 115, 137, 139, 142, 154, 157, 172, 195, 196, 197, 200, 211, 212, 218, 224, 229, 237, 238, 250, 254, 272, 284, 291, 293, 296, 304, 305, 310, 330, 334, 347, 358, 364, 376, 377, 381, 382, 384, 388, 402, 410, 413, 426, 429, 431, 437, 444, 445, 455, 456, 466, 468, 472, 505, 506, 518, 557, 560, 577, 582, 613, 614, 618, 627, 629, 645, 651, 668, 669, 670, 673, 677, 683, 685, 690, 692, 702, 708, 711, 719, 725, 735, 738, 748, 749, 750, 754, 755, 757, 762, 763, 777, 778, 782, 792, 793, 801, 807, 808, 831, 852, 853, 861, 885, 886, 887, 889]

[0, 1, 2, 3, 4, 5, 6, 7, 8, 9, 10, 12, 13, 14, 15, 16, 17, 18, 19, 21, 22, 23, 24, 25, 26, 27, 28, 30, 31, 33, 34, 35, 36, 37, 38, 39, 42, 43, 44, 45, 46, 47, 49, 50, 51, 52, 53, 55, 56, 57, 58, 59, 60, 61, 62, 63, 64, 65, 67, 71, 72, 73, 74, 75, 76, 77, 79, 81, 83, 86, 87, 88, 89, 90, 91, 92, 94, 95, 97, 99, 101, 102, 103, 104, 105, 107, 108, 109, 110, 111, 112, 113, 114, 116, 117, 118, 119, 120, 121, 123, 125, 128, 129, 131, 134, 136, 140, 141, 142, 143, 145, 146, 147, 148, 149, 154, 155, 156, 157, 158, 159, 164, 165, 166, 167, 169, 171, 172, 173, 174, 175, 176, 177, 178, 179, 181, 183, 184, 185, 186, 187, 188, 189, 190, 191, 194, 195, 196, 197, 199, 200, 201, 203, 204, 205, 207, 208, 211, 212, 213, 215, 216, 217, 219, 220, 221, 222, 223, 224, 225, 226, 227, 229, 230, 231, 234, 235, 237, 241, 242, 243, 244, 245, 248, 250, 252, 253, 254, 256, 257, 258, 260, 261, 262, 263, 265, 266, 268, 269, 272, 274, 276, 277, 280, 281, 282, 283, 286, 287, 288, 289, 290, 291, 294, 295, 296, 298, 299, 300, 302, 303, 304, 306, 308, 312, 313, 314, 316, 317, 318, 321, 323, 324, 325, 326, 328, 331, 332, 333, 334, 335, 339, 341, 343, 344, 346, 347, 348, 349, 350, 351, 353, 356, 357, 358, 360, 361, 362, 363, 364, 365, 366, 370, 371, 372, 377, 378, 381, 382, 383, 386, 389, 390, 391, 392, 393, 394, 395, 396, 398, 400, 401, 405, 407, 408, 409, 411, 413, 414, 415, 416, 417, 418, 421, 422, 423, 425, 426, 428, 429, 430, 431, 432, 433, 434, 435, 436, 439, 441, 443, 445, 446, 447, 448, 450, 451, 452, 453, 454, 455, 458, 460, 463, 465, 466, 468, 469, 470, 472, 473, 474, 478, 479, 480, 482, 484, 485, 488, 490, 491, 493, 494, 495, 498, 499, 501, 502, 503, 504, 505, 506, 508, 509, 511, 512, 513, 514, 515, 517, 518, 520, 521, 522, 523, 524, 526, 528, 531, 532, 533, 534, 535, 536, 537, 540, 543, 544, 545, 547, 548, 549, 551, 552, 553, 554, 555, 556, 557, 559, 562, 564, 565, 566, 570, 571, 572, 573, 574, 575, 576, 577, 579, 581, 582, 583, 584, 585, 587, 588, 589, 590, 591, 593, 594, 595, 596, 597, 598, 599, 600, 601, 602, 604, 605, 606, 607, 608, 609, 610, 612, 613, 614, 616, 618, 619, 620, 621, 622, 623, 625, 627, 628, 630, 631, 632, 634, 636, 637, 638, 639, 640, 641, 642, 645, 646, 647, 648, 650, 651, 652, 653, 654, 655, 656, 658, 659, 660, 661, 662, 663, 664, 666, 667, 668, 669, 670, 671, 672, 674, 675, 676, 677, 678, 680, 681, 684, 685, 686, 688, 689, 690, 692, 694, 696, 697, 698, 699, 701, 702, 703, 704, 705, 706, 707, 709, 712, 713, 714, 715, 717, 718, 719, 722, 723, 724, 725, 727, 728, 729, 730, 731, 732, 735, 736, 738, 739, 740, 741, 743, 744, 745, 746, 749, 750, 752, 754, 755, 757, 758, 760, 761, 762, 763, 764, 766, 767, 768, 769, 770, 771, 772, 775, 776, 778, 779, 781, 782, 784, 785, 786, 787, 788, 789, 790, 791, 796, 798, 799, 800, 801, 803, 805, 807, 808, 809, 810, 811, 813, 814, 815, 816, 818, 819, 820, 821, 822, 824, 825, 826, 827, 828, 829, 830, 831, 832, 833, 835, 836, 837, 838, 839, 841, 842, 843, 846, 847, 850, 851, 852, 855, 856, 857, 858, 859, 861, 862, 863, 865, 867, 869, 870, 871, 872, 875, 877, 878, 879, 880, 881, 882, 883, 884, 885, 886, 888]
[3, 10, 23, 44, 45, 53, 72, 74, 77, 80, 84, 85, 96, 106, 108, 115, 137, 139, 142, 154, 157, 172, 195, 196, 197, 200, 211, 212, 218, 224, 229, 237, 238, 250, 254, 272, 284, 291, 293, 296, 304, 305, 310, 330, 334, 347, 358, 364, 376, 377, 381, 382, 384, 388, 402, 410, 413, 426, 429, 431, 437, 444, 445, 455, 456, 466, 468, 472, 505, 506, 518, 557, 560, 577, 582, 613, 614, 618, 627, 629, 645, 651, 668, 669, 670, 673, 677, 683, 685, 690, 692, 702, 708, 711, 719, 725, 735, 738, 748, 749, 750, 754, 755, 757, 762, 763, 777, 778, 782, 792, 793, 801, 807, 808, 831, 852, 853, 861, 885, 886, 887, 889]

[0, 1, 2, 3, 4, 5, 6, 7, 8, 9, 10, 12, 13, 14, 15, 16, 17, 18, 19, 20, 21, 22, 23, 24, 25, 26, 27, 28, 30, 31, 33, 34, 35, 36, 37, 38, 39, 42, 43, 44, 45, 46, 47, 49, 50, 51, 52, 53, 55, 56, 57, 58, 59, 60, 61, 62, 63, 64, 65, 67, 71, 72, 73, 74, 75, 76, 77, 79, 81, 83, 86, 87, 88, 89, 90, 91, 92, 93, 94, 95, 96, 97, 99, 101, 102, 103, 104, 105, 107, 108, 109, 110, 111, 112, 113, 114, 116, 117, 118, 119, 120, 121, 123, 125, 128, 129, 130, 131, 134, 136, 140, 141, 142, 143, 145, 146, 147, 148, 149, 154, 155, 156, 157, 158, 159, 160, 161, 164, 165, 166, 167, 169, 170, 171, 172, 173, 174, 175, 176, 177, 178, 179, 180, 181, 183, 184, 185, 186, 187, 188, 189, 190, 191, 194, 195, 196, 197, 199, 200, 201, 203, 204, 205, 207, 208, 209, 211, 212, 213, 215, 216, 217, 219, 220, 221, 222, 223, 224, 225, 226, 227, 229, 230, 231, 234, 235, 237, 241, 242, 243, 244, 245, 248, 250, 252, 253, 254, 256, 257, 258, 260, 261, 262, 263, 264, 265, 266, 268, 269, 272, 274, 276, 277, 280, 281, 282, 283, 286, 287, 288, 289, 290, 291, 294, 295, 296, 298, 299, 300, 302, 303, 304, 306, 308, 312, 313, 314, 316, 317, 318, 321, 323, 324, 325, 326, 328, 331, 332, 333, 334, 335, 339, 340, 341, 343, 344, 346, 347, 348, 349, 350, 351, 353, 356, 357, 358, 359, 360, 361, 362, 363, 364, 365, 366, 370, 371, 372, 375, 376, 377, 378, 381, 382, 383, 384, 386, 389, 390, 391, 392, 393, 394, 395, 396, 398, 400, 401, 405, 407, 408, 409, 411, 413, 414, 415, 416, 417, 418, 421, 422, 423, 425, 426, 428, 429, 430, 431, 432, 433, 434, 435, 436, 439, 441, 443, 445, 446, 447, 448, 450, 451, 452, 453, 454, 455, 458, 460, 463, 465, 466, 468, 469, 470, 472, 473, 474, 478, 479, 480, 482, 484, 485, 488, 490, 491, 493, 494, 495, 498, 499, 501, 502, 503, 504, 505, 506, 508, 509, 511, 512, 513, 514, 515, 517, 518, 520, 521, 522, 523, 524, 526, 528, 531, 532, 533, 534, 535, 536, 537, 540, 543, 544, 545, 547, 548, 549, 550, 551, 552, 553, 554, 555, 556, 557, 559, 562, 564, 565, 566, 568, 570, 571, 572, 573, 574, 575, 576, 577, 579, 581, 582, 583, 584, 585, 587, 588, 589, 590, 591, 593, 594, 595, 596, 597, 598, 599, 600, 601, 602, 604, 605, 606, 607, 608, 609, 610, 612, 613, 614, 616, 618, 619, 620, 621, 622, 623, 625, 627, 628, 630, 631, 632, 634, 636, 637, 638, 639, 640, 641, 642, 645, 646, 647, 648, 650, 651, 652, 653, 654, 655, 656, 658, 659, 660, 661, 662, 663, 664, 666, 667, 668, 669, 670, 671, 672, 674, 675, 676, 677, 678, 680, 681, 684, 685, 686, 688, 689, 690, 692, 694, 696, 697, 698, 699, 701, 702, 703, 704, 705, 706, 707, 709, 710, 712, 713, 714, 715, 717, 718, 719, 722, 723, 724, 725, 727, 728, 729, 730, 731, 732, 735, 736, 738, 739, 740, 741, 743, 744, 745, 746, 749, 750, 752, 754, 755, 757, 758, 759, 760, 761, 762, 763, 764, 766, 767, 768, 769, 770, 771, 772, 775, 776, 777, 778, 779, 780, 781, 782, 784, 785, 786, 787, 788, 789, 790, 791, 793, 796, 798, 799, 800, 801, 803, 805, 807, 808, 809, 810, 811, 813, 814, 815, 816, 818, 819, 820, 821, 822, 824, 825, 826, 827, 828, 829, 830, 831, 832, 833, 835, 836, 837, 838, 839, 841, 842, 843, 846, 847, 849, 850, 851, 852, 855, 856, 857, 858, 859, 861, 862, 863, 865, 866, 867, 869, 870, 871, 872, 875, 877, 878, 879, 880, 881, 882, 883, 884, 885, 886, 887, 888]
[3, 10, 23, 44, 45, 53, 72, 74, 77, 80, 84, 85, 96, 106, 108, 115, 137, 139, 142, 154, 157, 172, 195, 196, 197, 200, 211, 212, 218, 224, 229, 237, 238, 250, 254, 272, 284, 291, 293, 296, 304, 305, 310, 330, 334, 347, 358, 364, 376, 377, 381, 382, 384, 388, 402, 410, 413, 426, 429, 431, 437, 444, 445, 455, 456, 466, 468, 472, 505, 506, 518, 557, 560, 577, 582, 613, 614, 618, 627, 629, 645, 651, 668, 669, 670, 673, 677, 683, 685, 690, 692, 702, 708, 711, 719, 725, 735, 738, 748, 749, 750, 754, 755, 757, 762, 763, 777, 778, 782, 792, 793, 801, 807, 808, 831, 852, 853, 861, 885, 886, 887, 889]

[0, 1, 2, 3, 4, 5, 6, 7, 8, 9, 10, 12, 13, 14, 15, 16, 17, 18, 19, 20, 21, 22, 23, 24, 25, 26, 27, 28, 30, 31, 33, 34, 35, 36, 37, 38, 39, 42, 43, 44, 45, 46, 47, 49, 50, 51, 52, 53, 55, 56, 57, 58, 59, 60, 61, 62, 63, 64, 65, 67, 71, 72, 73, 74, 75, 76, 77, 79, 81, 83, 86, 87, 88, 89, 90, 91, 92, 93, 94, 95, 96, 97, 99, 101, 102, 103, 104, 105, 107, 108, 109, 110, 111, 112, 113, 114, 116, 117, 118, 119, 120, 121, 123, 125, 128, 129, 130, 131, 134, 136, 140, 141, 142, 143, 144, 145, 146, 147, 148, 149, 151, 154, 155, 156, 157, 158, 159, 160, 161, 164, 165, 166, 167, 169, 170, 171, 172, 173, 174, 175, 176, 177, 178, 179, 180, 181, 183, 184, 185, 186, 187, 188, 189, 190, 191, 194, 195, 196, 197, 199, 200, 201, 203, 204, 205, 207, 208, 209, 211, 212, 213, 215, 216, 217, 219, 220, 221, 222, 223, 224, 225, 226, 227, 229, 230, 231, 234, 235, 237, 241, 242, 243, 244, 245, 248, 249, 250, 252, 253, 254, 256, 257, 258, 260, 261, 262, 263, 264, 265, 266, 268, 269, 270, 272, 273, 274, 276, 277, 280, 281, 282, 283, 286, 287, 288, 289, 290, 291, 294, 295, 296, 297, 298, 299, 300, 302, 303, 304, 306, 308, 310, 312, 313, 314, 316, 317, 318, 320, 321, 323, 324, 325, 326, 327, 328, 331, 332, 333, 334, 335, 339, 340, 341, 343, 344, 346, 347, 348, 349, 350, 351, 352, 353, 355, 356, 357, 358, 359, 360, 361, 362, 363, 364, 365, 366, 370, 371, 372, 375, 376, 377, 378, 381, 382, 383, 384, 386, 389, 390, 391, 392, 393, 394, 395, 396, 398, 400, 401, 404, 405, 406, 407, 408, 409, 411, 413, 414, 415, 416, 417, 418, 421, 422, 423, 425, 426, 428, 429, 430, 431, 432, 433, 434, 435, 436, 439, 441, 443, 445, 446, 447, 448, 450, 451, 452, 453, 454, 455, 458, 460, 463, 465, 466, 468, 469, 470, 472, 473, 474, 475, 478, 479, 480, 482, 483, 484, 485, 488, 490, 491, 493, 494, 495, 498, 499, 501, 502, 503, 504, 505, 506, 508, 509, 511, 512, 513, 514, 515, 516, 517, 518, 520, 521, 522, 523, 524, 526, 528, 530, 531, 532, 533, 534, 535, 536, 537, 540, 543, 544, 545, 547, 548, 549, 550, 551, 552, 553, 554, 555, 556, 557, 559, 562, 563, 564, 565, 566, 568, 570, 571, 572, 573, 574, 575, 576, 577, 579, 580, 581, 582, 583, 584, 585, 587, 588, 589, 590, 591, 593, 594, 595, 596, 597, 598, 599, 600, 601, 602, 604, 605, 606, 607, 608, 609, 610, 612, 613, 614, 616, 618, 619, 620, 621, 622, 623, 624, 625, 627, 628, 630, 631, 632, 634, 636, 637, 638, 639, 640, 641, 642, 645, 646, 647, 648, 650, 651, 652, 653, 654, 655, 656, 658, 659, 660, 661, 662, 663, 664, 666, 667, 668, 669, 670, 671, 672, 673, 674, 675, 676, 677, 678, 680, 681, 684, 685, 686, 688, 689, 690, 692, 694, 696, 697, 698, 699, 701, 702, 703, 704, 705, 706, 707, 709, 710, 712, 713, 714, 715, 717, 718, 719, 722, 723, 724, 725, 727, 728, 729, 730, 731, 732, 735, 736, 738, 739, 740, 741, 743, 744, 745, 746, 749, 750, 752, 754, 755, 757, 758, 759, 760, 761, 762, 763, 764, 766, 767, 768, 769, 770, 771, 772, 775, 776, 777, 778, 779, 780, 781, 782, 784, 785, 786, 787, 788, 789, 790, 791, 793, 796, 798, 799, 800, 801, 803, 805, 807, 808, 809, 810, 811, 812, 813, 814, 815, 816, 817, 818, 819, 820, 821, 822, 824, 825, 826, 827, 828, 829, 830, 831, 832, 833, 835, 836, 837, 838, 839, 841, 842, 843, 846, 847, 849, 850, 851, 852, 854, 855, 856, 857, 858, 859, 861, 862, 863, 865, 866, 867, 868, 869, 870, 871, 872, 875, 877, 878, 879, 880, 881, 882, 883, 884, 885, 886, 887, 888]
[3, 10, 23, 44, 45, 53, 72, 74, 77, 80, 84, 85, 96, 106, 108, 115, 137, 139, 142, 154, 157, 172, 195, 196, 197, 200, 211, 212, 218, 224, 229, 237, 238, 250, 254, 272, 284, 291, 293, 296, 304, 305, 310, 330, 334, 347, 358, 364, 376, 377, 381, 382, 384, 388, 402, 410, 413, 426, 429, 431, 437, 444, 445, 455, 456, 466, 468, 472, 505, 506, 518, 557, 560, 577, 582, 613, 614, 618, 627, 629, 645, 651, 668, 669, 670, 673, 677, 683, 685, 690, 692, 702, 708, 711, 719, 725, 735, 738, 748, 749, 750, 754, 755, 757, 762, 763, 777, 778, 782, 792, 793, 801, 807, 808, 831, 852, 853, 861, 885, 886, 887, 889]

[0, 1, 2, 3, 4, 5, 6, 7, 8, 9, 10, 12, 13, 14, 15, 16, 17, 18, 19, 20, 21, 22, 23, 24, 25, 26, 27, 28, 30, 31, 33, 34, 35, 36, 37, 38, 39, 42, 43, 44, 45, 46, 47, 49, 50, 51, 52, 53, 54, 55, 56, 57, 58, 59, 60, 61, 62, 63, 64, 65, 67, 71, 72, 73, 74, 75, 76, 77, 79, 80, 81, 83, 86, 87, 88, 89, 90, 91, 92, 93, 94, 95, 96, 97, 99, 101, 102, 103, 104, 105, 107, 108, 109, 110, 111, 112, 113, 114, 116, 117, 118, 119, 120, 121, 123, 125, 128, 129, 130, 131, 134, 135, 136, 140, 141, 142, 143, 144, 145, 146, 147, 148, 149, 151, 154, 155, 156, 157, 158, 159, 160, 161, 164, 165, 166, 167, 169, 170, 171, 172, 173, 174, 175, 176, 177, 178, 179, 180, 181, 183, 184, 185, 186, 187, 188, 189, 190, 191, 194, 195, 196, 197, 199, 200, 201, 203, 204, 205, 206, 207, 208, 209, 211, 212, 213, 215, 216, 217, 219, 220, 221, 222, 223, 224, 225, 226, 227, 229, 230, 231, 234, 235, 236, 237, 240, 241, 242, 243, 244, 245, 247, 248, 249, 250, 252, 253, 254, 256, 257, 258, 260, 261, 262, 263, 264, 265, 266, 267, 268, 269, 270, 272, 273, 274, 276, 277, 280, 281, 282, 283, 286, 287, 288, 289, 290, 291, 294, 295, 296, 297, 298, 299, 300, 302, 303, 304, 306, 308, 310, 312, 313, 314, 316, 317, 318, 320, 321, 323, 324, 325, 326, 327, 328, 330, 331, 332, 333, 334, 335, 337, 339, 340, 341, 343, 344, 346, 347, 348, 349, 350, 351, 352, 353, 355, 356, 357, 358, 359, 360, 361, 362, 363, 364, 365, 366, 370, 371, 372, 375, 376, 377, 378, 381, 382, 383, 384, 386, 387, 389, 390, 391, 392, 393, 394, 395, 396, 398, 399, 400, 401, 402, 404, 405, 406, 407, 408, 409, 411, 413, 414, 415, 416, 417, 418, 419, 421, 422, 423, 425, 426, 428, 429, 430, 431, 432, 433, 434, 435, 436, 439, 441, 443, 445, 446, 447, 448, 450, 451, 452, 453, 454, 455, 458, 460, 463, 465, 466, 468, 469, 470, 472, 473, 474, 475, 478, 479, 480, 482, 483, 484, 485, 488, 490, 491, 492, 493, 494, 495, 498, 499, 501, 502, 503, 504, 505, 506, 507, 508, 509, 511, 512, 513, 514, 515, 516, 517, 518, 520, 521, 522, 523, 524, 526, 528, 530, 531, 532, 533, 534, 535, 536, 537, 540, 543, 544, 545, 547, 548, 549, 550, 551, 552, 553, 554, 555, 556, 557, 559, 562, 563, 564, 565, 566, 568, 570, 571, 572, 573, 574, 575, 576, 577, 579, 580, 581, 582, 583, 584, 585, 587, 588, 589, 590, 591, 593, 594, 595, 596, 597, 598, 599, 600, 601, 602, 604, 605, 606, 607, 608, 609, 610, 612, 613, 614, 616, 618, 619, 620, 621, 622, 623, 624, 625, 626, 627, 628, 629, 630, 631, 632, 634, 636, 637, 638, 639, 640, 641, 642, 645, 646, 647, 648, 650, 651, 652, 653, 654, 655, 656, 658, 659, 660, 661, 662, 663, 664, 666, 667, 668, 669, 670, 671, 672, 673, 674, 675, 676, 677, 678, 680, 681, 684, 685, 686, 687, 688, 689, 690, 692, 694, 696, 697, 698, 699, 701, 702, 703, 704, 705, 706, 707, 709, 710, 712, 713, 714, 715, 717, 718, 719, 722, 723, 724, 725, 727, 728, 729, 730, 731, 732, 735, 736, 738, 739, 740, 741, 743, 744, 745, 746, 748, 749, 750, 751, 752, 754, 755, 757, 758, 759, 760, 761, 762, 763, 764, 766, 767, 768, 769, 770, 771, 772, 775, 776, 777, 778, 779, 780, 781, 782, 784, 785, 786, 787, 788, 789, 790, 791, 793, 796, 798, 799, 800, 801, 803, 805, 807, 808, 809, 810, 811, 812, 813, 814, 815, 816, 817, 818, 819, 820, 821, 822, 823, 824, 825, 826, 827, 828, 829, 830, 831, 832, 833, 835, 836, 837, 838, 839, 841, 842, 843, 844, 846, 847, 848, 849, 850, 851, 852, 854, 855, 856, 857, 858, 859, 860, 861, 862, 863, 865, 866, 867, 868, 869, 870, 871, 872, 875, 877, 878, 879, 880, 881, 882, 883, 884, 885, 886, 887, 888]
[3, 10, 23, 44, 45, 53, 72, 74, 77, 80, 84, 85, 96, 106, 108, 115, 137, 139, 142, 154, 157, 172, 195, 196, 197, 200, 211, 212, 218, 224, 229, 237, 238, 250, 254, 272, 284, 291, 293, 296, 304, 305, 310, 330, 334, 347, 358, 364, 376, 377, 381, 382, 384, 388, 402, 410, 413, 426, 429, 431, 437, 444, 445, 455, 456, 466, 468, 472, 505, 506, 518, 557, 560, 577, 582, 613, 614, 618, 627, 629, 645, 651, 668, 669, 670, 673, 677, 683, 685, 690, 692, 702, 708, 711, 719, 725, 735, 738, 748, 749, 750, 754, 755, 757, 762, 763, 777, 778, 782, 792, 793, 801, 807, 808, 831, 852, 853, 861, 885, 886, 887, 889]

[0, 1, 2, 3, 4, 5, 6, 7, 8, 9, 10, 12, 13, 14, 15, 16, 17, 18, 19, 20, 21, 22, 23, 24, 25, 26, 27, 28, 30, 31, 33, 34, 35, 36, 37, 38, 39, 42, 43, 44, 45, 46, 47, 48, 49, 50, 51, 52, 53, 54, 55, 56, 57, 58, 59, 60, 61, 62, 63, 64, 65, 67, 71, 72, 73, 74, 75, 76, 77, 78, 79, 80, 81, 83, 86, 87, 88, 89, 90, 91, 92, 93, 94, 95, 96, 97, 99, 100, 101, 102, 103, 104, 105, 107, 108, 109, 110, 111, 112, 113, 114, 116, 117, 118, 119, 120, 121, 123, 125, 128, 129, 130, 131, 132, 134, 135, 136, 138, 140, 141, 142, 143, 144, 145, 146, 147, 148, 149, 151, 153, 154, 155, 156, 157, 158, 159, 160, 161, 164, 165, 166, 167, 169, 170, 171, 172, 173, 174, 175, 176, 177, 178, 179, 180, 181, 182, 183, 184, 185, 186, 187, 188, 189, 190, 191, 192, 194, 195, 196, 197, 199, 200, 201, 202, 203, 204, 205, 206, 207, 208, 209, 211, 212, 213, 215, 216, 217, 219, 220, 221, 222, 223, 224, 225, 226, 227, 229, 230, 231, 234, 235, 236, 237, 240, 241, 242, 243, 244, 245, 247, 248, 249, 250, 252, 253, 254, 256, 257, 258, 260, 261, 262, 263, 264, 265, 266, 267, 268, 269, 270, 272, 273, 274, 276, 277, 280, 281, 282, 283, 284, 286, 287, 288, 289, 290, 291, 294, 295, 296, 297, 298, 299, 300, 302, 303, 304, 306, 308, 310, 312, 313, 314, 316, 317, 318, 320, 321, 323, 324, 325, 326, 327, 328, 330, 331, 332, 333, 334, 335, 337, 339, 340, 341, 343, 344, 346, 347, 348, 349, 350, 351, 352, 353, 355, 356, 357, 358, 359, 360, 361, 362, 363, 364, 365, 366, 370, 371, 372, 373, 375, 376, 377, 378, 381, 382, 383, 384, 386, 387, 389, 390, 391, 392, 393, 394, 395, 396, 398, 399, 400, 401, 402, 404, 405, 406, 407, 408, 409, 411, 412, 413, 414, 415, 416, 417, 418, 419, 421, 422, 423, 425, 426, 428, 429, 430, 431, 432, 433, 434, 435, 436, 439, 441, 443, 444, 445, 446, 447, 448, 450, 451, 452, 453, 454, 455, 458, 460, 463, 465, 466, 468, 469, 470, 472, 473, 474, 475, 476, 478, 479, 480, 482, 483, 484, 485, 488, 490, 491, 492, 493, 494, 495, 496, 498, 499, 501, 502, 503, 504, 505, 506, 507, 508, 509, 511, 512, 513, 514, 515, 516, 517, 518, 519, 520, 521, 522, 523, 524, 526, 528, 529, 530, 531, 532, 533, 534, 535, 536, 537, 540, 543, 544, 545, 547, 548, 549, 550, 551, 552, 553, 554, 555, 556, 557, 559, 562, 563, 564, 565, 566, 568, 570, 571, 572, 573, 574, 575, 576, 577, 579, 580, 581, 582, 583, 584, 585, 587, 588, 589, 590, 591, 592, 593, 594, 595, 596, 597, 598, 599, 600, 601, 602, 603, 604, 605, 606, 607, 608, 609, 610, 612, 613, 614, 615, 616, 618, 619, 620, 621, 622, 623, 624, 625, 626, 627, 628, 629, 630, 631, 632, 634, 636, 637, 638, 639, 640, 641, 642, 645, 646, 647, 648, 650, 651, 652, 653, 654, 655, 656, 658, 659, 660, 661, 662, 663, 664, 666, 667, 668, 669, 670, 671, 672, 673, 674, 675, 676, 677, 678, 680, 681, 684, 685, 686, 687, 688, 689, 690, 692, 693, 694, 696, 697, 698, 699, 701, 702, 703, 704, 705, 706, 707, 709, 710, 712, 713, 714, 715, 717, 718, 719, 720, 722, 723, 724, 725, 727, 728, 729, 730, 731, 732, 735, 736, 738, 739, 740, 741, 743, 744, 745, 746, 748, 749, 750, 751, 752, 754, 755, 757, 758, 759, 760, 761, 762, 763, 764, 766, 767, 768, 769, 770, 771, 772, 775, 776, 777, 778, 779, 780, 781, 782, 784, 785, 786, 787, 788, 789, 790, 791, 792, 793, 796, 798, 799, 800, 801, 803, 805, 807, 808, 809, 810, 811, 812, 813, 814, 815, 816, 817, 818, 819, 820, 821, 822, 823, 824, 825, 826, 827, 828, 829, 830, 831, 832, 833, 835, 836, 837, 838, 839, 841, 842, 843, 844, 846, 847, 848, 849, 850, 851, 852, 853, 854, 855, 856, 857, 858, 859, 860, 861, 862, 863, 865, 866, 867, 868, 869, 870, 871, 872, 875, 877, 878, 879, 880, 881, 882, 883, 884, 885, 886, 887, 888]
[3, 10, 23, 44, 45, 53, 72, 74, 77, 80, 84, 85, 96, 106, 108, 115, 137, 139, 142, 154, 157, 172, 195, 196, 197, 200, 211, 212, 218, 224, 229, 237, 238, 250, 254, 272, 284, 291, 293, 296, 304, 305, 310, 330, 334, 347, 358, 364, 376, 377, 381, 382, 384, 388, 402, 410, 413, 426, 429, 431, 437, 444, 445, 455, 456, 466, 468, 472, 505, 506, 518, 557, 560, 577, 582, 613, 614, 618, 627, 629, 645, 651, 668, 669, 670, 673, 677, 683, 685, 690, 692, 702, 708, 711, 719, 725, 735, 738, 748, 749, 750, 754, 755, 757, 762, 763, 777, 778, 782, 792, 793, 801, 807, 808, 831, 852, 853, 861, 885, 886, 887, 889]

[0, 1, 2, 3, 4, 5, 6, 7, 8, 9, 10, 11, 12, 13, 14, 15, 16, 17, 18, 19, 20, 21, 22, 23, 24, 25, 26, 27, 28, 29, 30, 31, 33, 34, 35, 36, 37, 38, 39, 42, 43, 44, 45, 46, 47, 48, 49, 50, 51, 52, 53, 54, 55, 56, 57, 58, 59, 60, 61, 62, 63, 64, 65, 66, 67, 71, 72, 73, 74, 75, 76, 77, 78, 79, 80, 81, 83, 86, 87, 88, 89, 90, 91, 92, 93, 94, 95, 96, 97, 99, 100, 101, 102, 103, 104, 105, 107, 108, 109, 110, 111, 112, 113, 114, 116, 117, 118, 119, 120, 121, 123, 125, 126, 128, 129, 130, 131, 132, 134, 135, 136, 138, 140, 141, 142, 143, 144, 145, 146, 147, 148, 149, 150, 151, 153, 154, 155, 156, 157, 158, 159, 160, 161, 164, 165, 166, 167, 169, 170, 171, 172, 173, 174, 175, 176, 177, 178, 179, 180, 181, 182, 183, 184, 185, 186, 187, 188, 189, 190, 191, 192, 194, 195, 196, 197, 199, 200, 201, 202, 203, 204, 205, 206, 207, 208, 209, 211, 212, 213, 215, 216, 217, 219, 220, 221, 222, 223, 224, 225, 226, 227, 229, 230, 231, 234, 235, 236, 237, 240, 241, 242, 243, 244, 245, 247, 248, 249, 250, 251, 252, 253, 254, 256, 257, 258, 260, 261, 262, 263, 264, 265, 266, 267, 268, 269, 270, 272, 273, 274, 276, 277, 278, 280, 281, 282, 283, 284, 286, 287, 288, 289, 290, 291, 293, 294, 295, 296, 297, 298, 299, 300, 302, 303, 304, 305, 306, 308, 310, 312, 313, 314, 316, 317, 318, 320, 321, 323, 324, 325, 326, 327, 328, 330, 331, 332, 333, 334, 335, 337, 339, 340, 341, 343, 344, 346, 347, 348, 349, 350, 351, 352, 353, 355, 356, 357, 358, 359, 360, 361, 362, 363, 364, 365, 366, 370, 371, 372, 373, 375, 376, 377, 378, 380, 381, 382, 383, 384, 386, 387, 389, 390, 391, 392, 393, 394, 395, 396, 398, 399, 400, 401, 402, 404, 405, 406, 407, 408, 409, 411, 412, 413, 414, 415, 416, 417, 418, 419, 421, 422, 423, 424, 425, 426, 428, 429, 430, 431, 432, 433, 434, 435, 436, 437, 439, 441, 442, 443, 444, 445, 446, 447, 448, 450, 451, 452, 453, 454, 455, 458, 460, 463, 465, 466, 468, 469, 470, 472, 473, 474, 475, 476, 478, 479, 480, 482, 483, 484, 485, 486, 488, 490, 491, 492, 493, 494, 495, 496, 498, 499, 501, 502, 503, 504, 505, 506, 507, 508, 509, 511, 512, 513, 514, 515, 516, 517, 518, 519, 520, 521, 522, 523, 524, 526, 528, 529, 530, 531, 532, 533, 534, 535, 536, 537, 540, 543, 544, 545, 547, 548, 549, 550, 551, 552, 553, 554, 555, 556, 557, 559, 562, 563, 564, 565, 566, 567, 568, 570, 571, 572, 573, 574, 575, 576, 577, 579, 580, 581, 582, 583, 584, 585, 587, 588, 589, 590, 591, 592, 593, 594, 595, 596, 597, 598, 599, 600, 601, 602, 603, 604, 605, 606, 607, 608, 609, 610, 612, 613, 614, 615, 616, 617, 618, 619, 620, 621, 622, 623, 624, 625, 626, 627, 628, 629, 630, 631, 632, 633, 634, 636, 637, 638, 639, 640, 641, 642, 645, 646, 647, 648, 650, 651, 652, 653, 654, 655, 656, 658, 659, 660, 661, 662, 663, 664, 666, 667, 668, 669, 670, 671, 672, 673, 674, 675, 676, 677, 678, 680, 681, 684, 685, 686, 687, 688, 689, 690, 692, 693, 694, 696, 697, 698, 699, 701, 702, 703, 704, 705, 706, 707, 709, 710, 711, 712, 713, 714, 715, 717, 718, 719, 720, 722, 723, 724, 725, 727, 728, 729, 730, 731, 732, 733, 735, 736, 738, 739, 740, 741, 743, 744, 745, 746, 748, 749, 750, 751, 752, 753, 754, 755, 756, 757, 758, 759, 760, 761, 762, 763, 764, 765, 766, 767, 768, 769, 770, 771, 772, 775, 776, 777, 778, 779, 780, 781, 782, 784, 785, 786, 787, 788, 789, 790, 791, 792, 793, 795, 796, 797, 798, 799, 800, 801, 803, 804, 805, 807, 808, 809, 810, 811, 812, 813, 814, 815, 816, 817, 818, 819, 820, 821, 822, 823, 824, 825, 826, 827, 828, 829, 830, 831, 832, 833, 835, 836, 837, 838, 839, 841, 842, 843, 844, 846, 847, 848, 849, 850, 851, 852, 853, 854, 855, 856, 857, 858, 859, 860, 861, 862, 863, 865, 866, 867, 868, 869, 870, 871, 872, 875, 877, 878, 879, 880, 881, 882, 883, 884, 885, 886, 887, 888]
[3, 10, 23, 44, 45, 53, 72, 74, 77, 80, 84, 85, 96, 106, 108, 115, 137, 139, 142, 154, 157, 172, 195, 196, 197, 200, 211, 212, 218, 224, 229, 237, 238, 250, 254, 272, 284, 291, 293, 296, 304, 305, 310, 330, 334, 347, 358, 364, 376, 377, 381, 382, 384, 388, 402, 410, 413, 426, 429, 431, 437, 444, 445, 455, 456, 466, 468, 472, 505, 506, 518, 557, 560, 577, 582, 613, 614, 618, 627, 629, 645, 651, 668, 669, 670, 673, 677, 683, 685, 690, 692, 702, 708, 711, 719, 725, 735, 738, 748, 749, 750, 754, 755, 757, 762, 763, 777, 778, 782, 792, 793, 801, 807, 808, 831, 852, 853, 861, 885, 886, 887, 889]

[0, 1, 2, 3, 4, 5, 6, 7, 8, 9, 10, 11, 12, 13, 14, 15, 16, 17, 18, 19, 20, 21, 22, 23, 24, 25, 26, 27, 28, 29, 30, 31, 33, 34, 35, 36, 37, 38, 39, 42, 43, 44, 45, 46, 47, 48, 49, 50, 51, 52, 53, 54, 55, 56, 57, 58, 59, 60, 61, 62, 63, 64, 65, 66, 67, 69, 71, 72, 73, 74, 75, 76, 77, 78, 79, 80, 81, 83, 84, 85, 86, 87, 88, 89, 90, 91, 92, 93, 94, 95, 96, 97, 98, 99, 100, 101, 102, 103, 104, 105, 107, 108, 109, 110, 111, 112, 113, 114, 116, 117, 118, 119, 120, 121, 123, 125, 126, 128, 129, 130, 131, 132, 134, 135, 136, 138, 139, 140, 141, 142, 143, 144, 145, 146, 147, 148, 149, 150, 151, 153, 154, 155, 156, 157, 158, 159, 160, 161, 164, 165, 166, 167, 169, 170, 171, 172, 173, 174, 175, 176, 177, 178, 179, 180, 181, 182, 183, 184, 185, 186, 187, 188, 189, 190, 191, 192, 194, 195, 196, 197, 199, 200, 201, 202, 203, 204, 205, 206, 207, 208, 209, 211, 212, 213, 214, 215, 216, 217, 219, 220, 221, 222, 223, 224, 225, 226, 227, 229, 230, 231, 234, 235, 236, 237, 238, 240, 241, 242, 243, 244, 245, 247, 248, 249, 250, 251, 252, 253, 254, 255, 256, 257, 258, 260, 261, 262, 263, 264, 265, 266, 267, 268, 269, 270, 271, 272, 273, 274, 275, 276, 277, 278, 280, 281, 282, 283, 284, 286, 287, 288, 289, 290, 291, 293, 294, 295, 296, 297, 298, 299, 300, 302, 303, 304, 305, 306, 308, 309, 310, 312, 313, 314, 316, 317, 318, 320, 321, 323, 324, 325, 326, 327, 328, 330, 331, 332, 333, 334, 335, 337, 339, 340, 341, 343, 344, 345, 346, 347, 348, 349, 350, 351, 352, 353, 355, 356, 357, 358, 359, 360, 361, 362, 363, 364, 365, 366, 370, 371, 372, 373, 375, 376, 377, 378, 380, 381, 382, 383, 384, 386, 387, 388, 389, 390, 391, 392, 393, 394, 395, 396, 398, 399, 400, 401, 402, 404, 405, 406, 407, 408, 409, 411, 412, 413, 414, 415, 416, 417, 418, 419, 421, 422, 423, 424, 425, 426, 427, 428, 429, 430, 431, 432, 433, 434, 435, 436, 437, 439, 440, 441, 442, 443, 444, 445, 446, 447, 448, 450, 451, 452, 453, 454, 455, 458, 460, 463, 465, 466, 468, 469, 470, 471, 472, 473, 474, 475, 476, 478, 479, 480, 481, 482, 483, 484, 485, 486, 488, 490, 491, 492, 493, 494, 495, 496, 498, 499, 501, 502, 503, 504, 505, 506, 507, 508, 509, 511, 512, 513, 514, 515, 516, 517, 518, 519, 520, 521, 522, 523, 524, 526, 528, 529, 530, 531, 532, 533, 534, 535, 536, 537, 540, 541, 543, 544, 545, 547, 548, 549, 550, 551, 552, 553, 554, 555, 556, 557, 559, 562, 563, 564, 565, 566, 567, 568, 570, 571, 572, 573, 574, 575, 576, 577, 579, 580, 581, 582, 583, 584, 585, 587, 588, 589, 590, 591, 592, 593, 594, 595, 596, 597, 598, 599, 600, 601, 602, 603, 604, 605, 606, 607, 608, 609, 610, 612, 613, 614, 615, 616, 617, 618, 619, 620, 621, 622, 623, 624, 625, 626, 627, 628, 629, 630, 631, 632, 633, 634, 636, 637, 638, 639, 640, 641, 642, 643, 645, 646, 647, 648, 649, 650, 651, 652, 653, 654, 655, 656, 658, 659, 660, 661, 662, 663, 664, 666, 667, 668, 669, 670, 671, 672, 673, 674, 675, 676, 677, 678, 680, 681, 684, 685, 686, 687, 688, 689, 690, 692, 693, 694, 696, 697, 698, 699, 701, 702, 703, 704, 705, 706, 707, 709, 710, 711, 712, 713, 714, 715, 717, 718, 719, 720, 722, 723, 724, 725, 727, 728, 729, 730, 731, 732, 733, 735, 736, 738, 739, 740, 741, 743, 744, 745, 746, 748, 749, 750, 751, 752, 753, 754, 755, 756, 757, 758, 759, 760, 761, 762, 763, 764, 765, 766, 767, 768, 769, 770, 771, 772, 775, 776, 777, 778, 779, 780, 781, 782, 784, 785, 786, 787, 788, 789, 790, 791, 792, 793, 795, 796, 797, 798, 799, 800, 801, 803, 804, 805, 807, 808, 809, 810, 811, 812, 813, 814, 815, 816, 817, 818, 819, 820, 821, 822, 823, 824, 825, 826, 827, 828, 829, 830, 831, 832, 833, 834, 835, 836, 837, 838, 839, 840, 841, 842, 843, 844, 846, 847, 848, 849, 850, 851, 852, 853, 854, 855, 856, 857, 858, 859, 860, 861, 862, 863, 864, 865, 866, 867, 868, 869, 870, 871, 872, 874, 875, 876, 877, 878, 879, 880, 881, 882, 883, 884, 885, 886, 887, 888]
[3, 10, 23, 44, 45, 53, 72, 74, 77, 80, 84, 85, 96, 106, 108, 115, 137, 139, 142, 154, 157, 172, 195, 196, 197, 200, 211, 212, 218, 224, 229, 237, 238, 250, 254, 272, 284, 291, 293, 296, 304, 305, 310, 330, 334, 347, 358, 364, 376, 377, 381, 382, 384, 388, 402, 410, 413, 426, 429, 431, 437, 444, 445, 455, 456, 466, 468, 472, 505, 506, 518, 557, 560, 577, 582, 613, 614, 618, 627, 629, 645, 651, 668, 669, 670, 673, 677, 683, 685, 690, 692, 702, 708, 711, 719, 725, 735, 738, 748, 749, 750, 754, 755, 757, 762, 763, 777, 778, 782, 792, 793, 801, 807, 808, 831, 852, 853, 861, 885, 886, 887, 889]

