[15, 52, 196, 317, 363, 364, 410, 414, 456, 460, 508, 510, 512, 529, 538, 540, 579, 684, 710, 756, 832, 854]
[44, 124, 187, 241, 250, 303, 402, 403, 411, 483, 545, 551, 558, 574, 624, 658, 680, 731, 820, 826, 839, 887]

[15, 52, 196, 317, 363, 364, 410, 414, 456, 460, 508, 510, 512, 529, 538, 540, 579, 684, 710, 756, 832, 854]
[3, 11, 17, 18, 26, 39, 44, 55, 58, 59, 70, 78, 109, 114, 120, 124, 132, 133, 134, 145, 158, 164, 166, 177, 183, 187, 194, 219, 231, 234, 236, 241, 242, 244, 248, 250, 259, 261, 272, 274, 275, 281, 303, 334, 341, 354, 355, 357, 373, 375, 390, 394, 395, 396, 400, 402, 403, 405, 411, 419, 425, 444, 452, 459, 483, 494, 496, 514, 532, 545, 551, 558, 574, 577, 591, 596, 601, 608, 609, 613, 620, 624, 626, 635, 645, 658, 662, 667, 671, 673, 674, 680, 690, 693, 694, 707, 716, 722, 731, 744, 765, 769, 780, 786, 807, 817, 820, 826, 836, 837, 839, 851, 853, 860, 868, 870, 871, 873, 874, 879, 880, 887]

[15, 38, 52, 85, 114, 123, 151, 196, 233, 235, 279, 286, 317, 327, 361, 363, 364, 372, 398, 410, 414, 456, 460, 475, 508, 510, 512, 529, 538, 540, 549, 579, 586, 590, 599, 674, 681, 684, 710, 729, 756, 802, 826, 832, 833, 854, 875]
[3, 11, 17, 18, 26, 39, 44, 55, 58, 59, 70, 78, 109, 114, 120, 124, 132, 133, 134, 145, 158, 164, 166, 177, 183, 187, 194, 219, 231, 234, 236, 241, 242, 244, 248, 250, 259, 261, 272, 274, 275, 281, 303, 334, 341, 354, 355, 357, 373, 375, 390, 394, 395, 396, 400, 402, 403, 405, 411, 419, 425, 444, 452, 459, 483, 494, 496, 514, 532, 545, 551, 558, 574, 577, 591, 596, 601, 608, 609, 613, 620, 624, 626, 635, 645, 658, 662, 667, 671, 673, 674, 680, 690, 693, 694, 707, 716, 722, 731, 744, 765, 769, 780, 786, 807, 817, 820, 826, 836, 837, 839, 851, 853, 860, 868, 870, 871, 873, 874, 879, 880, 887]

[12, 15, 38, 52, 66, 85, 92, 109, 114, 123, 151, 185, 188, 196, 210, 224, 233, 235, 256, 257, 279, 286, 317, 327, 359, 361, 363, 364, 372, 398, 405, 410, 414, 422, 431, 456, 460, 475, 489, 497, 508, 510, 512, 529, 538, 540, 549, 564, 579, 586, 590, 591, 599, 625, 660, 674, 681, 683, 684, 710, 727, 729, 743, 756, 802, 826, 832, 833, 851, 854, 859, 875]
[3, 11, 17, 18, 26, 39, 44, 55, 58, 59, 70, 78, 109, 114, 120, 124, 132, 133, 134, 145, 158, 164, 166, 177, 183, 187, 194, 219, 231, 234, 236, 241, 242, 244, 248, 250, 259, 261, 272, 274, 275, 281, 303, 334, 341, 354, 355, 357, 373, 375, 390, 394, 395, 396, 400, 402, 403, 405, 411, 419, 425, 444, 452, 459, 483, 494, 496, 514, 532, 545, 551, 558, 574, 577, 591, 596, 601, 608, 609, 613, 620, 624, 626, 635, 645, 658, 662, 667, 671, 673, 674, 680, 690, 693, 694, 707, 716, 722, 731, 744, 765, 769, 780, 786, 807, 817, 820, 826, 836, 837, 839, 851, 853, 860, 868, 870, 871, 873, 874, 879, 880, 887]

[12, 15, 38, 46, 52, 61, 64, 66, 71, 85, 92, 109, 114, 123, 151, 171, 185, 188, 191, 196, 200, 210, 224, 226, 233, 235, 240, 256, 257, 279, 286, 295, 307, 314, 317, 327, 359, 360, 361, 363, 364, 372, 379, 398, 405, 410, 414, 416, 422, 431, 456, 460, 475, 489, 490, 497, 508, 510, 512, 529, 537, 538, 540, 549, 564, 567, 579, 586, 590, 591, 599, 601, 620, 625, 660, 671, 674, 681, 683, 684, 710, 727, 729, 743, 756, 766, 768, 788, 802, 826, 832, 833, 843, 851, 854, 859, 875]
[3, 11, 17, 18, 26, 39, 44, 55, 58, 59, 70, 78, 109, 114, 120, 124, 132, 133, 134, 145, 158, 164, 166, 177, 183, 187, 194, 219, 231, 234, 236, 241, 242, 244, 248, 250, 259, 261, 272, 274, 275, 281, 303, 334, 341, 354, 355, 357, 373, 375, 390, 394, 395, 396, 400, 402, 403, 405, 411, 419, 425, 444, 452, 459, 483, 494, 496, 514, 532, 545, 551, 558, 574, 577, 591, 596, 601, 608, 609, 613, 620, 624, 626, 635, 645, 658, 662, 667, 671, 673, 674, 680, 690, 693, 694, 707, 716, 722, 731, 744, 765, 769, 780, 786, 807, 817, 820, 826, 836, 837, 839, 851, 853, 860, 868, 870, 871, 873, 874, 879, 880, 887]

[10, 12, 15, 28, 36, 38, 46, 52, 61, 64, 66, 71, 85, 92, 100, 109, 114, 123, 125, 129, 148, 151, 171, 177, 183, 185, 186, 188, 191, 196, 200, 206, 210, 224, 226, 229, 233, 235, 240, 256, 257, 279, 286, 295, 307, 314, 317, 327, 359, 360, 361, 363, 364, 372, 379, 398, 401, 405, 410, 412, 414, 416, 422, 431, 456, 460, 468, 475, 489, 490, 494, 495, 497, 504, 507, 508, 510, 512, 518, 526, 529, 537, 538, 540, 549, 560, 564, 567, 579, 586, 590, 591, 599, 601, 602, 618, 620, 625, 632, 654, 660, 663, 671, 674, 681, 683, 684, 710, 727, 729, 743, 756, 766, 768, 788, 802, 809, 824, 826, 832, 833, 841, 843, 851, 854, 859, 874, 875]
[3, 11, 17, 18, 26, 39, 44, 55, 58, 59, 70, 78, 109, 114, 120, 124, 132, 133, 134, 145, 158, 164, 166, 177, 183, 187, 194, 219, 231, 234, 236, 241, 242, 244, 248, 250, 259, 261, 272, 274, 275, 281, 303, 334, 341, 354, 355, 357, 373, 375, 390, 394, 395, 396, 400, 402, 403, 405, 411, 419, 425, 444, 452, 459, 483, 494, 496, 514, 532, 545, 551, 558, 574, 577, 591, 596, 601, 608, 609, 613, 620, 624, 626, 635, 645, 658, 662, 667, 671, 673, 674, 680, 690, 693, 694, 707, 716, 722, 731, 744, 765, 769, 780, 786, 807, 817, 820, 826, 836, 837, 839, 851, 853, 860, 868, 870, 871, 873, 874, 879, 880, 887]

[9, 10, 12, 15, 28, 31, 36, 38, 46, 52, 61, 64, 66, 71, 85, 92, 95, 100, 109, 110, 114, 123, 125, 129, 130, 148, 151, 168, 171, 177, 183, 185, 186, 188, 191, 196, 200, 206, 210, 224, 226, 229, 233, 235, 240, 256, 257, 275, 279, 286, 290, 295, 307, 314, 317, 327, 359, 360, 361, 362, 363, 364, 372, 379, 398, 401, 402, 405, 410, 412, 414, 416, 422, 431, 456, 458, 460, 468, 475, 489, 490, 494, 495, 497, 504, 507, 508, 510, 512, 518, 526, 529, 537, 538, 540, 549, 551, 560, 564, 567, 575, 579, 586, 590, 591, 592, 595, 599, 601, 602, 618, 620, 625, 632, 637, 643, 654, 660, 663, 671, 674, 681, 683, 684, 710, 716, 727, 729, 743, 756, 759, 761, 764, 766, 768, 788, 802, 809, 814, 816, 824, 826, 832, 833, 840, 841, 843, 844, 846, 849, 851, 854, 859, 874, 875, 878, 882]
[3, 11, 17, 18, 26, 39, 44, 55, 58, 59, 70, 78, 109, 114, 120, 124, 132, 133, 134, 145, 158, 164, 166, 177, 183, 187, 194, 219, 231, 234, 236, 241, 242, 244, 248, 250, 259, 261, 272, 274, 275, 281, 303, 334, 341, 354, 355, 357, 373, 375, 390, 394, 395, 396, 400, 402, 403, 405, 411, 419, 425, 444, 452, 459, 483, 494, 496, 514, 532, 545, 551, 558, 574, 577, 591, 596, 601, 608, 609, 613, 620, 624, 626, 635, 645, 658, 662, 667, 671, 673, 674, 680, 690, 693, 694, 707, 716, 722, 731, 744, 765, 769, 780, 786, 807, 817, 820, 826, 836, 837, 839, 851, 853, 860, 868, 870, 871, 873, 874, 879, 880, 887]

[3, 9, 10, 12, 15, 28, 31, 36, 38, 46, 51, 52, 61, 64, 66, 71, 75, 82, 85, 89, 92, 95, 100, 109, 110, 114, 123, 125, 129, 130, 133, 148, 151, 168, 171, 177, 183, 185, 186, 188, 191, 196, 200, 206, 207, 210, 224, 226, 229, 233, 235, 240, 249, 256, 257, 266, 275, 279, 286, 290, 295, 307, 314, 317, 327, 340, 346, 347, 359, 360, 361, 362, 363, 364, 372, 379, 398, 401, 402, 405, 410, 412, 413, 414, 416, 422, 431, 449, 456, 458, 460, 468, 469, 470, 475, 483, 489, 490, 494, 495, 497, 503, 504, 507, 508, 510, 512, 518, 520, 526, 529, 537, 538, 540, 549, 551, 560, 564, 567, 569, 575, 579, 586, 590, 591, 592, 595, 599, 601, 602, 606, 612, 618, 620, 625, 632, 637, 643, 654, 660, 663, 671, 672, 674, 681, 683, 684, 710, 716, 727, 729, 743, 746, 756, 759, 761, 764, 766, 768, 788, 802, 809, 811, 814, 816, 824, 826, 827, 831, 832, 833, 840, 841, 843, 844, 846, 848, 849, 851, 854, 859, 874, 875, 878, 882]
[3, 11, 17, 18, 26, 39, 44, 55, 58, 59, 70, 78, 109, 114, 120, 124, 132, 133, 134, 145, 158, 164, 166, 177, 183, 187, 194, 219, 231, 234, 236, 241, 242, 244, 248, 250, 259, 261, 272, 274, 275, 281, 303, 334, 341, 354, 355, 357, 373, 375, 390, 394, 395, 396, 400, 402, 403, 405, 411, 419, 425, 444, 452, 459, 483, 494, 496, 514, 532, 545, 551, 558, 574, 577, 591, 596, 601, 608, 609, 613, 620, 624, 626, 635, 645, 658, 662, 667, 671, 673, 674, 680, 690, 693, 694, 707, 716, 722, 731, 744, 765, 769, 780, 786, 807, 817, 820, 826, 836, 837, 839, 851, 853, 860, 868, 870, 871, 873, 874, 879, 880, 887]

[3, 9, 10, 12, 15, 28, 31, 36, 38, 46, 51, 52, 61, 64, 66, 68, 70, 71, 75, 82, 85, 89, 92, 95, 100, 109, 110, 114, 123, 125, 129, 130, 131, 133, 148, 151, 157, 168, 171, 177, 183, 185, 186, 188, 191, 196, 200, 206, 207, 210, 217, 223, 224, 226, 229, 231, 233, 235, 240, 249, 256, 257, 266, 267, 273, 275, 279, 286, 290, 295, 307, 314, 317, 327, 339, 340, 344, 346, 347, 355, 359, 360, 361, 362, 363, 364, 372, 379, 394, 398, 401, 402, 405, 410, 412, 413, 414, 416, 422, 431, 444, 449, 456, 458, 460, 466, 468, 469, 470, 475, 483, 489, 490, 494, 495, 497, 503, 504, 507, 508, 510, 512, 518, 520, 526, 528, 529, 535, 537, 538, 540, 549, 551, 560, 564, 567, 569, 575, 579, 582, 586, 590, 591, 592, 595, 599, 601, 602, 606, 612, 618, 620, 625, 632, 637, 643, 647, 654, 660, 663, 671, 672, 674, 681, 682, 683, 684, 710, 716, 727, 729, 738, 743, 746, 756, 759, 761, 764, 766, 768, 787, 788, 791, 793, 802, 804, 809, 811, 814, 816, 824, 826, 827, 831, 832, 833, 840, 841, 843, 844, 846, 848, 849, 851, 854, 859, 874, 875, 878, 882]
[3, 11, 17, 18, 26, 39, 44, 55, 58, 59, 70, 78, 109, 114, 120, 124, 132, 133, 134, 145, 158, 164, 166, 177, 183, 187, 194, 219, 231, 234, 236, 241, 242, 244, 248, 250, 259, 261, 272, 274, 275, 281, 303, 334, 341, 354, 355, 357, 373, 375, 390, 394, 395, 396, 400, 402, 403, 405, 411, 419, 425, 444, 452, 459, 483, 494, 496, 514, 532, 545, 551, 558, 574, 577, 591, 596, 601, 608, 609, 613, 620, 624, 626, 635, 645, 658, 662, 667, 671, 673, 674, 680, 690, 693, 694, 707, 716, 722, 731, 744, 765, 769, 780, 786, 807, 817, 820, 826, 836, 837, 839, 851, 853, 860, 868, 870, 871, 873, 874, 879, 880, 887]

[3, 9, 10, 12, 13, 15, 28, 31, 36, 37, 38, 43, 46, 51, 52, 60, 61, 64, 66, 68, 70, 71, 75, 82, 85, 89, 92, 95, 100, 109, 110, 114, 123, 125, 129, 130, 131, 133, 148, 151, 157, 168, 171, 177, 183, 185, 186, 188, 191, 196, 200, 206, 207, 210, 217, 223, 224, 226, 229, 231, 233, 235, 240, 245, 249, 256, 257, 266, 267, 273, 275, 279, 286, 290, 295, 305, 307, 314, 315, 317, 327, 329, 339, 340, 344, 346, 347, 355, 357, 359, 360, 361, 362, 363, 364, 372, 379, 391, 394, 398, 400, 401, 402, 405, 410, 412, 413, 414, 416, 422, 431, 444, 449, 453, 455, 456, 458, 460, 462, 466, 468, 469, 470, 475, 483, 489, 490, 492, 494, 495, 497, 503, 504, 507, 508, 510, 512, 518, 520, 526, 528, 529, 530, 535, 536, 537, 538, 540, 547, 549, 551, 558, 560, 564, 567, 569, 575, 577, 579, 582, 586, 590, 591, 592, 595, 599, 601, 602, 606, 612, 618, 620, 625, 632, 637, 643, 647, 654, 660, 663, 671, 672, 674, 676, 681, 682, 683, 684, 696, 710, 716, 727, 729, 732, 738, 743, 746, 752, 756, 759, 761, 764, 766, 768, 783, 787, 788, 791, 793, 802, 804, 809, 811, 814, 816, 824, 826, 827, 831, 832, 833, 840, 841, 843, 844, 846, 848, 849, 851, 854, 859, 874, 875, 878, 882]
[3, 11, 17, 18, 26, 39, 44, 55, 58, 59, 70, 78, 109, 114, 120, 124, 132, 133, 134, 145, 158, 164, 166, 177, 183, 187, 194, 219, 231, 234, 236, 241, 242, 244, 248, 250, 259, 261, 272, 274, 275, 281, 303, 334, 341, 354, 355, 357, 373, 375, 390, 394, 395, 396, 400, 402, 403, 405, 411, 419, 425, 444, 452, 459, 483, 494, 496, 514, 532, 545, 551, 558, 574, 577, 591, 596, 601, 608, 609, 613, 620, 624, 626, 635, 645, 658, 662, 667, 671, 673, 674, 680, 690, 693, 694, 707, 716, 722, 731, 744, 765, 769, 780, 786, 807, 817, 820, 826, 836, 837, 839, 851, 853, 860, 868, 870, 871, 873, 874, 879, 880, 887]

[0, 3, 9, 10, 12, 13, 15, 28, 29, 31, 36, 37, 38, 43, 46, 51, 52, 60, 61, 64, 66, 68, 70, 71, 75, 80, 82, 85, 89, 92, 95, 100, 109, 110, 114, 117, 122, 123, 125, 129, 130, 131, 133, 148, 151, 157, 168, 171, 177, 183, 185, 186, 188, 190, 191, 196, 200, 206, 207, 210, 217, 223, 224, 226, 229, 231, 233, 235, 240, 241, 245, 248, 249, 256, 257, 266, 267, 273, 275, 279, 286, 289, 290, 295, 305, 307, 309, 314, 315, 317, 318, 327, 329, 339, 340, 344, 346, 347, 355, 357, 358, 359, 360, 361, 362, 363, 364, 368, 372, 379, 391, 393, 394, 398, 400, 401, 402, 405, 410, 412, 413, 414, 416, 422, 431, 444, 449, 453, 455, 456, 458, 460, 462, 466, 468, 469, 470, 473, 475, 483, 489, 490, 492, 494, 495, 497, 502, 503, 504, 506, 507, 508, 510, 512, 518, 520, 524, 526, 528, 529, 530, 535, 536, 537, 538, 540, 547, 549, 551, 558, 560, 564, 567, 568, 569, 575, 577, 579, 582, 586, 590, 591, 592, 595, 599, 601, 602, 606, 612, 618, 620, 625, 632, 637, 643, 647, 654, 660, 663, 671, 672, 674, 676, 681, 682, 683, 684, 685, 696, 701, 710, 716, 727, 729, 732, 738, 740, 743, 746, 750, 752, 756, 759, 761, 764, 766, 768, 781, 783, 787, 788, 791, 793, 802, 804, 809, 811, 814, 816, 824, 826, 827, 831, 832, 833, 836, 840, 841, 843, 844, 846, 848, 849, 851, 854, 859, 874, 875, 878, 882]
[3, 11, 17, 18, 26, 39, 44, 55, 58, 59, 70, 78, 109, 114, 120, 124, 132, 133, 134, 145, 158, 164, 166, 177, 183, 187, 194, 219, 231, 234, 236, 241, 242, 244, 248, 250, 259, 261, 272, 274, 275, 281, 303, 334, 341, 354, 355, 357, 373, 375, 390, 394, 395, 396, 400, 402, 403, 405, 411, 419, 425, 444, 452, 459, 483, 494, 496, 514, 532, 545, 551, 558, 574, 577, 591, 596, 601, 608, 609, 613, 620, 624, 626, 635, 645, 658, 662, 667, 671, 673, 674, 680, 690, 693, 694, 707, 716, 722, 731, 744, 765, 769, 780, 786, 807, 817, 820, 826, 836, 837, 839, 851, 853, 860, 868, 870, 871, 873, 874, 879, 880, 887]

[0, 3, 9, 10, 12, 13, 15, 28, 29, 31, 36, 37, 38, 43, 44, 46, 51, 52, 60, 61, 64, 66, 68, 70, 71, 75, 80, 82, 85, 89, 92, 95, 100, 109, 110, 114, 117, 122, 123, 125, 129, 130, 131, 133, 134, 138, 140, 148, 151, 157, 163, 168, 171, 177, 178, 183, 185, 186, 188, 190, 191, 196, 200, 206, 207, 210, 217, 223, 224, 226, 229, 231, 233, 235, 240, 241, 245, 248, 249, 256, 257, 264, 266, 267, 273, 275, 279, 286, 289, 290, 295, 297, 305, 307, 309, 314, 315, 317, 318, 319, 327, 329, 333, 339, 340, 344, 346, 347, 354, 355, 357, 358, 359, 360, 361, 362, 363, 364, 368, 372, 379, 383, 391, 393, 394, 398, 400, 401, 402, 405, 410, 412, 413, 414, 416, 421, 422, 431, 444, 446, 449, 453, 455, 456, 458, 460, 462, 466, 468, 469, 470, 473, 474, 475, 483, 489, 490, 492, 494, 495, 497, 502, 503, 504, 506, 507, 508, 510, 512, 518, 520, 524, 526, 527, 528, 529, 530, 533, 535, 536, 537, 538, 540, 547, 549, 551, 558, 560, 564, 567, 568, 569, 573, 575, 577, 578, 579, 582, 586, 590, 591, 592, 595, 599, 601, 602, 606, 612, 618, 620, 623, 625, 632, 637, 643, 644, 647, 654, 660, 663, 671, 672, 674, 676, 681, 682, 683, 684, 685, 696, 701, 710, 716, 727, 729, 732, 738, 740, 743, 746, 750, 752, 754, 756, 759, 761, 764, 766, 767, 768, 779, 781, 783, 784, 787, 788, 791, 793, 802, 804, 809, 811, 814, 816, 824, 826, 827, 831, 832, 833, 836, 840, 841, 843, 844, 846, 848, 849, 851, 854, 859, 874, 875, 878, 882]
[3, 11, 17, 18, 26, 39, 44, 55, 58, 59, 70, 78, 109, 114, 120, 124, 132, 133, 134, 145, 158, 164, 166, 177, 183, 187, 194, 219, 231, 234, 236, 241, 242, 244, 248, 250, 259, 261, 272, 274, 275, 281, 303, 334, 341, 354, 355, 357, 373, 375, 390, 394, 395, 396, 400, 402, 403, 405, 411, 419, 425, 444, 452, 459, 483, 494, 496, 514, 532, 545, 551, 558, 574, 577, 591, 596, 601, 608, 609, 613, 620, 624, 626, 635, 645, 658, 662, 667, 671, 673, 674, 680, 690, 693, 694, 707, 716, 722, 731, 744, 765, 769, 780, 786, 807, 817, 820, 826, 836, 837, 839, 851, 853, 860, 868, 870, 871, 873, 874, 879, 880, 887]

[0, 3, 9, 10, 12, 13, 15, 28, 29, 31, 36, 37, 38, 43, 44, 45, 46, 51, 52, 58, 60, 61, 64, 66, 68, 70, 71, 75, 80, 82, 85, 89, 92, 95, 100, 105, 109, 110, 112, 114, 115, 116, 117, 122, 123, 125, 129, 130, 131, 133, 134, 138, 140, 148, 151, 157, 163, 168, 171, 177, 178, 183, 185, 186, 188, 190, 191, 195, 196, 200, 206, 207, 210, 217, 223, 224, 226, 229, 231, 233, 235, 240, 241, 245, 248, 249, 256, 257, 259, 264, 266, 267, 273, 275, 278, 279, 286, 289, 290, 295, 297, 305, 307, 309, 314, 315, 317, 318, 319, 327, 329, 333, 339, 340, 344, 346, 347, 350, 354, 355, 357, 358, 359, 360, 361, 362, 363, 364, 365, 368, 372, 379, 380, 383, 384, 391, 393, 394, 398, 400, 401, 402, 405, 410, 412, 413, 414, 416, 421, 422, 423, 431, 435, 444, 446, 449, 450, 453, 455, 456, 458, 460, 462, 466, 468, 469, 470, 473, 474, 475, 483, 489, 490, 492, 494, 495, 496, 497, 502, 503, 504, 506, 507, 508, 510, 512, 518, 520, 524, 526, 527, 528, 529, 530, 533, 535, 536, 537, 538, 540, 547, 549, 551, 558, 560, 564, 567, 568, 569, 573, 575, 577, 578, 579, 582, 586, 590, 591, 592, 595, 599, 601, 602, 606, 612, 618, 620, 623, 625, 632, 635, 637, 643, 644, 647, 654, 658, 660, 663, 671, 672, 674, 676, 681, 682, 683, 684, 685, 696, 701, 710, 716, 725, 727, 729, 732, 738, 740, 743, 746, 750, 752, 754, 756, 759, 761, 764, 766, 767, 768, 779, 781, 783, 784, 787, 788, 791, 793, 802, 804, 806, 809, 811, 813, 814, 816, 821, 824, 826, 827, 831, 832, 833, 834, 836, 840, 841, 843, 844, 846, 848, 849, 851, 854, 859, 874, 875, 878, 882, 889]
[3, 11, 17, 18, 26, 39, 44, 55, 58, 59, 70, 78, 109, 114, 120, 124, 132, 133, 134, 145, 158, 164, 166, 177, 183, 187, 194, 219, 231, 234, 236, 241, 242, 244, 248, 250, 259, 261, 272, 274, 275, 281, 303, 334, 341, 354, 355, 357, 373, 375, 390, 394, 395, 396, 400, 402, 403, 405, 411, 419, 425, 444, 452, 459, 483, 494, 496, 514, 532, 545, 551, 558, 574, 577, 591, 596, 601, 608, 609, 613, 620, 624, 626, 635, 645, 658, 662, 667, 671, 673, 674, 680, 690, 693, 694, 707, 716, 722, 731, 744, 765, 769, 780, 786, 807, 817, 820, 826, 836, 837, 839, 851, 853, 860, 868, 870, 871, 873, 874, 879, 880, 887]

[0, 3, 9, 10, 12, 13, 15, 28, 29, 31, 36, 37, 38, 43, 44, 45, 46, 51, 52, 58, 60, 61, 64, 66, 68, 70, 71, 75, 80, 82, 85, 89, 92, 94, 95, 99, 100, 105, 109, 110, 112, 114, 115, 116, 117, 122, 123, 125, 129, 130, 131, 133, 134, 138, 140, 148, 151, 157, 158, 163, 168, 171, 175, 177, 178, 181, 183, 185, 186, 188, 190, 191, 195, 196, 200, 206, 207, 210, 217, 223, 224, 225, 226, 229, 231, 233, 235, 240, 241, 245, 248, 249, 256, 257, 259, 264, 265, 266, 267, 269, 273, 275, 278, 279, 286, 289, 290, 291, 295, 297, 305, 307, 309, 313, 314, 315, 317, 318, 319, 324, 327, 329, 333, 339, 340, 344, 346, 347, 350, 354, 355, 357, 358, 359, 360, 361, 362, 363, 364, 365, 368, 372, 373, 379, 380, 383, 384, 391, 393, 394, 398, 400, 401, 402, 405, 410, 412, 413, 414, 416, 418, 421, 422, 423, 431, 435, 444, 446, 449, 450, 453, 455, 456, 458, 460, 462, 464, 466, 468, 469, 470, 473, 474, 475, 483, 489, 490, 492, 494, 495, 496, 497, 502, 503, 504, 506, 507, 508, 510, 512, 515, 518, 520, 524, 526, 527, 528, 529, 530, 533, 535, 536, 537, 538, 540, 542, 547, 549, 551, 558, 560, 564, 567, 568, 569, 571, 573, 575, 577, 578, 579, 582, 586, 590, 591, 592, 595, 599, 601, 602, 606, 612, 616, 618, 620, 623, 625, 631, 632, 634, 635, 637, 643, 644, 647, 651, 654, 658, 660, 663, 669, 671, 672, 674, 676, 681, 682, 683, 684, 685, 696, 701, 710, 716, 721, 725, 727, 729, 732, 736, 738, 740, 743, 746, 750, 752, 754, 756, 759, 761, 764, 766, 767, 768, 779, 781, 783, 784, 787, 788, 791, 793, 802, 804, 806, 809, 811, 813, 814, 816, 821, 824, 826, 827, 831, 832, 833, 834, 836, 837, 840, 841, 843, 844, 846, 848, 849, 851, 854, 859, 874, 875, 878, 882, 889]
[3, 11, 17, 18, 26, 39, 44, 55, 58, 59, 70, 78, 109, 114, 120, 124, 132, 133, 134, 145, 158, 164, 166, 177, 183, 187, 194, 219, 231, 234, 236, 241, 242, 244, 248, 250, 259, 261, 272, 274, 275, 281, 303, 334, 341, 354, 355, 357, 373, 375, 390, 394, 395, 396, 400, 402, 403, 405, 411, 419, 425, 444, 452, 459, 483, 494, 496, 514, 532, 545, 551, 558, 574, 577, 591, 596, 601, 608, 609, 613, 620, 624, 626, 635, 645, 658, 662, 667, 671, 673, 674, 680, 690, 693, 694, 707, 716, 722, 731, 744, 765, 769, 780, 786, 807, 817, 820, 826, 836, 837, 839, 851, 853, 860, 868, 870, 871, 873, 874, 879, 880, 887]

[0, 3, 9, 10, 11, 12, 13, 15, 28, 29, 31, 34, 36, 37, 38, 43, 44, 45, 46, 49, 51, 52, 58, 60, 61, 64, 66, 68, 70, 71, 75, 80, 82, 85, 89, 92, 93, 94, 95, 99, 100, 105, 109, 110, 112, 114, 115, 116, 117, 122, 123, 125, 129, 130, 131, 133, 134, 138, 140, 141, 146, 148, 151, 157, 158, 163, 168, 171, 175, 177, 178, 181, 183, 185, 186, 187, 188, 190, 191, 195, 196, 200, 206, 207, 210, 217, 223, 224, 225, 226, 229, 231, 233, 235, 240, 241, 244, 245, 248, 249, 256, 257, 259, 264, 265, 266, 267, 269, 273, 275, 277, 278, 279, 286, 289, 290, 291, 295, 297, 305, 307, 309, 313, 314, 315, 317, 318, 319, 323, 324, 325, 327, 329, 333, 339, 340, 344, 346, 347, 350, 354, 355, 357, 358, 359, 360, 361, 362, 363, 364, 365, 368, 372, 373, 379, 380, 383, 384, 391, 393, 394, 395, 398, 400, 401, 402, 405, 410, 412, 413, 414, 416, 418, 421, 422, 423, 431, 433, 435, 436, 444, 446, 449, 450, 453, 455, 456, 458, 460, 462, 464, 466, 468, 469, 470, 471, 473, 474, 475, 483, 489, 490, 492, 494, 495, 496, 497, 499, 502, 503, 504, 506, 507, 508, 510, 512, 515, 518, 520, 524, 526, 527, 528, 529, 530, 531, 533, 535, 536, 537, 538, 539, 540, 542, 547, 549, 551, 558, 559, 560, 564, 567, 568, 569, 571, 573, 575, 577, 578, 579, 582, 586, 590, 591, 592, 595, 598, 599, 601, 602, 606, 612, 616, 618, 620, 623, 625, 631, 632, 634, 635, 637, 643, 644, 647, 648, 651, 654, 658, 660, 663, 669, 671, 672, 674, 676, 681, 682, 683, 684, 685, 696, 697, 701, 710, 716, 721, 725, 726, 727, 728, 729, 732, 736, 738, 740, 743, 746, 750, 752, 754, 756, 759, 761, 764, 766, 767, 768, 779, 781, 783, 784, 787, 788, 791, 793, 802, 804, 806, 809, 811, 813, 814, 816, 821, 824, 826, 827, 831, 832, 833, 834, 836, 837, 840, 841, 843, 844, 846, 848, 849, 851, 852, 854, 859, 874, 875, 878, 882, 889]
[3, 11, 17, 18, 26, 39, 44, 55, 58, 59, 70, 78, 109, 114, 120, 124, 132, 133, 134, 145, 158, 164, 166, 177, 183, 187, 194, 219, 231, 234, 236, 241, 242, 244, 248, 250, 259, 261, 272, 274, 275, 281, 303, 334, 341, 354, 355, 357, 373, 375, 390, 394, 395, 396, 400, 402, 403, 405, 411, 419, 425, 444, 452, 459, 483, 494, 496, 514, 532, 545, 551, 558, 574, 577, 591, 596, 601, 608, 609, 613, 620, 624, 626, 635, 645, 658, 662, 667, 671, 673, 674, 680, 690, 693, 694, 707, 716, 722, 731, 744, 765, 769, 780, 786, 807, 817, 820, 826, 836, 837, 839, 851, 853, 860, 868, 870, 871, 873, 874, 879, 880, 887]

[0, 3, 9, 10, 11, 12, 13, 15, 17, 28, 29, 31, 34, 36, 37, 38, 43, 44, 45, 46, 49, 51, 52, 58, 60, 61, 63, 64, 66, 68, 70, 71, 75, 80, 82, 85, 89, 92, 93, 94, 95, 99, 100, 105, 109, 110, 112, 114, 115, 116, 117, 122, 123, 125, 129, 130, 131, 133, 134, 138, 140, 141, 146, 148, 151, 157, 158, 163, 165, 168, 171, 175, 177, 178, 180, 181, 183, 185, 186, 187, 188, 190, 191, 195, 196, 200, 206, 207, 208, 210, 217, 223, 224, 225, 226, 229, 231, 233, 235, 240, 241, 244, 245, 248, 249, 255, 256, 257, 259, 264, 265, 266, 267, 269, 273, 275, 277, 278, 279, 281, 286, 289, 290, 291, 295, 297, 305, 307, 309, 313, 314, 315, 317, 318, 319, 323, 324, 325, 327, 329, 333, 339, 340, 342, 344, 346, 347, 350, 354, 355, 357, 358, 359, 360, 361, 362, 363, 364, 365, 368, 372, 373, 379, 380, 383, 384, 389, 391, 393, 394, 395, 397, 398, 400, 401, 402, 405, 410, 412, 413, 414, 416, 418, 421, 422, 423, 431, 433, 434, 435, 436, 444, 446, 449, 450, 453, 455, 456, 458, 460, 462, 464, 465, 466, 468, 469, 470, 471, 473, 474, 475, 483, 489, 490, 492, 494, 495, 496, 497, 499, 502, 503, 504, 506, 507, 508, 510, 512, 515, 518, 520, 521, 524, 526, 527, 528, 529, 530, 531, 533, 535, 536, 537, 538, 539, 540, 542, 547, 548, 549, 551, 554, 558, 559, 560, 564, 567, 568, 569, 570, 571, 573, 575, 577, 578, 579, 582, 586, 590, 591, 592, 595, 598, 599, 600, 601, 602, 606, 612, 616, 618, 620, 623, 625, 631, 632, 634, 635, 637, 639, 643, 644, 647, 648, 651, 654, 658, 660, 663, 666, 669, 671, 672, 674, 675, 676, 678, 681, 682, 683, 684, 685, 696, 697, 701, 702, 710, 716, 721, 725, 726, 727, 728, 729, 732, 736, 738, 739, 740, 743, 746, 750, 751, 752, 754, 756, 759, 761, 764, 766, 767, 768, 779, 781, 783, 784, 787, 788, 791, 793, 802, 804, 806, 809, 811, 813, 814, 816, 820, 821, 824, 826, 827, 831, 832, 833, 834, 836, 837, 840, 841, 843, 844, 846, 848, 849, 851, 852, 854, 859, 874, 875, 878, 882, 889]
[3, 11, 17, 18, 26, 39, 44, 55, 58, 59, 70, 78, 109, 114, 120, 124, 132, 133, 134, 145, 158, 164, 166, 177, 183, 187, 194, 219, 231, 234, 236, 241, 242, 244, 248, 250, 259, 261, 272, 274, 275, 281, 303, 334, 341, 354, 355, 357, 373, 375, 390, 394, 395, 396, 400, 402, 403, 405, 411, 419, 425, 444, 452, 459, 483, 494, 496, 514, 532, 545, 551, 558, 574, 577, 591, 596, 601, 608, 609, 613, 620, 624, 626, 635, 645, 658, 662, 667, 671, 673, 674, 680, 690, 693, 694, 707, 716, 722, 731, 744, 765, 769, 780, 786, 807, 817, 820, 826, 836, 837, 839, 851, 853, 860, 868, 870, 871, 873, 874, 879, 880, 887]

[0, 3, 9, 10, 11, 12, 13, 15, 17, 21, 28, 29, 31, 34, 36, 37, 38, 43, 44, 45, 46, 49, 51, 52, 56, 58, 60, 61, 63, 64, 66, 68, 70, 71, 75, 80, 82, 85, 89, 92, 93, 94, 95, 97, 98, 99, 100, 105, 109, 110, 112, 114, 115, 116, 117, 122, 123, 125, 129, 130, 131, 133, 134, 138, 139, 140, 141, 146, 148, 151, 153, 157, 158, 163, 165, 168, 171, 175, 177, 178, 180, 181, 183, 185, 186, 187, 188, 189, 190, 191, 195, 196, 200, 206, 207, 208, 210, 217, 222, 223, 224, 225, 226, 229, 231, 233, 235, 240, 241, 244, 245, 248, 249, 255, 256, 257, 259, 263, 264, 265, 266, 267, 269, 273, 275, 277, 278, 279, 281, 283, 286, 289, 290, 291, 295, 296, 297, 305, 307, 309, 313, 314, 315, 317, 318, 319, 323, 324, 325, 327, 329, 333, 339, 340, 341, 342, 344, 346, 347, 350, 354, 355, 357, 358, 359, 360, 361, 362, 363, 364, 365, 368, 371, 372, 373, 379, 380, 383, 384, 389, 391, 393, 394, 395, 397, 398, 400, 401, 402, 405, 410, 412, 413, 414, 416, 418, 421, 422, 423, 429, 431, 433, 434, 435, 436, 444, 446, 449, 450, 453, 455, 456, 458, 460, 462, 464, 465, 466, 468, 469, 470, 471, 473, 474, 475, 483, 489, 490, 492, 494, 495, 496, 497, 499, 502, 503, 504, 506, 507, 508, 510, 512, 515, 517, 518, 520, 521, 523, 524, 526, 527, 528, 529, 530, 531, 533, 535, 536, 537, 538, 539, 540, 542, 547, 548, 549, 551, 554, 558, 559, 560, 563, 564, 567, 568, 569, 570, 571, 573, 575, 577, 578, 579, 581, 582, 586, 590, 591, 592, 595, 598, 599, 600, 601, 602, 606, 612, 616, 618, 620, 623, 624, 625, 628, 631, 632, 634, 635, 637, 639, 643, 644, 647, 648, 651, 654, 656, 657, 658, 660, 663, 666, 669, 671, 672, 674, 675, 676, 678, 681, 682, 683, 684, 685, 696, 697, 698, 701, 702, 709, 710, 716, 721, 725, 726, 727, 728, 729, 732, 736, 738, 739, 740, 743, 746, 750, 751, 752, 754, 756, 759, 761, 764, 766, 767, 768, 779, 781, 783, 784, 787, 788, 791, 793, 802, 804, 806, 809, 811, 813, 814, 816, 820, 821, 824, 826, 827, 831, 832, 833, 834, 836, 837, 840, 841, 843, 844, 846, 848, 849, 851, 852, 854, 859, 874, 875, 878, 880, 882, 889]
[3, 11, 17, 18, 26, 39, 44, 55, 58, 59, 70, 78, 109, 114, 120, 124, 132, 133, 134, 145, 158, 164, 166, 177, 183, 187, 194, 219, 231, 234, 236, 241, 242, 244, 248, 250, 259, 261, 272, 274, 275, 281, 303, 334, 341, 354, 355, 357, 373, 375, 390, 394, 395, 396, 400, 402, 403, 405, 411, 419, 425, 444, 452, 459, 483, 494, 496, 514, 532, 545, 551, 558, 574, 577, 591, 596, 601, 608, 609, 613, 620, 624, 626, 635, 645, 658, 662, 667, 671, 673, 674, 680, 690, 693, 694, 707, 716, 722, 731, 744, 765, 769, 780, 786, 807, 817, 820, 826, 836, 837, 839, 851, 853, 860, 868, 870, 871, 873, 874, 879, 880, 887]

[0, 3, 9, 10, 11, 12, 13, 15, 17, 21, 28, 29, 31, 33, 34, 36, 37, 38, 43, 44, 45, 46, 49, 51, 52, 56, 58, 60, 61, 63, 64, 66, 67, 68, 70, 71, 75, 80, 82, 85, 89, 92, 93, 94, 95, 97, 98, 99, 100, 105, 109, 110, 112, 114, 115, 116, 117, 122, 123, 125, 129, 130, 131, 133, 134, 138, 139, 140, 141, 146, 148, 151, 153, 157, 158, 159, 163, 164, 165, 168, 171, 175, 177, 178, 180, 181, 183, 185, 186, 187, 188, 189, 190, 191, 195, 196, 199, 200, 201, 205, 206, 207, 208, 210, 217, 222, 223, 224, 225, 226, 228, 229, 231, 233, 235, 236, 240, 241, 244, 245, 248, 249, 255, 256, 257, 258, 259, 263, 264, 265, 266, 267, 269, 273, 275, 277, 278, 279, 281, 283, 286, 289, 290, 291, 295, 296, 297, 302, 305, 307, 309, 311, 313, 314, 315, 317, 318, 319, 323, 324, 325, 327, 329, 333, 339, 340, 341, 342, 344, 346, 347, 349, 350, 354, 355, 357, 358, 359, 360, 361, 362, 363, 364, 365, 368, 371, 372, 373, 379, 380, 383, 384, 389, 391, 393, 394, 395, 397, 398, 400, 401, 402, 405, 410, 412, 413, 414, 416, 418, 421, 422, 423, 429, 431, 433, 434, 435, 436, 440, 443, 444, 446, 449, 450, 453, 455, 456, 458, 460, 462, 464, 465, 466, 468, 469, 470, 471, 473, 474, 475, 483, 489, 490, 492, 494, 495, 496, 497, 499, 502, 503, 504, 506, 507, 508, 510, 512, 515, 517, 518, 520, 521, 523, 524, 526, 527, 528, 529, 530, 531, 533, 535, 536, 537, 538, 539, 540, 542, 547, 548, 549, 551, 554, 558, 559, 560, 563, 564, 567, 568, 569, 570, 571, 573, 575, 577, 578, 579, 581, 582, 586, 587, 590, 591, 592, 595, 598, 599, 600, 601, 602, 606, 612, 616, 618, 620, 623, 624, 625, 628, 631, 632, 634, 635, 637, 639, 643, 644, 647, 648, 651, 654, 656, 657, 658, 660, 663, 666, 669, 671, 672, 674, 675, 676, 677, 678, 681, 682, 683, 684, 685, 696, 697, 698, 701, 702, 709, 710, 716, 721, 725, 726, 727, 728, 729, 732, 734, 736, 738, 739, 740, 743, 746, 748, 750, 751, 752, 754, 756, 759, 761, 764, 766, 767, 768, 772, 774, 779, 781, 783, 784, 787, 788, 791, 793, 802, 803, 804, 806, 809, 811, 813, 814, 815, 816, 820, 821, 824, 826, 827, 831, 832, 833, 834, 836, 837, 840, 841, 843, 844, 846, 848, 849, 851, 852, 854, 859, 874, 875, 878, 880, 882, 885, 888, 889]
[3, 11, 17, 18, 26, 39, 44, 55, 58, 59, 70, 78, 109, 114, 120, 124, 132, 133, 134, 145, 158, 164, 166, 177, 183, 187, 194, 219, 231, 234, 236, 241, 242, 244, 248, 250, 259, 261, 272, 274, 275, 281, 303, 334, 341, 354, 355, 357, 373, 375, 390, 394, 395, 396, 400, 402, 403, 405, 411, 419, 425, 444, 452, 459, 483, 494, 496, 514, 532, 545, 551, 558, 574, 577, 591, 596, 601, 608, 609, 613, 620, 624, 626, 635, 645, 658, 662, 667, 671, 673, 674, 680, 690, 693, 694, 707, 716, 722, 731, 744, 765, 769, 780, 786, 807, 817, 820, 826, 836, 837, 839, 851, 853, 860, 868, 870, 871, 873, 874, 879, 880, 887]

[0, 3, 9, 10, 11, 12, 13, 15, 17, 21, 28, 29, 31, 33, 34, 36, 37, 38, 43, 44, 45, 46, 49, 51, 52, 54, 56, 58, 60, 61, 63, 64, 66, 67, 68, 70, 71, 75, 77, 80, 82, 85, 89, 92, 93, 94, 95, 97, 98, 99, 100, 105, 109, 110, 112, 114, 115, 116, 117, 122, 123, 125, 129, 130, 131, 133, 134, 138, 139, 140, 141, 144, 146, 148, 151, 152, 153, 157, 158, 159, 163, 164, 165, 168, 171, 175, 177, 178, 180, 181, 183, 185, 186, 187, 188, 189, 190, 191, 195, 196, 199, 200, 201, 205, 206, 207, 208, 210, 217, 222, 223, 224, 225, 226, 228, 229, 231, 233, 234, 235, 236, 240, 241, 244, 245, 248, 249, 251, 255, 256, 257, 258, 259, 263, 264, 265, 266, 267, 269, 270, 273, 275, 277, 278, 279, 281, 283, 286, 289, 290, 291, 295, 296, 297, 302, 303, 305, 307, 309, 311, 313, 314, 315, 317, 318, 319, 323, 324, 325, 327, 329, 330, 333, 339, 340, 341, 342, 344, 346, 347, 349, 350, 354, 355, 357, 358, 359, 360, 361, 362, 363, 364, 365, 366, 368, 371, 372, 373, 379, 380, 383, 384, 389, 391, 393, 394, 395, 397, 398, 399, 400, 401, 402, 405, 410, 412, 413, 414, 416, 418, 421, 422, 423, 429, 431, 433, 434, 435, 436, 440, 443, 444, 446, 449, 450, 453, 455, 456, 458, 460, 462, 464, 465, 466, 468, 469, 470, 471, 473, 474, 475, 483, 489, 490, 492, 494, 495, 496, 497, 499, 502, 503, 504, 506, 507, 508, 510, 512, 515, 517, 518, 520, 521, 523, 524, 526, 527, 528, 529, 530, 531, 533, 535, 536, 537, 538, 539, 540, 542, 547, 548, 549, 551, 554, 555, 558, 559, 560, 563, 564, 567, 568, 569, 570, 571, 573, 575, 577, 578, 579, 581, 582, 586, 587, 590, 591, 592, 595, 598, 599, 600, 601, 602, 603, 606, 612, 616, 618, 619, 620, 623, 624, 625, 628, 631, 632, 634, 635, 636, 637, 639, 643, 644, 647, 648, 651, 654, 656, 657, 658, 660, 663, 664, 666, 669, 671, 672, 674, 675, 676, 677, 678, 681, 682, 683, 684, 685, 696, 697, 698, 701, 702, 704, 709, 710, 716, 721, 725, 726, 727, 728, 729, 730, 732, 734, 736, 738, 739, 740, 743, 746, 747, 748, 750, 751, 752, 754, 756, 759, 761, 763, 764, 766, 767, 768, 772, 774, 778, 779, 781, 783, 784, 787, 788, 791, 793, 801, 802, 803, 804, 806, 807, 809, 811, 813, 814, 815, 816, 819, 820, 821, 824, 826, 827, 828, 831, 832, 833, 834, 836, 837, 840, 841, 843, 844, 846, 848, 849, 851, 852, 854, 859, 874, 875, 878, 880, 882, 885, 888, 889]
[3, 11, 17, 18, 26, 39, 44, 55, 58, 59, 70, 78, 109, 114, 120, 124, 132, 133, 134, 145, 158, 164, 166, 177, 183, 187, 194, 219, 231, 234, 236, 241, 242, 244, 248, 250, 259, 261, 272, 274, 275, 281, 303, 334, 341, 354, 355, 357, 373, 375, 390, 394, 395, 396, 400, 402, 403, 405, 411, 419, 425, 444, 452, 459, 483, 494, 496, 514, 532, 545, 551, 558, 574, 577, 591, 596, 601, 608, 609, 613, 620, 624, 626, 635, 645, 658, 662, 667, 671, 673, 674, 680, 690, 693, 694, 707, 716, 722, 731, 744, 765, 769, 780, 786, 807, 817, 820, 826, 836, 837, 839, 851, 853, 860, 868, 870, 871, 873, 874, 879, 880, 887]

[0, 3, 9, 10, 11, 12, 13, 15, 16, 17, 21, 28, 29, 31, 33, 34, 36, 37, 38, 43, 44, 45, 46, 49, 51, 52, 54, 56, 58, 60, 61, 63, 64, 66, 67, 68, 70, 71, 75, 77, 79, 80, 82, 85, 89, 92, 93, 94, 95, 97, 98, 99, 100, 105, 109, 110, 111, 112, 114, 115, 116, 117, 122, 123, 125, 129, 130, 131, 133, 134, 137, 138, 139, 140, 141, 144, 146, 148, 151, 152, 153, 157, 158, 159, 163, 164, 165, 168, 171, 175, 177, 178, 180, 181, 183, 185, 186, 187, 188, 189, 190, 191, 195, 196, 199, 200, 201, 205, 206, 207, 208, 210, 217, 222, 223, 224, 225, 226, 228, 229, 231, 233, 234, 235, 236, 237, 240, 241, 244, 245, 248, 249, 251, 255, 256, 257, 258, 259, 262, 263, 264, 265, 266, 267, 269, 270, 273, 275, 277, 278, 279, 280, 281, 283, 286, 289, 290, 291, 295, 296, 297, 302, 303, 305, 306, 307, 309, 311, 313, 314, 315, 317, 318, 319, 321, 323, 324, 325, 326, 327, 329, 330, 333, 339, 340, 341, 342, 344, 346, 347, 349, 350, 354, 355, 357, 358, 359, 360, 361, 362, 363, 364, 365, 366, 368, 369, 371, 372, 373, 377, 379, 380, 383, 384, 389, 391, 393, 394, 395, 397, 398, 399, 400, 401, 402, 405, 410, 412, 413, 414, 416, 418, 421, 422, 423, 429, 431, 433, 434, 435, 436, 440, 441, 443, 444, 446, 449, 450, 451, 453, 455, 456, 458, 460, 462, 464, 465, 466, 468, 469, 470, 471, 473, 474, 475, 483, 489, 490, 492, 494, 495, 496, 497, 499, 502, 503, 504, 506, 507, 508, 510, 512, 515, 517, 518, 520, 521, 523, 524, 526, 527, 528, 529, 530, 531, 532, 533, 535, 536, 537, 538, 539, 540, 542, 543, 547, 548, 549, 551, 554, 555, 557, 558, 559, 560, 563, 564, 566, 567, 568, 569, 570, 571, 573, 575, 577, 578, 579, 581, 582, 586, 587, 590, 591, 592, 595, 598, 599, 600, 601, 602, 603, 606, 612, 616, 618, 619, 620, 623, 624, 625, 628, 631, 632, 634, 635, 636, 637, 638, 639, 643, 644, 645, 647, 648, 651, 654, 656, 657, 658, 660, 663, 664, 666, 669, 671, 672, 674, 675, 676, 677, 678, 679, 681, 682, 683, 684, 685, 696, 697, 698, 701, 702, 704, 709, 710, 716, 721, 724, 725, 726, 727, 728, 729, 730, 732, 734, 736, 738, 739, 740, 741, 743, 746, 747, 748, 750, 751, 752, 754, 755, 756, 759, 761, 763, 764, 766, 767, 768, 772, 774, 778, 779, 781, 783, 784, 787, 788, 791, 793, 801, 802, 803, 804, 806, 807, 809, 811, 813, 814, 815, 816, 819, 820, 821, 824, 825, 826, 827, 828, 831, 832, 833, 834, 836, 837, 840, 841, 843, 844, 846, 848, 849, 851, 852, 854, 859, 874, 875, 878, 880, 882, 885, 888, 889]
[3, 11, 17, 18, 26, 39, 44, 55, 58, 59, 70, 78, 109, 114, 120, 124, 132, 133, 134, 145, 158, 164, 166, 177, 183, 187, 194, 219, 231, 234, 236, 241, 242, 244, 248, 250, 259, 261, 272, 274, 275, 281, 303, 334, 341, 354, 355, 357, 373, 375, 390, 394, 395, 396, 400, 402, 403, 405, 411, 419, 425, 444, 452, 459, 483, 494, 496, 514, 532, 545, 551, 558, 574, 577, 591, 596, 601, 608, 609, 613, 620, 624, 626, 635, 645, 658, 662, 667, 671, 673, 674, 680, 690, 693, 694, 707, 716, 722, 731, 744, 765, 769, 780, 786, 807, 817, 820, 826, 836, 837, 839, 851, 853, 860, 868, 870, 871, 873, 874, 879, 880, 887]

[0, 3, 9, 10, 11, 12, 13, 15, 16, 17, 18, 21, 22, 28, 29, 31, 33, 34, 36, 37, 38, 43, 44, 45, 46, 49, 51, 52, 54, 56, 58, 60, 61, 63, 64, 66, 67, 68, 70, 71, 75, 77, 79, 80, 82, 85, 89, 90, 92, 93, 94, 95, 97, 98, 99, 100, 105, 109, 110, 111, 112, 114, 115, 116, 117, 122, 123, 125, 127, 129, 130, 131, 133, 134, 136, 137, 138, 139, 140, 141, 144, 146, 148, 151, 152, 153, 157, 158, 159, 163, 164, 165, 168, 171, 175, 177, 178, 180, 181, 183, 185, 186, 187, 188, 189, 190, 191, 195, 196, 199, 200, 201, 202, 205, 206, 207, 208, 210, 217, 218, 222, 223, 224, 225, 226, 228, 229, 231, 233, 234, 235, 236, 237, 240, 241, 244, 245, 248, 249, 251, 255, 256, 257, 258, 259, 262, 263, 264, 265, 266, 267, 269, 270, 273, 275, 277, 278, 279, 280, 281, 282, 283, 286, 289, 290, 291, 295, 296, 297, 302, 303, 305, 306, 307, 309, 311, 312, 313, 314, 315, 317, 318, 319, 321, 323, 324, 325, 326, 327, 329, 330, 333, 339, 340, 341, 342, 344, 346, 347, 349, 350, 353, 354, 355, 357, 358, 359, 360, 361, 362, 363, 364, 365, 366, 368, 369, 371, 372, 373, 374, 377, 379, 380, 383, 384, 389, 391, 393, 394, 395, 397, 398, 399, 400, 401, 402, 405, 410, 412, 413, 414, 415, 416, 418, 421, 422, 423, 429, 431, 433, 434, 435, 436, 440, 441, 443, 444, 446, 449, 450, 451, 452, 453, 455, 456, 458, 460, 462, 464, 465, 466, 468, 469, 470, 471, 473, 474, 475, 483, 485, 489, 490, 492, 494, 495, 496, 497, 499, 502, 503, 504, 506, 507, 508, 510, 512, 515, 517, 518, 520, 521, 523, 524, 526, 527, 528, 529, 530, 531, 532, 533, 535, 536, 537, 538, 539, 540, 542, 543, 546, 547, 548, 549, 551, 554, 555, 556, 557, 558, 559, 560, 563, 564, 566, 567, 568, 569, 570, 571, 573, 575, 576, 577, 578, 579, 581, 582, 586, 587, 588, 590, 591, 592, 595, 598, 599, 600, 601, 602, 603, 606, 612, 616, 618, 619, 620, 623, 624, 625, 628, 631, 632, 634, 635, 636, 637, 638, 639, 643, 644, 645, 647, 648, 651, 654, 656, 657, 658, 660, 663, 664, 666, 669, 671, 672, 674, 675, 676, 677, 678, 679, 681, 682, 683, 684, 685, 694, 696, 697, 698, 699, 701, 702, 704, 709, 710, 713, 716, 719, 721, 724, 725, 726, 727, 728, 729, 730, 732, 734, 736, 738, 739, 740, 741, 743, 745, 746, 747, 748, 750, 751, 752, 754, 755, 756, 759, 761, 763, 764, 766, 767, 768, 772, 774, 778, 779, 781, 783, 784, 785, 787, 788, 791, 793, 801, 802, 803, 804, 806, 807, 809, 811, 813, 814, 815, 816, 819, 820, 821, 824, 825, 826, 827, 828, 831, 832, 833, 834, 836, 837, 840, 841, 843, 844, 846, 848, 849, 851, 852, 854, 855, 859, 874, 875, 878, 880, 882, 885, 888, 889]
[3, 11, 17, 18, 26, 39, 44, 55, 58, 59, 70, 78, 109, 114, 120, 124, 132, 133, 134, 145, 158, 164, 166, 177, 183, 187, 194, 219, 231, 234, 236, 241, 242, 244, 248, 250, 259, 261, 272, 274, 275, 281, 303, 334, 341, 354, 355, 357, 373, 375, 390, 394, 395, 396, 400, 402, 403, 405, 411, 419, 425, 444, 452, 459, 483, 494, 496, 514, 532, 545, 551, 558, 574, 577, 591, 596, 601, 608, 609, 613, 620, 624, 626, 635, 645, 658, 662, 667, 671, 673, 674, 680, 690, 693, 694, 707, 716, 722, 731, 744, 765, 769, 780, 786, 807, 817, 820, 826, 836, 837, 839, 851, 853, 860, 868, 870, 871, 873, 874, 879, 880, 887]

[0, 3, 4, 9, 10, 11, 12, 13, 15, 16, 17, 18, 21, 22, 28, 29, 31, 33, 34, 36, 37, 38, 43, 44, 45, 46, 49, 51, 52, 54, 56, 58, 60, 61, 63, 64, 66, 67, 68, 70, 71, 75, 77, 79, 80, 81, 82, 85, 89, 90, 92, 93, 94, 95, 97, 98, 99, 100, 105, 106, 109, 110, 111, 112, 114, 115, 116, 117, 122, 123, 125, 126, 127, 129, 130, 131, 133, 134, 136, 137, 138, 139, 140, 141, 144, 146, 148, 151, 152, 153, 157, 158, 159, 161, 163, 164, 165, 168, 169, 171, 175, 176, 177, 178, 180, 181, 183, 184, 185, 186, 187, 188, 189, 190, 191, 195, 196, 199, 200, 201, 202, 205, 206, 207, 208, 210, 216, 217, 218, 222, 223, 224, 225, 226, 228, 229, 231, 233, 234, 235, 236, 237, 240, 241, 244, 245, 248, 249, 251, 255, 256, 257, 258, 259, 262, 263, 264, 265, 266, 267, 269, 270, 273, 275, 277, 278, 279, 280, 281, 282, 283, 286, 289, 290, 291, 295, 296, 297, 302, 303, 305, 306, 307, 308, 309, 311, 312, 313, 314, 315, 317, 318, 319, 321, 323, 324, 325, 326, 327, 329, 330, 333, 334, 339, 340, 341, 342, 344, 346, 347, 349, 350, 353, 354, 355, 357, 358, 359, 360, 361, 362, 363, 364, 365, 366, 368, 369, 371, 372, 373, 374, 377, 379, 380, 382, 383, 384, 389, 391, 393, 394, 395, 397, 398, 399, 400, 401, 402, 405, 409, 410, 412, 413, 414, 415, 416, 418, 421, 422, 423, 429, 431, 433, 434, 435, 436, 437, 440, 441, 443, 444, 446, 447, 449, 450, 451, 452, 453, 454, 455, 456, 458, 460, 462, 464, 465, 466, 468, 469, 470, 471, 473, 474, 475, 483, 485, 489, 490, 492, 494, 495, 496, 497, 499, 502, 503, 504, 506, 507, 508, 510, 512, 515, 517, 518, 520, 521, 523, 524, 526, 527, 528, 529, 530, 531, 532, 533, 535, 536, 537, 538, 539, 540, 542, 543, 546, 547, 548, 549, 551, 554, 555, 556, 557, 558, 559, 560, 563, 564, 566, 567, 568, 569, 570, 571, 573, 575, 576, 577, 578, 579, 581, 582, 586, 587, 588, 590, 591, 592, 595, 598, 599, 600, 601, 602, 603, 606, 612, 616, 618, 619, 620, 623, 624, 625, 627, 628, 631, 632, 633, 634, 635, 636, 637, 638, 639, 642, 643, 644, 645, 647, 648, 651, 654, 656, 657, 658, 660, 663, 664, 666, 669, 671, 672, 674, 675, 676, 677, 678, 679, 681, 682, 683, 684, 685, 694, 696, 697, 698, 699, 701, 702, 703, 704, 709, 710, 713, 716, 719, 721, 724, 725, 726, 727, 728, 729, 730, 732, 734, 736, 738, 739, 740, 741, 743, 745, 746, 747, 748, 750, 751, 752, 754, 755, 756, 759, 761, 763, 764, 766, 767, 768, 772, 774, 776, 778, 779, 781, 783, 784, 785, 787, 788, 791, 793, 801, 802, 803, 804, 806, 807, 809, 811, 813, 814, 815, 816, 819, 820, 821, 824, 825, 826, 827, 828, 831, 832, 833, 834, 836, 837, 840, 841, 843, 844, 846, 848, 849, 851, 852, 854, 855, 859, 869, 874, 875, 877, 878, 879, 880, 881, 882, 885, 888, 889]
[3, 11, 17, 18, 26, 39, 44, 55, 58, 59, 70, 78, 109, 114, 120, 124, 132, 133, 134, 145, 158, 164, 166, 177, 183, 187, 194, 219, 231, 234, 236, 241, 242, 244, 248, 250, 259, 261, 272, 274, 275, 281, 303, 334, 341, 354, 355, 357, 373, 375, 390, 394, 395, 396, 400, 402, 403, 405, 411, 419, 425, 444, 452, 459, 483, 494, 496, 514, 532, 545, 551, 558, 574, 577, 591, 596, 601, 608, 609, 613, 620, 624, 626, 635, 645, 658, 662, 667, 671, 673, 674, 680, 690, 693, 694, 707, 716, 722, 731, 744, 765, 769, 780, 786, 807, 817, 820, 826, 836, 837, 839, 851, 853, 860, 868, 870, 871, 873, 874, 879, 880, 887]

[0, 2, 3, 4, 9, 10, 11, 12, 13, 15, 16, 17, 18, 21, 22, 28, 29, 31, 32, 33, 34, 36, 37, 38, 43, 44, 45, 46, 47, 49, 51, 52, 54, 56, 58, 60, 61, 63, 64, 66, 67, 68, 70, 71, 75, 77, 79, 80, 81, 82, 85, 86, 88, 89, 90, 92, 93, 94, 95, 97, 98, 99, 100, 105, 106, 109, 110, 111, 112, 114, 115, 116, 117, 122, 123, 125, 126, 127, 129, 130, 131, 133, 134, 135, 136, 137, 138, 139, 140, 141, 142, 144, 146, 148, 151, 152, 153, 157, 158, 159, 161, 163, 164, 165, 168, 169, 171, 175, 176, 177, 178, 180, 181, 183, 184, 185, 186, 187, 188, 189, 190, 191, 195, 196, 199, 200, 201, 202, 205, 206, 207, 208, 209, 210, 216, 217, 218, 222, 223, 224, 225, 226, 228, 229, 231, 233, 234, 235, 236, 237, 240, 241, 242, 244, 245, 248, 249, 251, 252, 255, 256, 257, 258, 259, 260, 262, 263, 264, 265, 266, 267, 269, 270, 273, 275, 277, 278, 279, 280, 281, 282, 283, 286, 289, 290, 291, 295, 296, 297, 302, 303, 305, 306, 307, 308, 309, 311, 312, 313, 314, 315, 317, 318, 319, 321, 323, 324, 325, 326, 327, 329, 330, 333, 334, 339, 340, 341, 342, 344, 346, 347, 349, 350, 353, 354, 355, 357, 358, 359, 360, 361, 362, 363, 364, 365, 366, 368, 369, 371, 372, 373, 374, 377, 379, 380, 381, 382, 383, 384, 387, 389, 391, 393, 394, 395, 397, 398, 399, 400, 401, 402, 405, 409, 410, 412, 413, 414, 415, 416, 418, 421, 422, 423, 425, 427, 429, 430, 431, 433, 434, 435, 436, 437, 440, 441, 443, 444, 446, 447, 449, 450, 451, 452, 453, 454, 455, 456, 458, 460, 462, 464, 465, 466, 468, 469, 470, 471, 473, 474, 475, 481, 483, 485, 489, 490, 492, 494, 495, 496, 497, 499, 502, 503, 504, 506, 507, 508, 510, 512, 515, 517, 518, 520, 521, 523, 524, 526, 527, 528, 529, 530, 531, 532, 533, 535, 536, 537, 538, 539, 540, 542, 543, 546, 547, 548, 549, 551, 554, 555, 556, 557, 558, 559, 560, 563, 564, 566, 567, 568, 569, 570, 571, 573, 575, 576, 577, 578, 579, 581, 582, 585, 586, 587, 588, 590, 591, 592, 595, 598, 599, 600, 601, 602, 603, 606, 612, 616, 618, 619, 620, 622, 623, 624, 625, 627, 628, 631, 632, 633, 634, 635, 636, 637, 638, 639, 642, 643, 644, 645, 647, 648, 651, 654, 656, 657, 658, 660, 663, 664, 666, 669, 671, 672, 674, 675, 676, 677, 678, 679, 681, 682, 683, 684, 685, 689, 694, 696, 697, 698, 699, 701, 702, 703, 704, 709, 710, 713, 716, 719, 721, 724, 725, 726, 727, 728, 729, 730, 732, 734, 736, 738, 739, 740, 741, 743, 745, 746, 747, 748, 750, 751, 752, 753, 754, 755, 756, 759, 761, 763, 764, 766, 767, 768, 772, 774, 776, 778, 779, 781, 783, 784, 785, 786, 787, 788, 791, 793, 800, 801, 802, 803, 804, 806, 807, 809, 811, 813, 814, 815, 816, 819, 820, 821, 824, 825, 826, 827, 828, 830, 831, 832, 833, 834, 836, 837, 840, 841, 843, 844, 846, 848, 849, 851, 852, 854, 855, 859, 869, 872, 874, 875, 877, 878, 879, 880, 881, 882, 885, 888, 889]
[3, 11, 17, 18, 26, 39, 44, 55, 58, 59, 70, 78, 109, 114, 120, 124, 132, 133, 134, 145, 158, 164, 166, 177, 183, 187, 194, 219, 231, 234, 236, 241, 242, 244, 248, 250, 259, 261, 272, 274, 275, 281, 303, 334, 341, 354, 355, 357, 373, 375, 390, 394, 395, 396, 400, 402, 403, 405, 411, 419, 425, 444, 452, 459, 483, 494, 496, 514, 532, 545, 551, 558, 574, 577, 591, 596, 601, 608, 609, 613, 620, 624, 626, 635, 645, 658, 662, 667, 671, 673, 674, 680, 690, 693, 694, 707, 716, 722, 731, 744, 765, 769, 780, 786, 807, 817, 820, 826, 836, 837, 839, 851, 853, 860, 868, 870, 871, 873, 874, 879, 880, 887]

[0, 2, 3, 4, 9, 10, 11, 12, 13, 15, 16, 17, 18, 21, 22, 28, 29, 31, 32, 33, 34, 36, 37, 38, 43, 44, 45, 46, 47, 49, 51, 52, 54, 56, 58, 60, 61, 62, 63, 64, 66, 67, 68, 70, 71, 75, 77, 79, 80, 81, 82, 85, 86, 88, 89, 90, 92, 93, 94, 95, 96, 97, 98, 99, 100, 105, 106, 107, 109, 110, 111, 112, 114, 115, 116, 117, 122, 123, 125, 126, 127, 129, 130, 131, 133, 134, 135, 136, 137, 138, 139, 140, 141, 142, 144, 146, 148, 150, 151, 152, 153, 157, 158, 159, 161, 163, 164, 165, 168, 169, 171, 172, 175, 176, 177, 178, 180, 181, 183, 184, 185, 186, 187, 188, 189, 190, 191, 195, 196, 199, 200, 201, 202, 205, 206, 207, 208, 209, 210, 216, 217, 218, 222, 223, 224, 225, 226, 227, 228, 229, 230, 231, 233, 234, 235, 236, 237, 238, 240, 241, 242, 244, 245, 248, 249, 251, 252, 255, 256, 257, 258, 259, 260, 261, 262, 263, 264, 265, 266, 267, 269, 270, 273, 275, 277, 278, 279, 280, 281, 282, 283, 286, 289, 290, 291, 292, 295, 296, 297, 298, 302, 303, 305, 306, 307, 308, 309, 311, 312, 313, 314, 315, 317, 318, 319, 321, 323, 324, 325, 326, 327, 329, 330, 333, 334, 339, 340, 341, 342, 344, 346, 347, 349, 350, 353, 354, 355, 357, 358, 359, 360, 361, 362, 363, 364, 365, 366, 368, 369, 371, 372, 373, 374, 377, 379, 380, 381, 382, 383, 384, 387, 389, 391, 393, 394, 395, 397, 398, 399, 400, 401, 402, 404, 405, 409, 410, 412, 413, 414, 415, 416, 418, 421, 422, 423, 425, 427, 429, 430, 431, 433, 434, 435, 436, 437, 439, 440, 441, 443, 444, 446, 447, 449, 450, 451, 452, 453, 454, 455, 456, 458, 460, 462, 464, 465, 466, 468, 469, 470, 471, 473, 474, 475, 481, 483, 485, 489, 490, 492, 494, 495, 496, 497, 499, 502, 503, 504, 506, 507, 508, 510, 512, 515, 517, 518, 520, 521, 523, 524, 525, 526, 527, 528, 529, 530, 531, 532, 533, 534, 535, 536, 537, 538, 539, 540, 542, 543, 546, 547, 548, 549, 551, 554, 555, 556, 557, 558, 559, 560, 563, 564, 566, 567, 568, 569, 570, 571, 573, 575, 576, 577, 578, 579, 581, 582, 583, 585, 586, 587, 588, 590, 591, 592, 595, 597, 598, 599, 600, 601, 602, 603, 606, 612, 616, 618, 619, 620, 622, 623, 624, 625, 627, 628, 631, 632, 633, 634, 635, 636, 637, 638, 639, 640, 642, 643, 644, 645, 647, 648, 651, 654, 656, 657, 658, 660, 663, 664, 666, 669, 671, 672, 674, 675, 676, 677, 678, 679, 681, 682, 683, 684, 685, 689, 694, 695, 696, 697, 698, 699, 701, 702, 703, 704, 709, 710, 713, 714, 715, 716, 719, 721, 724, 725, 726, 727, 728, 729, 730, 732, 734, 735, 736, 738, 739, 740, 741, 743, 745, 746, 747, 748, 750, 751, 752, 753, 754, 755, 756, 759, 761, 763, 764, 766, 767, 768, 772, 774, 775, 776, 778, 779, 781, 783, 784, 785, 786, 787, 788, 791, 793, 800, 801, 802, 803, 804, 806, 807, 809, 811, 813, 814, 815, 816, 819, 820, 821, 824, 825, 826, 827, 828, 830, 831, 832, 833, 834, 836, 837, 840, 841, 843, 844, 846, 848, 849, 851, 852, 854, 855, 859, 863, 869, 872, 874, 875, 876, 877, 878, 879, 880, 881, 882, 885, 888, 889]
[3, 11, 17, 18, 26, 39, 44, 55, 58, 59, 70, 78, 109, 114, 120, 124, 132, 133, 134, 145, 158, 164, 166, 177, 183, 187, 194, 219, 231, 234, 236, 241, 242, 244, 248, 250, 259, 261, 272, 274, 275, 281, 303, 334, 341, 354, 355, 357, 373, 375, 390, 394, 395, 396, 400, 402, 403, 405, 411, 419, 425, 444, 452, 459, 483, 494, 496, 514, 532, 545, 551, 558, 574, 577, 591, 596, 601, 608, 609, 613, 620, 624, 626, 635, 645, 658, 662, 667, 671, 673, 674, 680, 690, 693, 694, 707, 716, 722, 731, 744, 765, 769, 780, 786, 807, 817, 820, 826, 836, 837, 839, 851, 853, 860, 868, 870, 871, 873, 874, 879, 880, 887]

[0, 2, 3, 4, 9, 10, 11, 12, 13, 15, 16, 17, 18, 21, 22, 28, 29, 31, 32, 33, 34, 35, 36, 37, 38, 43, 44, 45, 46, 47, 49, 51, 52, 54, 56, 58, 60, 61, 62, 63, 64, 66, 67, 68, 70, 71, 75, 77, 79, 80, 81, 82, 85, 86, 88, 89, 90, 92, 93, 94, 95, 96, 97, 98, 99, 100, 102, 104, 105, 106, 107, 109, 110, 111, 112, 114, 115, 116, 117, 122, 123, 125, 126, 127, 129, 130, 131, 133, 134, 135, 136, 137, 138, 139, 140, 141, 142, 144, 146, 148, 150, 151, 152, 153, 154, 157, 158, 159, 161, 163, 164, 165, 168, 169, 171, 172, 173, 175, 176, 177, 178, 180, 181, 183, 184, 185, 186, 187, 188, 189, 190, 191, 195, 196, 199, 200, 201, 202, 205, 206, 207, 208, 209, 210, 216, 217, 218, 222, 223, 224, 225, 226, 227, 228, 229, 230, 231, 233, 234, 235, 236, 237, 238, 240, 241, 242, 244, 245, 248, 249, 251, 252, 255, 256, 257, 258, 259, 260, 261, 262, 263, 264, 265, 266, 267, 269, 270, 273, 275, 277, 278, 279, 280, 281, 282, 283, 286, 287, 289, 290, 291, 292, 295, 296, 297, 298, 302, 303, 305, 306, 307, 308, 309, 311, 312, 313, 314, 315, 317, 318, 319, 320, 321, 323, 324, 325, 326, 327, 329, 330, 333, 334, 339, 340, 341, 342, 344, 346, 347, 348, 349, 350, 351, 353, 354, 355, 357, 358, 359, 360, 361, 362, 363, 364, 365, 366, 368, 369, 371, 372, 373, 374, 377, 379, 380, 381, 382, 383, 384, 387, 389, 391, 393, 394, 395, 397, 398, 399, 400, 401, 402, 404, 405, 409, 410, 412, 413, 414, 415, 416, 418, 421, 422, 423, 425, 427, 429, 430, 431, 433, 434, 435, 436, 437, 439, 440, 441, 443, 444, 446, 447, 449, 450, 451, 452, 453, 454, 455, 456, 458, 460, 462, 464, 465, 466, 468, 469, 470, 471, 473, 474, 475, 481, 483, 485, 486, 489, 490, 492, 494, 495, 496, 497, 499, 500, 502, 503, 504, 506, 507, 508, 510, 512, 515, 517, 518, 520, 521, 523, 524, 525, 526, 527, 528, 529, 530, 531, 532, 533, 534, 535, 536, 537, 538, 539, 540, 542, 543, 545, 546, 547, 548, 549, 551, 554, 555, 556, 557, 558, 559, 560, 562, 563, 564, 566, 567, 568, 569, 570, 571, 573, 575, 576, 577, 578, 579, 581, 582, 583, 585, 586, 587, 588, 590, 591, 592, 595, 597, 598, 599, 600, 601, 602, 603, 606, 612, 616, 618, 619, 620, 622, 623, 624, 625, 627, 628, 630, 631, 632, 633, 634, 635, 636, 637, 638, 639, 640, 642, 643, 644, 645, 646, 647, 648, 651, 653, 654, 656, 657, 658, 660, 663, 664, 666, 669, 671, 672, 674, 675, 676, 677, 678, 679, 681, 682, 683, 684, 685, 689, 694, 695, 696, 697, 698, 699, 700, 701, 702, 703, 704, 709, 710, 712, 713, 714, 715, 716, 719, 721, 724, 725, 726, 727, 728, 729, 730, 732, 734, 735, 736, 738, 739, 740, 741, 743, 745, 746, 747, 748, 750, 751, 752, 753, 754, 755, 756, 759, 760, 761, 763, 764, 766, 767, 768, 772, 774, 775, 776, 777, 778, 779, 780, 781, 783, 784, 785, 786, 787, 788, 791, 793, 800, 801, 802, 803, 804, 806, 807, 809, 811, 813, 814, 815, 816, 819, 820, 821, 824, 825, 826, 827, 828, 830, 831, 832, 833, 834, 836, 837, 840, 841, 843, 844, 845, 846, 848, 849, 851, 852, 854, 855, 856, 859, 863, 864, 869, 872, 874, 875, 876, 877, 878, 879, 880, 881, 882, 884, 885, 888, 889]
[3, 11, 17, 18, 26, 39, 44, 55, 58, 59, 70, 78, 109, 114, 120, 124, 132, 133, 134, 145, 158, 164, 166, 177, 183, 187, 194, 219, 231, 234, 236, 241, 242, 244, 248, 250, 259, 261, 272, 274, 275, 281, 303, 334, 341, 354, 355, 357, 373, 375, 390, 394, 395, 396, 400, 402, 403, 405, 411, 419, 425, 444, 452, 459, 483, 494, 496, 514, 532, 545, 551, 558, 574, 577, 591, 596, 601, 608, 609, 613, 620, 624, 626, 635, 645, 658, 662, 667, 671, 673, 674, 680, 690, 693, 694, 707, 716, 722, 731, 744, 765, 769, 780, 786, 807, 817, 820, 826, 836, 837, 839, 851, 853, 860, 868, 870, 871, 873, 874, 879, 880, 887]

[0, 2, 3, 4, 9, 10, 11, 12, 13, 15, 16, 17, 18, 21, 22, 28, 29, 31, 32, 33, 34, 35, 36, 37, 38, 40, 43, 44, 45, 46, 47, 49, 51, 52, 54, 56, 58, 60, 61, 62, 63, 64, 66, 67, 68, 70, 71, 75, 77, 79, 80, 81, 82, 85, 86, 88, 89, 90, 92, 93, 94, 95, 96, 97, 98, 99, 100, 102, 104, 105, 106, 107, 109, 110, 111, 112, 114, 115, 116, 117, 122, 123, 125, 126, 127, 129, 130, 131, 133, 134, 135, 136, 137, 138, 139, 140, 141, 142, 144, 146, 148, 149, 150, 151, 152, 153, 154, 157, 158, 159, 161, 163, 164, 165, 168, 169, 171, 172, 173, 175, 176, 177, 178, 180, 181, 183, 184, 185, 186, 187, 188, 189, 190, 191, 195, 196, 199, 200, 201, 202, 205, 206, 207, 208, 209, 210, 212, 216, 217, 218, 222, 223, 224, 225, 226, 227, 228, 229, 230, 231, 233, 234, 235, 236, 237, 238, 240, 241, 242, 244, 245, 248, 249, 251, 252, 255, 256, 257, 258, 259, 260, 261, 262, 263, 264, 265, 266, 267, 269, 270, 273, 275, 277, 278, 279, 280, 281, 282, 283, 286, 287, 289, 290, 291, 292, 295, 296, 297, 298, 302, 303, 305, 306, 307, 308, 309, 311, 312, 313, 314, 315, 317, 318, 319, 320, 321, 323, 324, 325, 326, 327, 329, 330, 333, 334, 336, 339, 340, 341, 342, 343, 344, 346, 347, 348, 349, 350, 351, 353, 354, 355, 356, 357, 358, 359, 360, 361, 362, 363, 364, 365, 366, 368, 369, 371, 372, 373, 374, 376, 377, 379, 380, 381, 382, 383, 384, 387, 389, 391, 393, 394, 395, 397, 398, 399, 400, 401, 402, 404, 405, 408, 409, 410, 412, 413, 414, 415, 416, 418, 421, 422, 423, 425, 427, 429, 430, 431, 433, 434, 435, 436, 437, 439, 440, 441, 443, 444, 446, 447, 449, 450, 451, 452, 453, 454, 455, 456, 458, 460, 462, 464, 465, 466, 468, 469, 470, 471, 473, 474, 475, 479, 481, 483, 485, 486, 488, 489, 490, 492, 494, 495, 496, 497, 499, 500, 502, 503, 504, 506, 507, 508, 510, 512, 515, 517, 518, 520, 521, 523, 524, 525, 526, 527, 528, 529, 530, 531, 532, 533, 534, 535, 536, 537, 538, 539, 540, 542, 543, 545, 546, 547, 548, 549, 551, 554, 555, 556, 557, 558, 559, 560, 562, 563, 564, 566, 567, 568, 569, 570, 571, 573, 575, 576, 577, 578, 579, 581, 582, 583, 585, 586, 587, 588, 590, 591, 592, 595, 597, 598, 599, 600, 601, 602, 603, 606, 607, 612, 616, 618, 619, 620, 622, 623, 624, 625, 626, 627, 628, 630, 631, 632, 633, 634, 635, 636, 637, 638, 639, 640, 642, 643, 644, 645, 646, 647, 648, 650, 651, 653, 654, 656, 657, 658, 660, 661, 663, 664, 666, 669, 671, 672, 674, 675, 676, 677, 678, 679, 680, 681, 682, 683, 684, 685, 687, 689, 694, 695, 696, 697, 698, 699, 700, 701, 702, 703, 704, 705, 706, 708, 709, 710, 712, 713, 714, 715, 716, 719, 720, 721, 724, 725, 726, 727, 728, 729, 730, 731, 732, 734, 735, 736, 737, 738, 739, 740, 741, 743, 745, 746, 747, 748, 750, 751, 752, 753, 754, 755, 756, 759, 760, 761, 763, 764, 766, 767, 768, 771, 772, 774, 775, 776, 777, 778, 779, 780, 781, 783, 784, 785, 786, 787, 788, 791, 793, 800, 801, 802, 803, 804, 806, 807, 809, 811, 813, 814, 815, 816, 819, 820, 821, 824, 825, 826, 827, 828, 830, 831, 832, 833, 834, 836, 837, 840, 841, 843, 844, 845, 846, 848, 849, 851, 852, 854, 855, 856, 858, 859, 862, 863, 864, 869, 872, 874, 875, 876, 877, 878, 879, 880, 881, 882, 884, 885, 888, 889]
[3, 11, 17, 18, 26, 39, 44, 55, 58, 59, 70, 78, 109, 114, 120, 124, 132, 133, 134, 145, 158, 164, 166, 177, 183, 187, 194, 219, 231, 234, 236, 241, 242, 244, 248, 250, 259, 261, 272, 274, 275, 281, 303, 334, 341, 354, 355, 357, 373, 375, 390, 394, 395, 396, 400, 402, 403, 405, 411, 419, 425, 444, 452, 459, 483, 494, 496, 514, 532, 545, 551, 558, 574, 577, 591, 596, 601, 608, 609, 613, 620, 624, 626, 635, 645, 658, 662, 667, 671, 673, 674, 680, 690, 693, 694, 707, 716, 722, 731, 744, 765, 769, 780, 786, 807, 817, 820, 826, 836, 837, 839, 851, 853, 860, 868, 870, 871, 873, 874, 879, 880, 887]

[0, 2, 3, 4, 9, 10, 11, 12, 13, 14, 15, 16, 17, 18, 21, 22, 28, 29, 31, 32, 33, 34, 35, 36, 37, 38, 40, 42, 43, 44, 45, 46, 47, 49, 51, 52, 54, 56, 58, 60, 61, 62, 63, 64, 66, 67, 68, 70, 71, 72, 75, 77, 79, 80, 81, 82, 85, 86, 88, 89, 90, 92, 93, 94, 95, 96, 97, 98, 99, 100, 102, 104, 105, 106, 107, 109, 110, 111, 112, 114, 115, 116, 117, 120, 122, 123, 124, 125, 126, 127, 129, 130, 131, 133, 134, 135, 136, 137, 138, 139, 140, 141, 142, 144, 146, 147, 148, 149, 150, 151, 152, 153, 154, 157, 158, 159, 160, 161, 163, 164, 165, 168, 169, 171, 172, 173, 174, 175, 176, 177, 178, 180, 181, 183, 184, 185, 186, 187, 188, 189, 190, 191, 195, 196, 199, 200, 201, 202, 205, 206, 207, 208, 209, 210, 212, 216, 217, 218, 222, 223, 224, 225, 226, 227, 228, 229, 230, 231, 233, 234, 235, 236, 237, 238, 240, 241, 242, 244, 245, 248, 249, 251, 252, 255, 256, 257, 258, 259, 260, 261, 262, 263, 264, 265, 266, 267, 269, 270, 273, 275, 277, 278, 279, 280, 281, 282, 283, 286, 287, 289, 290, 291, 292, 295, 296, 297, 298, 301, 302, 303, 305, 306, 307, 308, 309, 311, 312, 313, 314, 315, 317, 318, 319, 320, 321, 323, 324, 325, 326, 327, 329, 330, 333, 334, 336, 339, 340, 341, 342, 343, 344, 346, 347, 348, 349, 350, 351, 353, 354, 355, 356, 357, 358, 359, 360, 361, 362, 363, 364, 365, 366, 368, 369, 371, 372, 373, 374, 376, 377, 379, 380, 381, 382, 383, 384, 387, 389, 391, 393, 394, 395, 396, 397, 398, 399, 400, 401, 402, 404, 405, 408, 409, 410, 412, 413, 414, 415, 416, 418, 419, 420, 421, 422, 423, 425, 427, 429, 430, 431, 433, 434, 435, 436, 437, 439, 440, 441, 443, 444, 446, 447, 449, 450, 451, 452, 453, 454, 455, 456, 458, 460, 462, 464, 465, 466, 468, 469, 470, 471, 473, 474, 475, 477, 479, 481, 483, 485, 486, 488, 489, 490, 492, 494, 495, 496, 497, 499, 500, 502, 503, 504, 506, 507, 508, 510, 512, 515, 517, 518, 520, 521, 523, 524, 525, 526, 527, 528, 529, 530, 531, 532, 533, 534, 535, 536, 537, 538, 539, 540, 541, 542, 543, 545, 546, 547, 548, 549, 550, 551, 552, 554, 555, 556, 557, 558, 559, 560, 562, 563, 564, 566, 567, 568, 569, 570, 571, 573, 575, 576, 577, 578, 579, 581, 582, 583, 585, 586, 587, 588, 590, 591, 592, 595, 597, 598, 599, 600, 601, 602, 603, 604, 606, 607, 612, 616, 618, 619, 620, 622, 623, 624, 625, 626, 627, 628, 630, 631, 632, 633, 634, 635, 636, 637, 638, 639, 640, 642, 643, 644, 645, 646, 647, 648, 650, 651, 653, 654, 656, 657, 658, 660, 661, 663, 664, 666, 669, 671, 672, 674, 675, 676, 677, 678, 679, 680, 681, 682, 683, 684, 685, 687, 689, 693, 694, 695, 696, 697, 698, 699, 700, 701, 702, 703, 704, 705, 706, 708, 709, 710, 712, 713, 714, 715, 716, 719, 720, 721, 724, 725, 726, 727, 728, 729, 730, 731, 732, 734, 735, 736, 737, 738, 739, 740, 741, 743, 745, 746, 747, 748, 749, 750, 751, 752, 753, 754, 755, 756, 757, 759, 760, 761, 763, 764, 766, 767, 768, 771, 772, 773, 774, 775, 776, 777, 778, 779, 780, 781, 782, 783, 784, 785, 786, 787, 788, 791, 793, 800, 801, 802, 803, 804, 806, 807, 809, 811, 813, 814, 815, 816, 817, 819, 820, 821, 824, 825, 826, 827, 828, 830, 831, 832, 833, 834, 835, 836, 837, 839, 840, 841, 843, 844, 845, 846, 848, 849, 851, 852, 854, 855, 856, 858, 859, 862, 863, 864, 869, 872, 874, 875, 876, 877, 878, 879, 880, 881, 882, 884, 885, 888, 889]
[3, 11, 17, 18, 26, 39, 44, 55, 58, 59, 70, 78, 109, 114, 120, 124, 132, 133, 134, 145, 158, 164, 166, 177, 183, 187, 194, 219, 231, 234, 236, 241, 242, 244, 248, 250, 259, 261, 272, 274, 275, 281, 303, 334, 341, 354, 355, 357, 373, 375, 390, 394, 395, 396, 400, 402, 403, 405, 411, 419, 425, 444, 452, 459, 483, 494, 496, 514, 532, 545, 551, 558, 574, 577, 591, 596, 601, 608, 609, 613, 620, 624, 626, 635, 645, 658, 662, 667, 671, 673, 674, 680, 690, 693, 694, 707, 716, 722, 731, 744, 765, 769, 780, 786, 807, 817, 820, 826, 836, 837, 839, 851, 853, 860, 868, 870, 871, 873, 874, 879, 880, 887]

[0, 2, 3, 4, 9, 10, 11, 12, 13, 14, 15, 16, 17, 18, 21, 22, 28, 29, 30, 31, 32, 33, 34, 35, 36, 37, 38, 40, 41, 42, 43, 44, 45, 46, 47, 49, 51, 52, 54, 56, 58, 60, 61, 62, 63, 64, 66, 67, 68, 70, 71, 72, 75, 77, 79, 80, 81, 82, 83, 85, 86, 88, 89, 90, 92, 93, 94, 95, 96, 97, 98, 99, 100, 102, 104, 105, 106, 107, 109, 110, 111, 112, 114, 115, 116, 117, 120, 122, 123, 124, 125, 126, 127, 129, 130, 131, 133, 134, 135, 136, 137, 138, 139, 140, 141, 142, 144, 146, 147, 148, 149, 150, 151, 152, 153, 154, 157, 158, 159, 160, 161, 163, 164, 165, 168, 169, 171, 172, 173, 174, 175, 176, 177, 178, 179, 180, 181, 183, 184, 185, 186, 187, 188, 189, 190, 191, 195, 196, 199, 200, 201, 202, 204, 205, 206, 207, 208, 209, 210, 212, 213, 216, 217, 218, 219, 222, 223, 224, 225, 226, 227, 228, 229, 230, 231, 233, 234, 235, 236, 237, 238, 240, 241, 242, 244, 245, 248, 249, 251, 252, 255, 256, 257, 258, 259, 260, 261, 262, 263, 264, 265, 266, 267, 269, 270, 273, 275, 277, 278, 279, 280, 281, 282, 283, 286, 287, 289, 290, 291, 292, 295, 296, 297, 298, 301, 302, 303, 305, 306, 307, 308, 309, 311, 312, 313, 314, 315, 317, 318, 319, 320, 321, 323, 324, 325, 326, 327, 329, 330, 333, 334, 336, 339, 340, 341, 342, 343, 344, 346, 347, 348, 349, 350, 351, 353, 354, 355, 356, 357, 358, 359, 360, 361, 362, 363, 364, 365, 366, 367, 368, 369, 371, 372, 373, 374, 376, 377, 379, 380, 381, 382, 383, 384, 387, 389, 391, 392, 393, 394, 395, 396, 397, 398, 399, 400, 401, 402, 404, 405, 407, 408, 409, 410, 412, 413, 414, 415, 416, 418, 419, 420, 421, 422, 423, 425, 427, 429, 430, 431, 433, 434, 435, 436, 437, 439, 440, 441, 442, 443, 444, 446, 447, 448, 449, 450, 451, 452, 453, 454, 455, 456, 458, 460, 462, 464, 465, 466, 467, 468, 469, 470, 471, 473, 474, 475, 477, 479, 481, 483, 484, 485, 486, 488, 489, 490, 492, 494, 495, 496, 497, 499, 500, 501, 502, 503, 504, 506, 507, 508, 510, 512, 515, 517, 518, 519, 520, 521, 523, 524, 525, 526, 527, 528, 529, 530, 531, 532, 533, 534, 535, 536, 537, 538, 539, 540, 541, 542, 543, 545, 546, 547, 548, 549, 550, 551, 552, 554, 555, 556, 557, 558, 559, 560, 562, 563, 564, 566, 567, 568, 569, 570, 571, 573, 575, 576, 577, 578, 579, 581, 582, 583, 585, 586, 587, 588, 590, 591, 592, 595, 596, 597, 598, 599, 600, 601, 602, 603, 604, 606, 607, 612, 613, 616, 618, 619, 620, 622, 623, 624, 625, 626, 627, 628, 630, 631, 632, 633, 634, 635, 636, 637, 638, 639, 640, 642, 643, 644, 645, 646, 647, 648, 650, 651, 652, 653, 654, 656, 657, 658, 660, 661, 663, 664, 666, 669, 671, 672, 674, 675, 676, 677, 678, 679, 680, 681, 682, 683, 684, 685, 687, 689, 693, 694, 695, 696, 697, 698, 699, 700, 701, 702, 703, 704, 705, 706, 707, 708, 709, 710, 712, 713, 714, 715, 716, 717, 719, 720, 721, 724, 725, 726, 727, 728, 729, 730, 731, 732, 733, 734, 735, 736, 737, 738, 739, 740, 741, 743, 745, 746, 747, 748, 749, 750, 751, 752, 753, 754, 755, 756, 757, 759, 760, 761, 763, 764, 766, 767, 768, 771, 772, 773, 774, 775, 776, 777, 778, 779, 780, 781, 782, 783, 784, 785, 786, 787, 788, 789, 791, 793, 800, 801, 802, 803, 804, 806, 807, 809, 811, 812, 813, 814, 815, 816, 817, 819, 820, 821, 824, 825, 826, 827, 828, 830, 831, 832, 833, 834, 835, 836, 837, 839, 840, 841, 843, 844, 845, 846, 848, 849, 851, 852, 854, 855, 856, 858, 859, 862, 863, 864, 869, 872, 874, 875, 876, 877, 878, 879, 880, 881, 882, 883, 884, 885, 888, 889]
[3, 11, 17, 18, 26, 39, 44, 55, 58, 59, 70, 78, 109, 114, 120, 124, 132, 133, 134, 145, 158, 164, 166, 177, 183, 187, 194, 219, 231, 234, 236, 241, 242, 244, 248, 250, 259, 261, 272, 274, 275, 281, 303, 334, 341, 354, 355, 357, 373, 375, 390, 394, 395, 396, 400, 402, 403, 405, 411, 419, 425, 444, 452, 459, 483, 494, 496, 514, 532, 545, 551, 558, 574, 577, 591, 596, 601, 608, 609, 613, 620, 624, 626, 635, 645, 658, 662, 667, 671, 673, 674, 680, 690, 693, 694, 707, 716, 722, 731, 744, 765, 769, 780, 786, 807, 817, 820, 826, 836, 837, 839, 851, 853, 860, 868, 870, 871, 873, 874, 879, 880, 887]

[0, 2, 3, 4, 9, 10, 11, 12, 13, 14, 15, 16, 17, 18, 21, 22, 28, 29, 30, 31, 32, 33, 34, 35, 36, 37, 38, 40, 41, 42, 43, 44, 45, 46, 47, 49, 51, 52, 54, 56, 58, 60, 61, 62, 63, 64, 66, 67, 68, 70, 71, 72, 74, 75, 77, 79, 80, 81, 82, 83, 85, 86, 87, 88, 89, 90, 92, 93, 94, 95, 96, 97, 98, 99, 100, 102, 104, 105, 106, 107, 109, 110, 111, 112, 114, 115, 116, 117, 118, 120, 122, 123, 124, 125, 126, 127, 129, 130, 131, 133, 134, 135, 136, 137, 138, 139, 140, 141, 142, 144, 146, 147, 148, 149, 150, 151, 152, 153, 154, 155, 157, 158, 159, 160, 161, 163, 164, 165, 167, 168, 169, 171, 172, 173, 174, 175, 176, 177, 178, 179, 180, 181, 183, 184, 185, 186, 187, 188, 189, 190, 191, 195, 196, 199, 200, 201, 202, 204, 205, 206, 207, 208, 209, 210, 212, 213, 216, 217, 218, 219, 222, 223, 224, 225, 226, 227, 228, 229, 230, 231, 233, 234, 235, 236, 237, 238, 239, 240, 241, 242, 244, 245, 248, 249, 251, 252, 255, 256, 257, 258, 259, 260, 261, 262, 263, 264, 265, 266, 267, 269, 270, 272, 273, 275, 277, 278, 279, 280, 281, 282, 283, 285, 286, 287, 288, 289, 290, 291, 292, 295, 296, 297, 298, 301, 302, 303, 305, 306, 307, 308, 309, 311, 312, 313, 314, 315, 317, 318, 319, 320, 321, 323, 324, 325, 326, 327, 328, 329, 330, 333, 334, 336, 338, 339, 340, 341, 342, 343, 344, 346, 347, 348, 349, 350, 351, 353, 354, 355, 356, 357, 358, 359, 360, 361, 362, 363, 364, 365, 366, 367, 368, 369, 371, 372, 373, 374, 375, 376, 377, 379, 380, 381, 382, 383, 384, 387, 388, 389, 391, 392, 393, 394, 395, 396, 397, 398, 399, 400, 401, 402, 404, 405, 407, 408, 409, 410, 412, 413, 414, 415, 416, 418, 419, 420, 421, 422, 423, 424, 425, 427, 429, 430, 431, 433, 434, 435, 436, 437, 439, 440, 441, 442, 443, 444, 446, 447, 448, 449, 450, 451, 452, 453, 454, 455, 456, 458, 460, 462, 464, 465, 466, 467, 468, 469, 470, 471, 473, 474, 475, 477, 479, 481, 483, 484, 485, 486, 487, 488, 489, 490, 492, 494, 495, 496, 497, 499, 500, 501, 502, 503, 504, 506, 507, 508, 510, 512, 515, 517, 518, 519, 520, 521, 523, 524, 525, 526, 527, 528, 529, 530, 531, 532, 533, 534, 535, 536, 537, 538, 539, 540, 541, 542, 543, 544, 545, 546, 547, 548, 549, 550, 551, 552, 554, 555, 556, 557, 558, 559, 560, 562, 563, 564, 566, 567, 568, 569, 570, 571, 573, 575, 576, 577, 578, 579, 581, 582, 583, 585, 586, 587, 588, 590, 591, 592, 595, 596, 597, 598, 599, 600, 601, 602, 603, 604, 605, 606, 607, 612, 613, 616, 618, 619, 620, 621, 622, 623, 624, 625, 626, 627, 628, 630, 631, 632, 633, 634, 635, 636, 637, 638, 639, 640, 642, 643, 644, 645, 646, 647, 648, 650, 651, 652, 653, 654, 656, 657, 658, 660, 661, 663, 664, 665, 666, 669, 671, 672, 674, 675, 676, 677, 678, 679, 680, 681, 682, 683, 684, 685, 687, 689, 693, 694, 695, 696, 697, 698, 699, 700, 701, 702, 703, 704, 705, 706, 707, 708, 709, 710, 712, 713, 714, 715, 716, 717, 719, 720, 721, 724, 725, 726, 727, 728, 729, 730, 731, 732, 733, 734, 735, 736, 737, 738, 739, 740, 741, 743, 745, 746, 747, 748, 749, 750, 751, 752, 753, 754, 755, 756, 757, 759, 760, 761, 763, 764, 766, 767, 768, 771, 772, 773, 774, 775, 776, 777, 778, 779, 780, 781, 782, 783, 784, 785, 786, 787, 788, 789, 790, 791, 793, 795, 799, 800, 801, 802, 803, 804, 806, 807, 809, 811, 812, 813, 814, 815, 816, 817, 819, 820, 821, 824, 825, 826, 827, 828, 830, 831, 832, 833, 834, 835, 836, 837, 839, 840, 841, 843, 844, 845, 846, 848, 849, 851, 852, 854, 855, 856, 858, 859, 860, 862, 863, 864, 867, 869, 872, 873, 874, 875, 876, 877, 878, 879, 880, 881, 882, 883, 884, 885, 888, 889]
[3, 11, 17, 18, 26, 39, 44, 55, 58, 59, 70, 78, 109, 114, 120, 124, 132, 133, 134, 145, 158, 164, 166, 177, 183, 187, 194, 219, 231, 234, 236, 241, 242, 244, 248, 250, 259, 261, 272, 274, 275, 281, 303, 334, 341, 354, 355, 357, 373, 375, 390, 394, 395, 396, 400, 402, 403, 405, 411, 419, 425, 444, 452, 459, 483, 494, 496, 514, 532, 545, 551, 558, 574, 577, 591, 596, 601, 608, 609, 613, 620, 624, 626, 635, 645, 658, 662, 667, 671, 673, 674, 680, 690, 693, 694, 707, 716, 722, 731, 744, 765, 769, 780, 786, 807, 817, 820, 826, 836, 837, 839, 851, 853, 860, 868, 870, 871, 873, 874, 879, 880, 887]

[0, 2, 3, 4, 9, 10, 11, 12, 13, 14, 15, 16, 17, 18, 21, 22, 26, 28, 29, 30, 31, 32, 33, 34, 35, 36, 37, 38, 40, 41, 42, 43, 44, 45, 46, 47, 48, 49, 51, 52, 53, 54, 56, 58, 60, 61, 62, 63, 64, 66, 67, 68, 70, 71, 72, 74, 75, 77, 79, 80, 81, 82, 83, 85, 86, 87, 88, 89, 90, 92, 93, 94, 95, 96, 97, 98, 99, 100, 102, 104, 105, 106, 107, 109, 110, 111, 112, 114, 115, 116, 117, 118, 120, 122, 123, 124, 125, 126, 127, 129, 130, 131, 132, 133, 134, 135, 136, 137, 138, 139, 140, 141, 142, 144, 146, 147, 148, 149, 150, 151, 152, 153, 154, 155, 157, 158, 159, 160, 161, 163, 164, 165, 167, 168, 169, 171, 172, 173, 174, 175, 176, 177, 178, 179, 180, 181, 183, 184, 185, 186, 187, 188, 189, 190, 191, 192, 194, 195, 196, 199, 200, 201, 202, 204, 205, 206, 207, 208, 209, 210, 212, 213, 216, 217, 218, 219, 222, 223, 224, 225, 226, 227, 228, 229, 230, 231, 233, 234, 235, 236, 237, 238, 239, 240, 241, 242, 244, 245, 248, 249, 251, 252, 254, 255, 256, 257, 258, 259, 260, 261, 262, 263, 264, 265, 266, 267, 269, 270, 272, 273, 275, 277, 278, 279, 280, 281, 282, 283, 285, 286, 287, 288, 289, 290, 291, 292, 295, 296, 297, 298, 300, 301, 302, 303, 305, 306, 307, 308, 309, 310, 311, 312, 313, 314, 315, 317, 318, 319, 320, 321, 323, 324, 325, 326, 327, 328, 329, 330, 333, 334, 336, 338, 339, 340, 341, 342, 343, 344, 346, 347, 348, 349, 350, 351, 353, 354, 355, 356, 357, 358, 359, 360, 361, 362, 363, 364, 365, 366, 367, 368, 369, 371, 372, 373, 374, 375, 376, 377, 379, 380, 381, 382, 383, 384, 387, 388, 389, 391, 392, 393, 394, 395, 396, 397, 398, 399, 400, 401, 402, 404, 405, 407, 408, 409, 410, 412, 413, 414, 415, 416, 418, 419, 420, 421, 422, 423, 424, 425, 426, 427, 429, 430, 431, 432, 433, 434, 435, 436, 437, 439, 440, 441, 442, 443, 444, 446, 447, 448, 449, 450, 451, 452, 453, 454, 455, 456, 458, 460, 462, 463, 464, 465, 466, 467, 468, 469, 470, 471, 473, 474, 475, 477, 479, 481, 482, 483, 484, 485, 486, 487, 488, 489, 490, 492, 494, 495, 496, 497, 499, 500, 501, 502, 503, 504, 506, 507, 508, 510, 512, 515, 517, 518, 519, 520, 521, 523, 524, 525, 526, 527, 528, 529, 530, 531, 532, 533, 534, 535, 536, 537, 538, 539, 540, 541, 542, 543, 544, 545, 546, 547, 548, 549, 550, 551, 552, 554, 555, 556, 557, 558, 559, 560, 561, 562, 563, 564, 565, 566, 567, 568, 569, 570, 571, 573, 575, 576, 577, 578, 579, 581, 582, 583, 585, 586, 587, 588, 590, 591, 592, 595, 596, 597, 598, 599, 600, 601, 602, 603, 604, 605, 606, 607, 608, 612, 613, 616, 618, 619, 620, 621, 622, 623, 624, 625, 626, 627, 628, 630, 631, 632, 633, 634, 635, 636, 637, 638, 639, 640, 642, 643, 644, 645, 646, 647, 648, 649, 650, 651, 652, 653, 654, 656, 657, 658, 660, 661, 663, 664, 665, 666, 667, 669, 671, 672, 674, 675, 676, 677, 678, 679, 680, 681, 682, 683, 684, 685, 687, 688, 689, 691, 693, 694, 695, 696, 697, 698, 699, 700, 701, 702, 703, 704, 705, 706, 707, 708, 709, 710, 712, 713, 714, 715, 716, 717, 719, 720, 721, 723, 724, 725, 726, 727, 728, 729, 730, 731, 732, 733, 734, 735, 736, 737, 738, 739, 740, 741, 743, 745, 746, 747, 748, 749, 750, 751, 752, 753, 754, 755, 756, 757, 759, 760, 761, 763, 764, 765, 766, 767, 768, 769, 771, 772, 773, 774, 775, 776, 777, 778, 779, 780, 781, 782, 783, 784, 785, 786, 787, 788, 789, 790, 791, 793, 795, 796, 799, 800, 801, 802, 803, 804, 806, 807, 809, 811, 812, 813, 814, 815, 816, 817, 819, 820, 821, 824, 825, 826, 827, 828, 830, 831, 832, 833, 834, 835, 836, 837, 838, 839, 840, 841, 843, 844, 845, 846, 848, 849, 851, 852, 854, 855, 856, 858, 859, 860, 862, 863, 864, 867, 869, 872, 873, 874, 875, 876, 877, 878, 879, 880, 881, 882, 883, 884, 885, 888, 889]
[3, 11, 17, 18, 26, 39, 44, 55, 58, 59, 70, 78, 109, 114, 120, 124, 132, 133, 134, 145, 158, 164, 166, 177, 183, 187, 194, 219, 231, 234, 236, 241, 242, 244, 248, 250, 259, 261, 272, 274, 275, 281, 303, 334, 341, 354, 355, 357, 373, 375, 390, 394, 395, 396, 400, 402, 403, 405, 411, 419, 425, 444, 452, 459, 483, 494, 496, 514, 532, 545, 551, 558, 574, 577, 591, 596, 601, 608, 609, 613, 620, 624, 626, 635, 645, 658, 662, 667, 671, 673, 674, 680, 690, 693, 694, 707, 716, 722, 731, 744, 765, 769, 780, 786, 807, 817, 820, 826, 836, 837, 839, 851, 853, 860, 868, 870, 871, 873, 874, 879, 880, 887]

[0, 1, 2, 3, 4, 9, 10, 11, 12, 13, 14, 15, 16, 17, 18, 21, 22, 26, 27, 28, 29, 30, 31, 32, 33, 34, 35, 36, 37, 38, 40, 41, 42, 43, 44, 45, 46, 47, 48, 49, 51, 52, 53, 54, 56, 58, 60, 61, 62, 63, 64, 66, 67, 68, 70, 71, 72, 74, 75, 77, 78, 79, 80, 81, 82, 83, 84, 85, 86, 87, 88, 89, 90, 91, 92, 93, 94, 95, 96, 97, 98, 99, 100, 102, 104, 105, 106, 107, 109, 110, 111, 112, 114, 115, 116, 117, 118, 119, 120, 122, 123, 124, 125, 126, 127, 129, 130, 131, 132, 133, 134, 135, 136, 137, 138, 139, 140, 141, 142, 144, 146, 147, 148, 149, 150, 151, 152, 153, 154, 155, 157, 158, 159, 160, 161, 163, 164, 165, 167, 168, 169, 170, 171, 172, 173, 174, 175, 176, 177, 178, 179, 180, 181, 183, 184, 185, 186, 187, 188, 189, 190, 191, 192, 194, 195, 196, 199, 200, 201, 202, 204, 205, 206, 207, 208, 209, 210, 212, 213, 214, 216, 217, 218, 219, 221, 222, 223, 224, 225, 226, 227, 228, 229, 230, 231, 233, 234, 235, 236, 237, 238, 239, 240, 241, 242, 244, 245, 248, 249, 251, 252, 254, 255, 256, 257, 258, 259, 260, 261, 262, 263, 264, 265, 266, 267, 269, 270, 272, 273, 275, 277, 278, 279, 280, 281, 282, 283, 285, 286, 287, 288, 289, 290, 291, 292, 294, 295, 296, 297, 298, 299, 300, 301, 302, 303, 305, 306, 307, 308, 309, 310, 311, 312, 313, 314, 315, 316, 317, 318, 319, 320, 321, 323, 324, 325, 326, 327, 328, 329, 330, 332, 333, 334, 336, 337, 338, 339, 340, 341, 342, 343, 344, 346, 347, 348, 349, 350, 351, 353, 354, 355, 356, 357, 358, 359, 360, 361, 362, 363, 364, 365, 366, 367, 368, 369, 371, 372, 373, 374, 375, 376, 377, 379, 380, 381, 382, 383, 384, 387, 388, 389, 391, 392, 393, 394, 395, 396, 397, 398, 399, 400, 401, 402, 404, 405, 406, 407, 408, 409, 410, 412, 413, 414, 415, 416, 418, 419, 420, 421, 422, 423, 424, 425, 426, 427, 429, 430, 431, 432, 433, 434, 435, 436, 437, 438, 439, 440, 441, 442, 443, 444, 446, 447, 448, 449, 450, 451, 452, 453, 454, 455, 456, 458, 460, 462, 463, 464, 465, 466, 467, 468, 469, 470, 471, 473, 474, 475, 477, 479, 480, 481, 482, 483, 484, 485, 486, 487, 488, 489, 490, 492, 494, 495, 496, 497, 499, 500, 501, 502, 503, 504, 506, 507, 508, 510, 512, 515, 517, 518, 519, 520, 521, 523, 524, 525, 526, 527, 528, 529, 530, 531, 532, 533, 534, 535, 536, 537, 538, 539, 540, 541, 542, 543, 544, 545, 546, 547, 548, 549, 550, 551, 552, 554, 555, 556, 557, 558, 559, 560, 561, 562, 563, 564, 565, 566, 567, 568, 569, 570, 571, 573, 575, 576, 577, 578, 579, 581, 582, 583, 585, 586, 587, 588, 590, 591, 592, 595, 596, 597, 598, 599, 600, 601, 602, 603, 604, 605, 606, 607, 608, 609, 612, 613, 616, 618, 619, 620, 621, 622, 623, 624, 625, 626, 627, 628, 630, 631, 632, 633, 634, 635, 636, 637, 638, 639, 640, 641, 642, 643, 644, 645, 646, 647, 648, 649, 650, 651, 652, 653, 654, 656, 657, 658, 659, 660, 661, 663, 664, 665, 666, 667, 669, 671, 672, 674, 675, 676, 677, 678, 679, 680, 681, 682, 683, 684, 685, 687, 688, 689, 691, 693, 694, 695, 696, 697, 698, 699, 700, 701, 702, 703, 704, 705, 706, 707, 708, 709, 710, 712, 713, 714, 715, 716, 717, 718, 719, 720, 721, 722, 723, 724, 725, 726, 727, 728, 729, 730, 731, 732, 733, 734, 735, 736, 737, 738, 739, 740, 741, 743, 745, 746, 747, 748, 749, 750, 751, 752, 753, 754, 755, 756, 757, 759, 760, 761, 762, 763, 764, 765, 766, 767, 768, 769, 771, 772, 773, 774, 775, 776, 777, 778, 779, 780, 781, 782, 783, 784, 785, 786, 787, 788, 789, 790, 791, 793, 795, 796, 798, 799, 800, 801, 802, 803, 804, 806, 807, 809, 811, 812, 813, 814, 815, 816, 817, 819, 820, 821, 824, 825, 826, 827, 828, 830, 831, 832, 833, 834, 835, 836, 837, 838, 839, 840, 841, 843, 844, 845, 846, 848, 849, 851, 852, 854, 855, 856, 858, 859, 860, 862, 863, 864, 867, 869, 871, 872, 873, 874, 875, 876, 877, 878, 879, 880, 881, 882, 883, 884, 885, 888, 889]
[3, 11, 17, 18, 26, 39, 44, 55, 58, 59, 70, 78, 109, 114, 120, 124, 132, 133, 134, 145, 158, 164, 166, 177, 183, 187, 194, 219, 231, 234, 236, 241, 242, 244, 248, 250, 259, 261, 272, 274, 275, 281, 303, 334, 341, 354, 355, 357, 373, 375, 390, 394, 395, 396, 400, 402, 403, 405, 411, 419, 425, 444, 452, 459, 483, 494, 496, 514, 532, 545, 551, 558, 574, 577, 591, 596, 601, 608, 609, 613, 620, 624, 626, 635, 645, 658, 662, 667, 671, 673, 674, 680, 690, 693, 694, 707, 716, 722, 731, 744, 765, 769, 780, 786, 807, 817, 820, 826, 836, 837, 839, 851, 853, 860, 868, 870, 871, 873, 874, 879, 880, 887]

[0, 1, 2, 3, 4, 9, 10, 11, 12, 13, 14, 15, 16, 17, 18, 21, 22, 23, 25, 26, 27, 28, 29, 30, 31, 32, 33, 34, 35, 36, 37, 38, 40, 41, 42, 43, 44, 45, 46, 47, 48, 49, 51, 52, 53, 54, 56, 57, 58, 60, 61, 62, 63, 64, 65, 66, 67, 68, 70, 71, 72, 74, 75, 76, 77, 78, 79, 80, 81, 82, 83, 84, 85, 86, 87, 88, 89, 90, 91, 92, 93, 94, 95, 96, 97, 98, 99, 100, 102, 103, 104, 105, 106, 107, 109, 110, 111, 112, 114, 115, 116, 117, 118, 119, 120, 122, 123, 124, 125, 126, 127, 128, 129, 130, 131, 132, 133, 134, 135, 136, 137, 138, 139, 140, 141, 142, 144, 146, 147, 148, 149, 150, 151, 152, 153, 154, 155, 157, 158, 159, 160, 161, 163, 164, 165, 167, 168, 169, 170, 171, 172, 173, 174, 175, 176, 177, 178, 179, 180, 181, 183, 184, 185, 186, 187, 188, 189, 190, 191, 192, 194, 195, 196, 199, 200, 201, 202, 204, 205, 206, 207, 208, 209, 210, 212, 213, 214, 215, 216, 217, 218, 219, 221, 222, 223, 224, 225, 226, 227, 228, 229, 230, 231, 233, 234, 235, 236, 237, 238, 239, 240, 241, 242, 244, 245, 248, 249, 250, 251, 252, 254, 255, 256, 257, 258, 259, 260, 261, 262, 263, 264, 265, 266, 267, 269, 270, 271, 272, 273, 275, 277, 278, 279, 280, 281, 282, 283, 285, 286, 287, 288, 289, 290, 291, 292, 293, 294, 295, 296, 297, 298, 299, 300, 301, 302, 303, 305, 306, 307, 308, 309, 310, 311, 312, 313, 314, 315, 316, 317, 318, 319, 320, 321, 323, 324, 325, 326, 327, 328, 329, 330, 332, 333, 334, 336, 337, 338, 339, 340, 341, 342, 343, 344, 346, 347, 348, 349, 350, 351, 353, 354, 355, 356, 357, 358, 359, 360, 361, 362, 363, 364, 365, 366, 367, 368, 369, 371, 372, 373, 374, 375, 376, 377, 379, 380, 381, 382, 383, 384, 387, 388, 389, 391, 392, 393, 394, 395, 396, 397, 398, 399, 400, 401, 402, 403, 404, 405, 406, 407, 408, 409, 410, 412, 413, 414, 415, 416, 418, 419, 420, 421, 422, 423, 424, 425, 426, 427, 429, 430, 431, 432, 433, 434, 435, 436, 437, 438, 439, 440, 441, 442, 443, 444, 445, 446, 447, 448, 449, 450, 451, 452, 453, 454, 455, 456, 458, 460, 462, 463, 464, 465, 466, 467, 468, 469, 470, 471, 473, 474, 475, 477, 478, 479, 480, 481, 482, 483, 484, 485, 486, 487, 488, 489, 490, 491, 492, 494, 495, 496, 497, 499, 500, 501, 502, 503, 504, 506, 507, 508, 510, 512, 515, 517, 518, 519, 520, 521, 523, 524, 525, 526, 527, 528, 529, 530, 531, 532, 533, 534, 535, 536, 537, 538, 539, 540, 541, 542, 543, 544, 545, 546, 547, 548, 549, 550, 551, 552, 554, 555, 556, 557, 558, 559, 560, 561, 562, 563, 564, 565, 566, 567, 568, 569, 570, 571, 573, 575, 576, 577, 578, 579, 581, 582, 583, 585, 586, 587, 588, 590, 591, 592, 595, 596, 597, 598, 599, 600, 601, 602, 603, 604, 605, 606, 607, 608, 609, 612, 613, 615, 616, 618, 619, 620, 621, 622, 623, 624, 625, 626, 627, 628, 630, 631, 632, 633, 634, 635, 636, 637, 638, 639, 640, 641, 642, 643, 644, 645, 646, 647, 648, 649, 650, 651, 652, 653, 654, 656, 657, 658, 659, 660, 661, 663, 664, 665, 666, 667, 669, 671, 672, 674, 675, 676, 677, 678, 679, 680, 681, 682, 683, 684, 685, 687, 688, 689, 690, 691, 693, 694, 695, 696, 697, 698, 699, 700, 701, 702, 703, 704, 705, 706, 707, 708, 709, 710, 712, 713, 714, 715, 716, 717, 718, 719, 720, 721, 722, 723, 724, 725, 726, 727, 728, 729, 730, 731, 732, 733, 734, 735, 736, 737, 738, 739, 740, 741, 743, 744, 745, 746, 747, 748, 749, 750, 751, 752, 753, 754, 755, 756, 757, 759, 760, 761, 762, 763, 764, 765, 766, 767, 768, 769, 771, 772, 773, 774, 775, 776, 777, 778, 779, 780, 781, 782, 783, 784, 785, 786, 787, 788, 789, 790, 791, 793, 794, 795, 796, 798, 799, 800, 801, 802, 803, 804, 806, 807, 808, 809, 811, 812, 813, 814, 815, 816, 817, 818, 819, 820, 821, 822, 824, 825, 826, 827, 828, 830, 831, 832, 833, 834, 835, 836, 837, 838, 839, 840, 841, 843, 844, 845, 846, 847, 848, 849, 851, 852, 854, 855, 856, 858, 859, 860, 862, 863, 864, 867, 869, 870, 871, 872, 873, 874, 875, 876, 877, 878, 879, 880, 881, 882, 883, 884, 885, 888, 889]
[3, 11, 17, 18, 26, 39, 44, 55, 58, 59, 70, 78, 109, 114, 120, 124, 132, 133, 134, 145, 158, 164, 166, 177, 183, 187, 194, 219, 231, 234, 236, 241, 242, 244, 248, 250, 259, 261, 272, 274, 275, 281, 303, 334, 341, 354, 355, 357, 373, 375, 390, 394, 395, 396, 400, 402, 403, 405, 411, 419, 425, 444, 452, 459, 483, 494, 496, 514, 532, 545, 551, 558, 574, 577, 591, 596, 601, 608, 609, 613, 620, 624, 626, 635, 645, 658, 662, 667, 671, 673, 674, 680, 690, 693, 694, 707, 716, 722, 731, 744, 765, 769, 780, 786, 807, 817, 820, 826, 836, 837, 839, 851, 853, 860, 868, 870, 871, 873, 874, 879, 880, 887]

