[39, 58, 62, 231, 237, 266, 292, 324, 358, 389, 408, 466, 494, 498, 521, 565, 608, 677, 739, 777, 781, 807]
[29, 76, 168, 182, 194, 242, 269, 273, 381, 484, 514, 560, 610, 617, 667, 690, 728, 749, 752, 770, 838, 878]

[39, 58, 62, 231, 237, 266, 292, 324, 358, 389, 408, 466, 494, 498, 521, 565, 608, 677, 739, 777, 781, 807]
[13, 18, 29, 50, 51, 56, 69, 76, 91, 99, 101, 103, 124, 133, 139, 140, 148, 158, 160, 165, 168, 178, 182, 194, 200, 207, 210, 219, 229, 232, 240, 242, 259, 269, 273, 279, 282, 284, 290, 298, 317, 321, 323, 327, 328, 333, 355, 357, 368, 369, 372, 381, 385, 396, 411, 412, 421, 425, 430, 433, 436, 442, 449, 460, 467, 475, 484, 502, 514, 527, 529, 539, 540, 555, 556, 560, 567, 607, 610, 612, 614, 617, 618, 622, 627, 631, 653, 667, 679, 690, 694, 697, 714, 718, 720, 728, 736, 747, 748, 749, 752, 756, 758, 764, 770, 772, 778, 796, 805, 813, 814, 824, 834, 838, 842, 848, 849, 855, 878, 886, 887, 889]

[4, 39, 58, 62, 116, 132, 136, 177, 218, 225, 231, 237, 266, 292, 303, 307, 314, 324, 358, 362, 373, 374, 375, 389, 395, 408, 435, 445, 466, 494, 498, 521, 552, 559, 565, 608, 632, 644, 677, 689, 711, 739, 777, 781, 782, 790, 807, 817, 837]
[13, 18, 29, 50, 51, 56, 69, 76, 91, 99, 101, 103, 124, 133, 139, 140, 148, 158, 160, 165, 168, 178, 182, 194, 200, 207, 210, 219, 229, 232, 240, 242, 259, 269, 273, 279, 282, 284, 290, 298, 317, 321, 323, 327, 328, 333, 355, 357, 368, 369, 372, 381, 385, 396, 411, 412, 421, 425, 430, 433, 436, 442, 449, 460, 467, 475, 484, 502, 514, 527, 529, 539, 540, 555, 556, 560, 567, 607, 610, 612, 614, 617, 618, 622, 627, 631, 653, 667, 679, 690, 694, 697, 714, 718, 720, 728, 736, 747, 748, 749, 752, 756, 758, 764, 770, 772, 778, 796, 805, 813, 814, 824, 834, 838, 842, 848, 849, 855, 878, 886, 887, 889]

[4, 20, 26, 39, 46, 58, 62, 72, 90, 104, 116, 132, 136, 152, 177, 202, 218, 225, 226, 231, 237, 257, 266, 288, 292, 303, 307, 314, 317, 319, 324, 358, 362, 372, 373, 374, 375, 389, 395, 408, 426, 435, 445, 452, 466, 481, 494, 498, 508, 521, 548, 552, 559, 565, 570, 608, 616, 632, 644, 677, 689, 711, 717, 739, 777, 781, 782, 790, 807, 815, 817, 830, 837, 867]
[13, 18, 29, 50, 51, 56, 69, 76, 91, 99, 101, 103, 124, 133, 139, 140, 148, 158, 160, 165, 168, 178, 182, 194, 200, 207, 210, 219, 229, 232, 240, 242, 259, 269, 273, 279, 282, 284, 290, 298, 317, 321, 323, 327, 328, 333, 355, 357, 368, 369, 372, 381, 385, 396, 411, 412, 421, 425, 430, 433, 436, 442, 449, 460, 467, 475, 484, 502, 514, 527, 529, 539, 540, 555, 556, 560, 567, 607, 610, 612, 614, 617, 618, 622, 627, 631, 653, 667, 679, 690, 694, 697, 714, 718, 720, 728, 736, 747, 748, 749, 752, 756, 758, 764, 770, 772, 778, 796, 805, 813, 814, 824, 834, 838, 842, 848, 849, 855, 878, 886, 887, 889]

[4, 12, 20, 26, 39, 46, 58, 62, 72, 90, 104, 116, 132, 136, 152, 163, 177, 202, 205, 218, 222, 225, 226, 231, 237, 238, 257, 266, 288, 292, 303, 307, 314, 317, 319, 324, 332, 358, 362, 372, 373, 374, 375, 389, 395, 400, 408, 414, 426, 435, 438, 445, 452, 454, 466, 481, 494, 498, 508, 521, 548, 550, 552, 559, 565, 570, 608, 616, 617, 618, 632, 644, 657, 660, 663, 677, 678, 689, 703, 711, 717, 739, 756, 758, 777, 781, 782, 790, 796, 807, 815, 817, 830, 837, 846, 848, 867, 875, 877]
[13, 18, 29, 50, 51, 56, 69, 76, 91, 99, 101, 103, 124, 133, 139, 140, 148, 158, 160, 165, 168, 178, 182, 194, 200, 207, 210, 219, 229, 232, 240, 242, 259, 269, 273, 279, 282, 284, 290, 298, 317, 321, 323, 327, 328, 333, 355, 357, 368, 369, 372, 381, 385, 396, 411, 412, 421, 425, 430, 433, 436, 442, 449, 460, 467, 475, 484, 502, 514, 527, 529, 539, 540, 555, 556, 560, 567, 607, 610, 612, 614, 617, 618, 622, 627, 631, 653, 667, 679, 690, 694, 697, 714, 718, 720, 728, 736, 747, 748, 749, 752, 756, 758, 764, 770, 772, 778, 796, 805, 813, 814, 824, 834, 838, 842, 848, 849, 855, 878, 886, 887, 889]

[4, 12, 20, 26, 39, 46, 48, 58, 62, 72, 86, 90, 91, 104, 116, 122, 123, 132, 136, 152, 163, 177, 184, 194, 202, 205, 218, 222, 225, 226, 227, 228, 231, 237, 238, 254, 257, 266, 288, 292, 303, 305, 307, 314, 317, 319, 324, 332, 358, 362, 372, 373, 374, 375, 389, 390, 395, 400, 408, 414, 420, 426, 431, 435, 438, 445, 452, 454, 458, 466, 475, 478, 481, 494, 498, 508, 509, 521, 532, 548, 550, 552, 559, 564, 565, 570, 576, 608, 616, 617, 618, 621, 624, 632, 638, 644, 646, 657, 660, 663, 677, 678, 684, 689, 693, 703, 707, 711, 715, 717, 737, 739, 756, 758, 777, 781, 782, 785, 790, 796, 807, 814, 815, 817, 830, 837, 846, 848, 862, 867, 875, 877]
[13, 18, 29, 50, 51, 56, 69, 76, 91, 99, 101, 103, 124, 133, 139, 140, 148, 158, 160, 165, 168, 178, 182, 194, 200, 207, 210, 219, 229, 232, 240, 242, 259, 269, 273, 279, 282, 284, 290, 298, 317, 321, 323, 327, 328, 333, 355, 357, 368, 369, 372, 381, 385, 396, 411, 412, 421, 425, 430, 433, 436, 442, 449, 460, 467, 475, 484, 502, 514, 527, 529, 539, 540, 555, 556, 560, 567, 607, 610, 612, 614, 617, 618, 622, 627, 631, 653, 667, 679, 690, 694, 697, 714, 718, 720, 728, 736, 747, 748, 749, 752, 756, 758, 764, 770, 772, 778, 796, 805, 813, 814, 824, 834, 838, 842, 848, 849, 855, 878, 886, 887, 889]

[4, 12, 20, 26, 39, 45, 46, 48, 58, 62, 63, 70, 72, 81, 86, 90, 91, 104, 116, 122, 123, 132, 136, 144, 152, 163, 177, 184, 192, 194, 202, 205, 218, 222, 225, 226, 227, 228, 231, 237, 238, 241, 243, 254, 257, 266, 283, 288, 292, 296, 303, 304, 305, 307, 314, 317, 319, 324, 332, 358, 362, 372, 373, 374, 375, 389, 390, 395, 400, 405, 408, 414, 420, 426, 431, 432, 435, 438, 439, 442, 445, 452, 454, 458, 466, 475, 478, 481, 494, 498, 508, 509, 512, 519, 521, 532, 548, 550, 552, 559, 564, 565, 570, 576, 582, 608, 616, 617, 618, 621, 624, 626, 632, 638, 644, 646, 657, 660, 663, 670, 677, 678, 684, 685, 689, 693, 701, 703, 707, 711, 715, 717, 731, 737, 739, 756, 758, 776, 777, 781, 782, 785, 790, 794, 796, 807, 814, 815, 817, 826, 830, 837, 844, 846, 848, 862, 867, 875, 877, 886]
[13, 18, 29, 50, 51, 56, 69, 76, 91, 99, 101, 103, 124, 133, 139, 140, 148, 158, 160, 165, 168, 178, 182, 194, 200, 207, 210, 219, 229, 232, 240, 242, 259, 269, 273, 279, 282, 284, 290, 298, 317, 321, 323, 327, 328, 333, 355, 357, 368, 369, 372, 381, 385, 396, 411, 412, 421, 425, 430, 433, 436, 442, 449, 460, 467, 475, 484, 502, 514, 527, 529, 539, 540, 555, 556, 560, 567, 607, 610, 612, 614, 617, 618, 622, 627, 631, 653, 667, 679, 690, 694, 697, 714, 718, 720, 728, 736, 747, 748, 749, 752, 756, 758, 764, 770, 772, 778, 796, 805, 813, 814, 824, 834, 838, 842, 848, 849, 855, 878, 886, 887, 889]

[4, 12, 20, 26, 39, 45, 46, 48, 54, 58, 62, 63, 70, 72, 81, 86, 90, 91, 104, 116, 122, 123, 129, 132, 136, 144, 152, 154, 163, 177, 184, 192, 194, 202, 205, 215, 218, 222, 225, 226, 227, 228, 231, 237, 238, 241, 243, 254, 257, 266, 273, 283, 288, 292, 296, 303, 304, 305, 307, 314, 317, 319, 324, 332, 335, 358, 362, 372, 373, 374, 375, 379, 389, 390, 395, 400, 405, 408, 414, 417, 420, 426, 429, 431, 432, 435, 438, 439, 442, 445, 452, 454, 458, 466, 475, 476, 478, 481, 494, 496, 498, 503, 508, 509, 512, 519, 521, 532, 548, 550, 552, 556, 559, 564, 565, 570, 573, 576, 582, 588, 608, 616, 617, 618, 621, 624, 626, 632, 637, 638, 644, 646, 657, 660, 663, 670, 677, 678, 683, 684, 685, 686, 689, 693, 701, 703, 707, 711, 715, 717, 718, 726, 731, 733, 737, 739, 749, 756, 758, 776, 777, 779, 781, 782, 785, 790, 794, 796, 807, 814, 815, 817, 826, 830, 837, 844, 846, 848, 860, 862, 867, 875, 877, 882, 886]
[13, 18, 29, 50, 51, 56, 69, 76, 91, 99, 101, 103, 124, 133, 139, 140, 148, 158, 160, 165, 168, 178, 182, 194, 200, 207, 210, 219, 229, 232, 240, 242, 259, 269, 273, 279, 282, 284, 290, 298, 317, 321, 323, 327, 328, 333, 355, 357, 368, 369, 372, 381, 385, 396, 411, 412, 421, 425, 430, 433, 436, 442, 449, 460, 467, 475, 484, 502, 514, 527, 529, 539, 540, 555, 556, 560, 567, 607, 610, 612, 614, 617, 618, 622, 627, 631, 653, 667, 679, 690, 694, 697, 714, 718, 720, 728, 736, 747, 748, 749, 752, 756, 758, 764, 770, 772, 778, 796, 805, 813, 814, 824, 834, 838, 842, 848, 849, 855, 878, 886, 887, 889]

[4, 12, 20, 24, 26, 39, 45, 46, 48, 49, 54, 58, 62, 63, 70, 72, 81, 86, 90, 91, 104, 116, 122, 123, 127, 129, 132, 136, 144, 152, 154, 161, 163, 177, 184, 190, 192, 194, 202, 205, 215, 218, 221, 222, 225, 226, 227, 228, 231, 237, 238, 241, 243, 254, 257, 266, 273, 283, 288, 292, 296, 302, 303, 304, 305, 307, 311, 314, 317, 319, 324, 332, 335, 339, 351, 358, 362, 372, 373, 374, 375, 379, 389, 390, 395, 398, 400, 405, 408, 409, 414, 417, 420, 423, 426, 429, 431, 432, 435, 438, 439, 442, 443, 445, 452, 454, 458, 466, 475, 476, 478, 479, 481, 488, 494, 496, 498, 503, 508, 509, 512, 519, 521, 523, 532, 548, 550, 552, 556, 559, 564, 565, 570, 573, 576, 582, 588, 608, 609, 616, 617, 618, 621, 624, 626, 632, 637, 638, 644, 646, 657, 660, 662, 663, 670, 673, 677, 678, 683, 684, 685, 686, 689, 693, 701, 703, 707, 708, 711, 715, 717, 718, 726, 731, 733, 737, 739, 749, 756, 758, 768, 772, 776, 777, 779, 781, 782, 785, 790, 794, 796, 807, 814, 815, 817, 826, 829, 830, 836, 837, 844, 846, 848, 860, 862, 867, 875, 877, 882, 886]
[13, 18, 29, 50, 51, 56, 69, 76, 91, 99, 101, 103, 124, 133, 139, 140, 148, 158, 160, 165, 168, 178, 182, 194, 200, 207, 210, 219, 229, 232, 240, 242, 259, 269, 273, 279, 282, 284, 290, 298, 317, 321, 323, 327, 328, 333, 355, 357, 368, 369, 372, 381, 385, 396, 411, 412, 421, 425, 430, 433, 436, 442, 449, 460, 467, 475, 484, 502, 514, 527, 529, 539, 540, 555, 556, 560, 567, 607, 610, 612, 614, 617, 618, 622, 627, 631, 653, 667, 679, 690, 694, 697, 714, 718, 720, 728, 736, 747, 748, 749, 752, 756, 758, 764, 770, 772, 778, 796, 805, 813, 814, 824, 834, 838, 842, 848, 849, 855, 878, 886, 887, 889]

[4, 12, 20, 24, 26, 39, 45, 46, 48, 49, 54, 58, 59, 62, 63, 70, 72, 81, 86, 90, 91, 104, 116, 122, 123, 127, 129, 132, 134, 136, 141, 144, 147, 152, 154, 161, 163, 175, 177, 184, 187, 190, 192, 194, 202, 205, 212, 215, 218, 221, 222, 223, 224, 225, 226, 227, 228, 231, 237, 238, 241, 243, 254, 257, 263, 266, 273, 283, 287, 288, 292, 296, 302, 303, 304, 305, 307, 311, 314, 317, 319, 324, 332, 335, 339, 351, 358, 360, 362, 363, 372, 373, 374, 375, 379, 389, 390, 395, 398, 400, 403, 405, 407, 408, 409, 414, 417, 420, 423, 426, 429, 431, 432, 435, 438, 439, 442, 443, 445, 452, 454, 458, 466, 475, 476, 478, 479, 481, 488, 494, 496, 498, 503, 504, 508, 509, 512, 519, 521, 522, 523, 532, 548, 550, 552, 556, 558, 559, 564, 565, 570, 573, 576, 582, 588, 608, 609, 616, 617, 618, 621, 624, 626, 632, 637, 638, 644, 646, 657, 660, 662, 663, 670, 673, 677, 678, 683, 684, 685, 686, 688, 689, 693, 701, 703, 707, 708, 711, 715, 717, 718, 726, 731, 733, 737, 739, 749, 756, 758, 768, 772, 776, 777, 779, 781, 782, 785, 790, 794, 796, 800, 807, 814, 815, 817, 826, 829, 830, 836, 837, 844, 845, 846, 848, 851, 858, 860, 862, 867, 872, 875, 877, 882, 883, 886]
[13, 18, 29, 50, 51, 56, 69, 76, 91, 99, 101, 103, 124, 133, 139, 140, 148, 158, 160, 165, 168, 178, 182, 194, 200, 207, 210, 219, 229, 232, 240, 242, 259, 269, 273, 279, 282, 284, 290, 298, 317, 321, 323, 327, 328, 333, 355, 357, 368, 369, 372, 381, 385, 396, 411, 412, 421, 425, 430, 433, 436, 442, 449, 460, 467, 475, 484, 502, 514, 527, 529, 539, 540, 555, 556, 560, 567, 607, 610, 612, 614, 617, 618, 622, 627, 631, 653, 667, 679, 690, 694, 697, 714, 718, 720, 728, 736, 747, 748, 749, 752, 756, 758, 764, 770, 772, 778, 796, 805, 813, 814, 824, 834, 838, 842, 848, 849, 855, 878, 886, 887, 889]

[4, 7, 12, 20, 24, 26, 39, 45, 46, 48, 49, 54, 58, 59, 62, 63, 70, 72, 81, 86, 90, 91, 104, 115, 116, 122, 123, 127, 129, 132, 134, 136, 141, 144, 147, 152, 154, 158, 161, 163, 166, 175, 177, 184, 187, 190, 192, 194, 195, 202, 205, 212, 215, 218, 221, 222, 223, 224, 225, 226, 227, 228, 231, 237, 238, 240, 241, 243, 254, 257, 263, 266, 273, 283, 287, 288, 292, 296, 302, 303, 304, 305, 307, 311, 314, 317, 319, 324, 332, 335, 339, 351, 358, 360, 362, 363, 372, 373, 374, 375, 379, 384, 389, 390, 395, 398, 400, 403, 405, 407, 408, 409, 414, 417, 420, 423, 426, 429, 431, 432, 435, 438, 439, 442, 443, 445, 452, 454, 458, 461, 466, 475, 476, 477, 478, 479, 481, 488, 494, 496, 498, 501, 503, 504, 508, 509, 512, 519, 521, 522, 523, 532, 540, 548, 550, 552, 555, 556, 558, 559, 562, 564, 565, 570, 573, 575, 576, 582, 588, 608, 609, 613, 616, 617, 618, 621, 624, 626, 632, 635, 637, 638, 644, 646, 657, 660, 662, 663, 670, 673, 675, 677, 678, 683, 684, 685, 686, 688, 689, 693, 701, 703, 707, 708, 711, 715, 717, 718, 726, 731, 733, 737, 739, 741, 742, 749, 756, 758, 764, 768, 772, 776, 777, 779, 780, 781, 782, 785, 790, 794, 796, 798, 800, 804, 807, 814, 815, 817, 826, 827, 829, 830, 836, 837, 844, 845, 846, 848, 851, 858, 860, 862, 865, 867, 872, 875, 877, 882, 883, 886]
[13, 18, 29, 50, 51, 56, 69, 76, 91, 99, 101, 103, 124, 133, 139, 140, 148, 158, 160, 165, 168, 178, 182, 194, 200, 207, 210, 219, 229, 232, 240, 242, 259, 269, 273, 279, 282, 284, 290, 298, 317, 321, 323, 327, 328, 333, 355, 357, 368, 369, 372, 381, 385, 396, 411, 412, 421, 425, 430, 433, 436, 442, 449, 460, 467, 475, 484, 502, 514, 527, 529, 539, 540, 555, 556, 560, 567, 607, 610, 612, 614, 617, 618, 622, 627, 631, 653, 667, 679, 690, 694, 697, 714, 718, 720, 728, 736, 747, 748, 749, 752, 756, 758, 764, 770, 772, 778, 796, 805, 813, 814, 824, 834, 838, 842, 848, 849, 855, 878, 886, 887, 889]

[4, 7, 12, 20, 24, 26, 39, 45, 46, 48, 49, 54, 58, 59, 62, 63, 70, 72, 80, 81, 83, 86, 90, 91, 104, 115, 116, 122, 123, 127, 129, 130, 132, 134, 136, 141, 144, 147, 152, 154, 158, 161, 163, 166, 173, 175, 177, 179, 184, 187, 190, 192, 194, 195, 202, 205, 207, 212, 215, 218, 221, 222, 223, 224, 225, 226, 227, 228, 231, 237, 238, 240, 241, 243, 254, 257, 263, 266, 267, 268, 273, 283, 287, 288, 292, 296, 302, 303, 304, 305, 307, 311, 313, 314, 317, 319, 324, 332, 335, 339, 343, 351, 358, 360, 362, 363, 372, 373, 374, 375, 379, 384, 389, 390, 395, 398, 400, 403, 405, 407, 408, 409, 414, 417, 420, 423, 426, 428, 429, 431, 432, 435, 438, 439, 440, 442, 443, 445, 452, 454, 458, 459, 461, 466, 475, 476, 477, 478, 479, 481, 486, 488, 494, 496, 498, 501, 502, 503, 504, 508, 509, 512, 516, 519, 521, 522, 523, 532, 540, 548, 550, 552, 555, 556, 557, 558, 559, 562, 564, 565, 570, 572, 573, 575, 576, 582, 583, 588, 593, 608, 609, 611, 613, 616, 617, 618, 621, 624, 626, 632, 635, 637, 638, 644, 646, 657, 660, 662, 663, 666, 668, 670, 673, 675, 677, 678, 683, 684, 685, 686, 688, 689, 693, 701, 703, 707, 708, 711, 715, 717, 718, 726, 731, 733, 737, 739, 741, 742, 749, 756, 758, 764, 768, 772, 776, 777, 779, 780, 781, 782, 785, 790, 794, 796, 798, 800, 804, 807, 814, 815, 817, 826, 827, 829, 830, 836, 837, 844, 845, 846, 848, 851, 858, 860, 862, 864, 865, 867, 871, 872, 875, 877, 882, 883, 886]
[13, 18, 29, 50, 51, 56, 69, 76, 91, 99, 101, 103, 124, 133, 139, 140, 148, 158, 160, 165, 168, 178, 182, 194, 200, 207, 210, 219, 229, 232, 240, 242, 259, 269, 273, 279, 282, 284, 290, 298, 317, 321, 323, 327, 328, 333, 355, 357, 368, 369, 372, 381, 385, 396, 411, 412, 421, 425, 430, 433, 436, 442, 449, 460, 467, 475, 484, 502, 514, 527, 529, 539, 540, 555, 556, 560, 567, 607, 610, 612, 614, 617, 618, 622, 627, 631, 653, 667, 679, 690, 694, 697, 714, 718, 720, 728, 736, 747, 748, 749, 752, 756, 758, 764, 770, 772, 778, 796, 805, 813, 814, 824, 834, 838, 842, 848, 849, 855, 878, 886, 887, 889]

[4, 5, 7, 12, 20, 24, 26, 39, 45, 46, 48, 49, 54, 58, 59, 62, 63, 70, 72, 76, 80, 81, 83, 86, 90, 91, 104, 115, 116, 122, 123, 127, 129, 130, 132, 134, 136, 141, 144, 147, 152, 154, 158, 161, 163, 166, 173, 175, 177, 179, 184, 187, 188, 190, 192, 194, 195, 202, 205, 207, 212, 215, 218, 221, 222, 223, 224, 225, 226, 227, 228, 231, 237, 238, 240, 241, 243, 244, 250, 254, 256, 257, 263, 266, 267, 268, 273, 283, 287, 288, 292, 296, 302, 303, 304, 305, 307, 311, 313, 314, 317, 319, 324, 332, 335, 339, 343, 348, 349, 351, 358, 360, 362, 363, 372, 373, 374, 375, 379, 381, 384, 389, 390, 395, 398, 400, 403, 405, 407, 408, 409, 414, 417, 420, 423, 426, 428, 429, 431, 432, 435, 438, 439, 440, 442, 443, 445, 452, 454, 458, 459, 461, 466, 467, 475, 476, 477, 478, 479, 481, 486, 488, 494, 496, 498, 501, 502, 503, 504, 508, 509, 512, 516, 519, 520, 521, 522, 523, 532, 533, 538, 540, 548, 550, 552, 555, 556, 557, 558, 559, 562, 564, 565, 570, 572, 573, 575, 576, 577, 581, 582, 583, 588, 593, 597, 602, 606, 608, 609, 611, 613, 616, 617, 618, 621, 624, 626, 632, 635, 637, 638, 644, 646, 657, 660, 662, 663, 666, 668, 670, 673, 675, 677, 678, 683, 684, 685, 686, 688, 689, 693, 701, 703, 707, 708, 710, 711, 715, 716, 717, 718, 720, 726, 731, 733, 734, 737, 739, 741, 742, 749, 756, 758, 764, 768, 772, 776, 777, 779, 780, 781, 782, 785, 790, 794, 796, 798, 800, 801, 804, 807, 814, 815, 817, 826, 827, 829, 830, 833, 836, 837, 844, 845, 846, 848, 851, 858, 860, 862, 864, 865, 867, 868, 871, 872, 875, 877, 882, 883, 886]
[13, 18, 29, 50, 51, 56, 69, 76, 91, 99, 101, 103, 124, 133, 139, 140, 148, 158, 160, 165, 168, 178, 182, 194, 200, 207, 210, 219, 229, 232, 240, 242, 259, 269, 273, 279, 282, 284, 290, 298, 317, 321, 323, 327, 328, 333, 355, 357, 368, 369, 372, 381, 385, 396, 411, 412, 421, 425, 430, 433, 436, 442, 449, 460, 467, 475, 484, 502, 514, 527, 529, 539, 540, 555, 556, 560, 567, 607, 610, 612, 614, 617, 618, 622, 627, 631, 653, 667, 679, 690, 694, 697, 714, 718, 720, 728, 736, 747, 748, 749, 752, 756, 758, 764, 770, 772, 778, 796, 805, 813, 814, 824, 834, 838, 842, 848, 849, 855, 878, 886, 887, 889]

[4, 5, 7, 12, 20, 24, 26, 39, 44, 45, 46, 48, 49, 54, 58, 59, 62, 63, 68, 70, 72, 76, 80, 81, 83, 86, 90, 91, 104, 108, 109, 115, 116, 122, 123, 127, 129, 130, 132, 134, 136, 141, 144, 147, 151, 152, 154, 158, 161, 163, 166, 173, 175, 177, 179, 184, 187, 188, 190, 192, 194, 195, 202, 205, 207, 212, 215, 218, 221, 222, 223, 224, 225, 226, 227, 228, 231, 237, 238, 240, 241, 243, 244, 250, 254, 256, 257, 259, 263, 266, 267, 268, 273, 278, 283, 287, 288, 292, 296, 302, 303, 304, 305, 307, 311, 313, 314, 317, 319, 324, 332, 335, 339, 340, 343, 348, 349, 351, 358, 360, 362, 363, 372, 373, 374, 375, 379, 381, 384, 389, 390, 395, 398, 400, 403, 404, 405, 407, 408, 409, 414, 415, 417, 420, 422, 423, 426, 428, 429, 431, 432, 435, 438, 439, 440, 442, 443, 445, 447, 452, 454, 458, 459, 461, 466, 467, 475, 476, 477, 478, 479, 481, 486, 488, 494, 496, 498, 501, 502, 503, 504, 508, 509, 512, 516, 519, 520, 521, 522, 523, 532, 533, 538, 540, 541, 548, 550, 552, 555, 556, 557, 558, 559, 562, 564, 565, 570, 572, 573, 575, 576, 577, 581, 582, 583, 588, 593, 597, 600, 602, 606, 608, 609, 611, 613, 616, 617, 618, 621, 624, 626, 632, 635, 637, 638, 644, 646, 657, 660, 662, 663, 666, 668, 670, 673, 675, 677, 678, 683, 684, 685, 686, 688, 689, 693, 694, 701, 703, 707, 708, 710, 711, 715, 716, 717, 718, 720, 722, 726, 731, 733, 734, 737, 739, 741, 742, 749, 756, 758, 764, 768, 772, 776, 777, 779, 780, 781, 782, 785, 790, 794, 796, 798, 800, 801, 804, 807, 814, 815, 817, 821, 824, 826, 827, 829, 830, 833, 836, 837, 842, 844, 845, 846, 848, 851, 856, 857, 858, 860, 862, 863, 864, 865, 867, 868, 869, 871, 872, 874, 875, 877, 879, 882, 883, 886]
[13, 18, 29, 50, 51, 56, 69, 76, 91, 99, 101, 103, 124, 133, 139, 140, 148, 158, 160, 165, 168, 178, 182, 194, 200, 207, 210, 219, 229, 232, 240, 242, 259, 269, 273, 279, 282, 284, 290, 298, 317, 321, 323, 327, 328, 333, 355, 357, 368, 369, 372, 381, 385, 396, 411, 412, 421, 425, 430, 433, 436, 442, 449, 460, 467, 475, 484, 502, 514, 527, 529, 539, 540, 555, 556, 560, 567, 607, 610, 612, 614, 617, 618, 622, 627, 631, 653, 667, 679, 690, 694, 697, 714, 718, 720, 728, 736, 747, 748, 749, 752, 756, 758, 764, 770, 772, 778, 796, 805, 813, 814, 824, 834, 838, 842, 848, 849, 855, 878, 886, 887, 889]

[2, 4, 5, 7, 12, 20, 24, 26, 39, 44, 45, 46, 48, 49, 54, 58, 59, 62, 63, 68, 70, 72, 76, 80, 81, 83, 86, 90, 91, 104, 108, 109, 115, 116, 122, 123, 127, 129, 130, 132, 134, 136, 141, 144, 147, 151, 152, 154, 158, 161, 163, 166, 173, 175, 177, 179, 184, 187, 188, 190, 192, 193, 194, 195, 201, 202, 205, 207, 212, 215, 216, 218, 221, 222, 223, 224, 225, 226, 227, 228, 231, 237, 238, 240, 241, 243, 244, 250, 254, 256, 257, 259, 263, 265, 266, 267, 268, 273, 278, 283, 287, 288, 292, 296, 302, 303, 304, 305, 307, 308, 311, 313, 314, 317, 319, 324, 332, 335, 339, 340, 343, 348, 349, 350, 351, 358, 360, 362, 363, 368, 372, 373, 374, 375, 379, 381, 384, 389, 390, 395, 397, 398, 400, 403, 404, 405, 407, 408, 409, 414, 415, 417, 419, 420, 422, 423, 426, 428, 429, 431, 432, 435, 438, 439, 440, 442, 443, 445, 446, 447, 449, 452, 454, 455, 458, 459, 461, 466, 467, 475, 476, 477, 478, 479, 481, 486, 488, 494, 496, 498, 501, 502, 503, 504, 508, 509, 512, 515, 516, 519, 520, 521, 522, 523, 530, 532, 533, 538, 540, 541, 548, 550, 552, 554, 555, 556, 557, 558, 559, 562, 564, 565, 569, 570, 572, 573, 575, 576, 577, 581, 582, 583, 588, 593, 597, 600, 602, 603, 606, 608, 609, 611, 613, 616, 617, 618, 621, 624, 626, 632, 635, 637, 638, 644, 646, 657, 660, 662, 663, 665, 666, 668, 670, 673, 675, 677, 678, 683, 684, 685, 686, 688, 689, 693, 694, 701, 703, 707, 708, 710, 711, 715, 716, 717, 718, 720, 722, 726, 731, 733, 734, 737, 739, 741, 742, 744, 749, 751, 756, 758, 764, 768, 772, 776, 777, 779, 780, 781, 782, 785, 790, 794, 796, 798, 800, 801, 803, 804, 807, 814, 815, 817, 821, 824, 826, 827, 828, 829, 830, 833, 836, 837, 840, 842, 844, 845, 846, 847, 848, 851, 856, 857, 858, 860, 862, 863, 864, 865, 867, 868, 869, 871, 872, 874, 875, 877, 879, 882, 883, 886]
[13, 18, 29, 50, 51, 56, 69, 76, 91, 99, 101, 103, 124, 133, 139, 140, 148, 158, 160, 165, 168, 178, 182, 194, 200, 207, 210, 219, 229, 232, 240, 242, 259, 269, 273, 279, 282, 284, 290, 298, 317, 321, 323, 327, 328, 333, 355, 357, 368, 369, 372, 381, 385, 396, 411, 412, 421, 425, 430, 433, 436, 442, 449, 460, 467, 475, 484, 502, 514, 527, 529, 539, 540, 555, 556, 560, 567, 607, 610, 612, 614, 617, 618, 622, 627, 631, 653, 667, 679, 690, 694, 697, 714, 718, 720, 728, 736, 747, 748, 749, 752, 756, 758, 764, 770, 772, 778, 796, 805, 813, 814, 824, 834, 838, 842, 848, 849, 855, 878, 886, 887, 889]

[2, 4, 5, 7, 10, 12, 20, 24, 26, 39, 44, 45, 46, 48, 49, 54, 58, 59, 62, 63, 68, 70, 72, 76, 80, 81, 83, 86, 90, 91, 96, 104, 108, 109, 115, 116, 122, 123, 127, 129, 130, 132, 134, 136, 141, 144, 145, 147, 151, 152, 154, 158, 161, 163, 166, 173, 175, 177, 179, 184, 187, 188, 190, 192, 193, 194, 195, 201, 202, 205, 207, 212, 215, 216, 218, 221, 222, 223, 224, 225, 226, 227, 228, 231, 232, 237, 238, 240, 241, 243, 244, 250, 254, 256, 257, 259, 263, 265, 266, 267, 268, 273, 278, 283, 287, 288, 292, 296, 297, 302, 303, 304, 305, 307, 308, 311, 313, 314, 317, 319, 321, 324, 332, 335, 338, 339, 340, 343, 348, 349, 350, 351, 352, 358, 360, 362, 363, 368, 372, 373, 374, 375, 379, 381, 382, 384, 389, 390, 395, 397, 398, 400, 403, 404, 405, 407, 408, 409, 414, 415, 416, 417, 419, 420, 422, 423, 426, 428, 429, 431, 432, 435, 438, 439, 440, 442, 443, 445, 446, 447, 449, 450, 452, 454, 455, 458, 459, 461, 466, 467, 475, 476, 477, 478, 479, 481, 486, 488, 494, 496, 498, 501, 502, 503, 504, 505, 508, 509, 512, 515, 516, 518, 519, 520, 521, 522, 523, 530, 532, 533, 538, 540, 541, 544, 548, 550, 552, 553, 554, 555, 556, 557, 558, 559, 562, 564, 565, 569, 570, 572, 573, 575, 576, 577, 581, 582, 583, 588, 593, 594, 597, 599, 600, 602, 603, 606, 608, 609, 611, 613, 616, 617, 618, 621, 624, 626, 632, 635, 637, 638, 644, 646, 657, 660, 662, 663, 665, 666, 668, 670, 673, 675, 677, 678, 683, 684, 685, 686, 688, 689, 693, 694, 701, 703, 707, 708, 710, 711, 712, 715, 716, 717, 718, 720, 722, 723, 726, 731, 733, 734, 737, 739, 741, 742, 744, 748, 749, 751, 756, 758, 764, 768, 772, 774, 776, 777, 779, 780, 781, 782, 785, 790, 791, 793, 794, 796, 798, 800, 801, 803, 804, 807, 814, 815, 817, 821, 824, 826, 827, 828, 829, 830, 833, 836, 837, 840, 842, 844, 845, 846, 847, 848, 851, 856, 857, 858, 859, 860, 862, 863, 864, 865, 866, 867, 868, 869, 871, 872, 874, 875, 877, 879, 882, 883, 886]
[13, 18, 29, 50, 51, 56, 69, 76, 91, 99, 101, 103, 124, 133, 139, 140, 148, 158, 160, 165, 168, 178, 182, 194, 200, 207, 210, 219, 229, 232, 240, 242, 259, 269, 273, 279, 282, 284, 290, 298, 317, 321, 323, 327, 328, 333, 355, 357, 368, 369, 372, 381, 385, 396, 411, 412, 421, 425, 430, 433, 436, 442, 449, 460, 467, 475, 484, 502, 514, 527, 529, 539, 540, 555, 556, 560, 567, 607, 610, 612, 614, 617, 618, 622, 627, 631, 653, 667, 679, 690, 694, 697, 714, 718, 720, 728, 736, 747, 748, 749, 752, 756, 758, 764, 770, 772, 778, 796, 805, 813, 814, 824, 834, 838, 842, 848, 849, 855, 878, 886, 887, 889]

[2, 4, 5, 7, 10, 12, 17, 20, 24, 26, 33, 39, 44, 45, 46, 48, 49, 54, 58, 59, 62, 63, 68, 70, 72, 76, 80, 81, 83, 85, 86, 90, 91, 96, 104, 108, 109, 113, 115, 116, 122, 123, 127, 129, 130, 132, 134, 136, 138, 141, 144, 145, 147, 151, 152, 154, 158, 161, 163, 166, 168, 173, 175, 177, 179, 184, 187, 188, 190, 192, 193, 194, 195, 201, 202, 205, 207, 212, 215, 216, 218, 221, 222, 223, 224, 225, 226, 227, 228, 231, 232, 237, 238, 240, 241, 243, 244, 250, 254, 256, 257, 259, 263, 265, 266, 267, 268, 272, 273, 275, 278, 283, 287, 288, 292, 296, 297, 302, 303, 304, 305, 307, 308, 311, 313, 314, 317, 319, 320, 321, 324, 332, 335, 338, 339, 340, 343, 348, 349, 350, 351, 352, 358, 360, 362, 363, 368, 372, 373, 374, 375, 379, 381, 382, 384, 387, 389, 390, 395, 397, 398, 400, 402, 403, 404, 405, 407, 408, 409, 410, 414, 415, 416, 417, 419, 420, 422, 423, 424, 426, 427, 428, 429, 431, 432, 435, 438, 439, 440, 442, 443, 445, 446, 447, 449, 450, 452, 454, 455, 458, 459, 461, 466, 467, 475, 476, 477, 478, 479, 481, 486, 488, 492, 494, 496, 497, 498, 501, 502, 503, 504, 505, 508, 509, 512, 515, 516, 518, 519, 520, 521, 522, 523, 530, 532, 533, 536, 538, 540, 541, 544, 548, 550, 552, 553, 554, 555, 556, 557, 558, 559, 562, 564, 565, 567, 569, 570, 572, 573, 575, 576, 577, 581, 582, 583, 584, 588, 593, 594, 597, 599, 600, 602, 603, 606, 608, 609, 611, 613, 616, 617, 618, 621, 624, 626, 629, 632, 635, 637, 638, 644, 646, 657, 660, 662, 663, 665, 666, 668, 670, 673, 675, 677, 678, 683, 684, 685, 686, 688, 689, 693, 694, 701, 703, 707, 708, 710, 711, 712, 715, 716, 717, 718, 720, 722, 723, 726, 727, 731, 733, 734, 737, 739, 741, 742, 744, 748, 749, 751, 756, 758, 764, 768, 769, 772, 774, 775, 776, 777, 779, 780, 781, 782, 785, 790, 791, 793, 794, 796, 798, 800, 801, 803, 804, 805, 807, 814, 815, 817, 821, 824, 826, 827, 828, 829, 830, 833, 836, 837, 839, 840, 842, 844, 845, 846, 847, 848, 851, 856, 857, 858, 859, 860, 862, 863, 864, 865, 866, 867, 868, 869, 871, 872, 874, 875, 877, 879, 882, 883, 886]
[13, 18, 29, 50, 51, 56, 69, 76, 91, 99, 101, 103, 124, 133, 139, 140, 148, 158, 160, 165, 168, 178, 182, 194, 200, 207, 210, 219, 229, 232, 240, 242, 259, 269, 273, 279, 282, 284, 290, 298, 317, 321, 323, 327, 328, 333, 355, 357, 368, 369, 372, 381, 385, 396, 411, 412, 421, 425, 430, 433, 436, 442, 449, 460, 467, 475, 484, 502, 514, 527, 529, 539, 540, 555, 556, 560, 567, 607, 610, 612, 614, 617, 618, 622, 627, 631, 653, 667, 679, 690, 694, 697, 714, 718, 720, 728, 736, 747, 748, 749, 752, 756, 758, 764, 770, 772, 778, 796, 805, 813, 814, 824, 834, 838, 842, 848, 849, 855, 878, 886, 887, 889]

[2, 4, 5, 7, 10, 12, 17, 20, 24, 26, 33, 39, 44, 45, 46, 48, 49, 54, 58, 59, 62, 63, 68, 70, 72, 76, 80, 81, 83, 84, 85, 86, 90, 91, 94, 96, 104, 108, 109, 113, 115, 116, 122, 123, 127, 129, 130, 132, 133, 134, 136, 138, 141, 144, 145, 147, 151, 152, 153, 154, 158, 161, 163, 165, 166, 168, 173, 175, 177, 179, 184, 187, 188, 190, 191, 192, 193, 194, 195, 200, 201, 202, 205, 207, 212, 215, 216, 218, 221, 222, 223, 224, 225, 226, 227, 228, 231, 232, 237, 238, 240, 241, 243, 244, 250, 254, 256, 257, 259, 263, 265, 266, 267, 268, 272, 273, 275, 276, 278, 283, 287, 288, 292, 293, 296, 297, 302, 303, 304, 305, 307, 308, 311, 312, 313, 314, 315, 317, 319, 320, 321, 324, 332, 335, 338, 339, 340, 343, 348, 349, 350, 351, 352, 353, 358, 360, 362, 363, 368, 372, 373, 374, 375, 379, 381, 382, 384, 385, 387, 389, 390, 395, 397, 398, 400, 402, 403, 404, 405, 407, 408, 409, 410, 414, 415, 416, 417, 419, 420, 421, 422, 423, 424, 426, 427, 428, 429, 431, 432, 435, 436, 438, 439, 440, 442, 443, 445, 446, 447, 449, 450, 452, 454, 455, 458, 459, 461, 466, 467, 475, 476, 477, 478, 479, 481, 486, 488, 489, 492, 494, 496, 497, 498, 501, 502, 503, 504, 505, 508, 509, 512, 515, 516, 518, 519, 520, 521, 522, 523, 530, 532, 533, 536, 538, 540, 541, 544, 548, 550, 552, 553, 554, 555, 556, 557, 558, 559, 562, 564, 565, 567, 568, 569, 570, 572, 573, 575, 576, 577, 581, 582, 583, 584, 587, 588, 593, 594, 597, 598, 599, 600, 602, 603, 606, 608, 609, 611, 613, 616, 617, 618, 621, 624, 626, 628, 629, 632, 635, 637, 638, 644, 646, 647, 657, 658, 660, 662, 663, 665, 666, 668, 670, 673, 675, 677, 678, 683, 684, 685, 686, 688, 689, 693, 694, 701, 703, 707, 708, 710, 711, 712, 715, 716, 717, 718, 720, 722, 723, 726, 727, 731, 732, 733, 734, 737, 739, 741, 742, 744, 748, 749, 751, 756, 758, 764, 768, 769, 772, 774, 775, 776, 777, 779, 780, 781, 782, 785, 790, 791, 793, 794, 796, 798, 800, 801, 803, 804, 805, 807, 814, 815, 817, 821, 824, 826, 827, 828, 829, 830, 833, 836, 837, 839, 840, 842, 844, 845, 846, 847, 848, 851, 854, 856, 857, 858, 859, 860, 862, 863, 864, 865, 866, 867, 868, 869, 871, 872, 874, 875, 877, 879, 881, 882, 883, 886]
[13, 18, 29, 50, 51, 56, 69, 76, 91, 99, 101, 103, 124, 133, 139, 140, 148, 158, 160, 165, 168, 178, 182, 194, 200, 207, 210, 219, 229, 232, 240, 242, 259, 269, 273, 279, 282, 284, 290, 298, 317, 321, 323, 327, 328, 333, 355, 357, 368, 369, 372, 381, 385, 396, 411, 412, 421, 425, 430, 433, 436, 442, 449, 460, 467, 475, 484, 502, 514, 527, 529, 539, 540, 555, 556, 560, 567, 607, 610, 612, 614, 617, 618, 622, 627, 631, 653, 667, 679, 690, 694, 697, 714, 718, 720, 728, 736, 747, 748, 749, 752, 756, 758, 764, 770, 772, 778, 796, 805, 813, 814, 824, 834, 838, 842, 848, 849, 855, 878, 886, 887, 889]

[2, 3, 4, 5, 7, 10, 11, 12, 17, 20, 24, 26, 27, 33, 39, 44, 45, 46, 47, 48, 49, 54, 58, 59, 62, 63, 68, 70, 72, 76, 80, 81, 83, 84, 85, 86, 88, 90, 91, 94, 96, 104, 108, 109, 113, 114, 115, 116, 122, 123, 127, 129, 130, 132, 133, 134, 136, 138, 141, 144, 145, 147, 151, 152, 153, 154, 158, 161, 163, 165, 166, 168, 173, 175, 177, 179, 184, 187, 188, 190, 191, 192, 193, 194, 195, 198, 200, 201, 202, 205, 207, 212, 214, 215, 216, 218, 221, 222, 223, 224, 225, 226, 227, 228, 231, 232, 237, 238, 240, 241, 243, 244, 250, 254, 256, 257, 259, 263, 265, 266, 267, 268, 272, 273, 275, 276, 278, 283, 287, 288, 290, 292, 293, 296, 297, 302, 303, 304, 305, 307, 308, 311, 312, 313, 314, 315, 317, 319, 320, 321, 324, 332, 335, 338, 339, 340, 343, 348, 349, 350, 351, 352, 353, 358, 360, 362, 363, 366, 368, 372, 373, 374, 375, 379, 381, 382, 384, 385, 387, 389, 390, 393, 395, 397, 398, 399, 400, 402, 403, 404, 405, 407, 408, 409, 410, 413, 414, 415, 416, 417, 419, 420, 421, 422, 423, 424, 426, 427, 428, 429, 431, 432, 435, 436, 437, 438, 439, 440, 442, 443, 445, 446, 447, 449, 450, 452, 454, 455, 457, 458, 459, 461, 466, 467, 475, 476, 477, 478, 479, 481, 486, 488, 489, 492, 494, 496, 497, 498, 501, 502, 503, 504, 505, 508, 509, 511, 512, 515, 516, 518, 519, 520, 521, 522, 523, 527, 530, 532, 533, 536, 537, 538, 540, 541, 544, 548, 550, 552, 553, 554, 555, 556, 557, 558, 559, 562, 564, 565, 566, 567, 568, 569, 570, 572, 573, 575, 576, 577, 581, 582, 583, 584, 587, 588, 593, 594, 597, 598, 599, 600, 602, 603, 606, 608, 609, 611, 613, 616, 617, 618, 621, 624, 626, 628, 629, 630, 632, 635, 637, 638, 644, 646, 647, 649, 652, 657, 658, 660, 662, 663, 665, 666, 668, 670, 673, 675, 677, 678, 683, 684, 685, 686, 688, 689, 693, 694, 701, 703, 707, 708, 710, 711, 712, 713, 715, 716, 717, 718, 720, 722, 723, 726, 727, 731, 732, 733, 734, 737, 739, 741, 742, 744, 747, 748, 749, 751, 756, 758, 764, 768, 769, 772, 774, 775, 776, 777, 779, 780, 781, 782, 785, 790, 791, 793, 794, 796, 798, 800, 801, 803, 804, 805, 806, 807, 814, 815, 817, 821, 824, 826, 827, 828, 829, 830, 833, 836, 837, 839, 840, 842, 844, 845, 846, 847, 848, 851, 854, 856, 857, 858, 859, 860, 862, 863, 864, 865, 866, 867, 868, 869, 871, 872, 874, 875, 877, 879, 881, 882, 883, 886]
[13, 18, 29, 50, 51, 56, 69, 76, 91, 99, 101, 103, 124, 133, 139, 140, 148, 158, 160, 165, 168, 178, 182, 194, 200, 207, 210, 219, 229, 232, 240, 242, 259, 269, 273, 279, 282, 284, 290, 298, 317, 321, 323, 327, 328, 333, 355, 357, 368, 369, 372, 381, 385, 396, 411, 412, 421, 425, 430, 433, 436, 442, 449, 460, 467, 475, 484, 502, 514, 527, 529, 539, 540, 555, 556, 560, 567, 607, 610, 612, 614, 617, 618, 622, 627, 631, 653, 667, 679, 690, 694, 697, 714, 718, 720, 728, 736, 747, 748, 749, 752, 756, 758, 764, 770, 772, 778, 796, 805, 813, 814, 824, 834, 838, 842, 848, 849, 855, 878, 886, 887, 889]

[2, 3, 4, 5, 6, 7, 10, 11, 12, 17, 20, 24, 26, 27, 29, 33, 39, 42, 44, 45, 46, 47, 48, 49, 54, 58, 59, 62, 63, 68, 70, 72, 76, 80, 81, 82, 83, 84, 85, 86, 88, 90, 91, 94, 96, 104, 108, 109, 113, 114, 115, 116, 122, 123, 127, 129, 130, 132, 133, 134, 136, 138, 140, 141, 144, 145, 147, 151, 152, 153, 154, 157, 158, 159, 161, 163, 165, 166, 168, 173, 175, 177, 179, 180, 184, 187, 188, 190, 191, 192, 193, 194, 195, 198, 200, 201, 202, 205, 207, 212, 214, 215, 216, 218, 221, 222, 223, 224, 225, 226, 227, 228, 231, 232, 237, 238, 240, 241, 243, 244, 250, 254, 256, 257, 259, 263, 265, 266, 267, 268, 270, 272, 273, 275, 276, 278, 283, 287, 288, 290, 292, 293, 296, 297, 302, 303, 304, 305, 307, 308, 310, 311, 312, 313, 314, 315, 317, 319, 320, 321, 324, 332, 335, 338, 339, 340, 343, 345, 348, 349, 350, 351, 352, 353, 358, 360, 362, 363, 366, 368, 372, 373, 374, 375, 379, 381, 382, 384, 385, 387, 389, 390, 393, 395, 397, 398, 399, 400, 402, 403, 404, 405, 407, 408, 409, 410, 413, 414, 415, 416, 417, 419, 420, 421, 422, 423, 424, 426, 427, 428, 429, 431, 432, 435, 436, 437, 438, 439, 440, 442, 443, 445, 446, 447, 449, 450, 452, 454, 455, 457, 458, 459, 461, 466, 467, 475, 476, 477, 478, 479, 481, 485, 486, 488, 489, 492, 494, 496, 497, 498, 501, 502, 503, 504, 505, 508, 509, 511, 512, 515, 516, 518, 519, 520, 521, 522, 523, 527, 529, 530, 532, 533, 536, 537, 538, 540, 541, 542, 544, 548, 550, 552, 553, 554, 555, 556, 557, 558, 559, 562, 563, 564, 565, 566, 567, 568, 569, 570, 572, 573, 575, 576, 577, 579, 581, 582, 583, 584, 587, 588, 593, 594, 597, 598, 599, 600, 601, 602, 603, 606, 608, 609, 611, 613, 616, 617, 618, 621, 624, 625, 626, 627, 628, 629, 630, 632, 635, 637, 638, 644, 646, 647, 649, 652, 657, 658, 660, 662, 663, 665, 666, 668, 669, 670, 673, 675, 677, 678, 683, 684, 685, 686, 688, 689, 693, 694, 701, 703, 707, 708, 710, 711, 712, 713, 714, 715, 716, 717, 718, 720, 722, 723, 726, 727, 731, 732, 733, 734, 737, 739, 740, 741, 742, 743, 744, 747, 748, 749, 751, 756, 758, 764, 768, 769, 772, 774, 775, 776, 777, 779, 780, 781, 782, 785, 790, 791, 793, 794, 796, 798, 800, 801, 803, 804, 805, 806, 807, 814, 815, 817, 821, 824, 826, 827, 828, 829, 830, 833, 836, 837, 839, 840, 842, 844, 845, 846, 847, 848, 851, 854, 856, 857, 858, 859, 860, 862, 863, 864, 865, 866, 867, 868, 869, 871, 872, 874, 875, 876, 877, 879, 881, 882, 883, 885, 886]
[13, 18, 29, 50, 51, 56, 69, 76, 91, 99, 101, 103, 124, 133, 139, 140, 148, 158, 160, 165, 168, 178, 182, 194, 200, 207, 210, 219, 229, 232, 240, 242, 259, 269, 273, 279, 282, 284, 290, 298, 317, 321, 323, 327, 328, 333, 355, 357, 368, 369, 372, 381, 385, 396, 411, 412, 421, 425, 430, 433, 436, 442, 449, 460, 467, 475, 484, 502, 514, 527, 529, 539, 540, 555, 556, 560, 567, 607, 610, 612, 614, 617, 618, 622, 627, 631, 653, 667, 679, 690, 694, 697, 714, 718, 720, 728, 736, 747, 748, 749, 752, 756, 758, 764, 770, 772, 778, 796, 805, 813, 814, 824, 834, 838, 842, 848, 849, 855, 878, 886, 887, 889]

[2, 3, 4, 5, 6, 7, 10, 11, 12, 17, 20, 24, 26, 27, 29, 33, 39, 42, 44, 45, 46, 47, 48, 49, 54, 58, 59, 62, 63, 68, 70, 72, 76, 80, 81, 82, 83, 84, 85, 86, 88, 90, 91, 93, 94, 96, 104, 108, 109, 113, 114, 115, 116, 122, 123, 127, 129, 130, 132, 133, 134, 136, 137, 138, 140, 141, 144, 145, 147, 151, 152, 153, 154, 157, 158, 159, 161, 163, 164, 165, 166, 168, 173, 175, 177, 179, 180, 184, 187, 188, 190, 191, 192, 193, 194, 195, 198, 199, 200, 201, 202, 205, 207, 208, 210, 212, 214, 215, 216, 218, 219, 221, 222, 223, 224, 225, 226, 227, 228, 229, 231, 232, 237, 238, 240, 241, 243, 244, 250, 251, 254, 256, 257, 259, 263, 265, 266, 267, 268, 270, 272, 273, 275, 276, 278, 283, 285, 287, 288, 290, 292, 293, 295, 296, 297, 302, 303, 304, 305, 307, 308, 310, 311, 312, 313, 314, 315, 317, 319, 320, 321, 324, 325, 332, 335, 338, 339, 340, 343, 345, 348, 349, 350, 351, 352, 353, 358, 360, 362, 363, 365, 366, 368, 372, 373, 374, 375, 379, 381, 382, 383, 384, 385, 386, 387, 389, 390, 393, 395, 397, 398, 399, 400, 402, 403, 404, 405, 407, 408, 409, 410, 413, 414, 415, 416, 417, 419, 420, 421, 422, 423, 424, 426, 427, 428, 429, 431, 432, 434, 435, 436, 437, 438, 439, 440, 442, 443, 445, 446, 447, 449, 450, 452, 454, 455, 457, 458, 459, 461, 466, 467, 475, 476, 477, 478, 479, 481, 485, 486, 488, 489, 492, 494, 496, 497, 498, 501, 502, 503, 504, 505, 506, 508, 509, 511, 512, 515, 516, 518, 519, 520, 521, 522, 523, 527, 528, 529, 530, 532, 533, 536, 537, 538, 540, 541, 542, 544, 548, 550, 551, 552, 553, 554, 555, 556, 557, 558, 559, 562, 563, 564, 565, 566, 567, 568, 569, 570, 572, 573, 575, 576, 577, 579, 581, 582, 583, 584, 585, 587, 588, 591, 593, 594, 597, 598, 599, 600, 601, 602, 603, 606, 608, 609, 611, 613, 616, 617, 618, 621, 624, 625, 626, 627, 628, 629, 630, 632, 635, 637, 638, 644, 646, 647, 649, 652, 657, 658, 660, 662, 663, 665, 666, 668, 669, 670, 673, 675, 677, 678, 683, 684, 685, 686, 688, 689, 693, 694, 701, 703, 707, 708, 710, 711, 712, 713, 714, 715, 716, 717, 718, 720, 722, 723, 726, 727, 729, 731, 732, 733, 734, 737, 739, 740, 741, 742, 743, 744, 747, 748, 749, 751, 756, 758, 764, 768, 769, 772, 774, 775, 776, 777, 779, 780, 781, 782, 785, 790, 791, 793, 794, 796, 798, 800, 801, 803, 804, 805, 806, 807, 808, 814, 815, 816, 817, 821, 824, 826, 827, 828, 829, 830, 833, 836, 837, 839, 840, 842, 844, 845, 846, 847, 848, 851, 854, 856, 857, 858, 859, 860, 862, 863, 864, 865, 866, 867, 868, 869, 871, 872, 874, 875, 876, 877, 879, 881, 882, 883, 885, 886, 889]
[13, 18, 29, 50, 51, 56, 69, 76, 91, 99, 101, 103, 124, 133, 139, 140, 148, 158, 160, 165, 168, 178, 182, 194, 200, 207, 210, 219, 229, 232, 240, 242, 259, 269, 273, 279, 282, 284, 290, 298, 317, 321, 323, 327, 328, 333, 355, 357, 368, 369, 372, 381, 385, 396, 411, 412, 421, 425, 430, 433, 436, 442, 449, 460, 467, 475, 484, 502, 514, 527, 529, 539, 540, 555, 556, 560, 567, 607, 610, 612, 614, 617, 618, 622, 627, 631, 653, 667, 679, 690, 694, 697, 714, 718, 720, 728, 736, 747, 748, 749, 752, 756, 758, 764, 770, 772, 778, 796, 805, 813, 814, 824, 834, 838, 842, 848, 849, 855, 878, 886, 887, 889]

[2, 3, 4, 5, 6, 7, 10, 11, 12, 17, 20, 24, 26, 27, 29, 33, 39, 42, 44, 45, 46, 47, 48, 49, 54, 58, 59, 62, 63, 66, 68, 70, 72, 76, 80, 81, 82, 83, 84, 85, 86, 88, 90, 91, 93, 94, 96, 104, 108, 109, 112, 113, 114, 115, 116, 117, 118, 122, 123, 127, 129, 130, 132, 133, 134, 136, 137, 138, 140, 141, 144, 145, 147, 151, 152, 153, 154, 157, 158, 159, 161, 163, 164, 165, 166, 168, 169, 173, 175, 177, 179, 180, 184, 187, 188, 190, 191, 192, 193, 194, 195, 198, 199, 200, 201, 202, 205, 207, 208, 209, 210, 212, 214, 215, 216, 218, 219, 221, 222, 223, 224, 225, 226, 227, 228, 229, 231, 232, 237, 238, 240, 241, 243, 244, 250, 251, 254, 256, 257, 259, 263, 265, 266, 267, 268, 270, 272, 273, 275, 276, 278, 283, 285, 287, 288, 290, 292, 293, 295, 296, 297, 302, 303, 304, 305, 307, 308, 310, 311, 312, 313, 314, 315, 317, 319, 320, 321, 324, 325, 328, 331, 332, 335, 338, 339, 340, 343, 345, 348, 349, 350, 351, 352, 353, 358, 360, 362, 363, 365, 366, 368, 372, 373, 374, 375, 376, 379, 381, 382, 383, 384, 385, 386, 387, 389, 390, 393, 395, 397, 398, 399, 400, 402, 403, 404, 405, 407, 408, 409, 410, 413, 414, 415, 416, 417, 419, 420, 421, 422, 423, 424, 426, 427, 428, 429, 431, 432, 434, 435, 436, 437, 438, 439, 440, 442, 443, 445, 446, 447, 449, 450, 452, 454, 455, 456, 457, 458, 459, 461, 463, 466, 467, 475, 476, 477, 478, 479, 481, 482, 485, 486, 488, 489, 492, 493, 494, 496, 497, 498, 501, 502, 503, 504, 505, 506, 507, 508, 509, 511, 512, 515, 516, 518, 519, 520, 521, 522, 523, 527, 528, 529, 530, 532, 533, 536, 537, 538, 540, 541, 542, 544, 548, 550, 551, 552, 553, 554, 555, 556, 557, 558, 559, 562, 563, 564, 565, 566, 567, 568, 569, 570, 572, 573, 575, 576, 577, 579, 581, 582, 583, 584, 585, 587, 588, 591, 593, 594, 597, 598, 599, 600, 601, 602, 603, 606, 607, 608, 609, 611, 613, 616, 617, 618, 621, 623, 624, 625, 626, 627, 628, 629, 630, 632, 635, 637, 638, 639, 644, 646, 647, 649, 652, 653, 657, 658, 659, 660, 662, 663, 664, 665, 666, 668, 669, 670, 673, 675, 677, 678, 683, 684, 685, 686, 688, 689, 693, 694, 701, 703, 707, 708, 710, 711, 712, 713, 714, 715, 716, 717, 718, 720, 722, 723, 726, 727, 729, 731, 732, 733, 734, 737, 739, 740, 741, 742, 743, 744, 747, 748, 749, 751, 752, 756, 758, 759, 764, 768, 769, 772, 773, 774, 775, 776, 777, 779, 780, 781, 782, 785, 790, 791, 793, 794, 795, 796, 798, 800, 801, 803, 804, 805, 806, 807, 808, 814, 815, 816, 817, 821, 824, 826, 827, 828, 829, 830, 832, 833, 836, 837, 839, 840, 842, 844, 845, 846, 847, 848, 851, 854, 856, 857, 858, 859, 860, 862, 863, 864, 865, 866, 867, 868, 869, 871, 872, 874, 875, 876, 877, 879, 881, 882, 883, 885, 886, 889]
[13, 18, 29, 50, 51, 56, 69, 76, 91, 99, 101, 103, 124, 133, 139, 140, 148, 158, 160, 165, 168, 178, 182, 194, 200, 207, 210, 219, 229, 232, 240, 242, 259, 269, 273, 279, 282, 284, 290, 298, 317, 321, 323, 327, 328, 333, 355, 357, 368, 369, 372, 381, 385, 396, 411, 412, 421, 425, 430, 433, 436, 442, 449, 460, 467, 475, 484, 502, 514, 527, 529, 539, 540, 555, 556, 560, 567, 607, 610, 612, 614, 617, 618, 622, 627, 631, 653, 667, 679, 690, 694, 697, 714, 718, 720, 728, 736, 747, 748, 749, 752, 756, 758, 764, 770, 772, 778, 796, 805, 813, 814, 824, 834, 838, 842, 848, 849, 855, 878, 886, 887, 889]

[2, 3, 4, 5, 6, 7, 10, 11, 12, 13, 17, 20, 24, 26, 27, 29, 33, 39, 42, 44, 45, 46, 47, 48, 49, 54, 58, 59, 62, 63, 66, 68, 70, 72, 76, 80, 81, 82, 83, 84, 85, 86, 88, 90, 91, 92, 93, 94, 96, 104, 105, 108, 109, 110, 112, 113, 114, 115, 116, 117, 118, 122, 123, 125, 127, 129, 130, 132, 133, 134, 136, 137, 138, 140, 141, 143, 144, 145, 147, 151, 152, 153, 154, 157, 158, 159, 161, 163, 164, 165, 166, 168, 169, 173, 175, 177, 179, 180, 182, 184, 186, 187, 188, 190, 191, 192, 193, 194, 195, 198, 199, 200, 201, 202, 204, 205, 207, 208, 209, 210, 212, 214, 215, 216, 217, 218, 219, 221, 222, 223, 224, 225, 226, 227, 228, 229, 231, 232, 237, 238, 240, 241, 243, 244, 250, 251, 254, 256, 257, 259, 260, 263, 265, 266, 267, 268, 270, 272, 273, 275, 276, 278, 281, 282, 283, 285, 287, 288, 290, 292, 293, 295, 296, 297, 302, 303, 304, 305, 307, 308, 310, 311, 312, 313, 314, 315, 317, 319, 320, 321, 324, 325, 326, 327, 328, 331, 332, 335, 338, 339, 340, 343, 345, 348, 349, 350, 351, 352, 353, 358, 360, 362, 363, 365, 366, 368, 372, 373, 374, 375, 376, 379, 381, 382, 383, 384, 385, 386, 387, 389, 390, 393, 395, 397, 398, 399, 400, 402, 403, 404, 405, 407, 408, 409, 410, 413, 414, 415, 416, 417, 419, 420, 421, 422, 423, 424, 425, 426, 427, 428, 429, 431, 432, 434, 435, 436, 437, 438, 439, 440, 442, 443, 445, 446, 447, 449, 450, 452, 454, 455, 456, 457, 458, 459, 461, 462, 463, 466, 467, 475, 476, 477, 478, 479, 481, 482, 485, 486, 488, 489, 490, 492, 493, 494, 496, 497, 498, 501, 502, 503, 504, 505, 506, 507, 508, 509, 511, 512, 515, 516, 518, 519, 520, 521, 522, 523, 526, 527, 528, 529, 530, 532, 533, 536, 537, 538, 540, 541, 542, 544, 548, 550, 551, 552, 553, 554, 555, 556, 557, 558, 559, 562, 563, 564, 565, 566, 567, 568, 569, 570, 572, 573, 575, 576, 577, 579, 581, 582, 583, 584, 585, 587, 588, 591, 593, 594, 597, 598, 599, 600, 601, 602, 603, 606, 607, 608, 609, 611, 613, 616, 617, 618, 621, 623, 624, 625, 626, 627, 628, 629, 630, 632, 635, 637, 638, 639, 644, 646, 647, 649, 652, 653, 657, 658, 659, 660, 662, 663, 664, 665, 666, 668, 669, 670, 673, 675, 677, 678, 683, 684, 685, 686, 688, 689, 693, 694, 701, 703, 707, 708, 710, 711, 712, 713, 714, 715, 716, 717, 718, 720, 721, 722, 723, 726, 727, 729, 731, 732, 733, 734, 737, 739, 740, 741, 742, 743, 744, 747, 748, 749, 751, 752, 756, 758, 759, 764, 766, 768, 769, 772, 773, 774, 775, 776, 777, 779, 780, 781, 782, 785, 790, 791, 793, 794, 795, 796, 798, 800, 801, 803, 804, 805, 806, 807, 808, 814, 815, 816, 817, 821, 823, 824, 826, 827, 828, 829, 830, 832, 833, 836, 837, 839, 840, 841, 842, 844, 845, 846, 847, 848, 849, 851, 854, 856, 857, 858, 859, 860, 861, 862, 863, 864, 865, 866, 867, 868, 869, 871, 872, 874, 875, 876, 877, 879, 881, 882, 883, 885, 886, 889]
[13, 18, 29, 50, 51, 56, 69, 76, 91, 99, 101, 103, 124, 133, 139, 140, 148, 158, 160, 165, 168, 178, 182, 194, 200, 207, 210, 219, 229, 232, 240, 242, 259, 269, 273, 279, 282, 284, 290, 298, 317, 321, 323, 327, 328, 333, 355, 357, 368, 369, 372, 381, 385, 396, 411, 412, 421, 425, 430, 433, 436, 442, 449, 460, 467, 475, 484, 502, 514, 527, 529, 539, 540, 555, 556, 560, 567, 607, 610, 612, 614, 617, 618, 622, 627, 631, 653, 667, 679, 690, 694, 697, 714, 718, 720, 728, 736, 747, 748, 749, 752, 756, 758, 764, 770, 772, 778, 796, 805, 813, 814, 824, 834, 838, 842, 848, 849, 855, 878, 886, 887, 889]

[2, 3, 4, 5, 6, 7, 10, 11, 12, 13, 17, 20, 24, 26, 27, 29, 33, 36, 39, 42, 43, 44, 45, 46, 47, 48, 49, 53, 54, 55, 58, 59, 62, 63, 66, 68, 70, 72, 76, 80, 81, 82, 83, 84, 85, 86, 88, 89, 90, 91, 92, 93, 94, 96, 104, 105, 106, 108, 109, 110, 112, 113, 114, 115, 116, 117, 118, 121, 122, 123, 124, 125, 127, 129, 130, 132, 133, 134, 135, 136, 137, 138, 140, 141, 143, 144, 145, 147, 151, 152, 153, 154, 157, 158, 159, 161, 163, 164, 165, 166, 168, 169, 173, 175, 177, 179, 180, 182, 184, 186, 187, 188, 190, 191, 192, 193, 194, 195, 198, 199, 200, 201, 202, 204, 205, 207, 208, 209, 210, 212, 214, 215, 216, 217, 218, 219, 221, 222, 223, 224, 225, 226, 227, 228, 229, 231, 232, 237, 238, 240, 241, 243, 244, 248, 250, 251, 254, 256, 257, 259, 260, 262, 263, 265, 266, 267, 268, 270, 272, 273, 275, 276, 278, 281, 282, 283, 285, 287, 288, 290, 291, 292, 293, 295, 296, 297, 302, 303, 304, 305, 307, 308, 310, 311, 312, 313, 314, 315, 317, 319, 320, 321, 324, 325, 326, 327, 328, 331, 332, 335, 338, 339, 340, 343, 345, 348, 349, 350, 351, 352, 353, 354, 358, 359, 360, 361, 362, 363, 365, 366, 368, 372, 373, 374, 375, 376, 379, 381, 382, 383, 384, 385, 386, 387, 389, 390, 393, 395, 397, 398, 399, 400, 402, 403, 404, 405, 407, 408, 409, 410, 413, 414, 415, 416, 417, 419, 420, 421, 422, 423, 424, 425, 426, 427, 428, 429, 431, 432, 434, 435, 436, 437, 438, 439, 440, 442, 443, 445, 446, 447, 449, 450, 452, 454, 455, 456, 457, 458, 459, 461, 462, 463, 466, 467, 475, 476, 477, 478, 479, 481, 482, 485, 486, 488, 489, 490, 492, 493, 494, 496, 497, 498, 501, 502, 503, 504, 505, 506, 507, 508, 509, 511, 512, 515, 516, 517, 518, 519, 520, 521, 522, 523, 525, 526, 527, 528, 529, 530, 532, 533, 536, 537, 538, 540, 541, 542, 544, 546, 548, 549, 550, 551, 552, 553, 554, 555, 556, 557, 558, 559, 562, 563, 564, 565, 566, 567, 568, 569, 570, 572, 573, 575, 576, 577, 579, 581, 582, 583, 584, 585, 587, 588, 591, 593, 594, 597, 598, 599, 600, 601, 602, 603, 606, 607, 608, 609, 611, 613, 614, 616, 617, 618, 621, 623, 624, 625, 626, 627, 628, 629, 630, 632, 635, 637, 638, 639, 644, 646, 647, 649, 652, 653, 657, 658, 659, 660, 662, 663, 664, 665, 666, 668, 669, 670, 673, 675, 677, 678, 683, 684, 685, 686, 688, 689, 693, 694, 701, 703, 707, 708, 710, 711, 712, 713, 714, 715, 716, 717, 718, 720, 721, 722, 723, 725, 726, 727, 729, 731, 732, 733, 734, 736, 737, 739, 740, 741, 742, 743, 744, 747, 748, 749, 751, 752, 754, 756, 758, 759, 764, 766, 768, 769, 772, 773, 774, 775, 776, 777, 778, 779, 780, 781, 782, 783, 785, 790, 791, 793, 794, 795, 796, 798, 800, 801, 803, 804, 805, 806, 807, 808, 814, 815, 816, 817, 821, 823, 824, 826, 827, 828, 829, 830, 832, 833, 836, 837, 839, 840, 841, 842, 844, 845, 846, 847, 848, 849, 851, 854, 856, 857, 858, 859, 860, 861, 862, 863, 864, 865, 866, 867, 868, 869, 871, 872, 874, 875, 876, 877, 879, 881, 882, 883, 885, 886, 889]
[13, 18, 29, 50, 51, 56, 69, 76, 91, 99, 101, 103, 124, 133, 139, 140, 148, 158, 160, 165, 168, 178, 182, 194, 200, 207, 210, 219, 229, 232, 240, 242, 259, 269, 273, 279, 282, 284, 290, 298, 317, 321, 323, 327, 328, 333, 355, 357, 368, 369, 372, 381, 385, 396, 411, 412, 421, 425, 430, 433, 436, 442, 449, 460, 467, 475, 484, 502, 514, 527, 529, 539, 540, 555, 556, 560, 567, 607, 610, 612, 614, 617, 618, 622, 627, 631, 653, 667, 679, 690, 694, 697, 714, 718, 720, 728, 736, 747, 748, 749, 752, 756, 758, 764, 770, 772, 778, 796, 805, 813, 814, 824, 834, 838, 842, 848, 849, 855, 878, 886, 887, 889]

[2, 3, 4, 5, 6, 7, 10, 11, 12, 13, 17, 20, 24, 26, 27, 29, 33, 35, 36, 39, 42, 43, 44, 45, 46, 47, 48, 49, 53, 54, 55, 58, 59, 62, 63, 66, 68, 70, 72, 76, 80, 81, 82, 83, 84, 85, 86, 88, 89, 90, 91, 92, 93, 94, 96, 104, 105, 106, 108, 109, 110, 112, 113, 114, 115, 116, 117, 118, 121, 122, 123, 124, 125, 127, 129, 130, 132, 133, 134, 135, 136, 137, 138, 140, 141, 143, 144, 145, 147, 151, 152, 153, 154, 157, 158, 159, 161, 163, 164, 165, 166, 168, 169, 173, 175, 176, 177, 178, 179, 180, 181, 182, 184, 186, 187, 188, 190, 191, 192, 193, 194, 195, 198, 199, 200, 201, 202, 204, 205, 207, 208, 209, 210, 212, 214, 215, 216, 217, 218, 219, 221, 222, 223, 224, 225, 226, 227, 228, 229, 231, 232, 237, 238, 240, 241, 242, 243, 244, 248, 250, 251, 254, 256, 257, 259, 260, 262, 263, 265, 266, 267, 268, 270, 271, 272, 273, 275, 276, 278, 281, 282, 283, 285, 287, 288, 290, 291, 292, 293, 295, 296, 297, 299, 302, 303, 304, 305, 307, 308, 310, 311, 312, 313, 314, 315, 317, 319, 320, 321, 324, 325, 326, 327, 328, 331, 332, 333, 335, 338, 339, 340, 343, 345, 348, 349, 350, 351, 352, 353, 354, 358, 359, 360, 361, 362, 363, 365, 366, 368, 372, 373, 374, 375, 376, 379, 381, 382, 383, 384, 385, 386, 387, 389, 390, 393, 395, 397, 398, 399, 400, 402, 403, 404, 405, 407, 408, 409, 410, 413, 414, 415, 416, 417, 419, 420, 421, 422, 423, 424, 425, 426, 427, 428, 429, 431, 432, 434, 435, 436, 437, 438, 439, 440, 442, 443, 445, 446, 447, 449, 450, 452, 454, 455, 456, 457, 458, 459, 461, 462, 463, 466, 467, 475, 476, 477, 478, 479, 481, 482, 485, 486, 487, 488, 489, 490, 492, 493, 494, 496, 497, 498, 501, 502, 503, 504, 505, 506, 507, 508, 509, 511, 512, 515, 516, 517, 518, 519, 520, 521, 522, 523, 525, 526, 527, 528, 529, 530, 532, 533, 536, 537, 538, 540, 541, 542, 544, 546, 547, 548, 549, 550, 551, 552, 553, 554, 555, 556, 557, 558, 559, 562, 563, 564, 565, 566, 567, 568, 569, 570, 572, 573, 575, 576, 577, 579, 581, 582, 583, 584, 585, 586, 587, 588, 591, 593, 594, 595, 596, 597, 598, 599, 600, 601, 602, 603, 606, 607, 608, 609, 611, 613, 614, 616, 617, 618, 620, 621, 623, 624, 625, 626, 627, 628, 629, 630, 632, 633, 635, 637, 638, 639, 644, 646, 647, 649, 652, 653, 657, 658, 659, 660, 662, 663, 664, 665, 666, 667, 668, 669, 670, 671, 673, 675, 677, 678, 683, 684, 685, 686, 688, 689, 693, 694, 695, 700, 701, 702, 703, 707, 708, 710, 711, 712, 713, 714, 715, 716, 717, 718, 720, 721, 722, 723, 725, 726, 727, 729, 731, 732, 733, 734, 736, 737, 739, 740, 741, 742, 743, 744, 747, 748, 749, 751, 752, 754, 755, 756, 758, 759, 764, 766, 768, 769, 772, 773, 774, 775, 776, 777, 778, 779, 780, 781, 782, 783, 785, 790, 791, 792, 793, 794, 795, 796, 797, 798, 800, 801, 803, 804, 805, 806, 807, 808, 814, 815, 816, 817, 819, 821, 822, 823, 824, 826, 827, 828, 829, 830, 832, 833, 836, 837, 839, 840, 841, 842, 844, 845, 846, 847, 848, 849, 851, 854, 856, 857, 858, 859, 860, 861, 862, 863, 864, 865, 866, 867, 868, 869, 871, 872, 874, 875, 876, 877, 879, 881, 882, 883, 885, 886, 889]
[13, 18, 29, 50, 51, 56, 69, 76, 91, 99, 101, 103, 124, 133, 139, 140, 148, 158, 160, 165, 168, 178, 182, 194, 200, 207, 210, 219, 229, 232, 240, 242, 259, 269, 273, 279, 282, 284, 290, 298, 317, 321, 323, 327, 328, 333, 355, 357, 368, 369, 372, 381, 385, 396, 411, 412, 421, 425, 430, 433, 436, 442, 449, 460, 467, 475, 484, 502, 514, 527, 529, 539, 540, 555, 556, 560, 567, 607, 610, 612, 614, 617, 618, 622, 627, 631, 653, 667, 679, 690, 694, 697, 714, 718, 720, 728, 736, 747, 748, 749, 752, 756, 758, 764, 770, 772, 778, 796, 805, 813, 814, 824, 834, 838, 842, 848, 849, 855, 878, 886, 887, 889]

[2, 3, 4, 5, 6, 7, 8, 10, 11, 12, 13, 17, 20, 24, 26, 27, 29, 33, 34, 35, 36, 38, 39, 42, 43, 44, 45, 46, 47, 48, 49, 52, 53, 54, 55, 58, 59, 62, 63, 66, 68, 70, 72, 76, 80, 81, 82, 83, 84, 85, 86, 87, 88, 89, 90, 91, 92, 93, 94, 96, 101, 104, 105, 106, 108, 109, 110, 112, 113, 114, 115, 116, 117, 118, 121, 122, 123, 124, 125, 127, 129, 130, 132, 133, 134, 135, 136, 137, 138, 140, 141, 143, 144, 145, 147, 151, 152, 153, 154, 157, 158, 159, 161, 163, 164, 165, 166, 168, 169, 170, 173, 175, 176, 177, 178, 179, 180, 181, 182, 184, 186, 187, 188, 190, 191, 192, 193, 194, 195, 197, 198, 199, 200, 201, 202, 204, 205, 207, 208, 209, 210, 212, 214, 215, 216, 217, 218, 219, 221, 222, 223, 224, 225, 226, 227, 228, 229, 231, 232, 236, 237, 238, 240, 241, 242, 243, 244, 248, 250, 251, 254, 256, 257, 259, 260, 262, 263, 265, 266, 267, 268, 270, 271, 272, 273, 275, 276, 278, 281, 282, 283, 285, 287, 288, 290, 291, 292, 293, 295, 296, 297, 299, 302, 303, 304, 305, 307, 308, 310, 311, 312, 313, 314, 315, 317, 319, 320, 321, 324, 325, 326, 327, 328, 331, 332, 333, 335, 338, 339, 340, 341, 343, 345, 348, 349, 350, 351, 352, 353, 354, 358, 359, 360, 361, 362, 363, 365, 366, 368, 372, 373, 374, 375, 376, 379, 381, 382, 383, 384, 385, 386, 387, 389, 390, 393, 395, 397, 398, 399, 400, 401, 402, 403, 404, 405, 407, 408, 409, 410, 413, 414, 415, 416, 417, 418, 419, 420, 421, 422, 423, 424, 425, 426, 427, 428, 429, 431, 432, 433, 434, 435, 436, 437, 438, 439, 440, 442, 443, 445, 446, 447, 449, 450, 452, 453, 454, 455, 456, 457, 458, 459, 461, 462, 463, 466, 467, 475, 476, 477, 478, 479, 481, 482, 485, 486, 487, 488, 489, 490, 492, 493, 494, 495, 496, 497, 498, 501, 502, 503, 504, 505, 506, 507, 508, 509, 511, 512, 515, 516, 517, 518, 519, 520, 521, 522, 523, 525, 526, 527, 528, 529, 530, 532, 533, 534, 536, 537, 538, 540, 541, 542, 544, 546, 547, 548, 549, 550, 551, 552, 553, 554, 555, 556, 557, 558, 559, 562, 563, 564, 565, 566, 567, 568, 569, 570, 572, 573, 575, 576, 577, 579, 581, 582, 583, 584, 585, 586, 587, 588, 591, 593, 594, 595, 596, 597, 598, 599, 600, 601, 602, 603, 606, 607, 608, 609, 611, 613, 614, 616, 617, 618, 619, 620, 621, 623, 624, 625, 626, 627, 628, 629, 630, 632, 633, 635, 636, 637, 638, 639, 644, 646, 647, 649, 652, 653, 657, 658, 659, 660, 661, 662, 663, 664, 665, 666, 667, 668, 669, 670, 671, 673, 674, 675, 676, 677, 678, 681, 683, 684, 685, 686, 688, 689, 693, 694, 695, 700, 701, 702, 703, 707, 708, 709, 710, 711, 712, 713, 714, 715, 716, 717, 718, 720, 721, 722, 723, 725, 726, 727, 729, 731, 732, 733, 734, 736, 737, 739, 740, 741, 742, 743, 744, 747, 748, 749, 751, 752, 754, 755, 756, 758, 759, 764, 765, 766, 768, 769, 772, 773, 774, 775, 776, 777, 778, 779, 780, 781, 782, 783, 785, 790, 791, 792, 793, 794, 795, 796, 797, 798, 800, 801, 803, 804, 805, 806, 807, 808, 814, 815, 816, 817, 819, 821, 822, 823, 824, 826, 827, 828, 829, 830, 832, 833, 836, 837, 839, 840, 841, 842, 844, 845, 846, 847, 848, 849, 851, 853, 854, 856, 857, 858, 859, 860, 861, 862, 863, 864, 865, 866, 867, 868, 869, 871, 872, 874, 875, 876, 877, 879, 881, 882, 883, 885, 886, 889]
[13, 18, 29, 50, 51, 56, 69, 76, 91, 99, 101, 103, 124, 133, 139, 140, 148, 158, 160, 165, 168, 178, 182, 194, 200, 207, 210, 219, 229, 232, 240, 242, 259, 269, 273, 279, 282, 284, 290, 298, 317, 321, 323, 327, 328, 333, 355, 357, 368, 369, 372, 381, 385, 396, 411, 412, 421, 425, 430, 433, 436, 442, 449, 460, 467, 475, 484, 502, 514, 527, 529, 539, 540, 555, 556, 560, 567, 607, 610, 612, 614, 617, 618, 622, 627, 631, 653, 667, 679, 690, 694, 697, 714, 718, 720, 728, 736, 747, 748, 749, 752, 756, 758, 764, 770, 772, 778, 796, 805, 813, 814, 824, 834, 838, 842, 848, 849, 855, 878, 886, 887, 889]

[2, 3, 4, 5, 6, 7, 8, 10, 11, 12, 13, 17, 20, 24, 26, 27, 29, 30, 32, 33, 34, 35, 36, 38, 39, 42, 43, 44, 45, 46, 47, 48, 49, 52, 53, 54, 55, 57, 58, 59, 62, 63, 66, 68, 70, 72, 73, 76, 77, 80, 81, 82, 83, 84, 85, 86, 87, 88, 89, 90, 91, 92, 93, 94, 96, 100, 101, 104, 105, 106, 108, 109, 110, 112, 113, 114, 115, 116, 117, 118, 121, 122, 123, 124, 125, 127, 129, 130, 132, 133, 134, 135, 136, 137, 138, 140, 141, 143, 144, 145, 147, 149, 151, 152, 153, 154, 156, 157, 158, 159, 161, 163, 164, 165, 166, 168, 169, 170, 173, 175, 176, 177, 178, 179, 180, 181, 182, 184, 186, 187, 188, 190, 191, 192, 193, 194, 195, 197, 198, 199, 200, 201, 202, 204, 205, 207, 208, 209, 210, 212, 214, 215, 216, 217, 218, 219, 221, 222, 223, 224, 225, 226, 227, 228, 229, 231, 232, 236, 237, 238, 240, 241, 242, 243, 244, 248, 250, 251, 254, 256, 257, 259, 260, 262, 263, 265, 266, 267, 268, 270, 271, 272, 273, 275, 276, 278, 281, 282, 283, 285, 287, 288, 290, 291, 292, 293, 295, 296, 297, 299, 301, 302, 303, 304, 305, 307, 308, 310, 311, 312, 313, 314, 315, 317, 319, 320, 321, 324, 325, 326, 327, 328, 329, 331, 332, 333, 335, 338, 339, 340, 341, 343, 345, 348, 349, 350, 351, 352, 353, 354, 356, 357, 358, 359, 360, 361, 362, 363, 365, 366, 368, 372, 373, 374, 375, 376, 379, 381, 382, 383, 384, 385, 386, 387, 389, 390, 393, 395, 397, 398, 399, 400, 401, 402, 403, 404, 405, 407, 408, 409, 410, 413, 414, 415, 416, 417, 418, 419, 420, 421, 422, 423, 424, 425, 426, 427, 428, 429, 431, 432, 433, 434, 435, 436, 437, 438, 439, 440, 442, 443, 445, 446, 447, 449, 450, 452, 453, 454, 455, 456, 457, 458, 459, 461, 462, 463, 466, 467, 469, 475, 476, 477, 478, 479, 481, 482, 485, 486, 487, 488, 489, 490, 492, 493, 494, 495, 496, 497, 498, 501, 502, 503, 504, 505, 506, 507, 508, 509, 511, 512, 515, 516, 517, 518, 519, 520, 521, 522, 523, 525, 526, 527, 528, 529, 530, 532, 533, 534, 536, 537, 538, 540, 541, 542, 544, 546, 547, 548, 549, 550, 551, 552, 553, 554, 555, 556, 557, 558, 559, 560, 561, 562, 563, 564, 565, 566, 567, 568, 569, 570, 572, 573, 575, 576, 577, 579, 581, 582, 583, 584, 585, 586, 587, 588, 591, 593, 594, 595, 596, 597, 598, 599, 600, 601, 602, 603, 606, 607, 608, 609, 611, 613, 614, 616, 617, 618, 619, 620, 621, 623, 624, 625, 626, 627, 628, 629, 630, 632, 633, 635, 636, 637, 638, 639, 644, 646, 647, 649, 652, 653, 655, 657, 658, 659, 660, 661, 662, 663, 664, 665, 666, 667, 668, 669, 670, 671, 673, 674, 675, 676, 677, 678, 681, 683, 684, 685, 686, 688, 689, 693, 694, 695, 696, 700, 701, 702, 703, 707, 708, 709, 710, 711, 712, 713, 714, 715, 716, 717, 718, 720, 721, 722, 723, 725, 726, 727, 729, 731, 732, 733, 734, 736, 737, 739, 740, 741, 742, 743, 744, 746, 747, 748, 749, 750, 751, 752, 754, 755, 756, 758, 759, 762, 764, 765, 766, 768, 769, 772, 773, 774, 775, 776, 777, 778, 779, 780, 781, 782, 783, 785, 790, 791, 792, 793, 794, 795, 796, 797, 798, 800, 801, 803, 804, 805, 806, 807, 808, 813, 814, 815, 816, 817, 819, 821, 822, 823, 824, 826, 827, 828, 829, 830, 832, 833, 836, 837, 839, 840, 841, 842, 844, 845, 846, 847, 848, 849, 851, 852, 853, 854, 856, 857, 858, 859, 860, 861, 862, 863, 864, 865, 866, 867, 868, 869, 870, 871, 872, 874, 875, 876, 877, 879, 881, 882, 883, 884, 885, 886, 887, 889]
[13, 18, 29, 50, 51, 56, 69, 76, 91, 99, 101, 103, 124, 133, 139, 140, 148, 158, 160, 165, 168, 178, 182, 194, 200, 207, 210, 219, 229, 232, 240, 242, 259, 269, 273, 279, 282, 284, 290, 298, 317, 321, 323, 327, 328, 333, 355, 357, 368, 369, 372, 381, 385, 396, 411, 412, 421, 425, 430, 433, 436, 442, 449, 460, 467, 475, 484, 502, 514, 527, 529, 539, 540, 555, 556, 560, 567, 607, 610, 612, 614, 617, 618, 622, 627, 631, 653, 667, 679, 690, 694, 697, 714, 718, 720, 728, 736, 747, 748, 749, 752, 756, 758, 764, 770, 772, 778, 796, 805, 813, 814, 824, 834, 838, 842, 848, 849, 855, 878, 886, 887, 889]

[2, 3, 4, 5, 6, 7, 8, 10, 11, 12, 13, 14, 16, 17, 20, 24, 26, 27, 29, 30, 32, 33, 34, 35, 36, 38, 39, 42, 43, 44, 45, 46, 47, 48, 49, 52, 53, 54, 55, 57, 58, 59, 62, 63, 66, 68, 69, 70, 72, 73, 76, 77, 80, 81, 82, 83, 84, 85, 86, 87, 88, 89, 90, 91, 92, 93, 94, 95, 96, 100, 101, 104, 105, 106, 108, 109, 110, 112, 113, 114, 115, 116, 117, 118, 121, 122, 123, 124, 125, 127, 129, 130, 132, 133, 134, 135, 136, 137, 138, 140, 141, 143, 144, 145, 147, 149, 151, 152, 153, 154, 156, 157, 158, 159, 161, 163, 164, 165, 166, 168, 169, 170, 173, 175, 176, 177, 178, 179, 180, 181, 182, 183, 184, 186, 187, 188, 190, 191, 192, 193, 194, 195, 197, 198, 199, 200, 201, 202, 204, 205, 207, 208, 209, 210, 212, 214, 215, 216, 217, 218, 219, 221, 222, 223, 224, 225, 226, 227, 228, 229, 231, 232, 236, 237, 238, 240, 241, 242, 243, 244, 245, 248, 250, 251, 254, 256, 257, 259, 260, 262, 263, 265, 266, 267, 268, 270, 271, 272, 273, 275, 276, 278, 281, 282, 283, 285, 287, 288, 289, 290, 291, 292, 293, 295, 296, 297, 299, 301, 302, 303, 304, 305, 307, 308, 309, 310, 311, 312, 313, 314, 315, 317, 319, 320, 321, 323, 324, 325, 326, 327, 328, 329, 330, 331, 332, 333, 334, 335, 336, 338, 339, 340, 341, 343, 345, 348, 349, 350, 351, 352, 353, 354, 356, 357, 358, 359, 360, 361, 362, 363, 365, 366, 368, 372, 373, 374, 375, 376, 379, 381, 382, 383, 384, 385, 386, 387, 389, 390, 392, 393, 395, 397, 398, 399, 400, 401, 402, 403, 404, 405, 407, 408, 409, 410, 412, 413, 414, 415, 416, 417, 418, 419, 420, 421, 422, 423, 424, 425, 426, 427, 428, 429, 431, 432, 433, 434, 435, 436, 437, 438, 439, 440, 442, 443, 445, 446, 447, 449, 450, 452, 453, 454, 455, 456, 457, 458, 459, 461, 462, 463, 466, 467, 469, 474, 475, 476, 477, 478, 479, 481, 482, 485, 486, 487, 488, 489, 490, 491, 492, 493, 494, 495, 496, 497, 498, 501, 502, 503, 504, 505, 506, 507, 508, 509, 511, 512, 515, 516, 517, 518, 519, 520, 521, 522, 523, 525, 526, 527, 528, 529, 530, 532, 533, 534, 536, 537, 538, 540, 541, 542, 544, 546, 547, 548, 549, 550, 551, 552, 553, 554, 555, 556, 557, 558, 559, 560, 561, 562, 563, 564, 565, 566, 567, 568, 569, 570, 572, 573, 575, 576, 577, 579, 581, 582, 583, 584, 585, 586, 587, 588, 591, 593, 594, 595, 596, 597, 598, 599, 600, 601, 602, 603, 606, 607, 608, 609, 611, 613, 614, 615, 616, 617, 618, 619, 620, 621, 623, 624, 625, 626, 627, 628, 629, 630, 632, 633, 635, 636, 637, 638, 639, 642, 644, 646, 647, 649, 652, 653, 655, 657, 658, 659, 660, 661, 662, 663, 664, 665, 666, 667, 668, 669, 670, 671, 673, 674, 675, 676, 677, 678, 681, 683, 684, 685, 686, 688, 689, 693, 694, 695, 696, 697, 700, 701, 702, 703, 706, 707, 708, 709, 710, 711, 712, 713, 714, 715, 716, 717, 718, 720, 721, 722, 723, 725, 726, 727, 728, 729, 731, 732, 733, 734, 736, 737, 739, 740, 741, 742, 743, 744, 746, 747, 748, 749, 750, 751, 752, 753, 754, 755, 756, 758, 759, 762, 764, 765, 766, 768, 769, 770, 772, 773, 774, 775, 776, 777, 778, 779, 780, 781, 782, 783, 785, 789, 790, 791, 792, 793, 794, 795, 796, 797, 798, 800, 801, 803, 804, 805, 806, 807, 808, 813, 814, 815, 816, 817, 819, 821, 822, 823, 824, 826, 827, 828, 829, 830, 832, 833, 836, 837, 839, 840, 841, 842, 844, 845, 846, 847, 848, 849, 851, 852, 853, 854, 856, 857, 858, 859, 860, 861, 862, 863, 864, 865, 866, 867, 868, 869, 870, 871, 872, 874, 875, 876, 877, 879, 880, 881, 882, 883, 884, 885, 886, 887, 889]
[13, 18, 29, 50, 51, 56, 69, 76, 91, 99, 101, 103, 124, 133, 139, 140, 148, 158, 160, 165, 168, 178, 182, 194, 200, 207, 210, 219, 229, 232, 240, 242, 259, 269, 273, 279, 282, 284, 290, 298, 317, 321, 323, 327, 328, 333, 355, 357, 368, 369, 372, 381, 385, 396, 411, 412, 421, 425, 430, 433, 436, 442, 449, 460, 467, 475, 484, 502, 514, 527, 529, 539, 540, 555, 556, 560, 567, 607, 610, 612, 614, 617, 618, 622, 627, 631, 653, 667, 679, 690, 694, 697, 714, 718, 720, 728, 736, 747, 748, 749, 752, 756, 758, 764, 770, 772, 778, 796, 805, 813, 814, 824, 834, 838, 842, 848, 849, 855, 878, 886, 887, 889]

[0, 2, 3, 4, 5, 6, 7, 8, 10, 11, 12, 13, 14, 16, 17, 20, 24, 26, 27, 29, 30, 32, 33, 34, 35, 36, 38, 39, 42, 43, 44, 45, 46, 47, 48, 49, 52, 53, 54, 55, 57, 58, 59, 61, 62, 63, 66, 68, 69, 70, 72, 73, 76, 77, 78, 80, 81, 82, 83, 84, 85, 86, 87, 88, 89, 90, 91, 92, 93, 94, 95, 96, 97, 98, 100, 101, 104, 105, 106, 107, 108, 109, 110, 112, 113, 114, 115, 116, 117, 118, 121, 122, 123, 124, 125, 127, 129, 130, 131, 132, 133, 134, 135, 136, 137, 138, 140, 141, 143, 144, 145, 146, 147, 149, 151, 152, 153, 154, 156, 157, 158, 159, 161, 163, 164, 165, 166, 168, 169, 170, 173, 175, 176, 177, 178, 179, 180, 181, 182, 183, 184, 186, 187, 188, 190, 191, 192, 193, 194, 195, 197, 198, 199, 200, 201, 202, 204, 205, 207, 208, 209, 210, 211, 212, 214, 215, 216, 217, 218, 219, 221, 222, 223, 224, 225, 226, 227, 228, 229, 231, 232, 236, 237, 238, 240, 241, 242, 243, 244, 245, 248, 250, 251, 254, 256, 257, 258, 259, 260, 262, 263, 265, 266, 267, 268, 270, 271, 272, 273, 275, 276, 278, 281, 282, 283, 285, 287, 288, 289, 290, 291, 292, 293, 295, 296, 297, 299, 301, 302, 303, 304, 305, 307, 308, 309, 310, 311, 312, 313, 314, 315, 317, 319, 320, 321, 323, 324, 325, 326, 327, 328, 329, 330, 331, 332, 333, 334, 335, 336, 338, 339, 340, 341, 343, 345, 348, 349, 350, 351, 352, 353, 354, 356, 357, 358, 359, 360, 361, 362, 363, 365, 366, 368, 371, 372, 373, 374, 375, 376, 379, 381, 382, 383, 384, 385, 386, 387, 389, 390, 392, 393, 395, 397, 398, 399, 400, 401, 402, 403, 404, 405, 407, 408, 409, 410, 412, 413, 414, 415, 416, 417, 418, 419, 420, 421, 422, 423, 424, 425, 426, 427, 428, 429, 431, 432, 433, 434, 435, 436, 437, 438, 439, 440, 441, 442, 443, 445, 446, 447, 448, 449, 450, 452, 453, 454, 455, 456, 457, 458, 459, 461, 462, 463, 466, 467, 469, 474, 475, 476, 477, 478, 479, 481, 482, 483, 485, 486, 487, 488, 489, 490, 491, 492, 493, 494, 495, 496, 497, 498, 501, 502, 503, 504, 505, 506, 507, 508, 509, 511, 512, 515, 516, 517, 518, 519, 520, 521, 522, 523, 525, 526, 527, 528, 529, 530, 532, 533, 534, 535, 536, 537, 538, 539, 540, 541, 542, 544, 546, 547, 548, 549, 550, 551, 552, 553, 554, 555, 556, 557, 558, 559, 560, 561, 562, 563, 564, 565, 566, 567, 568, 569, 570, 572, 573, 574, 575, 576, 577, 579, 581, 582, 583, 584, 585, 586, 587, 588, 591, 593, 594, 595, 596, 597, 598, 599, 600, 601, 602, 603, 606, 607, 608, 609, 611, 613, 614, 615, 616, 617, 618, 619, 620, 621, 623, 624, 625, 626, 627, 628, 629, 630, 631, 632, 633, 635, 636, 637, 638, 639, 641, 642, 644, 646, 647, 649, 652, 653, 655, 657, 658, 659, 660, 661, 662, 663, 664, 665, 666, 667, 668, 669, 670, 671, 673, 674, 675, 676, 677, 678, 680, 681, 683, 684, 685, 686, 688, 689, 693, 694, 695, 696, 697, 699, 700, 701, 702, 703, 705, 706, 707, 708, 709, 710, 711, 712, 713, 714, 715, 716, 717, 718, 720, 721, 722, 723, 725, 726, 727, 728, 729, 731, 732, 733, 734, 736, 737, 739, 740, 741, 742, 743, 744, 746, 747, 748, 749, 750, 751, 752, 753, 754, 755, 756, 758, 759, 762, 764, 765, 766, 768, 769, 770, 771, 772, 773, 774, 775, 776, 777, 778, 779, 780, 781, 782, 783, 785, 789, 790, 791, 792, 793, 794, 795, 796, 797, 798, 800, 801, 803, 804, 805, 806, 807, 808, 809, 811, 813, 814, 815, 816, 817, 819, 821, 822, 823, 824, 826, 827, 828, 829, 830, 832, 833, 836, 837, 839, 840, 841, 842, 844, 845, 846, 847, 848, 849, 851, 852, 853, 854, 856, 857, 858, 859, 860, 861, 862, 863, 864, 865, 866, 867, 868, 869, 870, 871, 872, 874, 875, 876, 877, 879, 880, 881, 882, 883, 884, 885, 886, 887, 889]
[13, 18, 29, 50, 51, 56, 69, 76, 91, 99, 101, 103, 124, 133, 139, 140, 148, 158, 160, 165, 168, 178, 182, 194, 200, 207, 210, 219, 229, 232, 240, 242, 259, 269, 273, 279, 282, 284, 290, 298, 317, 321, 323, 327, 328, 333, 355, 357, 368, 369, 372, 381, 385, 396, 411, 412, 421, 425, 430, 433, 436, 442, 449, 460, 467, 475, 484, 502, 514, 527, 529, 539, 540, 555, 556, 560, 567, 607, 610, 612, 614, 617, 618, 622, 627, 631, 653, 667, 679, 690, 694, 697, 714, 718, 720, 728, 736, 747, 748, 749, 752, 756, 758, 764, 770, 772, 778, 796, 805, 813, 814, 824, 834, 838, 842, 848, 849, 855, 878, 886, 887, 889]

[0, 2, 3, 4, 5, 6, 7, 8, 10, 11, 12, 13, 14, 16, 17, 20, 24, 26, 27, 29, 30, 31, 32, 33, 34, 35, 36, 38, 39, 40, 42, 43, 44, 45, 46, 47, 48, 49, 52, 53, 54, 55, 57, 58, 59, 61, 62, 63, 66, 68, 69, 70, 72, 73, 76, 77, 78, 80, 81, 82, 83, 84, 85, 86, 87, 88, 89, 90, 91, 92, 93, 94, 95, 96, 97, 98, 100, 101, 102, 104, 105, 106, 107, 108, 109, 110, 112, 113, 114, 115, 116, 117, 118, 121, 122, 123, 124, 125, 127, 129, 130, 131, 132, 133, 134, 135, 136, 137, 138, 140, 141, 143, 144, 145, 146, 147, 149, 150, 151, 152, 153, 154, 156, 157, 158, 159, 160, 161, 162, 163, 164, 165, 166, 168, 169, 170, 173, 175, 176, 177, 178, 179, 180, 181, 182, 183, 184, 186, 187, 188, 190, 191, 192, 193, 194, 195, 197, 198, 199, 200, 201, 202, 204, 205, 207, 208, 209, 210, 211, 212, 214, 215, 216, 217, 218, 219, 221, 222, 223, 224, 225, 226, 227, 228, 229, 231, 232, 236, 237, 238, 240, 241, 242, 243, 244, 245, 246, 248, 250, 251, 254, 256, 257, 258, 259, 260, 262, 263, 265, 266, 267, 268, 270, 271, 272, 273, 275, 276, 278, 281, 282, 283, 285, 286, 287, 288, 289, 290, 291, 292, 293, 295, 296, 297, 299, 301, 302, 303, 304, 305, 307, 308, 309, 310, 311, 312, 313, 314, 315, 317, 319, 320, 321, 323, 324, 325, 326, 327, 328, 329, 330, 331, 332, 333, 334, 335, 336, 338, 339, 340, 341, 343, 344, 345, 348, 349, 350, 351, 352, 353, 354, 356, 357, 358, 359, 360, 361, 362, 363, 364, 365, 366, 367, 368, 369, 371, 372, 373, 374, 375, 376, 377, 379, 381, 382, 383, 384, 385, 386, 387, 389, 390, 392, 393, 395, 397, 398, 399, 400, 401, 402, 403, 404, 405, 407, 408, 409, 410, 411, 412, 413, 414, 415, 416, 417, 418, 419, 420, 421, 422, 423, 424, 425, 426, 427, 428, 429, 431, 432, 433, 434, 435, 436, 437, 438, 439, 440, 441, 442, 443, 445, 446, 447, 448, 449, 450, 452, 453, 454, 455, 456, 457, 458, 459, 461, 462, 463, 466, 467, 469, 472, 474, 475, 476, 477, 478, 479, 481, 482, 483, 484, 485, 486, 487, 488, 489, 490, 491, 492, 493, 494, 495, 496, 497, 498, 501, 502, 503, 504, 505, 506, 507, 508, 509, 511, 512, 515, 516, 517, 518, 519, 520, 521, 522, 523, 525, 526, 527, 528, 529, 530, 532, 533, 534, 535, 536, 537, 538, 539, 540, 541, 542, 544, 546, 547, 548, 549, 550, 551, 552, 553, 554, 555, 556, 557, 558, 559, 560, 561, 562, 563, 564, 565, 566, 567, 568, 569, 570, 572, 573, 574, 575, 576, 577, 578, 579, 581, 582, 583, 584, 585, 586, 587, 588, 591, 592, 593, 594, 595, 596, 597, 598, 599, 600, 601, 602, 603, 606, 607, 608, 609, 611, 613, 614, 615, 616, 617, 618, 619, 620, 621, 623, 624, 625, 626, 627, 628, 629, 630, 631, 632, 633, 635, 636, 637, 638, 639, 641, 642, 644, 646, 647, 648, 649, 651, 652, 653, 655, 657, 658, 659, 660, 661, 662, 663, 664, 665, 666, 667, 668, 669, 670, 671, 673, 674, 675, 676, 677, 678, 680, 681, 683, 684, 685, 686, 688, 689, 690, 693, 694, 695, 696, 697, 699, 700, 701, 702, 703, 705, 706, 707, 708, 709, 710, 711, 712, 713, 714, 715, 716, 717, 718, 719, 720, 721, 722, 723, 725, 726, 727, 728, 729, 730, 731, 732, 733, 734, 735, 736, 737, 739, 740, 741, 742, 743, 744, 746, 747, 748, 749, 750, 751, 752, 753, 754, 755, 756, 758, 759, 762, 764, 765, 766, 768, 769, 770, 771, 772, 773, 774, 775, 776, 777, 778, 779, 780, 781, 782, 783, 785, 789, 790, 791, 792, 793, 794, 795, 796, 797, 798, 800, 801, 803, 804, 805, 806, 807, 808, 809, 811, 813, 814, 815, 816, 817, 819, 821, 822, 823, 824, 826, 827, 828, 829, 830, 832, 833, 836, 837, 839, 840, 841, 842, 844, 845, 846, 847, 848, 849, 851, 852, 853, 854, 856, 857, 858, 859, 860, 861, 862, 863, 864, 865, 866, 867, 868, 869, 870, 871, 872, 874, 875, 876, 877, 878, 879, 880, 881, 882, 883, 884, 885, 886, 887, 889]
[13, 18, 29, 50, 51, 56, 69, 76, 91, 99, 101, 103, 124, 133, 139, 140, 148, 158, 160, 165, 168, 178, 182, 194, 200, 207, 210, 219, 229, 232, 240, 242, 259, 269, 273, 279, 282, 284, 290, 298, 317, 321, 323, 327, 328, 333, 355, 357, 368, 369, 372, 381, 385, 396, 411, 412, 421, 425, 430, 433, 436, 442, 449, 460, 467, 475, 484, 502, 514, 527, 529, 539, 540, 555, 556, 560, 567, 607, 610, 612, 614, 617, 618, 622, 627, 631, 653, 667, 679, 690, 694, 697, 714, 718, 720, 728, 736, 747, 748, 749, 752, 756, 758, 764, 770, 772, 778, 796, 805, 813, 814, 824, 834, 838, 842, 848, 849, 855, 878, 886, 887, 889]

[0, 2, 3, 4, 5, 6, 7, 8, 10, 11, 12, 13, 14, 15, 16, 17, 20, 24, 26, 27, 29, 30, 31, 32, 33, 34, 35, 36, 38, 39, 40, 42, 43, 44, 45, 46, 47, 48, 49, 52, 53, 54, 55, 57, 58, 59, 61, 62, 63, 66, 67, 68, 69, 70, 72, 73, 76, 77, 78, 79, 80, 81, 82, 83, 84, 85, 86, 87, 88, 89, 90, 91, 92, 93, 94, 95, 96, 97, 98, 100, 101, 102, 104, 105, 106, 107, 108, 109, 110, 112, 113, 114, 115, 116, 117, 118, 121, 122, 123, 124, 125, 127, 129, 130, 131, 132, 133, 134, 135, 136, 137, 138, 139, 140, 141, 142, 143, 144, 145, 146, 147, 149, 150, 151, 152, 153, 154, 156, 157, 158, 159, 160, 161, 162, 163, 164, 165, 166, 167, 168, 169, 170, 173, 174, 175, 176, 177, 178, 179, 180, 181, 182, 183, 184, 186, 187, 188, 190, 191, 192, 193, 194, 195, 197, 198, 199, 200, 201, 202, 204, 205, 207, 208, 209, 210, 211, 212, 214, 215, 216, 217, 218, 219, 220, 221, 222, 223, 224, 225, 226, 227, 228, 229, 231, 232, 236, 237, 238, 240, 241, 242, 243, 244, 245, 246, 248, 250, 251, 252, 253, 254, 256, 257, 258, 259, 260, 261, 262, 263, 265, 266, 267, 268, 270, 271, 272, 273, 275, 276, 278, 279, 281, 282, 283, 285, 286, 287, 288, 289, 290, 291, 292, 293, 295, 296, 297, 299, 301, 302, 303, 304, 305, 307, 308, 309, 310, 311, 312, 313, 314, 315, 317, 319, 320, 321, 323, 324, 325, 326, 327, 328, 329, 330, 331, 332, 333, 334, 335, 336, 338, 339, 340, 341, 342, 343, 344, 345, 348, 349, 350, 351, 352, 353, 354, 356, 357, 358, 359, 360, 361, 362, 363, 364, 365, 366, 367, 368, 369, 371, 372, 373, 374, 375, 376, 377, 379, 381, 382, 383, 384, 385, 386, 387, 388, 389, 390, 392, 393, 395, 396, 397, 398, 399, 400, 401, 402, 403, 404, 405, 406, 407, 408, 409, 410, 411, 412, 413, 414, 415, 416, 417, 418, 419, 420, 421, 422, 423, 424, 425, 426, 427, 428, 429, 431, 432, 433, 434, 435, 436, 437, 438, 439, 440, 441, 442, 443, 445, 446, 447, 448, 449, 450, 452, 453, 454, 455, 456, 457, 458, 459, 461, 462, 463, 465, 466, 467, 469, 472, 474, 475, 476, 477, 478, 479, 481, 482, 483, 484, 485, 486, 487, 488, 489, 490, 491, 492, 493, 494, 495, 496, 497, 498, 501, 502, 503, 504, 505, 506, 507, 508, 509, 511, 512, 515, 516, 517, 518, 519, 520, 521, 522, 523, 524, 525, 526, 527, 528, 529, 530, 532, 533, 534, 535, 536, 537, 538, 539, 540, 541, 542, 544, 546, 547, 548, 549, 550, 551, 552, 553, 554, 555, 556, 557, 558, 559, 560, 561, 562, 563, 564, 565, 566, 567, 568, 569, 570, 572, 573, 574, 575, 576, 577, 578, 579, 581, 582, 583, 584, 585, 586, 587, 588, 589, 591, 592, 593, 594, 595, 596, 597, 598, 599, 600, 601, 602, 603, 606, 607, 608, 609, 611, 613, 614, 615, 616, 617, 618, 619, 620, 621, 622, 623, 624, 625, 626, 627, 628, 629, 630, 631, 632, 633, 635, 636, 637, 638, 639, 641, 642, 644, 646, 647, 648, 649, 651, 652, 653, 655, 656, 657, 658, 659, 660, 661, 662, 663, 664, 665, 666, 667, 668, 669, 670, 671, 673, 674, 675, 676, 677, 678, 680, 681, 683, 684, 685, 686, 687, 688, 689, 690, 693, 694, 695, 696, 697, 699, 700, 701, 702, 703, 705, 706, 707, 708, 709, 710, 711, 712, 713, 714, 715, 716, 717, 718, 719, 720, 721, 722, 723, 725, 726, 727, 728, 729, 730, 731, 732, 733, 734, 735, 736, 737, 739, 740, 741, 742, 743, 744, 746, 747, 748, 749, 750, 751, 752, 753, 754, 755, 756, 758, 759, 761, 762, 764, 765, 766, 768, 769, 770, 771, 772, 773, 774, 775, 776, 777, 778, 779, 780, 781, 782, 783, 785, 787, 789, 790, 791, 792, 793, 794, 795, 796, 797, 798, 800, 801, 803, 804, 805, 806, 807, 808, 809, 811, 813, 814, 815, 816, 817, 819, 820, 821, 822, 823, 824, 826, 827, 828, 829, 830, 832, 833, 836, 837, 839, 840, 841, 842, 844, 845, 846, 847, 848, 849, 851, 852, 853, 854, 856, 857, 858, 859, 860, 861, 862, 863, 864, 865, 866, 867, 868, 869, 870, 871, 872, 874, 875, 876, 877, 878, 879, 880, 881, 882, 883, 884, 885, 886, 887, 889]
[13, 18, 29, 50, 51, 56, 69, 76, 91, 99, 101, 103, 124, 133, 139, 140, 148, 158, 160, 165, 168, 178, 182, 194, 200, 207, 210, 219, 229, 232, 240, 242, 259, 269, 273, 279, 282, 284, 290, 298, 317, 321, 323, 327, 328, 333, 355, 357, 368, 369, 372, 381, 385, 396, 411, 412, 421, 425, 430, 433, 436, 442, 449, 460, 467, 475, 484, 502, 514, 527, 529, 539, 540, 555, 556, 560, 567, 607, 610, 612, 614, 617, 618, 622, 627, 631, 653, 667, 679, 690, 694, 697, 714, 718, 720, 728, 736, 747, 748, 749, 752, 756, 758, 764, 770, 772, 778, 796, 805, 813, 814, 824, 834, 838, 842, 848, 849, 855, 878, 886, 887, 889]

[0, 1, 2, 3, 4, 5, 6, 7, 8, 10, 11, 12, 13, 14, 15, 16, 17, 20, 21, 24, 26, 27, 29, 30, 31, 32, 33, 34, 35, 36, 38, 39, 40, 42, 43, 44, 45, 46, 47, 48, 49, 52, 53, 54, 55, 57, 58, 59, 61, 62, 63, 66, 67, 68, 69, 70, 72, 73, 75, 76, 77, 78, 79, 80, 81, 82, 83, 84, 85, 86, 87, 88, 89, 90, 91, 92, 93, 94, 95, 96, 97, 98, 100, 101, 102, 104, 105, 106, 107, 108, 109, 110, 112, 113, 114, 115, 116, 117, 118, 119, 121, 122, 123, 124, 125, 127, 128, 129, 130, 131, 132, 133, 134, 135, 136, 137, 138, 139, 140, 141, 142, 143, 144, 145, 146, 147, 149, 150, 151, 152, 153, 154, 156, 157, 158, 159, 160, 161, 162, 163, 164, 165, 166, 167, 168, 169, 170, 172, 173, 174, 175, 176, 177, 178, 179, 180, 181, 182, 183, 184, 185, 186, 187, 188, 190, 191, 192, 193, 194, 195, 196, 197, 198, 199, 200, 201, 202, 204, 205, 207, 208, 209, 210, 211, 212, 213, 214, 215, 216, 217, 218, 219, 220, 221, 222, 223, 224, 225, 226, 227, 228, 229, 231, 232, 234, 236, 237, 238, 239, 240, 241, 242, 243, 244, 245, 246, 248, 250, 251, 252, 253, 254, 256, 257, 258, 259, 260, 261, 262, 263, 265, 266, 267, 268, 270, 271, 272, 273, 275, 276, 278, 279, 281, 282, 283, 284, 285, 286, 287, 288, 289, 290, 291, 292, 293, 295, 296, 297, 299, 301, 302, 303, 304, 305, 307, 308, 309, 310, 311, 312, 313, 314, 315, 317, 319, 320, 321, 323, 324, 325, 326, 327, 328, 329, 330, 331, 332, 333, 334, 335, 336, 338, 339, 340, 341, 342, 343, 344, 345, 348, 349, 350, 351, 352, 353, 354, 356, 357, 358, 359, 360, 361, 362, 363, 364, 365, 366, 367, 368, 369, 371, 372, 373, 374, 375, 376, 377, 379, 381, 382, 383, 384, 385, 386, 387, 388, 389, 390, 392, 393, 394, 395, 396, 397, 398, 399, 400, 401, 402, 403, 404, 405, 406, 407, 408, 409, 410, 411, 412, 413, 414, 415, 416, 417, 418, 419, 420, 421, 422, 423, 424, 425, 426, 427, 428, 429, 430, 431, 432, 433, 434, 435, 436, 437, 438, 439, 440, 441, 442, 443, 444, 445, 446, 447, 448, 449, 450, 452, 453, 454, 455, 456, 457, 458, 459, 461, 462, 463, 465, 466, 467, 469, 470, 472, 474, 475, 476, 477, 478, 479, 481, 482, 483, 484, 485, 486, 487, 488, 489, 490, 491, 492, 493, 494, 495, 496, 497, 498, 500, 501, 502, 503, 504, 505, 506, 507, 508, 509, 511, 512, 515, 516, 517, 518, 519, 520, 521, 522, 523, 524, 525, 526, 527, 528, 529, 530, 532, 533, 534, 535, 536, 537, 538, 539, 540, 541, 542, 544, 546, 547, 548, 549, 550, 551, 552, 553, 554, 555, 556, 557, 558, 559, 560, 561, 562, 563, 564, 565, 566, 567, 568, 569, 570, 571, 572, 573, 574, 575, 576, 577, 578, 579, 580, 581, 582, 583, 584, 585, 586, 587, 588, 589, 591, 592, 593, 594, 595, 596, 597, 598, 599, 600, 601, 602, 603, 604, 606, 607, 608, 609, 611, 613, 614, 615, 616, 617, 618, 619, 620, 621, 622, 623, 624, 625, 626, 627, 628, 629, 630, 631, 632, 633, 635, 636, 637, 638, 639, 641, 642, 644, 646, 647, 648, 649, 651, 652, 653, 655, 656, 657, 658, 659, 660, 661, 662, 663, 664, 665, 666, 667, 668, 669, 670, 671, 673, 674, 675, 676, 677, 678, 680, 681, 683, 684, 685, 686, 687, 688, 689, 690, 693, 694, 695, 696, 697, 698, 699, 700, 701, 702, 703, 705, 706, 707, 708, 709, 710, 711, 712, 713, 714, 715, 716, 717, 718, 719, 720, 721, 722, 723, 725, 726, 727, 728, 729, 730, 731, 732, 733, 734, 735, 736, 737, 739, 740, 741, 742, 743, 744, 746, 747, 748, 749, 750, 751, 752, 753, 754, 755, 756, 757, 758, 759, 761, 762, 764, 765, 766, 768, 769, 770, 771, 772, 773, 774, 775, 776, 777, 778, 779, 780, 781, 782, 783, 784, 785, 787, 789, 790, 791, 792, 793, 794, 795, 796, 797, 798, 800, 801, 803, 804, 805, 806, 807, 808, 809, 811, 813, 814, 815, 816, 817, 819, 820, 821, 822, 823, 824, 826, 827, 828, 829, 830, 832, 833, 836, 837, 839, 840, 841, 842, 844, 845, 846, 847, 848, 849, 850, 851, 852, 853, 854, 856, 857, 858, 859, 860, 861, 862, 863, 864, 865, 866, 867, 868, 869, 870, 871, 872, 874, 875, 876, 877, 878, 879, 880, 881, 882, 883, 884, 885, 886, 887, 889]
[13, 18, 29, 50, 51, 56, 69, 76, 91, 99, 101, 103, 124, 133, 139, 140, 148, 158, 160, 165, 168, 178, 182, 194, 200, 207, 210, 219, 229, 232, 240, 242, 259, 269, 273, 279, 282, 284, 290, 298, 317, 321, 323, 327, 328, 333, 355, 357, 368, 369, 372, 381, 385, 396, 411, 412, 421, 425, 430, 433, 436, 442, 449, 460, 467, 475, 484, 502, 514, 527, 529, 539, 540, 555, 556, 560, 567, 607, 610, 612, 614, 617, 618, 622, 627, 631, 653, 667, 679, 690, 694, 697, 714, 718, 720, 728, 736, 747, 748, 749, 752, 756, 758, 764, 770, 772, 778, 796, 805, 813, 814, 824, 834, 838, 842, 848, 849, 855, 878, 886, 887, 889]

