[44, 76, 90, 91, 98, 127, 175, 225, 234, 262, 363, 396, 418, 463, 570, 581, 582, 599, 620, 657, 726, 807]
[11, 200, 253, 258, 347, 377, 388, 422, 428, 511, 547, 623, 639, 682, 698, 712, 752, 761, 796, 799, 814, 880]

[44, 76, 90, 91, 98, 127, 175, 225, 234, 262, 363, 396, 418, 463, 570, 581, 582, 599, 620, 657, 726, 807]
[2, 3, 6, 9, 11, 12, 20, 38, 41, 45, 46, 50, 73, 84, 89, 92, 96, 108, 110, 130, 138, 147, 153, 158, 162, 174, 194, 197, 200, 233, 252, 253, 255, 258, 268, 273, 274, 275, 282, 287, 291, 292, 296, 305, 323, 335, 337, 347, 354, 377, 388, 398, 407, 413, 416, 419, 422, 427, 428, 430, 474, 491, 492, 495, 497, 511, 512, 518, 521, 525, 532, 536, 547, 549, 567, 574, 586, 590, 592, 595, 604, 606, 623, 628, 639, 661, 682, 688, 690, 693, 697, 698, 712, 716, 721, 723, 745, 752, 753, 757, 761, 766, 780, 796, 799, 814, 819, 820, 821, 822, 831, 834, 840, 847, 852, 857, 869, 870, 880, 881, 882, 886]

[5, 24, 44, 55, 76, 81, 90, 91, 98, 127, 175, 203, 225, 234, 262, 299, 318, 348, 363, 364, 396, 418, 432, 460, 463, 475, 476, 492, 508, 570, 581, 582, 599, 620, 623, 629, 653, 657, 683, 716, 726, 752, 787, 790, 807, 821, 880]
[2, 3, 6, 9, 11, 12, 20, 38, 41, 45, 46, 50, 73, 84, 89, 92, 96, 108, 110, 130, 138, 147, 153, 158, 162, 174, 194, 197, 200, 233, 252, 253, 255, 258, 268, 273, 274, 275, 282, 287, 291, 292, 296, 305, 323, 335, 337, 347, 354, 377, 388, 398, 407, 413, 416, 419, 422, 427, 428, 430, 474, 491, 492, 495, 497, 511, 512, 518, 521, 525, 532, 536, 547, 549, 567, 574, 586, 590, 592, 595, 604, 606, 623, 628, 639, 661, 682, 688, 690, 693, 697, 698, 712, 716, 721, 723, 745, 752, 753, 757, 761, 766, 780, 796, 799, 814, 819, 820, 821, 822, 831, 834, 840, 847, 852, 857, 869, 870, 880, 881, 882, 886]

[4, 5, 24, 44, 54, 55, 56, 60, 76, 81, 85, 90, 91, 98, 103, 110, 127, 175, 203, 225, 234, 262, 299, 318, 348, 358, 363, 364, 365, 393, 396, 405, 418, 430, 432, 456, 460, 462, 463, 467, 475, 476, 492, 508, 570, 581, 582, 599, 614, 618, 620, 623, 629, 650, 652, 653, 657, 683, 705, 716, 722, 726, 740, 752, 787, 790, 807, 821, 862, 878, 880, 882]
[2, 3, 6, 9, 11, 12, 20, 38, 41, 45, 46, 50, 73, 84, 89, 92, 96, 108, 110, 130, 138, 147, 153, 158, 162, 174, 194, 197, 200, 233, 252, 253, 255, 258, 268, 273, 274, 275, 282, 287, 291, 292, 296, 305, 323, 335, 337, 347, 354, 377, 388, 398, 407, 413, 416, 419, 422, 427, 428, 430, 474, 491, 492, 495, 497, 511, 512, 518, 521, 525, 532, 536, 547, 549, 567, 574, 586, 590, 592, 595, 604, 606, 623, 628, 639, 661, 682, 688, 690, 693, 697, 698, 712, 716, 721, 723, 745, 752, 753, 757, 761, 766, 780, 796, 799, 814, 819, 820, 821, 822, 831, 834, 840, 847, 852, 857, 869, 870, 880, 881, 882, 886]

[4, 5, 24, 44, 54, 55, 56, 60, 64, 76, 80, 81, 85, 90, 91, 98, 103, 110, 127, 175, 203, 207, 225, 229, 234, 246, 251, 262, 281, 299, 309, 317, 318, 327, 339, 348, 356, 358, 363, 364, 365, 393, 396, 405, 418, 424, 430, 432, 456, 460, 462, 463, 467, 469, 475, 476, 492, 508, 533, 545, 557, 564, 570, 572, 581, 582, 594, 599, 614, 618, 620, 623, 629, 637, 650, 652, 653, 657, 661, 683, 696, 705, 716, 722, 726, 728, 740, 744, 752, 754, 769, 772, 787, 790, 807, 821, 862, 876, 878, 880, 882]
[2, 3, 6, 9, 11, 12, 20, 38, 41, 45, 46, 50, 73, 84, 89, 92, 96, 108, 110, 130, 138, 147, 153, 158, 162, 174, 194, 197, 200, 233, 252, 253, 255, 258, 268, 273, 274, 275, 282, 287, 291, 292, 296, 305, 323, 335, 337, 347, 354, 377, 388, 398, 407, 413, 416, 419, 422, 427, 428, 430, 474, 491, 492, 495, 497, 511, 512, 518, 521, 525, 532, 536, 547, 549, 567, 574, 586, 590, 592, 595, 604, 606, 623, 628, 639, 661, 682, 688, 690, 693, 697, 698, 712, 716, 721, 723, 745, 752, 753, 757, 761, 766, 780, 796, 799, 814, 819, 820, 821, 822, 831, 834, 840, 847, 852, 857, 869, 870, 880, 881, 882, 886]

[4, 5, 24, 44, 54, 55, 56, 60, 64, 76, 80, 81, 85, 90, 91, 92, 98, 103, 110, 127, 155, 171, 175, 183, 203, 207, 209, 225, 229, 234, 246, 251, 261, 262, 264, 280, 281, 299, 309, 317, 318, 325, 327, 339, 348, 356, 358, 363, 364, 365, 375, 393, 396, 405, 418, 424, 430, 432, 456, 460, 462, 463, 467, 469, 472, 475, 476, 478, 492, 508, 512, 513, 533, 545, 557, 564, 570, 572, 581, 582, 594, 599, 614, 618, 620, 623, 629, 637, 641, 645, 650, 652, 653, 657, 659, 661, 673, 680, 683, 696, 705, 716, 717, 722, 726, 728, 740, 744, 749, 752, 754, 769, 772, 774, 787, 790, 805, 807, 821, 831, 833, 852, 862, 869, 876, 878, 880, 882]
[2, 3, 6, 9, 11, 12, 20, 38, 41, 45, 46, 50, 73, 84, 89, 92, 96, 108, 110, 130, 138, 147, 153, 158, 162, 174, 194, 197, 200, 233, 252, 253, 255, 258, 268, 273, 274, 275, 282, 287, 291, 292, 296, 305, 323, 335, 337, 347, 354, 377, 388, 398, 407, 413, 416, 419, 422, 427, 428, 430, 474, 491, 492, 495, 497, 511, 512, 518, 521, 525, 532, 536, 547, 549, 567, 574, 586, 590, 592, 595, 604, 606, 623, 628, 639, 661, 682, 688, 690, 693, 697, 698, 712, 716, 721, 723, 745, 752, 753, 757, 761, 766, 780, 796, 799, 814, 819, 820, 821, 822, 831, 834, 840, 847, 852, 857, 869, 870, 880, 881, 882, 886]

[4, 5, 24, 34, 44, 54, 55, 56, 60, 64, 76, 80, 81, 85, 90, 91, 92, 98, 103, 110, 127, 130, 141, 155, 171, 175, 176, 178, 183, 203, 207, 209, 225, 229, 234, 241, 246, 250, 251, 255, 261, 262, 264, 273, 280, 281, 299, 309, 317, 318, 325, 327, 339, 344, 348, 353, 356, 358, 363, 364, 365, 372, 375, 393, 396, 405, 418, 424, 430, 432, 435, 436, 448, 449, 456, 460, 462, 463, 467, 469, 472, 475, 476, 478, 488, 492, 508, 512, 513, 533, 545, 557, 564, 570, 572, 581, 582, 584, 594, 599, 610, 614, 618, 620, 623, 629, 637, 639, 641, 645, 650, 652, 653, 655, 657, 659, 661, 673, 680, 683, 696, 702, 705, 716, 717, 720, 722, 726, 728, 737, 740, 744, 749, 752, 754, 762, 769, 772, 774, 779, 787, 790, 800, 805, 807, 821, 831, 833, 852, 855, 862, 869, 876, 878, 880, 882, 888]
[2, 3, 6, 9, 11, 12, 20, 38, 41, 45, 46, 50, 73, 84, 89, 92, 96, 108, 110, 130, 138, 147, 153, 158, 162, 174, 194, 197, 200, 233, 252, 253, 255, 258, 268, 273, 274, 275, 282, 287, 291, 292, 296, 305, 323, 335, 337, 347, 354, 377, 388, 398, 407, 413, 416, 419, 422, 427, 428, 430, 474, 491, 492, 495, 497, 511, 512, 518, 521, 525, 532, 536, 547, 549, 567, 574, 586, 590, 592, 595, 604, 606, 623, 628, 639, 661, 682, 688, 690, 693, 697, 698, 712, 716, 721, 723, 745, 752, 753, 757, 761, 766, 780, 796, 799, 814, 819, 820, 821, 822, 831, 834, 840, 847, 852, 857, 869, 870, 880, 881, 882, 886]

[4, 5, 9, 24, 34, 44, 52, 54, 55, 56, 57, 60, 61, 64, 74, 76, 80, 81, 85, 90, 91, 92, 94, 98, 101, 103, 110, 127, 130, 141, 155, 171, 175, 176, 178, 183, 203, 207, 209, 225, 229, 234, 241, 246, 249, 250, 251, 252, 254, 255, 261, 262, 264, 273, 277, 280, 281, 299, 305, 309, 317, 318, 325, 327, 338, 339, 344, 348, 352, 353, 356, 358, 363, 364, 365, 372, 375, 393, 396, 405, 418, 419, 424, 430, 432, 435, 436, 448, 449, 456, 460, 462, 463, 467, 469, 472, 475, 476, 478, 480, 488, 492, 496, 508, 512, 513, 533, 545, 554, 556, 557, 564, 570, 572, 581, 582, 584, 594, 599, 610, 614, 618, 620, 623, 629, 637, 639, 641, 645, 650, 652, 653, 655, 657, 659, 661, 673, 680, 683, 685, 696, 702, 705, 716, 717, 720, 722, 726, 728, 737, 740, 744, 749, 752, 754, 757, 759, 762, 769, 772, 774, 779, 787, 790, 800, 805, 807, 821, 831, 833, 842, 852, 854, 855, 862, 866, 869, 876, 878, 880, 882, 888]
[2, 3, 6, 9, 11, 12, 20, 38, 41, 45, 46, 50, 73, 84, 89, 92, 96, 108, 110, 130, 138, 147, 153, 158, 162, 174, 194, 197, 200, 233, 252, 253, 255, 258, 268, 273, 274, 275, 282, 287, 291, 292, 296, 305, 323, 335, 337, 347, 354, 377, 388, 398, 407, 413, 416, 419, 422, 427, 428, 430, 474, 491, 492, 495, 497, 511, 512, 518, 521, 525, 532, 536, 547, 549, 567, 574, 586, 590, 592, 595, 604, 606, 623, 628, 639, 661, 682, 688, 690, 693, 697, 698, 712, 716, 721, 723, 745, 752, 753, 757, 761, 766, 780, 796, 799, 814, 819, 820, 821, 822, 831, 834, 840, 847, 852, 857, 869, 870, 880, 881, 882, 886]

[4, 5, 9, 24, 34, 44, 52, 54, 55, 56, 57, 60, 61, 64, 74, 76, 80, 81, 85, 90, 91, 92, 94, 98, 101, 103, 105, 110, 127, 130, 132, 136, 137, 141, 155, 171, 175, 176, 178, 183, 203, 207, 209, 225, 229, 234, 239, 241, 246, 249, 250, 251, 252, 254, 255, 256, 261, 262, 264, 273, 277, 280, 281, 282, 292, 299, 305, 309, 317, 318, 325, 327, 338, 339, 344, 348, 352, 353, 356, 358, 363, 364, 365, 372, 375, 388, 393, 396, 399, 401, 405, 416, 418, 419, 424, 430, 432, 435, 436, 448, 449, 450, 456, 460, 462, 463, 467, 469, 472, 475, 476, 478, 480, 488, 492, 493, 496, 508, 512, 513, 526, 527, 533, 545, 554, 556, 557, 564, 570, 572, 581, 582, 584, 594, 599, 605, 610, 611, 614, 618, 620, 623, 629, 632, 637, 639, 641, 645, 648, 650, 651, 652, 653, 655, 656, 657, 659, 661, 665, 673, 680, 683, 685, 690, 696, 698, 702, 705, 716, 717, 720, 722, 726, 728, 737, 740, 744, 749, 752, 754, 757, 759, 762, 769, 772, 774, 779, 787, 790, 800, 805, 807, 821, 831, 833, 842, 852, 854, 855, 862, 866, 869, 876, 878, 880, 882, 888]
[2, 3, 6, 9, 11, 12, 20, 38, 41, 45, 46, 50, 73, 84, 89, 92, 96, 108, 110, 130, 138, 147, 153, 158, 162, 174, 194, 197, 200, 233, 252, 253, 255, 258, 268, 273, 274, 275, 282, 287, 291, 292, 296, 305, 323, 335, 337, 347, 354, 377, 388, 398, 407, 413, 416, 419, 422, 427, 428, 430, 474, 491, 492, 495, 497, 511, 512, 518, 521, 525, 532, 536, 547, 549, 567, 574, 586, 590, 592, 595, 604, 606, 623, 628, 639, 661, 682, 688, 690, 693, 697, 698, 712, 716, 721, 723, 745, 752, 753, 757, 761, 766, 780, 796, 799, 814, 819, 820, 821, 822, 831, 834, 840, 847, 852, 857, 869, 870, 880, 881, 882, 886]

[4, 5, 9, 24, 34, 42, 44, 52, 54, 55, 56, 57, 60, 61, 64, 74, 76, 80, 81, 83, 85, 90, 91, 92, 94, 97, 98, 101, 103, 104, 105, 110, 127, 130, 132, 136, 137, 141, 155, 171, 175, 176, 178, 180, 183, 203, 207, 209, 225, 229, 234, 239, 241, 246, 248, 249, 250, 251, 252, 254, 255, 256, 261, 262, 264, 273, 277, 280, 281, 282, 285, 292, 299, 305, 309, 317, 318, 325, 327, 329, 338, 339, 344, 348, 352, 353, 356, 358, 359, 363, 364, 365, 372, 375, 376, 388, 393, 394, 396, 399, 401, 405, 416, 418, 419, 424, 430, 432, 435, 436, 448, 449, 450, 456, 460, 462, 463, 467, 468, 469, 472, 475, 476, 478, 480, 488, 491, 492, 493, 494, 496, 508, 512, 513, 526, 527, 533, 541, 545, 554, 556, 557, 564, 570, 572, 578, 581, 582, 583, 584, 594, 596, 599, 605, 607, 610, 611, 614, 618, 620, 623, 629, 632, 637, 638, 639, 641, 645, 648, 650, 651, 652, 653, 655, 656, 657, 659, 661, 665, 667, 673, 680, 683, 685, 690, 696, 698, 702, 705, 716, 717, 720, 722, 726, 728, 731, 732, 737, 740, 744, 749, 752, 754, 757, 758, 759, 762, 769, 772, 774, 779, 787, 790, 800, 805, 807, 821, 831, 833, 842, 852, 854, 855, 856, 862, 866, 869, 876, 878, 880, 882, 888]
[2, 3, 6, 9, 11, 12, 20, 38, 41, 45, 46, 50, 73, 84, 89, 92, 96, 108, 110, 130, 138, 147, 153, 158, 162, 174, 194, 197, 200, 233, 252, 253, 255, 258, 268, 273, 274, 275, 282, 287, 291, 292, 296, 305, 323, 335, 337, 347, 354, 377, 388, 398, 407, 413, 416, 419, 422, 427, 428, 430, 474, 491, 492, 495, 497, 511, 512, 518, 521, 525, 532, 536, 547, 549, 567, 574, 586, 590, 592, 595, 604, 606, 623, 628, 639, 661, 682, 688, 690, 693, 697, 698, 712, 716, 721, 723, 745, 752, 753, 757, 761, 766, 780, 796, 799, 814, 819, 820, 821, 822, 831, 834, 840, 847, 852, 857, 869, 870, 880, 881, 882, 886]

[4, 5, 9, 24, 32, 34, 42, 44, 52, 54, 55, 56, 57, 60, 61, 64, 66, 71, 74, 76, 80, 81, 83, 85, 90, 91, 92, 94, 97, 98, 101, 103, 104, 105, 110, 120, 127, 130, 132, 133, 136, 137, 141, 155, 171, 175, 176, 178, 180, 183, 203, 207, 209, 225, 229, 234, 239, 241, 246, 248, 249, 250, 251, 252, 254, 255, 256, 261, 262, 264, 273, 277, 280, 281, 282, 285, 292, 299, 305, 309, 317, 318, 325, 327, 329, 338, 339, 344, 348, 352, 353, 356, 358, 359, 361, 363, 364, 365, 372, 375, 376, 388, 393, 394, 395, 396, 399, 400, 401, 405, 409, 416, 418, 419, 424, 430, 432, 435, 436, 438, 448, 449, 450, 456, 460, 462, 463, 467, 468, 469, 472, 475, 476, 477, 478, 479, 480, 487, 488, 491, 492, 493, 494, 496, 508, 512, 513, 519, 526, 527, 533, 541, 545, 554, 556, 557, 564, 570, 572, 578, 581, 582, 583, 584, 594, 596, 598, 599, 605, 607, 610, 611, 614, 618, 620, 623, 629, 632, 637, 638, 639, 641, 645, 646, 648, 650, 651, 652, 653, 655, 656, 657, 659, 661, 665, 667, 671, 673, 680, 683, 685, 690, 692, 696, 698, 702, 704, 705, 716, 717, 720, 722, 724, 726, 728, 731, 732, 737, 740, 744, 749, 752, 754, 757, 758, 759, 762, 769, 772, 774, 779, 787, 790, 800, 805, 807, 821, 826, 831, 833, 842, 845, 852, 854, 855, 856, 862, 864, 866, 869, 875, 876, 877, 878, 880, 882, 888]
[2, 3, 6, 9, 11, 12, 20, 38, 41, 45, 46, 50, 73, 84, 89, 92, 96, 108, 110, 130, 138, 147, 153, 158, 162, 174, 194, 197, 200, 233, 252, 253, 255, 258, 268, 273, 274, 275, 282, 287, 291, 292, 296, 305, 323, 335, 337, 347, 354, 377, 388, 398, 407, 413, 416, 419, 422, 427, 428, 430, 474, 491, 492, 495, 497, 511, 512, 518, 521, 525, 532, 536, 547, 549, 567, 574, 586, 590, 592, 595, 604, 606, 623, 628, 639, 661, 682, 688, 690, 693, 697, 698, 712, 716, 721, 723, 745, 752, 753, 757, 761, 766, 780, 796, 799, 814, 819, 820, 821, 822, 831, 834, 840, 847, 852, 857, 869, 870, 880, 881, 882, 886]

[4, 5, 9, 24, 32, 34, 42, 44, 52, 54, 55, 56, 57, 60, 61, 64, 66, 71, 74, 76, 80, 81, 83, 85, 90, 91, 92, 94, 97, 98, 101, 103, 104, 105, 110, 120, 125, 127, 130, 132, 133, 136, 137, 141, 150, 155, 170, 171, 175, 176, 178, 180, 183, 203, 207, 209, 225, 229, 234, 237, 239, 241, 246, 248, 249, 250, 251, 252, 254, 255, 256, 261, 262, 264, 273, 277, 280, 281, 282, 285, 292, 299, 305, 309, 313, 314, 317, 318, 325, 327, 329, 331, 337, 338, 339, 344, 348, 352, 353, 356, 358, 359, 361, 363, 364, 365, 372, 375, 376, 387, 388, 389, 393, 394, 395, 396, 399, 400, 401, 405, 409, 416, 418, 419, 424, 430, 431, 432, 435, 436, 438, 448, 449, 450, 456, 460, 462, 463, 467, 468, 469, 471, 472, 473, 475, 476, 477, 478, 479, 480, 482, 487, 488, 491, 492, 493, 494, 496, 508, 512, 513, 515, 519, 526, 527, 533, 541, 545, 554, 556, 557, 564, 570, 572, 578, 581, 582, 583, 584, 594, 596, 598, 599, 605, 607, 609, 610, 611, 612, 614, 618, 620, 623, 624, 629, 631, 632, 637, 638, 639, 641, 645, 646, 648, 650, 651, 652, 653, 655, 656, 657, 659, 661, 665, 667, 671, 673, 676, 680, 683, 685, 690, 692, 696, 698, 701, 702, 704, 705, 716, 717, 720, 722, 724, 726, 728, 731, 732, 737, 740, 744, 749, 752, 754, 757, 758, 759, 762, 769, 772, 774, 779, 787, 790, 797, 800, 804, 805, 807, 808, 815, 821, 826, 831, 833, 842, 845, 852, 854, 855, 856, 862, 864, 866, 869, 875, 876, 877, 878, 880, 882, 888]
[2, 3, 6, 9, 11, 12, 20, 38, 41, 45, 46, 50, 73, 84, 89, 92, 96, 108, 110, 130, 138, 147, 153, 158, 162, 174, 194, 197, 200, 233, 252, 253, 255, 258, 268, 273, 274, 275, 282, 287, 291, 292, 296, 305, 323, 335, 337, 347, 354, 377, 388, 398, 407, 413, 416, 419, 422, 427, 428, 430, 474, 491, 492, 495, 497, 511, 512, 518, 521, 525, 532, 536, 547, 549, 567, 574, 586, 590, 592, 595, 604, 606, 623, 628, 639, 661, 682, 688, 690, 693, 697, 698, 712, 716, 721, 723, 745, 752, 753, 757, 761, 766, 780, 796, 799, 814, 819, 820, 821, 822, 831, 834, 840, 847, 852, 857, 869, 870, 880, 881, 882, 886]

[4, 5, 9, 24, 32, 34, 42, 44, 52, 54, 55, 56, 57, 60, 61, 64, 66, 71, 74, 76, 80, 81, 83, 85, 90, 91, 92, 94, 97, 98, 99, 101, 103, 104, 105, 110, 113, 117, 120, 125, 127, 130, 132, 133, 136, 137, 139, 141, 150, 155, 156, 163, 170, 171, 175, 176, 178, 180, 183, 203, 207, 209, 225, 229, 234, 237, 239, 241, 246, 248, 249, 250, 251, 252, 254, 255, 256, 259, 261, 262, 264, 273, 277, 280, 281, 282, 285, 292, 299, 305, 309, 313, 314, 317, 318, 325, 327, 329, 331, 334, 337, 338, 339, 340, 342, 344, 348, 351, 352, 353, 356, 358, 359, 361, 363, 364, 365, 372, 375, 376, 387, 388, 389, 393, 394, 395, 396, 398, 399, 400, 401, 405, 409, 416, 418, 419, 424, 430, 431, 432, 435, 436, 438, 448, 449, 450, 452, 456, 460, 462, 463, 467, 468, 469, 471, 472, 473, 475, 476, 477, 478, 479, 480, 481, 482, 485, 487, 488, 491, 492, 493, 494, 496, 508, 512, 513, 515, 519, 526, 527, 530, 533, 535, 541, 545, 548, 554, 556, 557, 564, 570, 572, 578, 581, 582, 583, 584, 585, 594, 596, 598, 599, 605, 607, 608, 609, 610, 611, 612, 614, 618, 620, 623, 624, 629, 631, 632, 637, 638, 639, 641, 645, 646, 648, 650, 651, 652, 653, 655, 656, 657, 659, 661, 665, 667, 671, 673, 676, 680, 683, 685, 690, 691, 692, 696, 698, 701, 702, 704, 705, 716, 717, 720, 722, 724, 726, 728, 731, 732, 737, 740, 744, 749, 750, 752, 753, 754, 756, 757, 758, 759, 762, 769, 771, 772, 774, 779, 787, 790, 797, 800, 804, 805, 807, 808, 815, 821, 826, 831, 833, 841, 842, 845, 849, 852, 854, 855, 856, 862, 864, 866, 869, 875, 876, 877, 878, 880, 882, 888]
[2, 3, 6, 9, 11, 12, 20, 38, 41, 45, 46, 50, 73, 84, 89, 92, 96, 108, 110, 130, 138, 147, 153, 158, 162, 174, 194, 197, 200, 233, 252, 253, 255, 258, 268, 273, 274, 275, 282, 287, 291, 292, 296, 305, 323, 335, 337, 347, 354, 377, 388, 398, 407, 413, 416, 419, 422, 427, 428, 430, 474, 491, 492, 495, 497, 511, 512, 518, 521, 525, 532, 536, 547, 549, 567, 574, 586, 590, 592, 595, 604, 606, 623, 628, 639, 661, 682, 688, 690, 693, 697, 698, 712, 716, 721, 723, 745, 752, 753, 757, 761, 766, 780, 796, 799, 814, 819, 820, 821, 822, 831, 834, 840, 847, 852, 857, 869, 870, 880, 881, 882, 886]

[4, 5, 9, 10, 24, 32, 34, 42, 44, 52, 54, 55, 56, 57, 59, 60, 61, 64, 66, 71, 74, 76, 80, 81, 83, 85, 89, 90, 91, 92, 94, 97, 98, 99, 101, 103, 104, 105, 110, 113, 117, 120, 125, 127, 130, 132, 133, 136, 137, 139, 141, 143, 149, 150, 155, 156, 163, 170, 171, 175, 176, 178, 180, 183, 203, 207, 209, 225, 229, 234, 237, 239, 241, 246, 248, 249, 250, 251, 252, 254, 255, 256, 259, 261, 262, 264, 273, 277, 280, 281, 282, 284, 285, 292, 299, 305, 309, 313, 314, 317, 318, 325, 327, 329, 331, 334, 337, 338, 339, 340, 341, 342, 344, 348, 351, 352, 353, 356, 358, 359, 361, 363, 364, 365, 372, 375, 376, 387, 388, 389, 393, 394, 395, 396, 397, 398, 399, 400, 401, 405, 409, 410, 416, 418, 419, 424, 430, 431, 432, 435, 436, 438, 448, 449, 450, 452, 456, 460, 462, 463, 467, 468, 469, 471, 472, 473, 475, 476, 477, 478, 479, 480, 481, 482, 485, 486, 487, 488, 491, 492, 493, 494, 496, 508, 512, 513, 515, 519, 525, 526, 527, 530, 533, 535, 539, 541, 543, 545, 548, 554, 556, 557, 559, 564, 566, 570, 572, 578, 581, 582, 583, 584, 585, 590, 593, 594, 596, 598, 599, 605, 607, 608, 609, 610, 611, 612, 614, 618, 620, 623, 624, 629, 631, 632, 637, 638, 639, 641, 645, 646, 648, 650, 651, 652, 653, 655, 656, 657, 659, 661, 662, 663, 665, 666, 667, 671, 673, 676, 680, 683, 685, 690, 691, 692, 696, 698, 701, 702, 704, 705, 716, 717, 720, 722, 724, 725, 726, 728, 731, 732, 733, 737, 740, 744, 749, 750, 752, 753, 754, 756, 757, 758, 759, 762, 765, 769, 771, 772, 774, 779, 787, 790, 795, 797, 800, 804, 805, 807, 808, 815, 821, 822, 826, 831, 833, 841, 842, 845, 849, 852, 854, 855, 856, 862, 864, 866, 869, 875, 876, 877, 878, 880, 882, 888]
[2, 3, 6, 9, 11, 12, 20, 38, 41, 45, 46, 50, 73, 84, 89, 92, 96, 108, 110, 130, 138, 147, 153, 158, 162, 174, 194, 197, 200, 233, 252, 253, 255, 258, 268, 273, 274, 275, 282, 287, 291, 292, 296, 305, 323, 335, 337, 347, 354, 377, 388, 398, 407, 413, 416, 419, 422, 427, 428, 430, 474, 491, 492, 495, 497, 511, 512, 518, 521, 525, 532, 536, 547, 549, 567, 574, 586, 590, 592, 595, 604, 606, 623, 628, 639, 661, 682, 688, 690, 693, 697, 698, 712, 716, 721, 723, 745, 752, 753, 757, 761, 766, 780, 796, 799, 814, 819, 820, 821, 822, 831, 834, 840, 847, 852, 857, 869, 870, 880, 881, 882, 886]

[4, 5, 6, 9, 10, 13, 18, 24, 32, 34, 42, 44, 47, 52, 54, 55, 56, 57, 59, 60, 61, 64, 66, 71, 74, 76, 80, 81, 83, 85, 89, 90, 91, 92, 94, 97, 98, 99, 101, 103, 104, 105, 110, 113, 117, 120, 125, 127, 130, 132, 133, 136, 137, 139, 141, 143, 149, 150, 155, 156, 160, 163, 170, 171, 175, 176, 178, 180, 183, 203, 207, 209, 218, 225, 229, 231, 234, 237, 239, 241, 246, 248, 249, 250, 251, 252, 254, 255, 256, 259, 261, 262, 264, 272, 273, 277, 280, 281, 282, 284, 285, 286, 292, 299, 305, 309, 313, 314, 317, 318, 325, 326, 327, 329, 331, 332, 334, 337, 338, 339, 340, 341, 342, 344, 348, 351, 352, 353, 356, 358, 359, 361, 363, 364, 365, 371, 372, 375, 376, 379, 387, 388, 389, 393, 394, 395, 396, 397, 398, 399, 400, 401, 405, 409, 410, 416, 418, 419, 424, 430, 431, 432, 435, 436, 438, 448, 449, 450, 451, 452, 456, 460, 462, 463, 465, 467, 468, 469, 471, 472, 473, 475, 476, 477, 478, 479, 480, 481, 482, 485, 486, 487, 488, 491, 492, 493, 494, 496, 499, 505, 508, 512, 513, 515, 519, 525, 526, 527, 530, 533, 535, 538, 539, 541, 543, 545, 548, 553, 554, 556, 557, 559, 564, 566, 570, 572, 578, 581, 582, 583, 584, 585, 590, 593, 594, 595, 596, 598, 599, 605, 607, 608, 609, 610, 611, 612, 614, 618, 620, 623, 624, 629, 631, 632, 637, 638, 639, 641, 644, 645, 646, 648, 650, 651, 652, 653, 655, 656, 657, 659, 661, 662, 663, 665, 666, 667, 671, 673, 676, 680, 683, 685, 690, 691, 692, 696, 698, 701, 702, 704, 705, 716, 717, 720, 722, 723, 724, 725, 726, 728, 731, 732, 733, 737, 740, 744, 749, 750, 752, 753, 754, 756, 757, 758, 759, 762, 765, 769, 770, 771, 772, 774, 779, 787, 790, 795, 797, 800, 804, 805, 807, 808, 815, 821, 822, 826, 828, 830, 831, 833, 839, 841, 842, 845, 849, 852, 854, 855, 856, 862, 864, 866, 869, 875, 876, 877, 878, 880, 882, 888]
[2, 3, 6, 9, 11, 12, 20, 38, 41, 45, 46, 50, 73, 84, 89, 92, 96, 108, 110, 130, 138, 147, 153, 158, 162, 174, 194, 197, 200, 233, 252, 253, 255, 258, 268, 273, 274, 275, 282, 287, 291, 292, 296, 305, 323, 335, 337, 347, 354, 377, 388, 398, 407, 413, 416, 419, 422, 427, 428, 430, 474, 491, 492, 495, 497, 511, 512, 518, 521, 525, 532, 536, 547, 549, 567, 574, 586, 590, 592, 595, 604, 606, 623, 628, 639, 661, 682, 688, 690, 693, 697, 698, 712, 716, 721, 723, 745, 752, 753, 757, 761, 766, 780, 796, 799, 814, 819, 820, 821, 822, 831, 834, 840, 847, 852, 857, 869, 870, 880, 881, 882, 886]

[3, 4, 5, 6, 9, 10, 13, 15, 18, 24, 32, 34, 42, 44, 47, 52, 54, 55, 56, 57, 59, 60, 61, 64, 66, 71, 74, 76, 80, 81, 83, 85, 89, 90, 91, 92, 94, 97, 98, 99, 101, 103, 104, 105, 110, 113, 117, 120, 125, 127, 130, 132, 133, 136, 137, 139, 141, 143, 149, 150, 151, 155, 156, 160, 163, 170, 171, 174, 175, 176, 178, 180, 183, 197, 203, 207, 209, 218, 219, 225, 229, 231, 234, 237, 239, 241, 246, 248, 249, 250, 251, 252, 254, 255, 256, 259, 261, 262, 264, 272, 273, 277, 280, 281, 282, 284, 285, 286, 290, 292, 293, 299, 303, 305, 306, 308, 309, 313, 314, 317, 318, 324, 325, 326, 327, 329, 331, 332, 334, 337, 338, 339, 340, 341, 342, 344, 348, 351, 352, 353, 356, 358, 359, 361, 363, 364, 365, 371, 372, 375, 376, 379, 387, 388, 389, 393, 394, 395, 396, 397, 398, 399, 400, 401, 405, 409, 410, 412, 416, 418, 419, 424, 430, 431, 432, 435, 436, 438, 448, 449, 450, 451, 452, 456, 460, 462, 463, 465, 467, 468, 469, 471, 472, 473, 475, 476, 477, 478, 479, 480, 481, 482, 485, 486, 487, 488, 489, 491, 492, 493, 494, 496, 499, 505, 508, 512, 513, 515, 519, 523, 525, 526, 527, 530, 533, 535, 538, 539, 541, 543, 545, 548, 553, 554, 556, 557, 559, 561, 564, 566, 570, 572, 578, 581, 582, 583, 584, 585, 590, 593, 594, 595, 596, 598, 599, 605, 607, 608, 609, 610, 611, 612, 614, 618, 620, 622, 623, 624, 629, 631, 632, 634, 637, 638, 639, 641, 644, 645, 646, 648, 650, 651, 652, 653, 655, 656, 657, 659, 661, 662, 663, 665, 666, 667, 670, 671, 673, 676, 680, 683, 684, 685, 690, 691, 692, 696, 698, 701, 702, 704, 705, 716, 717, 720, 722, 723, 724, 725, 726, 728, 731, 732, 733, 737, 740, 744, 749, 750, 752, 753, 754, 756, 757, 758, 759, 761, 762, 765, 769, 770, 771, 772, 774, 779, 785, 786, 787, 790, 795, 797, 800, 804, 805, 807, 808, 815, 821, 822, 826, 827, 828, 830, 831, 833, 839, 841, 842, 845, 849, 852, 854, 855, 856, 862, 864, 866, 869, 875, 876, 877, 878, 880, 882, 885, 888]
[2, 3, 6, 9, 11, 12, 20, 38, 41, 45, 46, 50, 73, 84, 89, 92, 96, 108, 110, 130, 138, 147, 153, 158, 162, 174, 194, 197, 200, 233, 252, 253, 255, 258, 268, 273, 274, 275, 282, 287, 291, 292, 296, 305, 323, 335, 337, 347, 354, 377, 388, 398, 407, 413, 416, 419, 422, 427, 428, 430, 474, 491, 492, 495, 497, 511, 512, 518, 521, 525, 532, 536, 547, 549, 567, 574, 586, 590, 592, 595, 604, 606, 623, 628, 639, 661, 682, 688, 690, 693, 697, 698, 712, 716, 721, 723, 745, 752, 753, 757, 761, 766, 780, 796, 799, 814, 819, 820, 821, 822, 831, 834, 840, 847, 852, 857, 869, 870, 880, 881, 882, 886]

[3, 4, 5, 6, 9, 10, 13, 15, 18, 24, 32, 34, 42, 44, 47, 52, 54, 55, 56, 57, 59, 60, 61, 64, 66, 71, 74, 76, 77, 80, 81, 83, 84, 85, 89, 90, 91, 92, 94, 97, 98, 99, 101, 103, 104, 105, 110, 113, 114, 117, 120, 125, 127, 130, 132, 133, 136, 137, 139, 141, 143, 149, 150, 151, 155, 156, 160, 163, 165, 170, 171, 174, 175, 176, 178, 180, 183, 197, 200, 201, 203, 207, 209, 218, 219, 223, 225, 229, 231, 234, 237, 239, 241, 246, 248, 249, 250, 251, 252, 254, 255, 256, 259, 261, 262, 263, 264, 272, 273, 277, 280, 281, 282, 284, 285, 286, 290, 292, 293, 299, 302, 303, 305, 306, 308, 309, 313, 314, 317, 318, 324, 325, 326, 327, 329, 331, 332, 334, 337, 338, 339, 340, 341, 342, 344, 348, 349, 351, 352, 353, 354, 356, 358, 359, 361, 363, 364, 365, 371, 372, 374, 375, 376, 379, 387, 388, 389, 393, 394, 395, 396, 397, 398, 399, 400, 401, 402, 405, 409, 410, 412, 416, 418, 419, 424, 425, 430, 431, 432, 435, 436, 438, 444, 447, 448, 449, 450, 451, 452, 456, 457, 460, 462, 463, 465, 466, 467, 468, 469, 471, 472, 473, 475, 476, 477, 478, 479, 480, 481, 482, 485, 486, 487, 488, 489, 491, 492, 493, 494, 496, 499, 505, 508, 512, 513, 515, 519, 523, 524, 525, 526, 527, 530, 531, 533, 535, 538, 539, 541, 543, 545, 548, 553, 554, 556, 557, 559, 561, 564, 566, 570, 572, 578, 581, 582, 583, 584, 585, 590, 593, 594, 595, 596, 598, 599, 605, 607, 608, 609, 610, 611, 612, 614, 618, 620, 622, 623, 624, 626, 629, 631, 632, 634, 635, 637, 638, 639, 641, 644, 645, 646, 648, 650, 651, 652, 653, 655, 656, 657, 659, 661, 662, 663, 665, 666, 667, 670, 671, 673, 676, 680, 683, 684, 685, 690, 691, 692, 696, 698, 701, 702, 704, 705, 714, 716, 717, 718, 720, 722, 723, 724, 725, 726, 728, 730, 731, 732, 733, 737, 740, 744, 749, 750, 752, 753, 754, 756, 757, 758, 759, 761, 762, 765, 769, 770, 771, 772, 774, 779, 785, 786, 787, 790, 795, 797, 800, 804, 805, 807, 808, 815, 821, 822, 826, 827, 828, 830, 831, 833, 839, 841, 842, 845, 849, 852, 854, 855, 856, 862, 864, 866, 869, 875, 876, 877, 878, 880, 882, 885, 888]
[2, 3, 6, 9, 11, 12, 20, 38, 41, 45, 46, 50, 73, 84, 89, 92, 96, 108, 110, 130, 138, 147, 153, 158, 162, 174, 194, 197, 200, 233, 252, 253, 255, 258, 268, 273, 274, 275, 282, 287, 291, 292, 296, 305, 323, 335, 337, 347, 354, 377, 388, 398, 407, 413, 416, 419, 422, 427, 428, 430, 474, 491, 492, 495, 497, 511, 512, 518, 521, 525, 532, 536, 547, 549, 567, 574, 586, 590, 592, 595, 604, 606, 623, 628, 639, 661, 682, 688, 690, 693, 697, 698, 712, 716, 721, 723, 745, 752, 753, 757, 761, 766, 780, 796, 799, 814, 819, 820, 821, 822, 831, 834, 840, 847, 852, 857, 869, 870, 880, 881, 882, 886]

[1, 3, 4, 5, 6, 9, 10, 13, 15, 18, 24, 32, 34, 42, 44, 47, 51, 52, 54, 55, 56, 57, 59, 60, 61, 62, 64, 66, 71, 74, 76, 77, 80, 81, 83, 84, 85, 89, 90, 91, 92, 94, 96, 97, 98, 99, 101, 103, 104, 105, 110, 113, 114, 117, 120, 124, 125, 127, 130, 132, 133, 136, 137, 139, 141, 143, 149, 150, 151, 155, 156, 160, 163, 165, 170, 171, 174, 175, 176, 178, 180, 183, 191, 197, 200, 201, 203, 204, 207, 209, 218, 219, 223, 225, 229, 231, 234, 236, 237, 238, 239, 241, 246, 247, 248, 249, 250, 251, 252, 254, 255, 256, 259, 261, 262, 263, 264, 272, 273, 277, 280, 281, 282, 284, 285, 286, 289, 290, 292, 293, 299, 302, 303, 305, 306, 308, 309, 313, 314, 317, 318, 324, 325, 326, 327, 329, 331, 332, 334, 337, 338, 339, 340, 341, 342, 344, 348, 349, 351, 352, 353, 354, 356, 358, 359, 361, 363, 364, 365, 370, 371, 372, 374, 375, 376, 379, 386, 387, 388, 389, 393, 394, 395, 396, 397, 398, 399, 400, 401, 402, 405, 409, 410, 412, 416, 418, 419, 424, 425, 426, 430, 431, 432, 435, 436, 438, 444, 447, 448, 449, 450, 451, 452, 456, 457, 460, 462, 463, 464, 465, 466, 467, 468, 469, 471, 472, 473, 475, 476, 477, 478, 479, 480, 481, 482, 485, 486, 487, 488, 489, 491, 492, 493, 494, 496, 498, 499, 505, 508, 512, 513, 515, 519, 523, 524, 525, 526, 527, 530, 531, 533, 535, 536, 538, 539, 541, 543, 544, 545, 548, 553, 554, 556, 557, 559, 561, 564, 566, 570, 572, 578, 581, 582, 583, 584, 585, 590, 593, 594, 595, 596, 598, 599, 605, 607, 608, 609, 610, 611, 612, 614, 618, 620, 622, 623, 624, 626, 629, 631, 632, 634, 635, 637, 638, 639, 641, 644, 645, 646, 648, 650, 651, 652, 653, 655, 656, 657, 659, 661, 662, 663, 665, 666, 667, 670, 671, 673, 676, 678, 680, 683, 684, 685, 690, 691, 692, 694, 696, 698, 701, 702, 704, 705, 708, 714, 715, 716, 717, 718, 720, 722, 723, 724, 725, 726, 728, 730, 731, 732, 733, 737, 740, 744, 749, 750, 751, 752, 753, 754, 756, 757, 758, 759, 761, 762, 765, 769, 770, 771, 772, 774, 779, 785, 786, 787, 790, 795, 797, 800, 804, 805, 807, 808, 815, 818, 821, 822, 826, 827, 828, 830, 831, 833, 839, 841, 842, 845, 849, 852, 854, 855, 856, 862, 864, 866, 869, 870, 875, 876, 877, 878, 880, 882, 885, 888]
[2, 3, 6, 9, 11, 12, 20, 38, 41, 45, 46, 50, 73, 84, 89, 92, 96, 108, 110, 130, 138, 147, 153, 158, 162, 174, 194, 197, 200, 233, 252, 253, 255, 258, 268, 273, 274, 275, 282, 287, 291, 292, 296, 305, 323, 335, 337, 347, 354, 377, 388, 398, 407, 413, 416, 419, 422, 427, 428, 430, 474, 491, 492, 495, 497, 511, 512, 518, 521, 525, 532, 536, 547, 549, 567, 574, 586, 590, 592, 595, 604, 606, 623, 628, 639, 661, 682, 688, 690, 693, 697, 698, 712, 716, 721, 723, 745, 752, 753, 757, 761, 766, 780, 796, 799, 814, 819, 820, 821, 822, 831, 834, 840, 847, 852, 857, 869, 870, 880, 881, 882, 886]

[1, 3, 4, 5, 6, 9, 10, 13, 15, 18, 24, 29, 32, 34, 42, 44, 47, 51, 52, 54, 55, 56, 57, 59, 60, 61, 62, 64, 66, 71, 74, 76, 77, 80, 81, 83, 84, 85, 89, 90, 91, 92, 94, 96, 97, 98, 99, 101, 103, 104, 105, 106, 109, 110, 113, 114, 117, 120, 124, 125, 127, 130, 132, 133, 136, 137, 139, 141, 143, 148, 149, 150, 151, 155, 156, 160, 163, 165, 170, 171, 174, 175, 176, 178, 180, 183, 191, 197, 200, 201, 203, 204, 205, 207, 209, 218, 219, 221, 223, 225, 229, 231, 234, 236, 237, 238, 239, 241, 246, 247, 248, 249, 250, 251, 252, 254, 255, 256, 259, 261, 262, 263, 264, 272, 273, 277, 280, 281, 282, 284, 285, 286, 289, 290, 292, 293, 299, 302, 303, 304, 305, 306, 308, 309, 313, 314, 317, 318, 319, 324, 325, 326, 327, 329, 331, 332, 334, 337, 338, 339, 340, 341, 342, 344, 348, 349, 350, 351, 352, 353, 354, 355, 356, 358, 359, 361, 363, 364, 365, 370, 371, 372, 374, 375, 376, 379, 383, 384, 386, 387, 388, 389, 390, 393, 394, 395, 396, 397, 398, 399, 400, 401, 402, 405, 409, 410, 412, 416, 418, 419, 424, 425, 426, 427, 430, 431, 432, 435, 436, 438, 444, 447, 448, 449, 450, 451, 452, 456, 457, 458, 460, 462, 463, 464, 465, 466, 467, 468, 469, 471, 472, 473, 475, 476, 477, 478, 479, 480, 481, 482, 485, 486, 487, 488, 489, 491, 492, 493, 494, 496, 498, 499, 505, 508, 512, 513, 515, 519, 522, 523, 524, 525, 526, 527, 530, 531, 533, 535, 536, 538, 539, 541, 543, 544, 545, 547, 548, 553, 554, 556, 557, 559, 561, 564, 566, 569, 570, 571, 572, 578, 581, 582, 583, 584, 585, 588, 590, 593, 594, 595, 596, 598, 599, 605, 607, 608, 609, 610, 611, 612, 614, 618, 620, 622, 623, 624, 626, 629, 631, 632, 634, 635, 637, 638, 639, 641, 644, 645, 646, 648, 650, 651, 652, 653, 655, 656, 657, 659, 661, 662, 663, 665, 666, 667, 670, 671, 673, 676, 678, 680, 683, 684, 685, 690, 691, 692, 694, 696, 698, 701, 702, 704, 705, 708, 714, 715, 716, 717, 718, 720, 722, 723, 724, 725, 726, 728, 730, 731, 732, 733, 737, 740, 742, 744, 749, 750, 751, 752, 753, 754, 756, 757, 758, 759, 761, 762, 765, 769, 770, 771, 772, 774, 779, 785, 786, 787, 788, 790, 795, 796, 797, 800, 804, 805, 807, 808, 815, 818, 821, 822, 826, 827, 828, 830, 831, 833, 839, 841, 842, 845, 849, 851, 852, 854, 855, 856, 862, 864, 866, 869, 870, 875, 876, 877, 878, 880, 882, 885, 888, 889]
[2, 3, 6, 9, 11, 12, 20, 38, 41, 45, 46, 50, 73, 84, 89, 92, 96, 108, 110, 130, 138, 147, 153, 158, 162, 174, 194, 197, 200, 233, 252, 253, 255, 258, 268, 273, 274, 275, 282, 287, 291, 292, 296, 305, 323, 335, 337, 347, 354, 377, 388, 398, 407, 413, 416, 419, 422, 427, 428, 430, 474, 491, 492, 495, 497, 511, 512, 518, 521, 525, 532, 536, 547, 549, 567, 574, 586, 590, 592, 595, 604, 606, 623, 628, 639, 661, 682, 688, 690, 693, 697, 698, 712, 716, 721, 723, 745, 752, 753, 757, 761, 766, 780, 796, 799, 814, 819, 820, 821, 822, 831, 834, 840, 847, 852, 857, 869, 870, 880, 881, 882, 886]

[1, 3, 4, 5, 6, 7, 9, 10, 13, 15, 18, 24, 29, 32, 34, 40, 42, 44, 47, 51, 52, 54, 55, 56, 57, 59, 60, 61, 62, 64, 66, 71, 72, 74, 75, 76, 77, 80, 81, 83, 84, 85, 89, 90, 91, 92, 94, 96, 97, 98, 99, 101, 102, 103, 104, 105, 106, 109, 110, 113, 114, 117, 120, 124, 125, 127, 130, 131, 132, 133, 135, 136, 137, 139, 141, 143, 148, 149, 150, 151, 155, 156, 160, 163, 165, 170, 171, 172, 174, 175, 176, 178, 180, 183, 185, 191, 197, 200, 201, 203, 204, 205, 207, 209, 212, 218, 219, 221, 223, 225, 229, 231, 234, 236, 237, 238, 239, 241, 242, 246, 247, 248, 249, 250, 251, 252, 254, 255, 256, 259, 261, 262, 263, 264, 272, 273, 277, 280, 281, 282, 284, 285, 286, 289, 290, 292, 293, 299, 302, 303, 304, 305, 306, 308, 309, 313, 314, 317, 318, 319, 324, 325, 326, 327, 329, 331, 332, 334, 337, 338, 339, 340, 341, 342, 344, 348, 349, 350, 351, 352, 353, 354, 355, 356, 358, 359, 361, 363, 364, 365, 370, 371, 372, 374, 375, 376, 379, 383, 384, 386, 387, 388, 389, 390, 393, 394, 395, 396, 397, 398, 399, 400, 401, 402, 405, 409, 410, 412, 416, 418, 419, 424, 425, 426, 427, 430, 431, 432, 435, 436, 438, 444, 447, 448, 449, 450, 451, 452, 456, 457, 458, 460, 462, 463, 464, 465, 466, 467, 468, 469, 470, 471, 472, 473, 475, 476, 477, 478, 479, 480, 481, 482, 485, 486, 487, 488, 489, 490, 491, 492, 493, 494, 496, 498, 499, 501, 505, 508, 512, 513, 515, 519, 522, 523, 524, 525, 526, 527, 530, 531, 533, 535, 536, 538, 539, 541, 543, 544, 545, 547, 548, 553, 554, 556, 557, 559, 561, 564, 565, 566, 569, 570, 571, 572, 578, 581, 582, 583, 584, 585, 588, 590, 593, 594, 595, 596, 598, 599, 605, 607, 608, 609, 610, 611, 612, 614, 616, 618, 620, 622, 623, 624, 626, 629, 631, 632, 633, 634, 635, 637, 638, 639, 641, 644, 645, 646, 648, 650, 651, 652, 653, 655, 656, 657, 659, 661, 662, 663, 665, 666, 667, 670, 671, 672, 673, 676, 678, 680, 683, 684, 685, 690, 691, 692, 694, 696, 698, 700, 701, 702, 704, 705, 708, 714, 715, 716, 717, 718, 720, 722, 723, 724, 725, 726, 728, 730, 731, 732, 733, 737, 738, 740, 742, 744, 749, 750, 751, 752, 753, 754, 756, 757, 758, 759, 761, 762, 765, 767, 769, 770, 771, 772, 774, 779, 780, 785, 786, 787, 788, 790, 795, 796, 797, 800, 804, 805, 807, 808, 813, 815, 818, 821, 822, 823, 826, 827, 828, 830, 831, 833, 836, 839, 841, 842, 845, 849, 851, 852, 854, 855, 856, 862, 864, 866, 869, 870, 875, 876, 877, 878, 880, 882, 885, 888, 889]
[2, 3, 6, 9, 11, 12, 20, 38, 41, 45, 46, 50, 73, 84, 89, 92, 96, 108, 110, 130, 138, 147, 153, 158, 162, 174, 194, 197, 200, 233, 252, 253, 255, 258, 268, 273, 274, 275, 282, 287, 291, 292, 296, 305, 323, 335, 337, 347, 354, 377, 388, 398, 407, 413, 416, 419, 422, 427, 428, 430, 474, 491, 492, 495, 497, 511, 512, 518, 521, 525, 532, 536, 547, 549, 567, 574, 586, 590, 592, 595, 604, 606, 623, 628, 639, 661, 682, 688, 690, 693, 697, 698, 712, 716, 721, 723, 745, 752, 753, 757, 761, 766, 780, 796, 799, 814, 819, 820, 821, 822, 831, 834, 840, 847, 852, 857, 869, 870, 880, 881, 882, 886]

[1, 3, 4, 5, 6, 7, 9, 10, 13, 14, 15, 18, 21, 24, 29, 30, 32, 34, 36, 38, 39, 40, 42, 44, 47, 51, 52, 54, 55, 56, 57, 59, 60, 61, 62, 64, 66, 71, 72, 74, 75, 76, 77, 80, 81, 83, 84, 85, 86, 89, 90, 91, 92, 94, 96, 97, 98, 99, 101, 102, 103, 104, 105, 106, 109, 110, 113, 114, 117, 119, 120, 124, 125, 127, 130, 131, 132, 133, 135, 136, 137, 138, 139, 141, 143, 148, 149, 150, 151, 155, 156, 160, 163, 165, 170, 171, 172, 174, 175, 176, 178, 179, 180, 183, 185, 191, 197, 200, 201, 203, 204, 205, 207, 209, 212, 213, 216, 218, 219, 221, 223, 225, 229, 231, 234, 236, 237, 238, 239, 241, 242, 246, 247, 248, 249, 250, 251, 252, 254, 255, 256, 259, 261, 262, 263, 264, 272, 273, 277, 280, 281, 282, 284, 285, 286, 289, 290, 292, 293, 295, 299, 302, 303, 304, 305, 306, 308, 309, 311, 313, 314, 317, 318, 319, 324, 325, 326, 327, 329, 331, 332, 334, 337, 338, 339, 340, 341, 342, 344, 348, 349, 350, 351, 352, 353, 354, 355, 356, 358, 359, 361, 363, 364, 365, 370, 371, 372, 374, 375, 376, 379, 383, 384, 386, 387, 388, 389, 390, 393, 394, 395, 396, 397, 398, 399, 400, 401, 402, 405, 409, 410, 412, 416, 418, 419, 424, 425, 426, 427, 430, 431, 432, 435, 436, 438, 443, 444, 447, 448, 449, 450, 451, 452, 456, 457, 458, 460, 462, 463, 464, 465, 466, 467, 468, 469, 470, 471, 472, 473, 475, 476, 477, 478, 479, 480, 481, 482, 485, 486, 487, 488, 489, 490, 491, 492, 493, 494, 496, 498, 499, 501, 505, 508, 512, 513, 515, 517, 519, 522, 523, 524, 525, 526, 527, 528, 530, 531, 533, 535, 536, 538, 539, 541, 543, 544, 545, 547, 548, 552, 553, 554, 556, 557, 559, 561, 564, 565, 566, 569, 570, 571, 572, 578, 581, 582, 583, 584, 585, 586, 588, 590, 593, 594, 595, 596, 598, 599, 605, 607, 608, 609, 610, 611, 612, 614, 616, 618, 620, 622, 623, 624, 626, 629, 631, 632, 633, 634, 635, 637, 638, 639, 641, 644, 645, 646, 648, 650, 651, 652, 653, 655, 656, 657, 659, 661, 662, 663, 665, 666, 667, 670, 671, 672, 673, 676, 678, 680, 683, 684, 685, 690, 691, 692, 694, 696, 698, 700, 701, 702, 704, 705, 706, 708, 714, 715, 716, 717, 718, 720, 722, 723, 724, 725, 726, 728, 730, 731, 732, 733, 737, 738, 740, 742, 744, 749, 750, 751, 752, 753, 754, 756, 757, 758, 759, 761, 762, 765, 767, 769, 770, 771, 772, 774, 779, 780, 785, 786, 787, 788, 790, 795, 796, 797, 800, 804, 805, 806, 807, 808, 813, 815, 818, 820, 821, 822, 823, 826, 827, 828, 830, 831, 833, 836, 839, 841, 842, 844, 845, 849, 851, 852, 854, 855, 856, 858, 859, 862, 864, 866, 869, 870, 875, 876, 877, 878, 880, 882, 885, 888, 889]
[2, 3, 6, 9, 11, 12, 20, 38, 41, 45, 46, 50, 73, 84, 89, 92, 96, 108, 110, 130, 138, 147, 153, 158, 162, 174, 194, 197, 200, 233, 252, 253, 255, 258, 268, 273, 274, 275, 282, 287, 291, 292, 296, 305, 323, 335, 337, 347, 354, 377, 388, 398, 407, 413, 416, 419, 422, 427, 428, 430, 474, 491, 492, 495, 497, 511, 512, 518, 521, 525, 532, 536, 547, 549, 567, 574, 586, 590, 592, 595, 604, 606, 623, 628, 639, 661, 682, 688, 690, 693, 697, 698, 712, 716, 721, 723, 745, 752, 753, 757, 761, 766, 780, 796, 799, 814, 819, 820, 821, 822, 831, 834, 840, 847, 852, 857, 869, 870, 880, 881, 882, 886]

[1, 3, 4, 5, 6, 7, 9, 10, 13, 14, 15, 18, 21, 22, 24, 29, 30, 32, 34, 36, 38, 39, 40, 42, 44, 47, 51, 52, 54, 55, 56, 57, 59, 60, 61, 62, 64, 66, 71, 72, 74, 75, 76, 77, 80, 81, 83, 84, 85, 86, 88, 89, 90, 91, 92, 94, 96, 97, 98, 99, 101, 102, 103, 104, 105, 106, 109, 110, 113, 114, 117, 119, 120, 124, 125, 127, 130, 131, 132, 133, 135, 136, 137, 138, 139, 141, 143, 144, 148, 149, 150, 151, 155, 156, 160, 163, 165, 170, 171, 172, 174, 175, 176, 178, 179, 180, 183, 185, 191, 197, 200, 201, 203, 204, 205, 207, 209, 212, 213, 216, 217, 218, 219, 221, 223, 224, 225, 229, 231, 234, 236, 237, 238, 239, 241, 242, 245, 246, 247, 248, 249, 250, 251, 252, 254, 255, 256, 259, 261, 262, 263, 264, 272, 273, 277, 280, 281, 282, 284, 285, 286, 289, 290, 292, 293, 295, 296, 297, 299, 302, 303, 304, 305, 306, 308, 309, 310, 311, 312, 313, 314, 317, 318, 319, 324, 325, 326, 327, 328, 329, 331, 332, 333, 334, 337, 338, 339, 340, 341, 342, 344, 348, 349, 350, 351, 352, 353, 354, 355, 356, 358, 359, 361, 363, 364, 365, 367, 370, 371, 372, 374, 375, 376, 379, 383, 384, 386, 387, 388, 389, 390, 393, 394, 395, 396, 397, 398, 399, 400, 401, 402, 405, 409, 410, 412, 416, 418, 419, 424, 425, 426, 427, 430, 431, 432, 435, 436, 438, 443, 444, 447, 448, 449, 450, 451, 452, 456, 457, 458, 460, 462, 463, 464, 465, 466, 467, 468, 469, 470, 471, 472, 473, 475, 476, 477, 478, 479, 480, 481, 482, 485, 486, 487, 488, 489, 490, 491, 492, 493, 494, 496, 498, 499, 501, 505, 508, 509, 511, 512, 513, 515, 517, 519, 522, 523, 524, 525, 526, 527, 528, 530, 531, 533, 535, 536, 538, 539, 541, 543, 544, 545, 547, 548, 552, 553, 554, 555, 556, 557, 559, 561, 564, 565, 566, 567, 569, 570, 571, 572, 578, 581, 582, 583, 584, 585, 586, 588, 590, 593, 594, 595, 596, 598, 599, 603, 605, 607, 608, 609, 610, 611, 612, 613, 614, 616, 618, 620, 622, 623, 624, 626, 629, 631, 632, 633, 634, 635, 637, 638, 639, 641, 644, 645, 646, 648, 650, 651, 652, 653, 655, 656, 657, 659, 661, 662, 663, 665, 666, 667, 669, 670, 671, 672, 673, 676, 678, 680, 681, 683, 684, 685, 687, 690, 691, 692, 694, 696, 698, 700, 701, 702, 704, 705, 706, 708, 714, 715, 716, 717, 718, 719, 720, 722, 723, 724, 725, 726, 728, 730, 731, 732, 733, 737, 738, 740, 742, 744, 745, 749, 750, 751, 752, 753, 754, 756, 757, 758, 759, 761, 762, 765, 767, 769, 770, 771, 772, 774, 779, 780, 785, 786, 787, 788, 790, 795, 796, 797, 800, 804, 805, 806, 807, 808, 813, 815, 818, 820, 821, 822, 823, 826, 827, 828, 830, 831, 833, 836, 839, 841, 842, 844, 845, 849, 851, 852, 854, 855, 856, 858, 859, 862, 864, 866, 867, 869, 870, 875, 876, 877, 878, 880, 882, 885, 888, 889]
[2, 3, 6, 9, 11, 12, 20, 38, 41, 45, 46, 50, 73, 84, 89, 92, 96, 108, 110, 130, 138, 147, 153, 158, 162, 174, 194, 197, 200, 233, 252, 253, 255, 258, 268, 273, 274, 275, 282, 287, 291, 292, 296, 305, 323, 335, 337, 347, 354, 377, 388, 398, 407, 413, 416, 419, 422, 427, 428, 430, 474, 491, 492, 495, 497, 511, 512, 518, 521, 525, 532, 536, 547, 549, 567, 574, 586, 590, 592, 595, 604, 606, 623, 628, 639, 661, 682, 688, 690, 693, 697, 698, 712, 716, 721, 723, 745, 752, 753, 757, 761, 766, 780, 796, 799, 814, 819, 820, 821, 822, 831, 834, 840, 847, 852, 857, 869, 870, 880, 881, 882, 886]

[1, 3, 4, 5, 6, 7, 8, 9, 10, 13, 14, 15, 18, 21, 22, 24, 29, 30, 32, 34, 36, 38, 39, 40, 42, 44, 47, 51, 52, 54, 55, 56, 57, 59, 60, 61, 62, 64, 66, 71, 72, 74, 75, 76, 77, 80, 81, 83, 84, 85, 86, 88, 89, 90, 91, 92, 94, 96, 97, 98, 99, 101, 102, 103, 104, 105, 106, 109, 110, 113, 114, 117, 119, 120, 124, 125, 127, 130, 131, 132, 133, 135, 136, 137, 138, 139, 141, 143, 144, 146, 148, 149, 150, 151, 155, 156, 159, 160, 163, 165, 170, 171, 172, 174, 175, 176, 178, 179, 180, 183, 185, 191, 193, 197, 200, 201, 203, 204, 205, 207, 209, 212, 213, 216, 217, 218, 219, 221, 223, 224, 225, 227, 229, 231, 232, 234, 236, 237, 238, 239, 241, 242, 245, 246, 247, 248, 249, 250, 251, 252, 254, 255, 256, 258, 259, 261, 262, 263, 264, 272, 273, 277, 278, 280, 281, 282, 284, 285, 286, 289, 290, 292, 293, 295, 296, 297, 299, 302, 303, 304, 305, 306, 307, 308, 309, 310, 311, 312, 313, 314, 317, 318, 319, 324, 325, 326, 327, 328, 329, 331, 332, 333, 334, 337, 338, 339, 340, 341, 342, 344, 348, 349, 350, 351, 352, 353, 354, 355, 356, 358, 359, 361, 363, 364, 365, 366, 367, 370, 371, 372, 374, 375, 376, 379, 383, 384, 386, 387, 388, 389, 390, 393, 394, 395, 396, 397, 398, 399, 400, 401, 402, 405, 409, 410, 412, 416, 418, 419, 424, 425, 426, 427, 430, 431, 432, 435, 436, 438, 443, 444, 447, 448, 449, 450, 451, 452, 456, 457, 458, 460, 462, 463, 464, 465, 466, 467, 468, 469, 470, 471, 472, 473, 475, 476, 477, 478, 479, 480, 481, 482, 485, 486, 487, 488, 489, 490, 491, 492, 493, 494, 496, 498, 499, 501, 504, 505, 508, 509, 511, 512, 513, 515, 516, 517, 519, 522, 523, 524, 525, 526, 527, 528, 530, 531, 533, 535, 536, 538, 539, 541, 543, 544, 545, 546, 547, 548, 552, 553, 554, 555, 556, 557, 559, 561, 562, 564, 565, 566, 567, 569, 570, 571, 572, 578, 581, 582, 583, 584, 585, 586, 587, 588, 590, 592, 593, 594, 595, 596, 598, 599, 603, 605, 607, 608, 609, 610, 611, 612, 613, 614, 616, 618, 620, 622, 623, 624, 626, 629, 631, 632, 633, 634, 635, 637, 638, 639, 640, 641, 644, 645, 646, 648, 650, 651, 652, 653, 655, 656, 657, 659, 661, 662, 663, 665, 666, 667, 669, 670, 671, 672, 673, 676, 678, 680, 681, 683, 684, 685, 687, 690, 691, 692, 694, 696, 698, 700, 701, 702, 704, 705, 706, 708, 714, 715, 716, 717, 718, 719, 720, 722, 723, 724, 725, 726, 728, 729, 730, 731, 732, 733, 735, 737, 738, 740, 742, 743, 744, 745, 749, 750, 751, 752, 753, 754, 756, 757, 758, 759, 761, 762, 765, 766, 767, 769, 770, 771, 772, 774, 779, 780, 784, 785, 786, 787, 788, 790, 795, 796, 797, 800, 803, 804, 805, 806, 807, 808, 809, 813, 815, 818, 820, 821, 822, 823, 826, 827, 828, 830, 831, 833, 836, 839, 841, 842, 844, 845, 849, 851, 852, 854, 855, 856, 858, 859, 862, 864, 866, 867, 868, 869, 870, 875, 876, 877, 878, 880, 882, 885, 888, 889]
[2, 3, 6, 9, 11, 12, 20, 38, 41, 45, 46, 50, 73, 84, 89, 92, 96, 108, 110, 130, 138, 147, 153, 158, 162, 174, 194, 197, 200, 233, 252, 253, 255, 258, 268, 273, 274, 275, 282, 287, 291, 292, 296, 305, 323, 335, 337, 347, 354, 377, 388, 398, 407, 413, 416, 419, 422, 427, 428, 430, 474, 491, 492, 495, 497, 511, 512, 518, 521, 525, 532, 536, 547, 549, 567, 574, 586, 590, 592, 595, 604, 606, 623, 628, 639, 661, 682, 688, 690, 693, 697, 698, 712, 716, 721, 723, 745, 752, 753, 757, 761, 766, 780, 796, 799, 814, 819, 820, 821, 822, 831, 834, 840, 847, 852, 857, 869, 870, 880, 881, 882, 886]

[1, 3, 4, 5, 6, 7, 8, 9, 10, 13, 14, 15, 18, 21, 22, 24, 29, 30, 32, 34, 36, 38, 39, 40, 41, 42, 44, 45, 47, 51, 52, 54, 55, 56, 57, 59, 60, 61, 62, 64, 66, 71, 72, 74, 75, 76, 77, 80, 81, 83, 84, 85, 86, 87, 88, 89, 90, 91, 92, 94, 96, 97, 98, 99, 101, 102, 103, 104, 105, 106, 109, 110, 113, 114, 115, 117, 119, 120, 124, 125, 127, 130, 131, 132, 133, 135, 136, 137, 138, 139, 141, 143, 144, 146, 148, 149, 150, 151, 154, 155, 156, 159, 160, 163, 165, 170, 171, 172, 174, 175, 176, 178, 179, 180, 182, 183, 185, 191, 192, 193, 195, 197, 200, 201, 203, 204, 205, 207, 208, 209, 212, 213, 216, 217, 218, 219, 221, 223, 224, 225, 227, 229, 231, 232, 234, 236, 237, 238, 239, 241, 242, 243, 245, 246, 247, 248, 249, 250, 251, 252, 254, 255, 256, 258, 259, 261, 262, 263, 264, 272, 273, 277, 278, 280, 281, 282, 284, 285, 286, 289, 290, 291, 292, 293, 295, 296, 297, 299, 302, 303, 304, 305, 306, 307, 308, 309, 310, 311, 312, 313, 314, 317, 318, 319, 324, 325, 326, 327, 328, 329, 331, 332, 333, 334, 337, 338, 339, 340, 341, 342, 344, 348, 349, 350, 351, 352, 353, 354, 355, 356, 358, 359, 361, 362, 363, 364, 365, 366, 367, 370, 371, 372, 374, 375, 376, 379, 383, 384, 386, 387, 388, 389, 390, 393, 394, 395, 396, 397, 398, 399, 400, 401, 402, 405, 409, 410, 412, 415, 416, 418, 419, 423, 424, 425, 426, 427, 430, 431, 432, 435, 436, 438, 443, 444, 447, 448, 449, 450, 451, 452, 456, 457, 458, 460, 462, 463, 464, 465, 466, 467, 468, 469, 470, 471, 472, 473, 475, 476, 477, 478, 479, 480, 481, 482, 485, 486, 487, 488, 489, 490, 491, 492, 493, 494, 496, 498, 499, 501, 504, 505, 508, 509, 511, 512, 513, 515, 516, 517, 519, 522, 523, 524, 525, 526, 527, 528, 530, 531, 533, 534, 535, 536, 538, 539, 541, 543, 544, 545, 546, 547, 548, 552, 553, 554, 555, 556, 557, 559, 561, 562, 564, 565, 566, 567, 569, 570, 571, 572, 578, 581, 582, 583, 584, 585, 586, 587, 588, 590, 592, 593, 594, 595, 596, 598, 599, 603, 605, 607, 608, 609, 610, 611, 612, 613, 614, 616, 618, 620, 622, 623, 624, 626, 627, 629, 631, 632, 633, 634, 635, 637, 638, 639, 640, 641, 644, 645, 646, 648, 650, 651, 652, 653, 655, 656, 657, 659, 661, 662, 663, 665, 666, 667, 669, 670, 671, 672, 673, 676, 678, 680, 681, 683, 684, 685, 687, 690, 691, 692, 694, 696, 697, 698, 700, 701, 702, 704, 705, 706, 708, 711, 714, 715, 716, 717, 718, 719, 720, 722, 723, 724, 725, 726, 728, 729, 730, 731, 732, 733, 735, 737, 738, 740, 742, 743, 744, 745, 746, 749, 750, 751, 752, 753, 754, 756, 757, 758, 759, 761, 762, 765, 766, 767, 769, 770, 771, 772, 774, 778, 779, 780, 781, 784, 785, 786, 787, 788, 790, 795, 796, 797, 800, 802, 803, 804, 805, 806, 807, 808, 809, 813, 815, 818, 820, 821, 822, 823, 826, 827, 828, 830, 831, 833, 836, 839, 841, 842, 844, 845, 849, 851, 852, 854, 855, 856, 857, 858, 859, 862, 864, 865, 866, 867, 868, 869, 870, 874, 875, 876, 877, 878, 880, 882, 885, 888, 889]
[2, 3, 6, 9, 11, 12, 20, 38, 41, 45, 46, 50, 73, 84, 89, 92, 96, 108, 110, 130, 138, 147, 153, 158, 162, 174, 194, 197, 200, 233, 252, 253, 255, 258, 268, 273, 274, 275, 282, 287, 291, 292, 296, 305, 323, 335, 337, 347, 354, 377, 388, 398, 407, 413, 416, 419, 422, 427, 428, 430, 474, 491, 492, 495, 497, 511, 512, 518, 521, 525, 532, 536, 547, 549, 567, 574, 586, 590, 592, 595, 604, 606, 623, 628, 639, 661, 682, 688, 690, 693, 697, 698, 712, 716, 721, 723, 745, 752, 753, 757, 761, 766, 780, 796, 799, 814, 819, 820, 821, 822, 831, 834, 840, 847, 852, 857, 869, 870, 880, 881, 882, 886]

[1, 3, 4, 5, 6, 7, 8, 9, 10, 13, 14, 15, 18, 21, 22, 24, 29, 30, 32, 34, 36, 38, 39, 40, 41, 42, 44, 45, 47, 51, 52, 54, 55, 56, 57, 59, 60, 61, 62, 64, 66, 71, 72, 74, 75, 76, 77, 80, 81, 83, 84, 85, 86, 87, 88, 89, 90, 91, 92, 94, 96, 97, 98, 99, 101, 102, 103, 104, 105, 106, 109, 110, 113, 114, 115, 117, 119, 120, 124, 125, 127, 130, 131, 132, 133, 135, 136, 137, 138, 139, 141, 143, 144, 146, 148, 149, 150, 151, 154, 155, 156, 159, 160, 162, 163, 165, 170, 171, 172, 174, 175, 176, 178, 179, 180, 182, 183, 185, 186, 191, 192, 193, 195, 197, 200, 201, 203, 204, 205, 207, 208, 209, 212, 213, 214, 216, 217, 218, 219, 221, 223, 224, 225, 226, 227, 229, 231, 232, 234, 236, 237, 238, 239, 241, 242, 243, 245, 246, 247, 248, 249, 250, 251, 252, 254, 255, 256, 258, 259, 261, 262, 263, 264, 265, 272, 273, 277, 278, 280, 281, 282, 284, 285, 286, 288, 289, 290, 291, 292, 293, 295, 296, 297, 299, 302, 303, 304, 305, 306, 307, 308, 309, 310, 311, 312, 313, 314, 317, 318, 319, 324, 325, 326, 327, 328, 329, 331, 332, 333, 334, 337, 338, 339, 340, 341, 342, 344, 347, 348, 349, 350, 351, 352, 353, 354, 355, 356, 358, 359, 361, 362, 363, 364, 365, 366, 367, 370, 371, 372, 374, 375, 376, 379, 383, 384, 386, 387, 388, 389, 390, 393, 394, 395, 396, 397, 398, 399, 400, 401, 402, 405, 409, 410, 412, 413, 415, 416, 418, 419, 423, 424, 425, 426, 427, 430, 431, 432, 435, 436, 438, 443, 444, 447, 448, 449, 450, 451, 452, 453, 454, 456, 457, 458, 460, 462, 463, 464, 465, 466, 467, 468, 469, 470, 471, 472, 473, 474, 475, 476, 477, 478, 479, 480, 481, 482, 485, 486, 487, 488, 489, 490, 491, 492, 493, 494, 496, 498, 499, 501, 504, 505, 508, 509, 511, 512, 513, 515, 516, 517, 519, 522, 523, 524, 525, 526, 527, 528, 529, 530, 531, 533, 534, 535, 536, 538, 539, 541, 543, 544, 545, 546, 547, 548, 552, 553, 554, 555, 556, 557, 559, 561, 562, 564, 565, 566, 567, 569, 570, 571, 572, 578, 581, 582, 583, 584, 585, 586, 587, 588, 590, 592, 593, 594, 595, 596, 598, 599, 603, 605, 607, 608, 609, 610, 611, 612, 613, 614, 616, 618, 620, 622, 623, 624, 626, 627, 629, 631, 632, 633, 634, 635, 636, 637, 638, 639, 640, 641, 644, 645, 646, 648, 649, 650, 651, 652, 653, 655, 656, 657, 659, 661, 662, 663, 665, 666, 667, 668, 669, 670, 671, 672, 673, 676, 678, 680, 681, 683, 684, 685, 687, 688, 690, 691, 692, 694, 696, 697, 698, 700, 701, 702, 703, 704, 705, 706, 708, 711, 714, 715, 716, 717, 718, 719, 720, 722, 723, 724, 725, 726, 728, 729, 730, 731, 732, 733, 735, 737, 738, 740, 742, 743, 744, 745, 746, 748, 749, 750, 751, 752, 753, 754, 756, 757, 758, 759, 761, 762, 765, 766, 767, 769, 770, 771, 772, 773, 774, 778, 779, 780, 781, 784, 785, 786, 787, 788, 790, 791, 795, 796, 797, 800, 802, 803, 804, 805, 806, 807, 808, 809, 813, 815, 817, 818, 820, 821, 822, 823, 826, 827, 828, 829, 830, 831, 832, 833, 836, 839, 841, 842, 844, 845, 846, 849, 851, 852, 854, 855, 856, 857, 858, 859, 862, 864, 865, 866, 867, 868, 869, 870, 874, 875, 876, 877, 878, 880, 882, 885, 887, 888, 889]
[2, 3, 6, 9, 11, 12, 20, 38, 41, 45, 46, 50, 73, 84, 89, 92, 96, 108, 110, 130, 138, 147, 153, 158, 162, 174, 194, 197, 200, 233, 252, 253, 255, 258, 268, 273, 274, 275, 282, 287, 291, 292, 296, 305, 323, 335, 337, 347, 354, 377, 388, 398, 407, 413, 416, 419, 422, 427, 428, 430, 474, 491, 492, 495, 497, 511, 512, 518, 521, 525, 532, 536, 547, 549, 567, 574, 586, 590, 592, 595, 604, 606, 623, 628, 639, 661, 682, 688, 690, 693, 697, 698, 712, 716, 721, 723, 745, 752, 753, 757, 761, 766, 780, 796, 799, 814, 819, 820, 821, 822, 831, 834, 840, 847, 852, 857, 869, 870, 880, 881, 882, 886]

[1, 3, 4, 5, 6, 7, 8, 9, 10, 13, 14, 15, 18, 21, 22, 24, 27, 29, 30, 32, 34, 36, 38, 39, 40, 41, 42, 44, 45, 47, 51, 52, 54, 55, 56, 57, 59, 60, 61, 62, 64, 66, 71, 72, 74, 75, 76, 77, 78, 80, 81, 83, 84, 85, 86, 87, 88, 89, 90, 91, 92, 94, 96, 97, 98, 99, 101, 102, 103, 104, 105, 106, 109, 110, 113, 114, 115, 117, 118, 119, 120, 124, 125, 127, 130, 131, 132, 133, 135, 136, 137, 138, 139, 141, 143, 144, 146, 148, 149, 150, 151, 154, 155, 156, 159, 160, 162, 163, 165, 170, 171, 172, 174, 175, 176, 178, 179, 180, 181, 182, 183, 185, 186, 187, 191, 192, 193, 195, 197, 200, 201, 202, 203, 204, 205, 207, 208, 209, 212, 213, 214, 216, 217, 218, 219, 221, 223, 224, 225, 226, 227, 229, 231, 232, 234, 236, 237, 238, 239, 241, 242, 243, 245, 246, 247, 248, 249, 250, 251, 252, 254, 255, 256, 258, 259, 261, 262, 263, 264, 265, 271, 272, 273, 277, 278, 280, 281, 282, 284, 285, 286, 288, 289, 290, 291, 292, 293, 295, 296, 297, 299, 302, 303, 304, 305, 306, 307, 308, 309, 310, 311, 312, 313, 314, 317, 318, 319, 323, 324, 325, 326, 327, 328, 329, 331, 332, 333, 334, 337, 338, 339, 340, 341, 342, 344, 346, 347, 348, 349, 350, 351, 352, 353, 354, 355, 356, 358, 359, 361, 362, 363, 364, 365, 366, 367, 370, 371, 372, 374, 375, 376, 378, 379, 383, 384, 386, 387, 388, 389, 390, 393, 394, 395, 396, 397, 398, 399, 400, 401, 402, 405, 409, 410, 412, 413, 415, 416, 417, 418, 419, 421, 423, 424, 425, 426, 427, 430, 431, 432, 435, 436, 437, 438, 440, 443, 444, 447, 448, 449, 450, 451, 452, 453, 454, 456, 457, 458, 460, 462, 463, 464, 465, 466, 467, 468, 469, 470, 471, 472, 473, 474, 475, 476, 477, 478, 479, 480, 481, 482, 485, 486, 487, 488, 489, 490, 491, 492, 493, 494, 496, 498, 499, 501, 504, 505, 508, 509, 511, 512, 513, 515, 516, 517, 519, 522, 523, 524, 525, 526, 527, 528, 529, 530, 531, 533, 534, 535, 536, 538, 539, 541, 543, 544, 545, 546, 547, 548, 552, 553, 554, 555, 556, 557, 559, 561, 562, 564, 565, 566, 567, 569, 570, 571, 572, 578, 581, 582, 583, 584, 585, 586, 587, 588, 590, 592, 593, 594, 595, 596, 598, 599, 602, 603, 605, 607, 608, 609, 610, 611, 612, 613, 614, 616, 618, 620, 622, 623, 624, 626, 627, 629, 631, 632, 633, 634, 635, 636, 637, 638, 639, 640, 641, 642, 644, 645, 646, 648, 649, 650, 651, 652, 653, 655, 656, 657, 659, 661, 662, 663, 665, 666, 667, 668, 669, 670, 671, 672, 673, 676, 678, 680, 681, 683, 684, 685, 687, 688, 690, 691, 692, 693, 694, 696, 697, 698, 700, 701, 702, 703, 704, 705, 706, 708, 709, 711, 712, 713, 714, 715, 716, 717, 718, 719, 720, 722, 723, 724, 725, 726, 728, 729, 730, 731, 732, 733, 735, 737, 738, 740, 741, 742, 743, 744, 745, 746, 748, 749, 750, 751, 752, 753, 754, 756, 757, 758, 759, 761, 762, 765, 766, 767, 769, 770, 771, 772, 773, 774, 777, 778, 779, 780, 781, 784, 785, 786, 787, 788, 790, 791, 794, 795, 796, 797, 800, 802, 803, 804, 805, 806, 807, 808, 809, 813, 815, 817, 818, 820, 821, 822, 823, 826, 827, 828, 829, 830, 831, 832, 833, 836, 839, 841, 842, 844, 845, 846, 848, 849, 851, 852, 854, 855, 856, 857, 858, 859, 862, 864, 865, 866, 867, 868, 869, 870, 874, 875, 876, 877, 878, 880, 882, 883, 885, 887, 888, 889]
[2, 3, 6, 9, 11, 12, 20, 38, 41, 45, 46, 50, 73, 84, 89, 92, 96, 108, 110, 130, 138, 147, 153, 158, 162, 174, 194, 197, 200, 233, 252, 253, 255, 258, 268, 273, 274, 275, 282, 287, 291, 292, 296, 305, 323, 335, 337, 347, 354, 377, 388, 398, 407, 413, 416, 419, 422, 427, 428, 430, 474, 491, 492, 495, 497, 511, 512, 518, 521, 525, 532, 536, 547, 549, 567, 574, 586, 590, 592, 595, 604, 606, 623, 628, 639, 661, 682, 688, 690, 693, 697, 698, 712, 716, 721, 723, 745, 752, 753, 757, 761, 766, 780, 796, 799, 814, 819, 820, 821, 822, 831, 834, 840, 847, 852, 857, 869, 870, 880, 881, 882, 886]

[1, 3, 4, 5, 6, 7, 8, 9, 10, 13, 14, 15, 18, 21, 22, 24, 25, 27, 29, 30, 32, 34, 36, 38, 39, 40, 41, 42, 44, 45, 47, 49, 51, 52, 53, 54, 55, 56, 57, 59, 60, 61, 62, 64, 66, 71, 72, 74, 75, 76, 77, 78, 80, 81, 83, 84, 85, 86, 87, 88, 89, 90, 91, 92, 94, 96, 97, 98, 99, 101, 102, 103, 104, 105, 106, 109, 110, 113, 114, 115, 117, 118, 119, 120, 122, 124, 125, 127, 130, 131, 132, 133, 135, 136, 137, 138, 139, 141, 143, 144, 146, 148, 149, 150, 151, 154, 155, 156, 159, 160, 162, 163, 165, 170, 171, 172, 174, 175, 176, 178, 179, 180, 181, 182, 183, 185, 186, 187, 191, 192, 193, 195, 197, 200, 201, 202, 203, 204, 205, 207, 208, 209, 211, 212, 213, 214, 215, 216, 217, 218, 219, 221, 223, 224, 225, 226, 227, 229, 231, 232, 234, 236, 237, 238, 239, 241, 242, 243, 245, 246, 247, 248, 249, 250, 251, 252, 254, 255, 256, 258, 259, 260, 261, 262, 263, 264, 265, 266, 271, 272, 273, 277, 278, 280, 281, 282, 284, 285, 286, 288, 289, 290, 291, 292, 293, 294, 295, 296, 297, 299, 302, 303, 304, 305, 306, 307, 308, 309, 310, 311, 312, 313, 314, 317, 318, 319, 320, 323, 324, 325, 326, 327, 328, 329, 331, 332, 333, 334, 337, 338, 339, 340, 341, 342, 344, 346, 347, 348, 349, 350, 351, 352, 353, 354, 355, 356, 358, 359, 361, 362, 363, 364, 365, 366, 367, 370, 371, 372, 374, 375, 376, 378, 379, 382, 383, 384, 386, 387, 388, 389, 390, 393, 394, 395, 396, 397, 398, 399, 400, 401, 402, 405, 409, 410, 412, 413, 415, 416, 417, 418, 419, 421, 423, 424, 425, 426, 427, 430, 431, 432, 433, 435, 436, 437, 438, 440, 443, 444, 447, 448, 449, 450, 451, 452, 453, 454, 456, 457, 458, 460, 462, 463, 464, 465, 466, 467, 468, 469, 470, 471, 472, 473, 474, 475, 476, 477, 478, 479, 480, 481, 482, 485, 486, 487, 488, 489, 490, 491, 492, 493, 494, 496, 498, 499, 501, 504, 505, 507, 508, 509, 511, 512, 513, 515, 516, 517, 519, 521, 522, 523, 524, 525, 526, 527, 528, 529, 530, 531, 533, 534, 535, 536, 538, 539, 541, 543, 544, 545, 546, 547, 548, 550, 552, 553, 554, 555, 556, 557, 559, 561, 562, 564, 565, 566, 567, 569, 570, 571, 572, 573, 578, 579, 581, 582, 583, 584, 585, 586, 587, 588, 590, 592, 593, 594, 595, 596, 598, 599, 602, 603, 605, 607, 608, 609, 610, 611, 612, 613, 614, 616, 618, 620, 622, 623, 624, 626, 627, 629, 631, 632, 633, 634, 635, 636, 637, 638, 639, 640, 641, 642, 644, 645, 646, 648, 649, 650, 651, 652, 653, 654, 655, 656, 657, 659, 661, 662, 663, 665, 666, 667, 668, 669, 670, 671, 672, 673, 674, 676, 678, 680, 681, 682, 683, 684, 685, 687, 688, 690, 691, 692, 693, 694, 696, 697, 698, 700, 701, 702, 703, 704, 705, 706, 708, 709, 711, 712, 713, 714, 715, 716, 717, 718, 719, 720, 722, 723, 724, 725, 726, 728, 729, 730, 731, 732, 733, 734, 735, 737, 738, 740, 741, 742, 743, 744, 745, 746, 748, 749, 750, 751, 752, 753, 754, 756, 757, 758, 759, 761, 762, 765, 766, 767, 769, 770, 771, 772, 773, 774, 775, 777, 778, 779, 780, 781, 784, 785, 786, 787, 788, 790, 791, 794, 795, 796, 797, 800, 802, 803, 804, 805, 806, 807, 808, 809, 813, 815, 816, 817, 818, 819, 820, 821, 822, 823, 826, 827, 828, 829, 830, 831, 832, 833, 836, 839, 841, 842, 844, 845, 846, 848, 849, 851, 852, 854, 855, 856, 857, 858, 859, 862, 864, 865, 866, 867, 868, 869, 870, 873, 874, 875, 876, 877, 878, 880, 882, 883, 885, 887, 888, 889]
[2, 3, 6, 9, 11, 12, 20, 38, 41, 45, 46, 50, 73, 84, 89, 92, 96, 108, 110, 130, 138, 147, 153, 158, 162, 174, 194, 197, 200, 233, 252, 253, 255, 258, 268, 273, 274, 275, 282, 287, 291, 292, 296, 305, 323, 335, 337, 347, 354, 377, 388, 398, 407, 413, 416, 419, 422, 427, 428, 430, 474, 491, 492, 495, 497, 511, 512, 518, 521, 525, 532, 536, 547, 549, 567, 574, 586, 590, 592, 595, 604, 606, 623, 628, 639, 661, 682, 688, 690, 693, 697, 698, 712, 716, 721, 723, 745, 752, 753, 757, 761, 766, 780, 796, 799, 814, 819, 820, 821, 822, 831, 834, 840, 847, 852, 857, 869, 870, 880, 881, 882, 886]

[1, 3, 4, 5, 6, 7, 8, 9, 10, 13, 14, 15, 18, 21, 22, 24, 25, 27, 29, 30, 32, 34, 36, 38, 39, 40, 41, 42, 44, 45, 47, 49, 51, 52, 53, 54, 55, 56, 57, 59, 60, 61, 62, 64, 66, 70, 71, 72, 74, 75, 76, 77, 78, 80, 81, 82, 83, 84, 85, 86, 87, 88, 89, 90, 91, 92, 94, 96, 97, 98, 99, 101, 102, 103, 104, 105, 106, 109, 110, 111, 113, 114, 115, 117, 118, 119, 120, 122, 124, 125, 127, 130, 131, 132, 133, 135, 136, 137, 138, 139, 141, 143, 144, 146, 148, 149, 150, 151, 154, 155, 156, 159, 160, 162, 163, 165, 168, 169, 170, 171, 172, 173, 174, 175, 176, 178, 179, 180, 181, 182, 183, 185, 186, 187, 191, 192, 193, 195, 197, 199, 200, 201, 202, 203, 204, 205, 206, 207, 208, 209, 211, 212, 213, 214, 215, 216, 217, 218, 219, 221, 223, 224, 225, 226, 227, 229, 231, 232, 234, 236, 237, 238, 239, 241, 242, 243, 245, 246, 247, 248, 249, 250, 251, 252, 254, 255, 256, 258, 259, 260, 261, 262, 263, 264, 265, 266, 267, 271, 272, 273, 276, 277, 278, 280, 281, 282, 283, 284, 285, 286, 288, 289, 290, 291, 292, 293, 294, 295, 296, 297, 299, 302, 303, 304, 305, 306, 307, 308, 309, 310, 311, 312, 313, 314, 316, 317, 318, 319, 320, 323, 324, 325, 326, 327, 328, 329, 331, 332, 333, 334, 337, 338, 339, 340, 341, 342, 344, 346, 347, 348, 349, 350, 351, 352, 353, 354, 355, 356, 358, 359, 361, 362, 363, 364, 365, 366, 367, 370, 371, 372, 374, 375, 376, 378, 379, 382, 383, 384, 386, 387, 388, 389, 390, 393, 394, 395, 396, 397, 398, 399, 400, 401, 402, 405, 407, 409, 410, 412, 413, 415, 416, 417, 418, 419, 421, 423, 424, 425, 426, 427, 430, 431, 432, 433, 435, 436, 437, 438, 440, 443, 444, 446, 447, 448, 449, 450, 451, 452, 453, 454, 456, 457, 458, 460, 462, 463, 464, 465, 466, 467, 468, 469, 470, 471, 472, 473, 474, 475, 476, 477, 478, 479, 480, 481, 482, 485, 486, 487, 488, 489, 490, 491, 492, 493, 494, 496, 498, 499, 501, 504, 505, 507, 508, 509, 511, 512, 513, 515, 516, 517, 519, 520, 521, 522, 523, 524, 525, 526, 527, 528, 529, 530, 531, 533, 534, 535, 536, 538, 539, 541, 543, 544, 545, 546, 547, 548, 550, 552, 553, 554, 555, 556, 557, 558, 559, 561, 562, 564, 565, 566, 567, 569, 570, 571, 572, 573, 578, 579, 581, 582, 583, 584, 585, 586, 587, 588, 590, 592, 593, 594, 595, 596, 598, 599, 602, 603, 605, 607, 608, 609, 610, 611, 612, 613, 614, 616, 618, 619, 620, 622, 623, 624, 626, 627, 629, 631, 632, 633, 634, 635, 636, 637, 638, 639, 640, 641, 642, 644, 645, 646, 647, 648, 649, 650, 651, 652, 653, 654, 655, 656, 657, 658, 659, 661, 662, 663, 665, 666, 667, 668, 669, 670, 671, 672, 673, 674, 676, 678, 680, 681, 682, 683, 684, 685, 687, 688, 690, 691, 692, 693, 694, 695, 696, 697, 698, 700, 701, 702, 703, 704, 705, 706, 708, 709, 711, 712, 713, 714, 715, 716, 717, 718, 719, 720, 722, 723, 724, 725, 726, 728, 729, 730, 731, 732, 733, 734, 735, 737, 738, 740, 741, 742, 743, 744, 745, 746, 748, 749, 750, 751, 752, 753, 754, 756, 757, 758, 759, 761, 762, 765, 766, 767, 769, 770, 771, 772, 773, 774, 775, 777, 778, 779, 780, 781, 784, 785, 786, 787, 788, 789, 790, 791, 794, 795, 796, 797, 800, 802, 803, 804, 805, 806, 807, 808, 809, 810, 813, 815, 816, 817, 818, 819, 820, 821, 822, 823, 825, 826, 827, 828, 829, 830, 831, 832, 833, 834, 836, 838, 839, 841, 842, 844, 845, 846, 848, 849, 851, 852, 854, 855, 856, 857, 858, 859, 862, 864, 865, 866, 867, 868, 869, 870, 873, 874, 875, 876, 877, 878, 880, 882, 883, 885, 887, 888, 889]
[2, 3, 6, 9, 11, 12, 20, 38, 41, 45, 46, 50, 73, 84, 89, 92, 96, 108, 110, 130, 138, 147, 153, 158, 162, 174, 194, 197, 200, 233, 252, 253, 255, 258, 268, 273, 274, 275, 282, 287, 291, 292, 296, 305, 323, 335, 337, 347, 354, 377, 388, 398, 407, 413, 416, 419, 422, 427, 428, 430, 474, 491, 492, 495, 497, 511, 512, 518, 521, 525, 532, 536, 547, 549, 567, 574, 586, 590, 592, 595, 604, 606, 623, 628, 639, 661, 682, 688, 690, 693, 697, 698, 712, 716, 721, 723, 745, 752, 753, 757, 761, 766, 780, 796, 799, 814, 819, 820, 821, 822, 831, 834, 840, 847, 852, 857, 869, 870, 880, 881, 882, 886]

[1, 3, 4, 5, 6, 7, 8, 9, 10, 11, 13, 14, 15, 18, 21, 22, 24, 25, 27, 29, 30, 32, 34, 36, 38, 39, 40, 41, 42, 44, 45, 47, 49, 51, 52, 53, 54, 55, 56, 57, 59, 60, 61, 62, 64, 66, 67, 70, 71, 72, 74, 75, 76, 77, 78, 80, 81, 82, 83, 84, 85, 86, 87, 88, 89, 90, 91, 92, 94, 96, 97, 98, 99, 101, 102, 103, 104, 105, 106, 109, 110, 111, 113, 114, 115, 117, 118, 119, 120, 122, 124, 125, 127, 130, 131, 132, 133, 135, 136, 137, 138, 139, 141, 143, 144, 145, 146, 148, 149, 150, 151, 154, 155, 156, 159, 160, 162, 163, 165, 167, 168, 169, 170, 171, 172, 173, 174, 175, 176, 178, 179, 180, 181, 182, 183, 185, 186, 187, 191, 192, 193, 194, 195, 197, 199, 200, 201, 202, 203, 204, 205, 206, 207, 208, 209, 211, 212, 213, 214, 215, 216, 217, 218, 219, 221, 223, 224, 225, 226, 227, 228, 229, 231, 232, 234, 236, 237, 238, 239, 241, 242, 243, 245, 246, 247, 248, 249, 250, 251, 252, 254, 255, 256, 258, 259, 260, 261, 262, 263, 264, 265, 266, 267, 271, 272, 273, 276, 277, 278, 280, 281, 282, 283, 284, 285, 286, 288, 289, 290, 291, 292, 293, 294, 295, 296, 297, 299, 300, 302, 303, 304, 305, 306, 307, 308, 309, 310, 311, 312, 313, 314, 316, 317, 318, 319, 320, 323, 324, 325, 326, 327, 328, 329, 331, 332, 333, 334, 335, 337, 338, 339, 340, 341, 342, 344, 346, 347, 348, 349, 350, 351, 352, 353, 354, 355, 356, 358, 359, 361, 362, 363, 364, 365, 366, 367, 370, 371, 372, 374, 375, 376, 378, 379, 381, 382, 383, 384, 385, 386, 387, 388, 389, 390, 393, 394, 395, 396, 397, 398, 399, 400, 401, 402, 405, 407, 409, 410, 411, 412, 413, 415, 416, 417, 418, 419, 421, 422, 423, 424, 425, 426, 427, 430, 431, 432, 433, 435, 436, 437, 438, 440, 443, 444, 446, 447, 448, 449, 450, 451, 452, 453, 454, 456, 457, 458, 460, 462, 463, 464, 465, 466, 467, 468, 469, 470, 471, 472, 473, 474, 475, 476, 477, 478, 479, 480, 481, 482, 485, 486, 487, 488, 489, 490, 491, 492, 493, 494, 496, 498, 499, 501, 504, 505, 507, 508, 509, 511, 512, 513, 515, 516, 517, 519, 520, 521, 522, 523, 524, 525, 526, 527, 528, 529, 530, 531, 533, 534, 535, 536, 538, 539, 540, 541, 543, 544, 545, 546, 547, 548, 550, 552, 553, 554, 555, 556, 557, 558, 559, 561, 562, 564, 565, 566, 567, 569, 570, 571, 572, 573, 578, 579, 581, 582, 583, 584, 585, 586, 587, 588, 590, 592, 593, 594, 595, 596, 597, 598, 599, 602, 603, 604, 605, 607, 608, 609, 610, 611, 612, 613, 614, 615, 616, 618, 619, 620, 622, 623, 624, 625, 626, 627, 629, 631, 632, 633, 634, 635, 636, 637, 638, 639, 640, 641, 642, 644, 645, 646, 647, 648, 649, 650, 651, 652, 653, 654, 655, 656, 657, 658, 659, 660, 661, 662, 663, 665, 666, 667, 668, 669, 670, 671, 672, 673, 674, 676, 678, 680, 681, 682, 683, 684, 685, 687, 688, 690, 691, 692, 693, 694, 695, 696, 697, 698, 700, 701, 702, 703, 704, 705, 706, 708, 709, 710, 711, 712, 713, 714, 715, 716, 717, 718, 719, 720, 722, 723, 724, 725, 726, 728, 729, 730, 731, 732, 733, 734, 735, 736, 737, 738, 740, 741, 742, 743, 744, 745, 746, 748, 749, 750, 751, 752, 753, 754, 756, 757, 758, 759, 761, 762, 765, 766, 767, 769, 770, 771, 772, 773, 774, 775, 777, 778, 779, 780, 781, 784, 785, 786, 787, 788, 789, 790, 791, 794, 795, 796, 797, 798, 800, 802, 803, 804, 805, 806, 807, 808, 809, 810, 811, 813, 815, 816, 817, 818, 819, 820, 821, 822, 823, 824, 825, 826, 827, 828, 829, 830, 831, 832, 833, 834, 836, 838, 839, 840, 841, 842, 844, 845, 846, 848, 849, 851, 852, 854, 855, 856, 857, 858, 859, 862, 864, 865, 866, 867, 868, 869, 870, 873, 874, 875, 876, 877, 878, 880, 882, 883, 884, 885, 887, 888, 889]
[2, 3, 6, 9, 11, 12, 20, 38, 41, 45, 46, 50, 73, 84, 89, 92, 96, 108, 110, 130, 138, 147, 153, 158, 162, 174, 194, 197, 200, 233, 252, 253, 255, 258, 268, 273, 274, 275, 282, 287, 291, 292, 296, 305, 323, 335, 337, 347, 354, 377, 388, 398, 407, 413, 416, 419, 422, 427, 428, 430, 474, 491, 492, 495, 497, 511, 512, 518, 521, 525, 532, 536, 547, 549, 567, 574, 586, 590, 592, 595, 604, 606, 623, 628, 639, 661, 682, 688, 690, 693, 697, 698, 712, 716, 721, 723, 745, 752, 753, 757, 761, 766, 780, 796, 799, 814, 819, 820, 821, 822, 831, 834, 840, 847, 852, 857, 869, 870, 880, 881, 882, 886]

[1, 3, 4, 5, 6, 7, 8, 9, 10, 11, 13, 14, 15, 18, 21, 22, 23, 24, 25, 27, 29, 30, 32, 34, 36, 38, 39, 40, 41, 42, 44, 45, 47, 49, 51, 52, 53, 54, 55, 56, 57, 59, 60, 61, 62, 64, 66, 67, 70, 71, 72, 74, 75, 76, 77, 78, 80, 81, 82, 83, 84, 85, 86, 87, 88, 89, 90, 91, 92, 94, 96, 97, 98, 99, 101, 102, 103, 104, 105, 106, 108, 109, 110, 111, 113, 114, 115, 117, 118, 119, 120, 122, 124, 125, 127, 130, 131, 132, 133, 135, 136, 137, 138, 139, 141, 143, 144, 145, 146, 148, 149, 150, 151, 154, 155, 156, 158, 159, 160, 162, 163, 165, 166, 167, 168, 169, 170, 171, 172, 173, 174, 175, 176, 178, 179, 180, 181, 182, 183, 185, 186, 187, 191, 192, 193, 194, 195, 197, 199, 200, 201, 202, 203, 204, 205, 206, 207, 208, 209, 211, 212, 213, 214, 215, 216, 217, 218, 219, 221, 223, 224, 225, 226, 227, 228, 229, 231, 232, 234, 236, 237, 238, 239, 241, 242, 243, 245, 246, 247, 248, 249, 250, 251, 252, 254, 255, 256, 258, 259, 260, 261, 262, 263, 264, 265, 266, 267, 271, 272, 273, 276, 277, 278, 280, 281, 282, 283, 284, 285, 286, 288, 289, 290, 291, 292, 293, 294, 295, 296, 297, 299, 300, 302, 303, 304, 305, 306, 307, 308, 309, 310, 311, 312, 313, 314, 316, 317, 318, 319, 320, 322, 323, 324, 325, 326, 327, 328, 329, 331, 332, 333, 334, 335, 337, 338, 339, 340, 341, 342, 344, 345, 346, 347, 348, 349, 350, 351, 352, 353, 354, 355, 356, 358, 359, 361, 362, 363, 364, 365, 366, 367, 370, 371, 372, 373, 374, 375, 376, 378, 379, 381, 382, 383, 384, 385, 386, 387, 388, 389, 390, 392, 393, 394, 395, 396, 397, 398, 399, 400, 401, 402, 405, 407, 409, 410, 411, 412, 413, 415, 416, 417, 418, 419, 421, 422, 423, 424, 425, 426, 427, 430, 431, 432, 433, 435, 436, 437, 438, 440, 441, 443, 444, 446, 447, 448, 449, 450, 451, 452, 453, 454, 455, 456, 457, 458, 460, 462, 463, 464, 465, 466, 467, 468, 469, 470, 471, 472, 473, 474, 475, 476, 477, 478, 479, 480, 481, 482, 485, 486, 487, 488, 489, 490, 491, 492, 493, 494, 496, 498, 499, 501, 504, 505, 507, 508, 509, 510, 511, 512, 513, 514, 515, 516, 517, 519, 520, 521, 522, 523, 524, 525, 526, 527, 528, 529, 530, 531, 533, 534, 535, 536, 537, 538, 539, 540, 541, 543, 544, 545, 546, 547, 548, 549, 550, 552, 553, 554, 555, 556, 557, 558, 559, 561, 562, 564, 565, 566, 567, 569, 570, 571, 572, 573, 578, 579, 581, 582, 583, 584, 585, 586, 587, 588, 590, 591, 592, 593, 594, 595, 596, 597, 598, 599, 602, 603, 604, 605, 607, 608, 609, 610, 611, 612, 613, 614, 615, 616, 618, 619, 620, 622, 623, 624, 625, 626, 627, 629, 631, 632, 633, 634, 635, 636, 637, 638, 639, 640, 641, 642, 644, 645, 646, 647, 648, 649, 650, 651, 652, 653, 654, 655, 656, 657, 658, 659, 660, 661, 662, 663, 665, 666, 667, 668, 669, 670, 671, 672, 673, 674, 676, 678, 680, 681, 682, 683, 684, 685, 687, 688, 690, 691, 692, 693, 694, 695, 696, 697, 698, 699, 700, 701, 702, 703, 704, 705, 706, 708, 709, 710, 711, 712, 713, 714, 715, 716, 717, 718, 719, 720, 722, 723, 724, 725, 726, 728, 729, 730, 731, 732, 733, 734, 735, 736, 737, 738, 740, 741, 742, 743, 744, 745, 746, 747, 748, 749, 750, 751, 752, 753, 754, 756, 757, 758, 759, 760, 761, 762, 763, 764, 765, 766, 767, 769, 770, 771, 772, 773, 774, 775, 777, 778, 779, 780, 781, 784, 785, 786, 787, 788, 789, 790, 791, 794, 795, 796, 797, 798, 800, 802, 803, 804, 805, 806, 807, 808, 809, 810, 811, 812, 813, 815, 816, 817, 818, 819, 820, 821, 822, 823, 824, 825, 826, 827, 828, 829, 830, 831, 832, 833, 834, 835, 836, 837, 838, 839, 840, 841, 842, 844, 845, 846, 848, 849, 850, 851, 852, 854, 855, 856, 857, 858, 859, 862, 864, 865, 866, 867, 868, 869, 870, 873, 874, 875, 876, 877, 878, 880, 881, 882, 883, 884, 885, 887, 888, 889]
[2, 3, 6, 9, 11, 12, 20, 38, 41, 45, 46, 50, 73, 84, 89, 92, 96, 108, 110, 130, 138, 147, 153, 158, 162, 174, 194, 197, 200, 233, 252, 253, 255, 258, 268, 273, 274, 275, 282, 287, 291, 292, 296, 305, 323, 335, 337, 347, 354, 377, 388, 398, 407, 413, 416, 419, 422, 427, 428, 430, 474, 491, 492, 495, 497, 511, 512, 518, 521, 525, 532, 536, 547, 549, 567, 574, 586, 590, 592, 595, 604, 606, 623, 628, 639, 661, 682, 688, 690, 693, 697, 698, 712, 716, 721, 723, 745, 752, 753, 757, 761, 766, 780, 796, 799, 814, 819, 820, 821, 822, 831, 834, 840, 847, 852, 857, 869, 870, 880, 881, 882, 886]

[1, 3, 4, 5, 6, 7, 8, 9, 10, 11, 13, 14, 15, 18, 21, 22, 23, 24, 25, 27, 29, 30, 32, 34, 36, 37, 38, 39, 40, 41, 42, 44, 45, 47, 49, 51, 52, 53, 54, 55, 56, 57, 59, 60, 61, 62, 64, 66, 67, 69, 70, 71, 72, 74, 75, 76, 77, 78, 80, 81, 82, 83, 84, 85, 86, 87, 88, 89, 90, 91, 92, 94, 96, 97, 98, 99, 100, 101, 102, 103, 104, 105, 106, 107, 108, 109, 110, 111, 113, 114, 115, 117, 118, 119, 120, 122, 124, 125, 127, 129, 130, 131, 132, 133, 135, 136, 137, 138, 139, 141, 142, 143, 144, 145, 146, 148, 149, 150, 151, 153, 154, 155, 156, 158, 159, 160, 162, 163, 165, 166, 167, 168, 169, 170, 171, 172, 173, 174, 175, 176, 178, 179, 180, 181, 182, 183, 185, 186, 187, 191, 192, 193, 194, 195, 197, 199, 200, 201, 202, 203, 204, 205, 206, 207, 208, 209, 211, 212, 213, 214, 215, 216, 217, 218, 219, 221, 223, 224, 225, 226, 227, 228, 229, 231, 232, 234, 235, 236, 237, 238, 239, 241, 242, 243, 244, 245, 246, 247, 248, 249, 250, 251, 252, 254, 255, 256, 258, 259, 260, 261, 262, 263, 264, 265, 266, 267, 271, 272, 273, 276, 277, 278, 280, 281, 282, 283, 284, 285, 286, 287, 288, 289, 290, 291, 292, 293, 294, 295, 296, 297, 299, 300, 302, 303, 304, 305, 306, 307, 308, 309, 310, 311, 312, 313, 314, 315, 316, 317, 318, 319, 320, 321, 322, 323, 324, 325, 326, 327, 328, 329, 330, 331, 332, 333, 334, 335, 337, 338, 339, 340, 341, 342, 343, 344, 345, 346, 347, 348, 349, 350, 351, 352, 353, 354, 355, 356, 358, 359, 360, 361, 362, 363, 364, 365, 366, 367, 370, 371, 372, 373, 374, 375, 376, 378, 379, 380, 381, 382, 383, 384, 385, 386, 387, 388, 389, 390, 391, 392, 393, 394, 395, 396, 397, 398, 399, 400, 401, 402, 405, 407, 409, 410, 411, 412, 413, 415, 416, 417, 418, 419, 421, 422, 423, 424, 425, 426, 427, 430, 431, 432, 433, 435, 436, 437, 438, 440, 441, 442, 443, 444, 446, 447, 448, 449, 450, 451, 452, 453, 454, 455, 456, 457, 458, 460, 462, 463, 464, 465, 466, 467, 468, 469, 470, 471, 472, 473, 474, 475, 476, 477, 478, 479, 480, 481, 482, 484, 485, 486, 487, 488, 489, 490, 491, 492, 493, 494, 496, 498, 499, 501, 504, 505, 507, 508, 509, 510, 511, 512, 513, 514, 515, 516, 517, 519, 520, 521, 522, 523, 524, 525, 526, 527, 528, 529, 530, 531, 533, 534, 535, 536, 537, 538, 539, 540, 541, 543, 544, 545, 546, 547, 548, 549, 550, 552, 553, 554, 555, 556, 557, 558, 559, 561, 562, 564, 565, 566, 567, 569, 570, 571, 572, 573, 576, 578, 579, 581, 582, 583, 584, 585, 586, 587, 588, 589, 590, 591, 592, 593, 594, 595, 596, 597, 598, 599, 602, 603, 604, 605, 607, 608, 609, 610, 611, 612, 613, 614, 615, 616, 618, 619, 620, 622, 623, 624, 625, 626, 627, 629, 631, 632, 633, 634, 635, 636, 637, 638, 639, 640, 641, 642, 644, 645, 646, 647, 648, 649, 650, 651, 652, 653, 654, 655, 656, 657, 658, 659, 660, 661, 662, 663, 665, 666, 667, 668, 669, 670, 671, 672, 673, 674, 676, 677, 678, 680, 681, 682, 683, 684, 685, 687, 688, 690, 691, 692, 693, 694, 695, 696, 697, 698, 699, 700, 701, 702, 703, 704, 705, 706, 708, 709, 710, 711, 712, 713, 714, 715, 716, 717, 718, 719, 720, 722, 723, 724, 725, 726, 728, 729, 730, 731, 732, 733, 734, 735, 736, 737, 738, 740, 741, 742, 743, 744, 745, 746, 747, 748, 749, 750, 751, 752, 753, 754, 756, 757, 758, 759, 760, 761, 762, 763, 764, 765, 766, 767, 769, 770, 771, 772, 773, 774, 775, 777, 778, 779, 780, 781, 783, 784, 785, 786, 787, 788, 789, 790, 791, 793, 794, 795, 796, 797, 798, 800, 802, 803, 804, 805, 806, 807, 808, 809, 810, 811, 812, 813, 815, 816, 817, 818, 819, 820, 821, 822, 823, 824, 825, 826, 827, 828, 829, 830, 831, 832, 833, 834, 835, 836, 837, 838, 839, 840, 841, 842, 844, 845, 846, 848, 849, 850, 851, 852, 854, 855, 856, 857, 858, 859, 862, 864, 865, 866, 867, 868, 869, 870, 872, 873, 874, 875, 876, 877, 878, 880, 881, 882, 883, 884, 885, 887, 888, 889]
[2, 3, 6, 9, 11, 12, 20, 38, 41, 45, 46, 50, 73, 84, 89, 92, 96, 108, 110, 130, 138, 147, 153, 158, 162, 174, 194, 197, 200, 233, 252, 253, 255, 258, 268, 273, 274, 275, 282, 287, 291, 292, 296, 305, 323, 335, 337, 347, 354, 377, 388, 398, 407, 413, 416, 419, 422, 427, 428, 430, 474, 491, 492, 495, 497, 511, 512, 518, 521, 525, 532, 536, 547, 549, 567, 574, 586, 590, 592, 595, 604, 606, 623, 628, 639, 661, 682, 688, 690, 693, 697, 698, 712, 716, 721, 723, 745, 752, 753, 757, 761, 766, 780, 796, 799, 814, 819, 820, 821, 822, 831, 834, 840, 847, 852, 857, 869, 870, 880, 881, 882, 886]

[1, 3, 4, 5, 6, 7, 8, 9, 10, 11, 12, 13, 14, 15, 16, 18, 21, 22, 23, 24, 25, 27, 29, 30, 32, 34, 36, 37, 38, 39, 40, 41, 42, 43, 44, 45, 47, 49, 51, 52, 53, 54, 55, 56, 57, 59, 60, 61, 62, 63, 64, 66, 67, 69, 70, 71, 72, 74, 75, 76, 77, 78, 79, 80, 81, 82, 83, 84, 85, 86, 87, 88, 89, 90, 91, 92, 94, 96, 97, 98, 99, 100, 101, 102, 103, 104, 105, 106, 107, 108, 109, 110, 111, 112, 113, 114, 115, 116, 117, 118, 119, 120, 122, 124, 125, 126, 127, 129, 130, 131, 132, 133, 134, 135, 136, 137, 138, 139, 140, 141, 142, 143, 144, 145, 146, 148, 149, 150, 151, 153, 154, 155, 156, 158, 159, 160, 162, 163, 165, 166, 167, 168, 169, 170, 171, 172, 173, 174, 175, 176, 178, 179, 180, 181, 182, 183, 185, 186, 187, 188, 191, 192, 193, 194, 195, 196, 197, 199, 200, 201, 202, 203, 204, 205, 206, 207, 208, 209, 211, 212, 213, 214, 215, 216, 217, 218, 219, 221, 223, 224, 225, 226, 227, 228, 229, 231, 232, 233, 234, 235, 236, 237, 238, 239, 241, 242, 243, 244, 245, 246, 247, 248, 249, 250, 251, 252, 254, 255, 256, 258, 259, 260, 261, 262, 263, 264, 265, 266, 267, 270, 271, 272, 273, 276, 277, 278, 280, 281, 282, 283, 284, 285, 286, 287, 288, 289, 290, 291, 292, 293, 294, 295, 296, 297, 299, 300, 302, 303, 304, 305, 306, 307, 308, 309, 310, 311, 312, 313, 314, 315, 316, 317, 318, 319, 320, 321, 322, 323, 324, 325, 326, 327, 328, 329, 330, 331, 332, 333, 334, 335, 337, 338, 339, 340, 341, 342, 343, 344, 345, 346, 347, 348, 349, 350, 351, 352, 353, 354, 355, 356, 358, 359, 360, 361, 362, 363, 364, 365, 366, 367, 370, 371, 372, 373, 374, 375, 376, 378, 379, 380, 381, 382, 383, 384, 385, 386, 387, 388, 389, 390, 391, 392, 393, 394, 395, 396, 397, 398, 399, 400, 401, 402, 405, 407, 409, 410, 411, 412, 413, 415, 416, 417, 418, 419, 421, 422, 423, 424, 425, 426, 427, 430, 431, 432, 433, 435, 436, 437, 438, 440, 441, 442, 443, 444, 446, 447, 448, 449, 450, 451, 452, 453, 454, 455, 456, 457, 458, 460, 462, 463, 464, 465, 466, 467, 468, 469, 470, 471, 472, 473, 474, 475, 476, 477, 478, 479, 480, 481, 482, 484, 485, 486, 487, 488, 489, 490, 491, 492, 493, 494, 496, 498, 499, 501, 504, 505, 507, 508, 509, 510, 511, 512, 513, 514, 515, 516, 517, 519, 520, 521, 522, 523, 524, 525, 526, 527, 528, 529, 530, 531, 533, 534, 535, 536, 537, 538, 539, 540, 541, 543, 544, 545, 546, 547, 548, 549, 550, 552, 553, 554, 555, 556, 557, 558, 559, 561, 562, 564, 565, 566, 567, 569, 570, 571, 572, 573, 576, 578, 579, 581, 582, 583, 584, 585, 586, 587, 588, 589, 590, 591, 592, 593, 594, 595, 596, 597, 598, 599, 602, 603, 604, 605, 607, 608, 609, 610, 611, 612, 613, 614, 615, 616, 617, 618, 619, 620, 621, 622, 623, 624, 625, 626, 627, 629, 631, 632, 633, 634, 635, 636, 637, 638, 639, 640, 641, 642, 644, 645, 646, 647, 648, 649, 650, 651, 652, 653, 654, 655, 656, 657, 658, 659, 660, 661, 662, 663, 665, 666, 667, 668, 669, 670, 671, 672, 673, 674, 676, 677, 678, 680, 681, 682, 683, 684, 685, 687, 688, 689, 690, 691, 692, 693, 694, 695, 696, 697, 698, 699, 700, 701, 702, 703, 704, 705, 706, 708, 709, 710, 711, 712, 713, 714, 715, 716, 717, 718, 719, 720, 721, 722, 723, 724, 725, 726, 727, 728, 729, 730, 731, 732, 733, 734, 735, 736, 737, 738, 740, 741, 742, 743, 744, 745, 746, 747, 748, 749, 750, 751, 752, 753, 754, 755, 756, 757, 758, 759, 760, 761, 762, 763, 764, 765, 766, 767, 768, 769, 770, 771, 772, 773, 774, 775, 777, 778, 779, 780, 781, 783, 784, 785, 786, 787, 788, 789, 790, 791, 793, 794, 795, 796, 797, 798, 799, 800, 802, 803, 804, 805, 806, 807, 808, 809, 810, 811, 812, 813, 815, 816, 817, 818, 819, 820, 821, 822, 823, 824, 825, 826, 827, 828, 829, 830, 831, 832, 833, 834, 835, 836, 837, 838, 839, 840, 841, 842, 844, 845, 846, 848, 849, 850, 851, 852, 854, 855, 856, 857, 858, 859, 861, 862, 864, 865, 866, 867, 868, 869, 870, 871, 872, 873, 874, 875, 876, 877, 878, 880, 881, 882, 883, 884, 885, 887, 888, 889]
[2, 3, 6, 9, 11, 12, 20, 38, 41, 45, 46, 50, 73, 84, 89, 92, 96, 108, 110, 130, 138, 147, 153, 158, 162, 174, 194, 197, 200, 233, 252, 253, 255, 258, 268, 273, 274, 275, 282, 287, 291, 292, 296, 305, 323, 335, 337, 347, 354, 377, 388, 398, 407, 413, 416, 419, 422, 427, 428, 430, 474, 491, 492, 495, 497, 511, 512, 518, 521, 525, 532, 536, 547, 549, 567, 574, 586, 590, 592, 595, 604, 606, 623, 628, 639, 661, 682, 688, 690, 693, 697, 698, 712, 716, 721, 723, 745, 752, 753, 757, 761, 766, 780, 796, 799, 814, 819, 820, 821, 822, 831, 834, 840, 847, 852, 857, 869, 870, 880, 881, 882, 886]

