[195, 251, 290, 343, 371, 375, 393, 459, 470, 482, 491, 493, 495, 532, 599, 625, 626, 638, 655, 710, 796, 799]
[36, 70, 109, 252, 286, 306, 322, 352, 422, 464, 494, 502, 520, 535, 550, 590, 678, 702, 705, 718, 735, 767]

[195, 251, 290, 343, 371, 375, 393, 459, 470, 482, 491, 493, 495, 532, 599, 625, 626, 638, 655, 710, 796, 799]
[1, 6, 17, 26, 28, 29, 36, 43, 54, 70, 73, 84, 102, 109, 118, 121, 138, 139, 149, 154, 156, 157, 169, 189, 194, 201, 203, 204, 214, 220, 224, 227, 234, 241, 242, 245, 248, 252, 286, 295, 297, 306, 310, 318, 322, 329, 338, 352, 374, 380, 398, 404, 414, 422, 432, 439, 446, 449, 464, 466, 486, 494, 502, 507, 511, 512, 516, 520, 521, 535, 540, 548, 550, 552, 555, 560, 564, 571, 573, 577, 580, 589, 590, 621, 634, 635, 642, 660, 663, 672, 675, 678, 681, 687, 689, 691, 702, 705, 706, 714, 718, 720, 731, 734, 735, 765, 767, 778, 783, 788, 800, 808, 823, 826, 829, 834, 846, 848, 851, 867, 875, 881]

[22, 26, 80, 93, 95, 99, 195, 251, 290, 343, 346, 357, 367, 371, 372, 375, 393, 420, 439, 459, 470, 482, 491, 493, 495, 525, 527, 532, 558, 574, 594, 599, 625, 626, 638, 643, 650, 655, 710, 773, 784, 796, 799, 810, 824, 835, 868]
[1, 6, 17, 26, 28, 29, 36, 43, 54, 70, 73, 84, 102, 109, 118, 121, 138, 139, 149, 154, 156, 157, 169, 189, 194, 201, 203, 204, 214, 220, 224, 227, 234, 241, 242, 245, 248, 252, 286, 295, 297, 306, 310, 318, 322, 329, 338, 352, 374, 380, 398, 404, 414, 422, 432, 439, 446, 449, 464, 466, 486, 494, 502, 507, 511, 512, 516, 520, 521, 535, 540, 548, 550, 552, 555, 560, 564, 571, 573, 577, 580, 589, 590, 621, 634, 635, 642, 660, 663, 672, 675, 678, 681, 687, 689, 691, 702, 705, 706, 714, 718, 720, 731, 734, 735, 765, 767, 778, 783, 788, 800, 808, 823, 826, 829, 834, 846, 848, 851, 867, 875, 881]

[22, 26, 50, 55, 77, 80, 93, 95, 99, 171, 172, 195, 207, 251, 289, 290, 291, 294, 339, 343, 346, 357, 367, 371, 372, 375, 387, 393, 394, 420, 422, 439, 445, 459, 470, 481, 482, 491, 493, 495, 525, 527, 532, 558, 574, 585, 591, 594, 599, 611, 625, 626, 638, 643, 650, 655, 698, 710, 720, 729, 747, 769, 773, 784, 786, 796, 799, 810, 824, 835, 868, 873]
[1, 6, 17, 26, 28, 29, 36, 43, 54, 70, 73, 84, 102, 109, 118, 121, 138, 139, 149, 154, 156, 157, 169, 189, 194, 201, 203, 204, 214, 220, 224, 227, 234, 241, 242, 245, 248, 252, 286, 295, 297, 306, 310, 318, 322, 329, 338, 352, 374, 380, 398, 404, 414, 422, 432, 439, 446, 449, 464, 466, 486, 494, 502, 507, 511, 512, 516, 520, 521, 535, 540, 548, 550, 552, 555, 560, 564, 571, 573, 577, 580, 589, 590, 621, 634, 635, 642, 660, 663, 672, 675, 678, 681, 687, 689, 691, 702, 705, 706, 714, 718, 720, 731, 734, 735, 765, 767, 778, 783, 788, 800, 808, 823, 826, 829, 834, 846, 848, 851, 867, 875, 881]

[22, 26, 43, 50, 55, 77, 80, 88, 93, 95, 99, 135, 171, 172, 195, 207, 218, 229, 232, 251, 289, 290, 291, 294, 295, 338, 339, 342, 343, 346, 357, 367, 371, 372, 375, 387, 393, 394, 407, 408, 410, 418, 420, 422, 439, 445, 448, 459, 470, 475, 477, 481, 482, 491, 493, 495, 508, 514, 525, 527, 532, 548, 551, 558, 572, 573, 574, 585, 591, 594, 599, 611, 625, 626, 628, 638, 643, 650, 655, 665, 698, 700, 710, 720, 729, 747, 750, 755, 769, 773, 784, 786, 796, 799, 803, 810, 813, 824, 835, 868, 873]
[1, 6, 17, 26, 28, 29, 36, 43, 54, 70, 73, 84, 102, 109, 118, 121, 138, 139, 149, 154, 156, 157, 169, 189, 194, 201, 203, 204, 214, 220, 224, 227, 234, 241, 242, 245, 248, 252, 286, 295, 297, 306, 310, 318, 322, 329, 338, 352, 374, 380, 398, 404, 414, 422, 432, 439, 446, 449, 464, 466, 486, 494, 502, 507, 511, 512, 516, 520, 521, 535, 540, 548, 550, 552, 555, 560, 564, 571, 573, 577, 580, 589, 590, 621, 634, 635, 642, 660, 663, 672, 675, 678, 681, 687, 689, 691, 702, 705, 706, 714, 718, 720, 731, 734, 735, 765, 767, 778, 783, 788, 800, 808, 823, 826, 829, 834, 846, 848, 851, 867, 875, 881]

[22, 25, 26, 43, 50, 54, 55, 77, 80, 87, 88, 93, 95, 96, 99, 135, 160, 161, 171, 172, 176, 179, 195, 207, 208, 210, 218, 229, 232, 240, 251, 289, 290, 291, 294, 295, 330, 338, 339, 342, 343, 346, 357, 367, 371, 372, 375, 387, 393, 394, 407, 408, 409, 410, 414, 416, 418, 420, 422, 439, 445, 448, 451, 459, 465, 470, 475, 477, 480, 481, 482, 491, 493, 495, 508, 514, 525, 527, 532, 535, 548, 551, 558, 563, 572, 573, 574, 585, 591, 594, 599, 611, 625, 626, 628, 631, 638, 643, 650, 655, 665, 676, 687, 698, 700, 702, 710, 720, 729, 735, 736, 737, 747, 750, 755, 762, 769, 773, 784, 786, 796, 799, 803, 810, 813, 824, 835, 838, 868, 873, 878, 889]
[1, 6, 17, 26, 28, 29, 36, 43, 54, 70, 73, 84, 102, 109, 118, 121, 138, 139, 149, 154, 156, 157, 169, 189, 194, 201, 203, 204, 214, 220, 224, 227, 234, 241, 242, 245, 248, 252, 286, 295, 297, 306, 310, 318, 322, 329, 338, 352, 374, 380, 398, 404, 414, 422, 432, 439, 446, 449, 464, 466, 486, 494, 502, 507, 511, 512, 516, 520, 521, 535, 540, 548, 550, 552, 555, 560, 564, 571, 573, 577, 580, 589, 590, 621, 634, 635, 642, 660, 663, 672, 675, 678, 681, 687, 689, 691, 702, 705, 706, 714, 718, 720, 731, 734, 735, 765, 767, 778, 783, 788, 800, 808, 823, 826, 829, 834, 846, 848, 851, 867, 875, 881]

[22, 25, 26, 43, 50, 52, 54, 55, 63, 77, 80, 81, 87, 88, 93, 95, 96, 99, 115, 135, 143, 160, 161, 167, 171, 172, 176, 179, 185, 195, 203, 207, 208, 210, 218, 229, 232, 240, 251, 289, 290, 291, 294, 295, 298, 312, 330, 337, 338, 339, 342, 343, 346, 357, 367, 371, 372, 375, 387, 393, 394, 401, 407, 408, 409, 410, 414, 416, 418, 420, 422, 439, 445, 448, 451, 459, 465, 470, 475, 477, 480, 481, 482, 491, 493, 495, 508, 514, 525, 527, 532, 535, 548, 551, 556, 558, 563, 572, 573, 574, 585, 590, 591, 594, 599, 611, 625, 626, 628, 631, 638, 643, 649, 650, 655, 658, 665, 676, 687, 690, 695, 698, 700, 702, 710, 712, 720, 729, 735, 736, 737, 747, 750, 755, 762, 767, 769, 773, 774, 784, 786, 796, 799, 803, 810, 813, 824, 825, 835, 836, 838, 842, 868, 873, 878, 883, 889]
[1, 6, 17, 26, 28, 29, 36, 43, 54, 70, 73, 84, 102, 109, 118, 121, 138, 139, 149, 154, 156, 157, 169, 189, 194, 201, 203, 204, 214, 220, 224, 227, 234, 241, 242, 245, 248, 252, 286, 295, 297, 306, 310, 318, 322, 329, 338, 352, 374, 380, 398, 404, 414, 422, 432, 439, 446, 449, 464, 466, 486, 494, 502, 507, 511, 512, 516, 520, 521, 535, 540, 548, 550, 552, 555, 560, 564, 571, 573, 577, 580, 589, 590, 621, 634, 635, 642, 660, 663, 672, 675, 678, 681, 687, 689, 691, 702, 705, 706, 714, 718, 720, 731, 734, 735, 765, 767, 778, 783, 788, 800, 808, 823, 826, 829, 834, 846, 848, 851, 867, 875, 881]

[0, 2, 9, 22, 25, 26, 43, 50, 52, 54, 55, 63, 77, 80, 81, 87, 88, 93, 95, 96, 99, 115, 135, 143, 156, 160, 161, 167, 171, 172, 176, 179, 185, 195, 196, 203, 207, 208, 210, 217, 218, 227, 229, 232, 240, 251, 274, 289, 290, 291, 293, 294, 295, 297, 298, 312, 328, 330, 337, 338, 339, 342, 343, 346, 355, 357, 367, 371, 372, 375, 387, 393, 394, 401, 407, 408, 409, 410, 414, 416, 418, 420, 422, 439, 445, 448, 451, 459, 465, 468, 470, 475, 477, 479, 480, 481, 482, 488, 491, 493, 495, 501, 508, 514, 525, 527, 532, 535, 548, 551, 556, 558, 563, 572, 573, 574, 585, 590, 591, 594, 599, 608, 611, 625, 626, 628, 631, 638, 643, 649, 650, 655, 658, 665, 676, 678, 687, 690, 695, 698, 700, 702, 709, 710, 712, 720, 729, 733, 735, 736, 737, 746, 747, 750, 751, 755, 762, 767, 769, 773, 774, 775, 784, 786, 796, 799, 803, 810, 813, 814, 824, 825, 835, 836, 838, 842, 868, 870, 873, 878, 883, 889]
[1, 6, 17, 26, 28, 29, 36, 43, 54, 70, 73, 84, 102, 109, 118, 121, 138, 139, 149, 154, 156, 157, 169, 189, 194, 201, 203, 204, 214, 220, 224, 227, 234, 241, 242, 245, 248, 252, 286, 295, 297, 306, 310, 318, 322, 329, 338, 352, 374, 380, 398, 404, 414, 422, 432, 439, 446, 449, 464, 466, 486, 494, 502, 507, 511, 512, 516, 520, 521, 535, 540, 548, 550, 552, 555, 560, 564, 571, 573, 577, 580, 589, 590, 621, 634, 635, 642, 660, 663, 672, 675, 678, 681, 687, 689, 691, 702, 705, 706, 714, 718, 720, 731, 734, 735, 765, 767, 778, 783, 788, 800, 808, 823, 826, 829, 834, 846, 848, 851, 867, 875, 881]

[0, 2, 9, 22, 25, 26, 43, 48, 50, 52, 54, 55, 62, 63, 77, 79, 80, 81, 85, 87, 88, 93, 95, 96, 99, 103, 115, 127, 135, 140, 143, 153, 156, 160, 161, 167, 171, 172, 176, 179, 185, 189, 195, 196, 203, 207, 208, 210, 217, 218, 227, 229, 232, 240, 246, 251, 274, 276, 289, 290, 291, 293, 294, 295, 297, 298, 312, 328, 330, 337, 338, 339, 342, 343, 346, 355, 357, 361, 367, 371, 372, 375, 379, 386, 387, 393, 394, 401, 407, 408, 409, 410, 414, 416, 418, 420, 421, 422, 428, 430, 434, 439, 445, 448, 451, 459, 465, 468, 470, 475, 477, 479, 480, 481, 482, 488, 491, 492, 493, 495, 501, 508, 514, 516, 525, 527, 532, 535, 548, 551, 556, 558, 563, 572, 573, 574, 585, 590, 591, 594, 596, 599, 608, 611, 625, 626, 628, 631, 638, 643, 649, 650, 655, 658, 665, 676, 678, 687, 690, 695, 698, 700, 702, 709, 710, 712, 720, 729, 733, 735, 736, 737, 746, 747, 750, 751, 755, 762, 767, 769, 773, 774, 775, 784, 786, 796, 799, 801, 803, 806, 810, 813, 814, 822, 824, 825, 835, 836, 838, 842, 868, 870, 873, 878, 883, 884, 889]
[1, 6, 17, 26, 28, 29, 36, 43, 54, 70, 73, 84, 102, 109, 118, 121, 138, 139, 149, 154, 156, 157, 169, 189, 194, 201, 203, 204, 214, 220, 224, 227, 234, 241, 242, 245, 248, 252, 286, 295, 297, 306, 310, 318, 322, 329, 338, 352, 374, 380, 398, 404, 414, 422, 432, 439, 446, 449, 464, 466, 486, 494, 502, 507, 511, 512, 516, 520, 521, 535, 540, 548, 550, 552, 555, 560, 564, 571, 573, 577, 580, 589, 590, 621, 634, 635, 642, 660, 663, 672, 675, 678, 681, 687, 689, 691, 702, 705, 706, 714, 718, 720, 731, 734, 735, 765, 767, 778, 783, 788, 800, 808, 823, 826, 829, 834, 846, 848, 851, 867, 875, 881]

[0, 2, 9, 22, 25, 26, 28, 40, 43, 46, 48, 50, 52, 54, 55, 62, 63, 66, 77, 79, 80, 81, 85, 87, 88, 93, 95, 96, 99, 103, 115, 120, 127, 128, 135, 140, 143, 149, 153, 156, 160, 161, 167, 171, 172, 176, 179, 185, 189, 193, 195, 196, 203, 207, 208, 210, 217, 218, 227, 229, 232, 240, 246, 248, 251, 269, 274, 276, 289, 290, 291, 293, 294, 295, 297, 298, 312, 328, 330, 333, 337, 338, 339, 342, 343, 346, 355, 357, 361, 367, 368, 371, 372, 375, 379, 386, 387, 393, 394, 401, 407, 408, 409, 410, 414, 416, 418, 420, 421, 422, 425, 428, 430, 434, 439, 445, 448, 450, 451, 459, 465, 468, 470, 475, 477, 479, 480, 481, 482, 488, 491, 492, 493, 495, 501, 508, 514, 516, 525, 527, 532, 535, 536, 548, 551, 556, 558, 563, 572, 573, 574, 579, 585, 590, 591, 594, 596, 599, 608, 611, 616, 625, 626, 628, 631, 633, 638, 643, 649, 650, 655, 658, 665, 674, 676, 678, 687, 690, 695, 698, 700, 702, 709, 710, 712, 720, 722, 729, 733, 735, 736, 737, 746, 747, 750, 751, 755, 762, 767, 769, 773, 774, 775, 782, 784, 786, 796, 799, 800, 801, 803, 806, 810, 813, 814, 819, 822, 824, 825, 835, 836, 838, 842, 855, 868, 870, 873, 878, 879, 883, 884, 889]
[1, 6, 17, 26, 28, 29, 36, 43, 54, 70, 73, 84, 102, 109, 118, 121, 138, 139, 149, 154, 156, 157, 169, 189, 194, 201, 203, 204, 214, 220, 224, 227, 234, 241, 242, 245, 248, 252, 286, 295, 297, 306, 310, 318, 322, 329, 338, 352, 374, 380, 398, 404, 414, 422, 432, 439, 446, 449, 464, 466, 486, 494, 502, 507, 511, 512, 516, 520, 521, 535, 540, 548, 550, 552, 555, 560, 564, 571, 573, 577, 580, 589, 590, 621, 634, 635, 642, 660, 663, 672, 675, 678, 681, 687, 689, 691, 702, 705, 706, 714, 718, 720, 731, 734, 735, 765, 767, 778, 783, 788, 800, 808, 823, 826, 829, 834, 846, 848, 851, 867, 875, 881]

[0, 2, 9, 11, 22, 25, 26, 28, 40, 43, 46, 48, 50, 52, 54, 55, 58, 62, 63, 66, 77, 79, 80, 81, 85, 87, 88, 93, 95, 96, 99, 101, 103, 115, 117, 120, 127, 128, 135, 140, 143, 149, 153, 156, 160, 161, 167, 171, 172, 176, 179, 185, 189, 193, 195, 196, 203, 207, 208, 210, 217, 218, 219, 227, 229, 232, 240, 246, 248, 251, 261, 269, 274, 276, 282, 284, 289, 290, 291, 292, 293, 294, 295, 297, 298, 304, 312, 313, 315, 328, 330, 333, 337, 338, 339, 342, 343, 346, 355, 357, 361, 367, 368, 371, 372, 375, 379, 386, 387, 393, 394, 398, 401, 407, 408, 409, 410, 414, 416, 418, 420, 421, 422, 425, 427, 428, 430, 434, 439, 445, 448, 450, 451, 457, 459, 465, 468, 470, 475, 477, 479, 480, 481, 482, 488, 491, 492, 493, 495, 496, 501, 508, 514, 516, 525, 527, 532, 535, 536, 538, 548, 551, 556, 558, 563, 572, 573, 574, 579, 585, 590, 591, 594, 596, 599, 600, 605, 608, 611, 616, 624, 625, 626, 628, 631, 633, 638, 643, 649, 650, 655, 658, 662, 665, 674, 676, 678, 687, 690, 695, 698, 700, 702, 709, 710, 712, 718, 720, 722, 729, 733, 735, 736, 737, 746, 747, 749, 750, 751, 755, 762, 767, 769, 773, 774, 775, 782, 784, 786, 790, 796, 799, 800, 801, 803, 806, 810, 813, 814, 819, 822, 824, 825, 835, 836, 838, 839, 842, 855, 857, 859, 868, 870, 873, 878, 879, 883, 884, 889]
[1, 6, 17, 26, 28, 29, 36, 43, 54, 70, 73, 84, 102, 109, 118, 121, 138, 139, 149, 154, 156, 157, 169, 189, 194, 201, 203, 204, 214, 220, 224, 227, 234, 241, 242, 245, 248, 252, 286, 295, 297, 306, 310, 318, 322, 329, 338, 352, 374, 380, 398, 404, 414, 422, 432, 439, 446, 449, 464, 466, 486, 494, 502, 507, 511, 512, 516, 520, 521, 535, 540, 548, 550, 552, 555, 560, 564, 571, 573, 577, 580, 589, 590, 621, 634, 635, 642, 660, 663, 672, 675, 678, 681, 687, 689, 691, 702, 705, 706, 714, 718, 720, 731, 734, 735, 765, 767, 778, 783, 788, 800, 808, 823, 826, 829, 834, 846, 848, 851, 867, 875, 881]

[0, 2, 9, 11, 22, 25, 26, 28, 39, 40, 43, 45, 46, 48, 50, 52, 54, 55, 58, 62, 63, 66, 67, 77, 79, 80, 81, 85, 87, 88, 93, 95, 96, 97, 99, 101, 103, 115, 117, 120, 127, 128, 135, 140, 143, 149, 153, 156, 160, 161, 167, 171, 172, 176, 179, 185, 189, 193, 195, 196, 203, 207, 208, 210, 217, 218, 219, 227, 229, 232, 239, 240, 246, 248, 251, 261, 264, 269, 274, 276, 282, 284, 289, 290, 291, 292, 293, 294, 295, 297, 298, 300, 304, 312, 313, 315, 328, 330, 333, 337, 338, 339, 342, 343, 346, 355, 357, 361, 367, 368, 371, 372, 375, 379, 386, 387, 388, 393, 394, 397, 398, 401, 407, 408, 409, 410, 414, 415, 416, 418, 420, 421, 422, 425, 427, 428, 430, 434, 439, 440, 442, 445, 447, 448, 450, 451, 457, 459, 463, 465, 468, 470, 475, 477, 479, 480, 481, 482, 486, 488, 491, 492, 493, 495, 496, 501, 508, 514, 516, 525, 527, 532, 535, 536, 538, 548, 551, 552, 556, 558, 563, 565, 569, 572, 573, 574, 579, 581, 585, 590, 591, 594, 596, 599, 600, 605, 608, 611, 616, 624, 625, 626, 628, 631, 633, 638, 643, 645, 649, 650, 652, 655, 658, 662, 665, 674, 676, 678, 687, 690, 695, 698, 700, 702, 705, 707, 709, 710, 712, 718, 720, 722, 729, 733, 735, 736, 737, 746, 747, 749, 750, 751, 755, 762, 766, 767, 769, 773, 774, 775, 782, 784, 786, 787, 790, 796, 799, 800, 801, 803, 804, 806, 810, 813, 814, 819, 822, 824, 825, 835, 836, 838, 839, 842, 855, 857, 859, 868, 870, 873, 878, 879, 883, 884, 889]
[1, 6, 17, 26, 28, 29, 36, 43, 54, 70, 73, 84, 102, 109, 118, 121, 138, 139, 149, 154, 156, 157, 169, 189, 194, 201, 203, 204, 214, 220, 224, 227, 234, 241, 242, 245, 248, 252, 286, 295, 297, 306, 310, 318, 322, 329, 338, 352, 374, 380, 398, 404, 414, 422, 432, 439, 446, 449, 464, 466, 486, 494, 502, 507, 511, 512, 516, 520, 521, 535, 540, 548, 550, 552, 555, 560, 564, 571, 573, 577, 580, 589, 590, 621, 634, 635, 642, 660, 663, 672, 675, 678, 681, 687, 689, 691, 702, 705, 706, 714, 718, 720, 731, 734, 735, 765, 767, 778, 783, 788, 800, 808, 823, 826, 829, 834, 846, 848, 851, 867, 875, 881]

[0, 2, 9, 10, 11, 22, 25, 26, 28, 39, 40, 43, 45, 46, 48, 50, 52, 54, 55, 58, 62, 63, 66, 67, 77, 79, 80, 81, 83, 85, 87, 88, 91, 93, 95, 96, 97, 99, 101, 103, 114, 115, 117, 120, 124, 127, 128, 135, 140, 142, 143, 149, 153, 156, 160, 161, 167, 171, 172, 176, 179, 185, 189, 193, 195, 196, 203, 207, 208, 209, 210, 217, 218, 219, 227, 229, 232, 239, 240, 246, 248, 251, 261, 264, 269, 274, 276, 278, 282, 284, 289, 290, 291, 292, 293, 294, 295, 297, 298, 300, 304, 312, 313, 315, 325, 328, 329, 330, 333, 334, 336, 337, 338, 339, 342, 343, 346, 354, 355, 357, 361, 367, 368, 371, 372, 375, 379, 386, 387, 388, 393, 394, 397, 398, 401, 407, 408, 409, 410, 414, 415, 416, 418, 420, 421, 422, 425, 427, 428, 430, 434, 439, 440, 442, 445, 447, 448, 450, 451, 455, 457, 459, 461, 463, 465, 468, 470, 475, 477, 479, 480, 481, 482, 486, 488, 491, 492, 493, 495, 496, 501, 508, 514, 515, 516, 520, 525, 527, 532, 535, 536, 538, 548, 551, 552, 555, 556, 558, 563, 565, 566, 569, 571, 572, 573, 574, 579, 581, 585, 590, 591, 594, 596, 599, 600, 603, 605, 608, 611, 616, 624, 625, 626, 628, 631, 633, 636, 638, 643, 645, 649, 650, 652, 655, 658, 662, 665, 674, 676, 678, 687, 690, 695, 698, 700, 702, 705, 707, 709, 710, 712, 718, 720, 722, 723, 729, 733, 735, 736, 737, 746, 747, 749, 750, 751, 755, 757, 762, 766, 767, 769, 773, 774, 775, 782, 784, 786, 787, 790, 796, 799, 800, 801, 803, 804, 806, 810, 813, 814, 819, 822, 824, 825, 834, 835, 836, 838, 839, 842, 855, 857, 859, 868, 870, 873, 878, 879, 883, 884, 889]
[1, 6, 17, 26, 28, 29, 36, 43, 54, 70, 73, 84, 102, 109, 118, 121, 138, 139, 149, 154, 156, 157, 169, 189, 194, 201, 203, 204, 214, 220, 224, 227, 234, 241, 242, 245, 248, 252, 286, 295, 297, 306, 310, 318, 322, 329, 338, 352, 374, 380, 398, 404, 414, 422, 432, 439, 446, 449, 464, 466, 486, 494, 502, 507, 511, 512, 516, 520, 521, 535, 540, 548, 550, 552, 555, 560, 564, 571, 573, 577, 580, 589, 590, 621, 634, 635, 642, 660, 663, 672, 675, 678, 681, 687, 689, 691, 702, 705, 706, 714, 718, 720, 731, 734, 735, 765, 767, 778, 783, 788, 800, 808, 823, 826, 829, 834, 846, 848, 851, 867, 875, 881]

[0, 2, 9, 10, 11, 18, 22, 24, 25, 26, 28, 39, 40, 42, 43, 45, 46, 48, 50, 52, 54, 55, 58, 61, 62, 63, 66, 67, 77, 79, 80, 81, 83, 85, 87, 88, 91, 93, 95, 96, 97, 99, 101, 103, 108, 114, 115, 117, 120, 124, 127, 128, 135, 140, 142, 143, 149, 153, 156, 160, 161, 162, 167, 171, 172, 176, 179, 185, 186, 189, 193, 195, 196, 203, 207, 208, 209, 210, 216, 217, 218, 219, 227, 229, 232, 234, 239, 240, 246, 248, 251, 261, 264, 269, 274, 276, 278, 282, 284, 289, 290, 291, 292, 293, 294, 295, 297, 298, 300, 304, 312, 313, 315, 325, 328, 329, 330, 333, 334, 336, 337, 338, 339, 342, 343, 346, 354, 355, 357, 361, 367, 368, 371, 372, 375, 379, 386, 387, 388, 393, 394, 397, 398, 401, 407, 408, 409, 410, 414, 415, 416, 418, 420, 421, 422, 425, 427, 428, 430, 434, 439, 440, 442, 445, 447, 448, 450, 451, 455, 457, 459, 461, 463, 465, 468, 470, 475, 477, 479, 480, 481, 482, 486, 488, 491, 492, 493, 495, 496, 497, 501, 508, 514, 515, 516, 519, 520, 525, 527, 532, 533, 535, 536, 538, 541, 548, 551, 552, 555, 556, 557, 558, 563, 565, 566, 567, 569, 570, 571, 572, 573, 574, 576, 579, 581, 582, 585, 590, 591, 594, 595, 596, 599, 600, 603, 605, 608, 611, 616, 624, 625, 626, 628, 631, 633, 636, 638, 639, 643, 645, 649, 650, 652, 655, 658, 662, 665, 674, 676, 678, 687, 690, 695, 698, 700, 702, 705, 707, 709, 710, 712, 718, 720, 722, 723, 729, 730, 733, 735, 736, 737, 746, 747, 748, 749, 750, 751, 755, 757, 762, 766, 767, 769, 773, 774, 775, 782, 784, 786, 787, 790, 796, 799, 800, 801, 803, 804, 806, 810, 811, 813, 814, 819, 822, 824, 825, 826, 834, 835, 836, 838, 839, 842, 855, 857, 858, 859, 868, 870, 873, 878, 879, 883, 884, 889]
[1, 6, 17, 26, 28, 29, 36, 43, 54, 70, 73, 84, 102, 109, 118, 121, 138, 139, 149, 154, 156, 157, 169, 189, 194, 201, 203, 204, 214, 220, 224, 227, 234, 241, 242, 245, 248, 252, 286, 295, 297, 306, 310, 318, 322, 329, 338, 352, 374, 380, 398, 404, 414, 422, 432, 439, 446, 449, 464, 466, 486, 494, 502, 507, 511, 512, 516, 520, 521, 535, 540, 548, 550, 552, 555, 560, 564, 571, 573, 577, 580, 589, 590, 621, 634, 635, 642, 660, 663, 672, 675, 678, 681, 687, 689, 691, 702, 705, 706, 714, 718, 720, 731, 734, 735, 765, 767, 778, 783, 788, 800, 808, 823, 826, 829, 834, 846, 848, 851, 867, 875, 881]

[0, 2, 5, 9, 10, 11, 18, 22, 24, 25, 26, 28, 39, 40, 42, 43, 45, 46, 48, 50, 52, 54, 55, 58, 61, 62, 63, 66, 67, 77, 79, 80, 81, 83, 85, 87, 88, 91, 93, 95, 96, 97, 99, 101, 103, 108, 114, 115, 117, 120, 124, 127, 128, 132, 135, 139, 140, 142, 143, 149, 153, 156, 160, 161, 162, 167, 171, 172, 176, 178, 179, 185, 186, 189, 193, 195, 196, 203, 207, 208, 209, 210, 216, 217, 218, 219, 227, 229, 232, 233, 234, 239, 240, 246, 248, 251, 255, 261, 264, 268, 269, 274, 276, 278, 281, 282, 284, 289, 290, 291, 292, 293, 294, 295, 297, 298, 300, 304, 312, 313, 315, 325, 328, 329, 330, 333, 334, 336, 337, 338, 339, 342, 343, 346, 354, 355, 357, 361, 364, 367, 368, 371, 372, 375, 379, 386, 387, 388, 393, 394, 397, 398, 400, 401, 407, 408, 409, 410, 414, 415, 416, 418, 420, 421, 422, 425, 427, 428, 430, 434, 439, 440, 442, 444, 445, 446, 447, 448, 450, 451, 455, 457, 459, 461, 463, 465, 468, 470, 475, 477, 479, 480, 481, 482, 486, 488, 491, 492, 493, 495, 496, 497, 501, 508, 514, 515, 516, 519, 520, 525, 526, 527, 532, 533, 535, 536, 538, 541, 543, 548, 551, 552, 555, 556, 557, 558, 563, 565, 566, 567, 569, 570, 571, 572, 573, 574, 576, 579, 581, 582, 585, 590, 591, 594, 595, 596, 599, 600, 603, 605, 608, 611, 616, 620, 624, 625, 626, 628, 631, 633, 636, 638, 639, 640, 643, 645, 647, 649, 650, 651, 652, 655, 658, 662, 665, 674, 676, 678, 681, 682, 685, 687, 690, 692, 695, 698, 700, 702, 705, 707, 709, 710, 712, 718, 720, 722, 723, 724, 729, 730, 733, 735, 736, 737, 746, 747, 748, 749, 750, 751, 755, 757, 762, 766, 767, 769, 773, 774, 775, 782, 784, 786, 787, 790, 791, 796, 799, 800, 801, 803, 804, 806, 810, 811, 813, 814, 819, 822, 824, 825, 826, 834, 835, 836, 838, 839, 842, 851, 855, 857, 858, 859, 868, 870, 873, 878, 879, 883, 884, 889]
[1, 6, 17, 26, 28, 29, 36, 43, 54, 70, 73, 84, 102, 109, 118, 121, 138, 139, 149, 154, 156, 157, 169, 189, 194, 201, 203, 204, 214, 220, 224, 227, 234, 241, 242, 245, 248, 252, 286, 295, 297, 306, 310, 318, 322, 329, 338, 352, 374, 380, 398, 404, 414, 422, 432, 439, 446, 449, 464, 466, 486, 494, 502, 507, 511, 512, 516, 520, 521, 535, 540, 548, 550, 552, 555, 560, 564, 571, 573, 577, 580, 589, 590, 621, 634, 635, 642, 660, 663, 672, 675, 678, 681, 687, 689, 691, 702, 705, 706, 714, 718, 720, 731, 734, 735, 765, 767, 778, 783, 788, 800, 808, 823, 826, 829, 834, 846, 848, 851, 867, 875, 881]

[0, 2, 5, 9, 10, 11, 18, 19, 22, 24, 25, 26, 28, 39, 40, 42, 43, 45, 46, 48, 50, 52, 54, 55, 58, 61, 62, 63, 66, 67, 77, 79, 80, 81, 83, 85, 86, 87, 88, 91, 92, 93, 95, 96, 97, 99, 101, 103, 108, 114, 115, 117, 120, 124, 127, 128, 132, 135, 139, 140, 142, 143, 149, 150, 153, 156, 160, 161, 162, 167, 171, 172, 176, 178, 179, 185, 186, 189, 191, 193, 195, 196, 201, 203, 207, 208, 209, 210, 216, 217, 218, 219, 223, 227, 229, 232, 233, 234, 239, 240, 242, 246, 248, 251, 255, 261, 264, 268, 269, 274, 276, 278, 281, 282, 284, 289, 290, 291, 292, 293, 294, 295, 297, 298, 300, 304, 312, 313, 315, 325, 328, 329, 330, 333, 334, 336, 337, 338, 339, 341, 342, 343, 346, 349, 354, 355, 357, 361, 364, 366, 367, 368, 371, 372, 375, 379, 381, 384, 386, 387, 388, 393, 394, 397, 398, 400, 401, 402, 407, 408, 409, 410, 414, 415, 416, 418, 419, 420, 421, 422, 425, 427, 428, 430, 434, 439, 440, 442, 444, 445, 446, 447, 448, 450, 451, 455, 457, 459, 461, 463, 465, 468, 470, 475, 477, 479, 480, 481, 482, 486, 488, 490, 491, 492, 493, 495, 496, 497, 501, 502, 505, 506, 508, 514, 515, 516, 519, 520, 525, 526, 527, 532, 533, 535, 536, 538, 541, 543, 546, 548, 551, 552, 555, 556, 557, 558, 563, 565, 566, 567, 569, 570, 571, 572, 573, 574, 576, 579, 581, 582, 585, 590, 591, 594, 595, 596, 599, 600, 603, 605, 606, 608, 611, 616, 620, 624, 625, 626, 628, 631, 633, 636, 638, 639, 640, 643, 645, 647, 649, 650, 651, 652, 655, 658, 662, 665, 668, 674, 676, 678, 681, 682, 685, 687, 690, 692, 695, 698, 700, 702, 705, 707, 709, 710, 712, 718, 720, 722, 723, 724, 729, 730, 733, 735, 736, 737, 746, 747, 748, 749, 750, 751, 755, 757, 760, 762, 766, 767, 769, 773, 774, 775, 782, 784, 786, 787, 790, 791, 796, 799, 800, 801, 803, 804, 806, 810, 811, 813, 814, 819, 822, 824, 825, 826, 834, 835, 836, 838, 839, 842, 843, 851, 855, 857, 858, 859, 868, 870, 873, 877, 878, 879, 883, 884, 889]
[1, 6, 17, 26, 28, 29, 36, 43, 54, 70, 73, 84, 102, 109, 118, 121, 138, 139, 149, 154, 156, 157, 169, 189, 194, 201, 203, 204, 214, 220, 224, 227, 234, 241, 242, 245, 248, 252, 286, 295, 297, 306, 310, 318, 322, 329, 338, 352, 374, 380, 398, 404, 414, 422, 432, 439, 446, 449, 464, 466, 486, 494, 502, 507, 511, 512, 516, 520, 521, 535, 540, 548, 550, 552, 555, 560, 564, 571, 573, 577, 580, 589, 590, 621, 634, 635, 642, 660, 663, 672, 675, 678, 681, 687, 689, 691, 702, 705, 706, 714, 718, 720, 731, 734, 735, 765, 767, 778, 783, 788, 800, 808, 823, 826, 829, 834, 846, 848, 851, 867, 875, 881]

[0, 2, 5, 9, 10, 11, 18, 19, 22, 24, 25, 26, 28, 39, 40, 42, 43, 45, 46, 48, 50, 52, 54, 55, 58, 61, 62, 63, 66, 67, 69, 77, 79, 80, 81, 83, 85, 86, 87, 88, 91, 92, 93, 95, 96, 97, 99, 101, 103, 108, 114, 115, 117, 120, 124, 127, 128, 132, 135, 139, 140, 142, 143, 149, 150, 153, 154, 156, 160, 161, 162, 167, 171, 172, 173, 176, 178, 179, 183, 185, 186, 189, 190, 191, 193, 195, 196, 201, 202, 203, 207, 208, 209, 210, 212, 216, 217, 218, 219, 223, 227, 228, 229, 232, 233, 234, 239, 240, 242, 246, 248, 251, 255, 261, 264, 268, 269, 274, 276, 278, 281, 282, 284, 289, 290, 291, 292, 293, 294, 295, 297, 298, 300, 304, 312, 313, 315, 324, 325, 328, 329, 330, 333, 334, 336, 337, 338, 339, 341, 342, 343, 346, 349, 354, 355, 357, 361, 364, 366, 367, 368, 371, 372, 373, 375, 376, 379, 381, 384, 386, 387, 388, 393, 394, 397, 398, 399, 400, 401, 402, 407, 408, 409, 410, 414, 415, 416, 418, 419, 420, 421, 422, 425, 427, 428, 430, 434, 439, 440, 442, 444, 445, 446, 447, 448, 450, 451, 455, 457, 459, 461, 463, 465, 468, 470, 475, 477, 479, 480, 481, 482, 486, 488, 490, 491, 492, 493, 495, 496, 497, 500, 501, 502, 505, 506, 508, 514, 515, 516, 519, 520, 525, 526, 527, 532, 533, 535, 536, 538, 541, 543, 546, 548, 551, 552, 555, 556, 557, 558, 563, 565, 566, 567, 569, 570, 571, 572, 573, 574, 576, 579, 581, 582, 585, 590, 591, 594, 595, 596, 599, 600, 603, 605, 606, 608, 611, 615, 616, 620, 624, 625, 626, 628, 629, 631, 633, 636, 638, 639, 640, 643, 645, 647, 649, 650, 651, 652, 655, 658, 662, 665, 668, 669, 674, 676, 678, 681, 682, 685, 686, 687, 690, 692, 695, 698, 700, 702, 705, 707, 709, 710, 712, 718, 720, 722, 723, 724, 729, 730, 733, 735, 736, 737, 739, 740, 746, 747, 748, 749, 750, 751, 755, 757, 760, 762, 766, 767, 769, 772, 773, 774, 775, 782, 784, 786, 787, 790, 791, 796, 799, 800, 801, 802, 803, 804, 806, 810, 811, 813, 814, 819, 822, 824, 825, 826, 832, 834, 835, 836, 837, 838, 839, 842, 843, 851, 855, 857, 858, 859, 864, 868, 870, 873, 874, 877, 878, 879, 883, 884, 889]
[1, 6, 17, 26, 28, 29, 36, 43, 54, 70, 73, 84, 102, 109, 118, 121, 138, 139, 149, 154, 156, 157, 169, 189, 194, 201, 203, 204, 214, 220, 224, 227, 234, 241, 242, 245, 248, 252, 286, 295, 297, 306, 310, 318, 322, 329, 338, 352, 374, 380, 398, 404, 414, 422, 432, 439, 446, 449, 464, 466, 486, 494, 502, 507, 511, 512, 516, 520, 521, 535, 540, 548, 550, 552, 555, 560, 564, 571, 573, 577, 580, 589, 590, 621, 634, 635, 642, 660, 663, 672, 675, 678, 681, 687, 689, 691, 702, 705, 706, 714, 718, 720, 731, 734, 735, 765, 767, 778, 783, 788, 800, 808, 823, 826, 829, 834, 846, 848, 851, 867, 875, 881]

[0, 2, 5, 9, 10, 11, 12, 18, 19, 22, 24, 25, 26, 28, 33, 36, 37, 39, 40, 42, 43, 45, 46, 48, 50, 52, 54, 55, 58, 61, 62, 63, 66, 67, 69, 77, 79, 80, 81, 83, 85, 86, 87, 88, 91, 92, 93, 95, 96, 97, 99, 101, 103, 108, 114, 115, 117, 120, 124, 127, 128, 132, 134, 135, 137, 139, 140, 142, 143, 149, 150, 153, 154, 156, 160, 161, 162, 165, 167, 169, 171, 172, 173, 174, 176, 178, 179, 183, 185, 186, 187, 189, 190, 191, 193, 195, 196, 201, 202, 203, 207, 208, 209, 210, 212, 216, 217, 218, 219, 221, 223, 224, 227, 228, 229, 231, 232, 233, 234, 239, 240, 242, 246, 248, 251, 255, 259, 261, 264, 268, 269, 274, 276, 278, 281, 282, 284, 289, 290, 291, 292, 293, 294, 295, 297, 298, 300, 304, 312, 313, 315, 324, 325, 328, 329, 330, 333, 334, 336, 337, 338, 339, 341, 342, 343, 346, 348, 349, 354, 355, 357, 361, 364, 366, 367, 368, 371, 372, 373, 375, 376, 379, 381, 384, 386, 387, 388, 393, 394, 397, 398, 399, 400, 401, 402, 407, 408, 409, 410, 414, 415, 416, 418, 419, 420, 421, 422, 425, 427, 428, 430, 434, 439, 440, 442, 444, 445, 446, 447, 448, 450, 451, 455, 457, 459, 461, 463, 465, 468, 470, 473, 475, 477, 479, 480, 481, 482, 486, 488, 489, 490, 491, 492, 493, 495, 496, 497, 500, 501, 502, 505, 506, 508, 514, 515, 516, 519, 520, 525, 526, 527, 532, 533, 535, 536, 538, 541, 543, 545, 546, 547, 548, 551, 552, 555, 556, 557, 558, 563, 565, 566, 567, 569, 570, 571, 572, 573, 574, 576, 579, 581, 582, 585, 590, 591, 594, 595, 596, 599, 600, 603, 605, 606, 608, 611, 615, 616, 620, 624, 625, 626, 628, 629, 631, 633, 636, 638, 639, 640, 643, 645, 647, 649, 650, 651, 652, 655, 658, 662, 665, 668, 669, 673, 674, 676, 678, 681, 682, 685, 686, 687, 688, 690, 692, 695, 698, 700, 702, 705, 707, 709, 710, 712, 718, 720, 722, 723, 724, 729, 730, 733, 734, 735, 736, 737, 739, 740, 744, 746, 747, 748, 749, 750, 751, 755, 757, 760, 762, 766, 767, 769, 772, 773, 774, 775, 780, 782, 784, 785, 786, 787, 790, 791, 796, 799, 800, 801, 802, 803, 804, 806, 810, 811, 813, 814, 819, 822, 824, 825, 826, 832, 834, 835, 836, 837, 838, 839, 842, 843, 851, 855, 857, 858, 859, 864, 868, 870, 873, 874, 877, 878, 879, 883, 884, 889]
[1, 6, 17, 26, 28, 29, 36, 43, 54, 70, 73, 84, 102, 109, 118, 121, 138, 139, 149, 154, 156, 157, 169, 189, 194, 201, 203, 204, 214, 220, 224, 227, 234, 241, 242, 245, 248, 252, 286, 295, 297, 306, 310, 318, 322, 329, 338, 352, 374, 380, 398, 404, 414, 422, 432, 439, 446, 449, 464, 466, 486, 494, 502, 507, 511, 512, 516, 520, 521, 535, 540, 548, 550, 552, 555, 560, 564, 571, 573, 577, 580, 589, 590, 621, 634, 635, 642, 660, 663, 672, 675, 678, 681, 687, 689, 691, 702, 705, 706, 714, 718, 720, 731, 734, 735, 765, 767, 778, 783, 788, 800, 808, 823, 826, 829, 834, 846, 848, 851, 867, 875, 881]

[0, 2, 5, 9, 10, 11, 12, 13, 18, 19, 22, 24, 25, 26, 28, 31, 33, 36, 37, 39, 40, 42, 43, 45, 46, 48, 50, 52, 54, 55, 58, 61, 62, 63, 65, 66, 67, 69, 77, 79, 80, 81, 83, 85, 86, 87, 88, 91, 92, 93, 95, 96, 97, 99, 101, 103, 108, 111, 114, 115, 117, 120, 124, 127, 128, 132, 134, 135, 137, 139, 140, 142, 143, 148, 149, 150, 151, 153, 154, 156, 160, 161, 162, 165, 166, 167, 169, 171, 172, 173, 174, 176, 178, 179, 183, 185, 186, 187, 189, 190, 191, 193, 195, 196, 201, 202, 203, 207, 208, 209, 210, 212, 216, 217, 218, 219, 221, 223, 224, 227, 228, 229, 231, 232, 233, 234, 239, 240, 242, 246, 248, 251, 255, 259, 261, 264, 268, 269, 274, 276, 278, 281, 282, 284, 289, 290, 291, 292, 293, 294, 295, 297, 298, 300, 304, 312, 313, 315, 324, 325, 328, 329, 330, 333, 334, 336, 337, 338, 339, 341, 342, 343, 345, 346, 348, 349, 354, 355, 356, 357, 361, 364, 366, 367, 368, 370, 371, 372, 373, 375, 376, 379, 381, 384, 386, 387, 388, 393, 394, 397, 398, 399, 400, 401, 402, 407, 408, 409, 410, 411, 414, 415, 416, 418, 419, 420, 421, 422, 425, 427, 428, 430, 434, 439, 440, 442, 444, 445, 446, 447, 448, 450, 451, 455, 456, 457, 459, 461, 463, 465, 468, 470, 473, 475, 477, 479, 480, 481, 482, 486, 488, 489, 490, 491, 492, 493, 495, 496, 497, 500, 501, 502, 505, 506, 508, 514, 515, 516, 519, 520, 521, 525, 526, 527, 532, 533, 535, 536, 538, 541, 543, 545, 546, 547, 548, 551, 552, 555, 556, 557, 558, 563, 564, 565, 566, 567, 569, 570, 571, 572, 573, 574, 576, 579, 581, 582, 585, 590, 591, 593, 594, 595, 596, 599, 600, 603, 605, 606, 608, 611, 615, 616, 620, 624, 625, 626, 628, 629, 631, 633, 636, 638, 639, 640, 643, 645, 646, 647, 649, 650, 651, 652, 654, 655, 658, 662, 665, 668, 669, 673, 674, 676, 678, 680, 681, 682, 685, 686, 687, 688, 690, 692, 695, 698, 700, 702, 704, 705, 707, 709, 710, 712, 718, 720, 722, 723, 724, 729, 730, 733, 734, 735, 736, 737, 739, 740, 744, 746, 747, 748, 749, 750, 751, 755, 757, 760, 761, 762, 766, 767, 769, 771, 772, 773, 774, 775, 780, 782, 784, 785, 786, 787, 790, 791, 792, 796, 798, 799, 800, 801, 802, 803, 804, 806, 810, 811, 813, 814, 819, 822, 824, 825, 826, 827, 832, 834, 835, 836, 837, 838, 839, 842, 843, 851, 855, 857, 858, 859, 860, 864, 868, 870, 873, 874, 877, 878, 879, 883, 884, 889]
[1, 6, 17, 26, 28, 29, 36, 43, 54, 70, 73, 84, 102, 109, 118, 121, 138, 139, 149, 154, 156, 157, 169, 189, 194, 201, 203, 204, 214, 220, 224, 227, 234, 241, 242, 245, 248, 252, 286, 295, 297, 306, 310, 318, 322, 329, 338, 352, 374, 380, 398, 404, 414, 422, 432, 439, 446, 449, 464, 466, 486, 494, 502, 507, 511, 512, 516, 520, 521, 535, 540, 548, 550, 552, 555, 560, 564, 571, 573, 577, 580, 589, 590, 621, 634, 635, 642, 660, 663, 672, 675, 678, 681, 687, 689, 691, 702, 705, 706, 714, 718, 720, 731, 734, 735, 765, 767, 778, 783, 788, 800, 808, 823, 826, 829, 834, 846, 848, 851, 867, 875, 881]

[0, 1, 2, 5, 9, 10, 11, 12, 13, 18, 19, 22, 24, 25, 26, 28, 31, 33, 36, 37, 39, 40, 42, 43, 45, 46, 48, 50, 52, 54, 55, 56, 58, 61, 62, 63, 65, 66, 67, 69, 76, 77, 79, 80, 81, 83, 85, 86, 87, 88, 91, 92, 93, 95, 96, 97, 99, 101, 103, 108, 111, 114, 115, 117, 120, 124, 125, 127, 128, 130, 132, 133, 134, 135, 137, 139, 140, 142, 143, 148, 149, 150, 151, 153, 154, 156, 160, 161, 162, 163, 165, 166, 167, 169, 171, 172, 173, 174, 176, 178, 179, 183, 185, 186, 187, 188, 189, 190, 191, 193, 195, 196, 201, 202, 203, 207, 208, 209, 210, 212, 216, 217, 218, 219, 221, 223, 224, 227, 228, 229, 231, 232, 233, 234, 239, 240, 242, 246, 248, 251, 255, 259, 260, 261, 262, 264, 268, 269, 274, 276, 278, 281, 282, 284, 289, 290, 291, 292, 293, 294, 295, 297, 298, 300, 304, 312, 313, 315, 324, 325, 326, 328, 329, 330, 333, 334, 336, 337, 338, 339, 341, 342, 343, 345, 346, 348, 349, 354, 355, 356, 357, 359, 361, 364, 366, 367, 368, 370, 371, 372, 373, 375, 376, 379, 381, 384, 386, 387, 388, 392, 393, 394, 397, 398, 399, 400, 401, 402, 407, 408, 409, 410, 411, 414, 415, 416, 417, 418, 419, 420, 421, 422, 425, 427, 428, 429, 430, 433, 434, 439, 440, 442, 444, 445, 446, 447, 448, 450, 451, 455, 456, 457, 459, 461, 463, 465, 468, 470, 473, 475, 477, 479, 480, 481, 482, 486, 488, 489, 490, 491, 492, 493, 495, 496, 497, 500, 501, 502, 505, 506, 508, 514, 515, 516, 519, 520, 521, 525, 526, 527, 531, 532, 533, 535, 536, 538, 541, 543, 545, 546, 547, 548, 550, 551, 552, 555, 556, 557, 558, 563, 564, 565, 566, 567, 569, 570, 571, 572, 573, 574, 576, 579, 581, 582, 585, 590, 591, 593, 594, 595, 596, 599, 600, 603, 605, 606, 608, 611, 615, 616, 618, 620, 624, 625, 626, 628, 629, 631, 633, 635, 636, 638, 639, 640, 643, 645, 646, 647, 649, 650, 651, 652, 653, 654, 655, 658, 662, 665, 668, 669, 673, 674, 676, 678, 680, 681, 682, 685, 686, 687, 688, 690, 692, 695, 698, 700, 702, 704, 705, 707, 709, 710, 711, 712, 718, 720, 722, 723, 724, 729, 730, 733, 734, 735, 736, 737, 739, 740, 744, 746, 747, 748, 749, 750, 751, 755, 757, 760, 761, 762, 766, 767, 769, 771, 772, 773, 774, 775, 780, 782, 784, 785, 786, 787, 790, 791, 792, 796, 798, 799, 800, 801, 802, 803, 804, 806, 810, 811, 813, 814, 819, 822, 824, 825, 826, 827, 832, 834, 835, 836, 837, 838, 839, 842, 843, 844, 851, 855, 857, 858, 859, 860, 864, 868, 870, 871, 873, 874, 877, 878, 879, 883, 884, 886, 889]
[1, 6, 17, 26, 28, 29, 36, 43, 54, 70, 73, 84, 102, 109, 118, 121, 138, 139, 149, 154, 156, 157, 169, 189, 194, 201, 203, 204, 214, 220, 224, 227, 234, 241, 242, 245, 248, 252, 286, 295, 297, 306, 310, 318, 322, 329, 338, 352, 374, 380, 398, 404, 414, 422, 432, 439, 446, 449, 464, 466, 486, 494, 502, 507, 511, 512, 516, 520, 521, 535, 540, 548, 550, 552, 555, 560, 564, 571, 573, 577, 580, 589, 590, 621, 634, 635, 642, 660, 663, 672, 675, 678, 681, 687, 689, 691, 702, 705, 706, 714, 718, 720, 731, 734, 735, 765, 767, 778, 783, 788, 800, 808, 823, 826, 829, 834, 846, 848, 851, 867, 875, 881]

[0, 1, 2, 5, 9, 10, 11, 12, 13, 18, 19, 22, 24, 25, 26, 27, 28, 31, 32, 33, 36, 37, 39, 40, 42, 43, 45, 46, 48, 50, 52, 54, 55, 56, 58, 61, 62, 63, 65, 66, 67, 69, 76, 77, 79, 80, 81, 83, 85, 86, 87, 88, 91, 92, 93, 94, 95, 96, 97, 99, 101, 103, 106, 108, 111, 114, 115, 117, 120, 123, 124, 125, 127, 128, 130, 132, 133, 134, 135, 137, 139, 140, 142, 143, 148, 149, 150, 151, 153, 154, 156, 160, 161, 162, 163, 165, 166, 167, 169, 171, 172, 173, 174, 176, 178, 179, 183, 185, 186, 187, 188, 189, 190, 191, 193, 195, 196, 201, 202, 203, 207, 208, 209, 210, 212, 215, 216, 217, 218, 219, 221, 223, 224, 227, 228, 229, 231, 232, 233, 234, 239, 240, 241, 242, 246, 248, 251, 255, 259, 260, 261, 262, 264, 268, 269, 274, 276, 278, 281, 282, 284, 289, 290, 291, 292, 293, 294, 295, 297, 298, 300, 304, 309, 312, 313, 315, 324, 325, 326, 328, 329, 330, 333, 334, 336, 337, 338, 339, 341, 342, 343, 345, 346, 348, 349, 350, 354, 355, 356, 357, 359, 361, 364, 366, 367, 368, 370, 371, 372, 373, 375, 376, 379, 381, 384, 386, 387, 388, 392, 393, 394, 397, 398, 399, 400, 401, 402, 407, 408, 409, 410, 411, 414, 415, 416, 417, 418, 419, 420, 421, 422, 425, 427, 428, 429, 430, 431, 433, 434, 439, 440, 442, 444, 445, 446, 447, 448, 450, 451, 455, 456, 457, 459, 461, 463, 465, 467, 468, 470, 473, 474, 475, 477, 479, 480, 481, 482, 486, 488, 489, 490, 491, 492, 493, 495, 496, 497, 500, 501, 502, 505, 506, 508, 511, 514, 515, 516, 519, 520, 521, 525, 526, 527, 531, 532, 533, 535, 536, 538, 541, 543, 545, 546, 547, 548, 550, 551, 552, 555, 556, 557, 558, 563, 564, 565, 566, 567, 568, 569, 570, 571, 572, 573, 574, 575, 576, 579, 581, 582, 585, 590, 591, 593, 594, 595, 596, 599, 600, 603, 605, 606, 608, 611, 615, 616, 618, 620, 624, 625, 626, 628, 629, 631, 633, 635, 636, 638, 639, 640, 643, 645, 646, 647, 649, 650, 651, 652, 653, 654, 655, 658, 662, 665, 668, 669, 672, 673, 674, 676, 678, 680, 681, 682, 685, 686, 687, 688, 690, 691, 692, 695, 698, 700, 702, 704, 705, 707, 709, 710, 711, 712, 718, 720, 722, 723, 724, 727, 729, 730, 733, 734, 735, 736, 737, 739, 740, 744, 746, 747, 748, 749, 750, 751, 752, 755, 757, 760, 761, 762, 766, 767, 769, 771, 772, 773, 774, 775, 780, 782, 784, 785, 786, 787, 790, 791, 792, 796, 798, 799, 800, 801, 802, 803, 804, 806, 810, 811, 813, 814, 817, 819, 820, 821, 822, 824, 825, 826, 827, 829, 832, 834, 835, 836, 837, 838, 839, 842, 843, 844, 851, 853, 855, 857, 858, 859, 860, 864, 866, 868, 870, 871, 873, 874, 877, 878, 879, 883, 884, 886, 889]
[1, 6, 17, 26, 28, 29, 36, 43, 54, 70, 73, 84, 102, 109, 118, 121, 138, 139, 149, 154, 156, 157, 169, 189, 194, 201, 203, 204, 214, 220, 224, 227, 234, 241, 242, 245, 248, 252, 286, 295, 297, 306, 310, 318, 322, 329, 338, 352, 374, 380, 398, 404, 414, 422, 432, 439, 446, 449, 464, 466, 486, 494, 502, 507, 511, 512, 516, 520, 521, 535, 540, 548, 550, 552, 555, 560, 564, 571, 573, 577, 580, 589, 590, 621, 634, 635, 642, 660, 663, 672, 675, 678, 681, 687, 689, 691, 702, 705, 706, 714, 718, 720, 731, 734, 735, 765, 767, 778, 783, 788, 800, 808, 823, 826, 829, 834, 846, 848, 851, 867, 875, 881]

[0, 1, 2, 5, 9, 10, 11, 12, 13, 18, 19, 20, 22, 24, 25, 26, 27, 28, 31, 32, 33, 36, 37, 39, 40, 42, 43, 45, 46, 48, 50, 52, 53, 54, 55, 56, 58, 59, 61, 62, 63, 65, 66, 67, 69, 73, 75, 76, 77, 79, 80, 81, 83, 85, 86, 87, 88, 90, 91, 92, 93, 94, 95, 96, 97, 99, 101, 103, 106, 108, 111, 114, 115, 117, 120, 123, 124, 125, 127, 128, 130, 132, 133, 134, 135, 137, 139, 140, 142, 143, 148, 149, 150, 151, 152, 153, 154, 156, 159, 160, 161, 162, 163, 165, 166, 167, 169, 171, 172, 173, 174, 176, 178, 179, 183, 185, 186, 187, 188, 189, 190, 191, 193, 195, 196, 197, 198, 201, 202, 203, 207, 208, 209, 210, 212, 215, 216, 217, 218, 219, 221, 223, 224, 227, 228, 229, 231, 232, 233, 234, 239, 240, 241, 242, 246, 248, 251, 254, 255, 259, 260, 261, 262, 264, 268, 269, 274, 276, 278, 281, 282, 284, 288, 289, 290, 291, 292, 293, 294, 295, 297, 298, 300, 304, 309, 312, 313, 314, 315, 324, 325, 326, 328, 329, 330, 333, 334, 336, 337, 338, 339, 341, 342, 343, 345, 346, 348, 349, 350, 351, 354, 355, 356, 357, 359, 361, 363, 364, 366, 367, 368, 370, 371, 372, 373, 374, 375, 376, 379, 381, 384, 386, 387, 388, 392, 393, 394, 397, 398, 399, 400, 401, 402, 407, 408, 409, 410, 411, 414, 415, 416, 417, 418, 419, 420, 421, 422, 425, 427, 428, 429, 430, 431, 433, 434, 439, 440, 442, 444, 445, 446, 447, 448, 450, 451, 455, 456, 457, 459, 461, 463, 465, 467, 468, 470, 473, 474, 475, 477, 479, 480, 481, 482, 484, 486, 488, 489, 490, 491, 492, 493, 495, 496, 497, 500, 501, 502, 505, 506, 508, 511, 514, 515, 516, 519, 520, 521, 525, 526, 527, 531, 532, 533, 535, 536, 538, 541, 543, 545, 546, 547, 548, 550, 551, 552, 555, 556, 557, 558, 561, 563, 564, 565, 566, 567, 568, 569, 570, 571, 572, 573, 574, 575, 576, 579, 581, 582, 585, 590, 591, 593, 594, 595, 596, 599, 600, 603, 605, 606, 608, 611, 615, 616, 618, 620, 624, 625, 626, 628, 629, 631, 633, 635, 636, 638, 639, 640, 643, 645, 646, 647, 648, 649, 650, 651, 652, 653, 654, 655, 658, 662, 665, 668, 669, 672, 673, 674, 676, 678, 680, 681, 682, 685, 686, 687, 688, 690, 691, 692, 695, 698, 700, 702, 704, 705, 707, 709, 710, 711, 712, 718, 720, 722, 723, 724, 727, 729, 730, 733, 734, 735, 736, 737, 739, 740, 744, 746, 747, 748, 749, 750, 751, 752, 755, 757, 760, 761, 762, 766, 767, 769, 771, 772, 773, 774, 775, 780, 782, 784, 785, 786, 787, 790, 791, 792, 795, 796, 798, 799, 800, 801, 802, 803, 804, 806, 810, 811, 813, 814, 815, 817, 819, 820, 821, 822, 824, 825, 826, 827, 829, 832, 834, 835, 836, 837, 838, 839, 840, 842, 843, 844, 851, 853, 855, 857, 858, 859, 860, 864, 866, 867, 868, 870, 871, 872, 873, 874, 877, 878, 879, 882, 883, 884, 886, 889]
[1, 6, 17, 26, 28, 29, 36, 43, 54, 70, 73, 84, 102, 109, 118, 121, 138, 139, 149, 154, 156, 157, 169, 189, 194, 201, 203, 204, 214, 220, 224, 227, 234, 241, 242, 245, 248, 252, 286, 295, 297, 306, 310, 318, 322, 329, 338, 352, 374, 380, 398, 404, 414, 422, 432, 439, 446, 449, 464, 466, 486, 494, 502, 507, 511, 512, 516, 520, 521, 535, 540, 548, 550, 552, 555, 560, 564, 571, 573, 577, 580, 589, 590, 621, 634, 635, 642, 660, 663, 672, 675, 678, 681, 687, 689, 691, 702, 705, 706, 714, 718, 720, 731, 734, 735, 765, 767, 778, 783, 788, 800, 808, 823, 826, 829, 834, 846, 848, 851, 867, 875, 881]

[0, 1, 2, 5, 7, 9, 10, 11, 12, 13, 14, 18, 19, 20, 22, 24, 25, 26, 27, 28, 31, 32, 33, 36, 37, 39, 40, 42, 43, 45, 46, 48, 50, 52, 53, 54, 55, 56, 58, 59, 60, 61, 62, 63, 65, 66, 67, 69, 73, 75, 76, 77, 79, 80, 81, 83, 84, 85, 86, 87, 88, 90, 91, 92, 93, 94, 95, 96, 97, 99, 101, 103, 106, 108, 111, 114, 115, 117, 120, 123, 124, 125, 127, 128, 129, 130, 132, 133, 134, 135, 137, 138, 139, 140, 142, 143, 146, 148, 149, 150, 151, 152, 153, 154, 156, 159, 160, 161, 162, 163, 165, 166, 167, 169, 170, 171, 172, 173, 174, 176, 178, 179, 183, 185, 186, 187, 188, 189, 190, 191, 193, 195, 196, 197, 198, 201, 202, 203, 207, 208, 209, 210, 212, 215, 216, 217, 218, 219, 221, 223, 224, 227, 228, 229, 231, 232, 233, 234, 239, 240, 241, 242, 246, 248, 251, 254, 255, 259, 260, 261, 262, 264, 268, 269, 274, 276, 277, 278, 281, 282, 284, 288, 289, 290, 291, 292, 293, 294, 295, 297, 298, 300, 304, 309, 311, 312, 313, 314, 315, 324, 325, 326, 328, 329, 330, 333, 334, 336, 337, 338, 339, 341, 342, 343, 345, 346, 348, 349, 350, 351, 354, 355, 356, 357, 359, 361, 363, 364, 366, 367, 368, 370, 371, 372, 373, 374, 375, 376, 379, 380, 381, 384, 386, 387, 388, 392, 393, 394, 397, 398, 399, 400, 401, 402, 407, 408, 409, 410, 411, 414, 415, 416, 417, 418, 419, 420, 421, 422, 425, 427, 428, 429, 430, 431, 433, 434, 439, 440, 442, 444, 445, 446, 447, 448, 450, 451, 455, 456, 457, 459, 461, 463, 465, 466, 467, 468, 470, 473, 474, 475, 476, 477, 479, 480, 481, 482, 484, 486, 488, 489, 490, 491, 492, 493, 495, 496, 497, 499, 500, 501, 502, 505, 506, 508, 511, 514, 515, 516, 519, 520, 521, 522, 525, 526, 527, 531, 532, 533, 535, 536, 538, 541, 543, 545, 546, 547, 548, 549, 550, 551, 552, 555, 556, 557, 558, 561, 563, 564, 565, 566, 567, 568, 569, 570, 571, 572, 573, 574, 575, 576, 579, 581, 582, 584, 585, 586, 590, 591, 593, 594, 595, 596, 599, 600, 603, 605, 606, 608, 611, 615, 616, 618, 620, 623, 624, 625, 626, 628, 629, 631, 633, 635, 636, 638, 639, 640, 643, 645, 646, 647, 648, 649, 650, 651, 652, 653, 654, 655, 658, 662, 665, 668, 669, 672, 673, 674, 676, 678, 680, 681, 682, 685, 686, 687, 688, 690, 691, 692, 694, 695, 698, 700, 702, 704, 705, 707, 709, 710, 711, 712, 718, 720, 722, 723, 724, 726, 727, 729, 730, 733, 734, 735, 736, 737, 739, 740, 743, 744, 746, 747, 748, 749, 750, 751, 752, 753, 755, 757, 760, 761, 762, 766, 767, 769, 771, 772, 773, 774, 775, 780, 782, 784, 785, 786, 787, 790, 791, 792, 795, 796, 798, 799, 800, 801, 802, 803, 804, 806, 810, 811, 813, 814, 815, 817, 819, 820, 821, 822, 824, 825, 826, 827, 829, 832, 834, 835, 836, 837, 838, 839, 840, 842, 843, 844, 850, 851, 853, 855, 857, 858, 859, 860, 864, 866, 867, 868, 870, 871, 872, 873, 874, 875, 877, 878, 879, 882, 883, 884, 886, 889]
[1, 6, 17, 26, 28, 29, 36, 43, 54, 70, 73, 84, 102, 109, 118, 121, 138, 139, 149, 154, 156, 157, 169, 189, 194, 201, 203, 204, 214, 220, 224, 227, 234, 241, 242, 245, 248, 252, 286, 295, 297, 306, 310, 318, 322, 329, 338, 352, 374, 380, 398, 404, 414, 422, 432, 439, 446, 449, 464, 466, 486, 494, 502, 507, 511, 512, 516, 520, 521, 535, 540, 548, 550, 552, 555, 560, 564, 571, 573, 577, 580, 589, 590, 621, 634, 635, 642, 660, 663, 672, 675, 678, 681, 687, 689, 691, 702, 705, 706, 714, 718, 720, 731, 734, 735, 765, 767, 778, 783, 788, 800, 808, 823, 826, 829, 834, 846, 848, 851, 867, 875, 881]

[0, 1, 2, 5, 6, 7, 9, 10, 11, 12, 13, 14, 18, 19, 20, 22, 24, 25, 26, 27, 28, 31, 32, 33, 36, 37, 39, 40, 42, 43, 45, 46, 47, 48, 50, 52, 53, 54, 55, 56, 58, 59, 60, 61, 62, 63, 65, 66, 67, 69, 71, 73, 75, 76, 77, 79, 80, 81, 83, 84, 85, 86, 87, 88, 90, 91, 92, 93, 94, 95, 96, 97, 99, 101, 103, 106, 108, 111, 114, 115, 117, 120, 122, 123, 124, 125, 127, 128, 129, 130, 132, 133, 134, 135, 137, 138, 139, 140, 142, 143, 146, 148, 149, 150, 151, 152, 153, 154, 156, 159, 160, 161, 162, 163, 165, 166, 167, 169, 170, 171, 172, 173, 174, 176, 178, 179, 183, 185, 186, 187, 188, 189, 190, 191, 193, 195, 196, 197, 198, 201, 202, 203, 207, 208, 209, 210, 212, 213, 215, 216, 217, 218, 219, 221, 223, 224, 225, 227, 228, 229, 231, 232, 233, 234, 238, 239, 240, 241, 242, 244, 245, 246, 248, 251, 254, 255, 259, 260, 261, 262, 264, 265, 266, 268, 269, 274, 275, 276, 277, 278, 279, 281, 282, 284, 288, 289, 290, 291, 292, 293, 294, 295, 297, 298, 300, 304, 309, 311, 312, 313, 314, 315, 324, 325, 326, 328, 329, 330, 333, 334, 336, 337, 338, 339, 341, 342, 343, 345, 346, 348, 349, 350, 351, 354, 355, 356, 357, 359, 361, 363, 364, 366, 367, 368, 370, 371, 372, 373, 374, 375, 376, 379, 380, 381, 384, 386, 387, 388, 392, 393, 394, 397, 398, 399, 400, 401, 402, 407, 408, 409, 410, 411, 412, 414, 415, 416, 417, 418, 419, 420, 421, 422, 425, 427, 428, 429, 430, 431, 433, 434, 439, 440, 442, 444, 445, 446, 447, 448, 450, 451, 455, 456, 457, 459, 461, 463, 465, 466, 467, 468, 470, 473, 474, 475, 476, 477, 479, 480, 481, 482, 484, 486, 487, 488, 489, 490, 491, 492, 493, 495, 496, 497, 499, 500, 501, 502, 505, 506, 508, 511, 514, 515, 516, 519, 520, 521, 522, 525, 526, 527, 528, 531, 532, 533, 535, 536, 538, 541, 543, 545, 546, 547, 548, 549, 550, 551, 552, 555, 556, 557, 558, 561, 563, 564, 565, 566, 567, 568, 569, 570, 571, 572, 573, 574, 575, 576, 577, 579, 581, 582, 584, 585, 586, 589, 590, 591, 593, 594, 595, 596, 599, 600, 603, 605, 606, 608, 611, 615, 616, 617, 618, 620, 623, 624, 625, 626, 628, 629, 631, 633, 635, 636, 638, 639, 640, 643, 645, 646, 647, 648, 649, 650, 651, 652, 653, 654, 655, 658, 662, 665, 668, 669, 672, 673, 674, 676, 678, 680, 681, 682, 684, 685, 686, 687, 688, 690, 691, 692, 694, 695, 697, 698, 700, 702, 704, 705, 707, 709, 710, 711, 712, 718, 720, 722, 723, 724, 726, 727, 728, 729, 730, 733, 734, 735, 736, 737, 739, 740, 743, 744, 746, 747, 748, 749, 750, 751, 752, 753, 755, 757, 760, 761, 762, 766, 767, 769, 771, 772, 773, 774, 775, 778, 780, 782, 784, 785, 786, 787, 790, 791, 792, 795, 796, 798, 799, 800, 801, 802, 803, 804, 805, 806, 810, 811, 813, 814, 815, 817, 819, 820, 821, 822, 824, 825, 826, 827, 829, 832, 834, 835, 836, 837, 838, 839, 840, 842, 843, 844, 850, 851, 853, 855, 857, 858, 859, 860, 864, 866, 867, 868, 870, 871, 872, 873, 874, 875, 877, 878, 879, 882, 883, 884, 886, 888, 889]
[1, 6, 17, 26, 28, 29, 36, 43, 54, 70, 73, 84, 102, 109, 118, 121, 138, 139, 149, 154, 156, 157, 169, 189, 194, 201, 203, 204, 214, 220, 224, 227, 234, 241, 242, 245, 248, 252, 286, 295, 297, 306, 310, 318, 322, 329, 338, 352, 374, 380, 398, 404, 414, 422, 432, 439, 446, 449, 464, 466, 486, 494, 502, 507, 511, 512, 516, 520, 521, 535, 540, 548, 550, 552, 555, 560, 564, 571, 573, 577, 580, 589, 590, 621, 634, 635, 642, 660, 663, 672, 675, 678, 681, 687, 689, 691, 702, 705, 706, 714, 718, 720, 731, 734, 735, 765, 767, 778, 783, 788, 800, 808, 823, 826, 829, 834, 846, 848, 851, 867, 875, 881]

[0, 1, 2, 5, 6, 7, 9, 10, 11, 12, 13, 14, 18, 19, 20, 22, 24, 25, 26, 27, 28, 31, 32, 33, 34, 36, 37, 39, 40, 41, 42, 43, 45, 46, 47, 48, 50, 52, 53, 54, 55, 56, 58, 59, 60, 61, 62, 63, 65, 66, 67, 69, 71, 73, 75, 76, 77, 79, 80, 81, 83, 84, 85, 86, 87, 88, 90, 91, 92, 93, 94, 95, 96, 97, 99, 100, 101, 103, 106, 108, 111, 114, 115, 117, 119, 120, 122, 123, 124, 125, 126, 127, 128, 129, 130, 131, 132, 133, 134, 135, 137, 138, 139, 140, 142, 143, 146, 148, 149, 150, 151, 152, 153, 154, 155, 156, 158, 159, 160, 161, 162, 163, 165, 166, 167, 169, 170, 171, 172, 173, 174, 176, 178, 179, 183, 185, 186, 187, 188, 189, 190, 191, 193, 194, 195, 196, 197, 198, 201, 202, 203, 207, 208, 209, 210, 212, 213, 215, 216, 217, 218, 219, 221, 223, 224, 225, 227, 228, 229, 231, 232, 233, 234, 238, 239, 240, 241, 242, 244, 245, 246, 248, 251, 254, 255, 259, 260, 261, 262, 264, 265, 266, 268, 269, 274, 275, 276, 277, 278, 279, 281, 282, 283, 284, 288, 289, 290, 291, 292, 293, 294, 295, 297, 298, 300, 304, 309, 311, 312, 313, 314, 315, 323, 324, 325, 326, 328, 329, 330, 333, 334, 336, 337, 338, 339, 341, 342, 343, 345, 346, 348, 349, 350, 351, 354, 355, 356, 357, 359, 361, 363, 364, 366, 367, 368, 370, 371, 372, 373, 374, 375, 376, 379, 380, 381, 384, 385, 386, 387, 388, 392, 393, 394, 397, 398, 399, 400, 401, 402, 406, 407, 408, 409, 410, 411, 412, 414, 415, 416, 417, 418, 419, 420, 421, 422, 425, 427, 428, 429, 430, 431, 432, 433, 434, 438, 439, 440, 442, 444, 445, 446, 447, 448, 450, 451, 454, 455, 456, 457, 459, 461, 463, 465, 466, 467, 468, 470, 473, 474, 475, 476, 477, 479, 480, 481, 482, 484, 486, 487, 488, 489, 490, 491, 492, 493, 495, 496, 497, 499, 500, 501, 502, 505, 506, 508, 511, 514, 515, 516, 519, 520, 521, 522, 525, 526, 527, 528, 530, 531, 532, 533, 535, 536, 538, 541, 543, 545, 546, 547, 548, 549, 550, 551, 552, 555, 556, 557, 558, 561, 563, 564, 565, 566, 567, 568, 569, 570, 571, 572, 573, 574, 575, 576, 577, 579, 581, 582, 584, 585, 586, 589, 590, 591, 593, 594, 595, 596, 599, 600, 603, 605, 606, 608, 611, 615, 616, 617, 618, 620, 623, 624, 625, 626, 628, 629, 631, 633, 634, 635, 636, 638, 639, 640, 643, 645, 646, 647, 648, 649, 650, 651, 652, 653, 654, 655, 658, 662, 665, 668, 669, 672, 673, 674, 676, 678, 679, 680, 681, 682, 684, 685, 686, 687, 688, 690, 691, 692, 694, 695, 697, 698, 700, 702, 704, 705, 707, 708, 709, 710, 711, 712, 718, 720, 722, 723, 724, 726, 727, 728, 729, 730, 731, 732, 733, 734, 735, 736, 737, 739, 740, 743, 744, 746, 747, 748, 749, 750, 751, 752, 753, 755, 757, 760, 761, 762, 766, 767, 769, 771, 772, 773, 774, 775, 778, 780, 782, 784, 785, 786, 787, 790, 791, 792, 795, 796, 797, 798, 799, 800, 801, 802, 803, 804, 805, 806, 810, 811, 813, 814, 815, 817, 818, 819, 820, 821, 822, 824, 825, 826, 827, 829, 831, 832, 834, 835, 836, 837, 838, 839, 840, 842, 843, 844, 850, 851, 853, 855, 857, 858, 859, 860, 864, 866, 867, 868, 870, 871, 872, 873, 874, 875, 877, 878, 879, 882, 883, 884, 886, 888, 889]
[1, 6, 17, 26, 28, 29, 36, 43, 54, 70, 73, 84, 102, 109, 118, 121, 138, 139, 149, 154, 156, 157, 169, 189, 194, 201, 203, 204, 214, 220, 224, 227, 234, 241, 242, 245, 248, 252, 286, 295, 297, 306, 310, 318, 322, 329, 338, 352, 374, 380, 398, 404, 414, 422, 432, 439, 446, 449, 464, 466, 486, 494, 502, 507, 511, 512, 516, 520, 521, 535, 540, 548, 550, 552, 555, 560, 564, 571, 573, 577, 580, 589, 590, 621, 634, 635, 642, 660, 663, 672, 675, 678, 681, 687, 689, 691, 702, 705, 706, 714, 718, 720, 731, 734, 735, 765, 767, 778, 783, 788, 800, 808, 823, 826, 829, 834, 846, 848, 851, 867, 875, 881]

[0, 1, 2, 3, 5, 6, 7, 9, 10, 11, 12, 13, 14, 16, 17, 18, 19, 20, 22, 24, 25, 26, 27, 28, 31, 32, 33, 34, 36, 37, 39, 40, 41, 42, 43, 45, 46, 47, 48, 50, 52, 53, 54, 55, 56, 58, 59, 60, 61, 62, 63, 64, 65, 66, 67, 69, 71, 72, 73, 75, 76, 77, 79, 80, 81, 82, 83, 84, 85, 86, 87, 88, 90, 91, 92, 93, 94, 95, 96, 97, 99, 100, 101, 103, 106, 108, 109, 111, 114, 115, 117, 118, 119, 120, 122, 123, 124, 125, 126, 127, 128, 129, 130, 131, 132, 133, 134, 135, 137, 138, 139, 140, 142, 143, 146, 148, 149, 150, 151, 152, 153, 154, 155, 156, 158, 159, 160, 161, 162, 163, 165, 166, 167, 169, 170, 171, 172, 173, 174, 176, 178, 179, 182, 183, 184, 185, 186, 187, 188, 189, 190, 191, 193, 194, 195, 196, 197, 198, 201, 202, 203, 207, 208, 209, 210, 212, 213, 215, 216, 217, 218, 219, 221, 223, 224, 225, 226, 227, 228, 229, 231, 232, 233, 234, 235, 238, 239, 240, 241, 242, 244, 245, 246, 248, 250, 251, 254, 255, 259, 260, 261, 262, 264, 265, 266, 268, 269, 274, 275, 276, 277, 278, 279, 281, 282, 283, 284, 288, 289, 290, 291, 292, 293, 294, 295, 297, 298, 300, 304, 309, 311, 312, 313, 314, 315, 323, 324, 325, 326, 328, 329, 330, 333, 334, 336, 337, 338, 339, 341, 342, 343, 345, 346, 348, 349, 350, 351, 354, 355, 356, 357, 359, 361, 363, 364, 365, 366, 367, 368, 370, 371, 372, 373, 374, 375, 376, 379, 380, 381, 384, 385, 386, 387, 388, 392, 393, 394, 397, 398, 399, 400, 401, 402, 406, 407, 408, 409, 410, 411, 412, 414, 415, 416, 417, 418, 419, 420, 421, 422, 425, 426, 427, 428, 429, 430, 431, 432, 433, 434, 438, 439, 440, 442, 444, 445, 446, 447, 448, 450, 451, 454, 455, 456, 457, 459, 461, 463, 465, 466, 467, 468, 470, 471, 473, 474, 475, 476, 477, 479, 480, 481, 482, 484, 486, 487, 488, 489, 490, 491, 492, 493, 495, 496, 497, 499, 500, 501, 502, 505, 506, 508, 511, 514, 515, 516, 519, 520, 521, 522, 525, 526, 527, 528, 530, 531, 532, 533, 535, 536, 538, 541, 542, 543, 545, 546, 547, 548, 549, 550, 551, 552, 555, 556, 557, 558, 561, 563, 564, 565, 566, 567, 568, 569, 570, 571, 572, 573, 574, 575, 576, 577, 579, 581, 582, 584, 585, 586, 589, 590, 591, 593, 594, 595, 596, 599, 600, 603, 605, 606, 608, 611, 615, 616, 617, 618, 620, 623, 624, 625, 626, 628, 629, 631, 633, 634, 635, 636, 638, 639, 640, 643, 645, 646, 647, 648, 649, 650, 651, 652, 653, 654, 655, 658, 659, 662, 665, 667, 668, 669, 672, 673, 674, 676, 677, 678, 679, 680, 681, 682, 684, 685, 686, 687, 688, 690, 691, 692, 694, 695, 697, 698, 700, 702, 704, 705, 707, 708, 709, 710, 711, 712, 718, 720, 721, 722, 723, 724, 726, 727, 728, 729, 730, 731, 732, 733, 734, 735, 736, 737, 739, 740, 743, 744, 745, 746, 747, 748, 749, 750, 751, 752, 753, 755, 757, 760, 761, 762, 766, 767, 769, 771, 772, 773, 774, 775, 776, 778, 780, 782, 784, 785, 786, 787, 790, 791, 792, 795, 796, 797, 798, 799, 800, 801, 802, 803, 804, 805, 806, 810, 811, 813, 814, 815, 816, 817, 818, 819, 820, 821, 822, 824, 825, 826, 827, 829, 831, 832, 834, 835, 836, 837, 838, 839, 840, 841, 842, 843, 844, 850, 851, 853, 855, 857, 858, 859, 860, 864, 866, 867, 868, 870, 871, 872, 873, 874, 875, 877, 878, 879, 882, 883, 884, 886, 888, 889]
[1, 6, 17, 26, 28, 29, 36, 43, 54, 70, 73, 84, 102, 109, 118, 121, 138, 139, 149, 154, 156, 157, 169, 189, 194, 201, 203, 204, 214, 220, 224, 227, 234, 241, 242, 245, 248, 252, 286, 295, 297, 306, 310, 318, 322, 329, 338, 352, 374, 380, 398, 404, 414, 422, 432, 439, 446, 449, 464, 466, 486, 494, 502, 507, 511, 512, 516, 520, 521, 535, 540, 548, 550, 552, 555, 560, 564, 571, 573, 577, 580, 589, 590, 621, 634, 635, 642, 660, 663, 672, 675, 678, 681, 687, 689, 691, 702, 705, 706, 714, 718, 720, 731, 734, 735, 765, 767, 778, 783, 788, 800, 808, 823, 826, 829, 834, 846, 848, 851, 867, 875, 881]

[0, 1, 2, 3, 5, 6, 7, 9, 10, 11, 12, 13, 14, 16, 17, 18, 19, 20, 21, 22, 24, 25, 26, 27, 28, 31, 32, 33, 34, 36, 37, 39, 40, 41, 42, 43, 45, 46, 47, 48, 50, 52, 53, 54, 55, 56, 58, 59, 60, 61, 62, 63, 64, 65, 66, 67, 69, 71, 72, 73, 75, 76, 77, 79, 80, 81, 82, 83, 84, 85, 86, 87, 88, 90, 91, 92, 93, 94, 95, 96, 97, 99, 100, 101, 102, 103, 105, 106, 108, 109, 111, 114, 115, 117, 118, 119, 120, 122, 123, 124, 125, 126, 127, 128, 129, 130, 131, 132, 133, 134, 135, 137, 138, 139, 140, 142, 143, 146, 148, 149, 150, 151, 152, 153, 154, 155, 156, 158, 159, 160, 161, 162, 163, 165, 166, 167, 168, 169, 170, 171, 172, 173, 174, 176, 178, 179, 182, 183, 184, 185, 186, 187, 188, 189, 190, 191, 193, 194, 195, 196, 197, 198, 201, 202, 203, 207, 208, 209, 210, 212, 213, 215, 216, 217, 218, 219, 221, 223, 224, 225, 226, 227, 228, 229, 231, 232, 233, 234, 235, 238, 239, 240, 241, 242, 244, 245, 246, 247, 248, 250, 251, 254, 255, 259, 260, 261, 262, 264, 265, 266, 268, 269, 273, 274, 275, 276, 277, 278, 279, 280, 281, 282, 283, 284, 288, 289, 290, 291, 292, 293, 294, 295, 296, 297, 298, 300, 304, 309, 311, 312, 313, 314, 315, 323, 324, 325, 326, 327, 328, 329, 330, 333, 334, 336, 337, 338, 339, 341, 342, 343, 345, 346, 347, 348, 349, 350, 351, 354, 355, 356, 357, 359, 361, 363, 364, 365, 366, 367, 368, 370, 371, 372, 373, 374, 375, 376, 379, 380, 381, 384, 385, 386, 387, 388, 392, 393, 394, 397, 398, 399, 400, 401, 402, 406, 407, 408, 409, 410, 411, 412, 413, 414, 415, 416, 417, 418, 419, 420, 421, 422, 425, 426, 427, 428, 429, 430, 431, 432, 433, 434, 435, 438, 439, 440, 441, 442, 444, 445, 446, 447, 448, 450, 451, 454, 455, 456, 457, 459, 461, 463, 465, 466, 467, 468, 470, 471, 473, 474, 475, 476, 477, 478, 479, 480, 481, 482, 484, 485, 486, 487, 488, 489, 490, 491, 492, 493, 495, 496, 497, 499, 500, 501, 502, 505, 506, 508, 511, 514, 515, 516, 519, 520, 521, 522, 525, 526, 527, 528, 529, 530, 531, 532, 533, 535, 536, 538, 541, 542, 543, 545, 546, 547, 548, 549, 550, 551, 552, 555, 556, 557, 558, 561, 563, 564, 565, 566, 567, 568, 569, 570, 571, 572, 573, 574, 575, 576, 577, 579, 581, 582, 584, 585, 586, 589, 590, 591, 593, 594, 595, 596, 599, 600, 603, 605, 606, 608, 610, 611, 615, 616, 617, 618, 620, 621, 622, 623, 624, 625, 626, 628, 629, 631, 633, 634, 635, 636, 638, 639, 640, 643, 645, 646, 647, 648, 649, 650, 651, 652, 653, 654, 655, 657, 658, 659, 662, 663, 665, 667, 668, 669, 672, 673, 674, 676, 677, 678, 679, 680, 681, 682, 684, 685, 686, 687, 688, 690, 691, 692, 694, 695, 697, 698, 700, 702, 704, 705, 707, 708, 709, 710, 711, 712, 718, 720, 721, 722, 723, 724, 726, 727, 728, 729, 730, 731, 732, 733, 734, 735, 736, 737, 739, 740, 743, 744, 745, 746, 747, 748, 749, 750, 751, 752, 753, 755, 756, 757, 760, 761, 762, 763, 766, 767, 769, 771, 772, 773, 774, 775, 776, 778, 780, 782, 784, 785, 786, 787, 790, 791, 792, 795, 796, 797, 798, 799, 800, 801, 802, 803, 804, 805, 806, 810, 811, 813, 814, 815, 816, 817, 818, 819, 820, 821, 822, 824, 825, 826, 827, 829, 831, 832, 834, 835, 836, 837, 838, 839, 840, 841, 842, 843, 844, 850, 851, 853, 854, 855, 857, 858, 859, 860, 862, 864, 866, 867, 868, 870, 871, 872, 873, 874, 875, 877, 878, 879, 882, 883, 884, 886, 888, 889]
[1, 6, 17, 26, 28, 29, 36, 43, 54, 70, 73, 84, 102, 109, 118, 121, 138, 139, 149, 154, 156, 157, 169, 189, 194, 201, 203, 204, 214, 220, 224, 227, 234, 241, 242, 245, 248, 252, 286, 295, 297, 306, 310, 318, 322, 329, 338, 352, 374, 380, 398, 404, 414, 422, 432, 439, 446, 449, 464, 466, 486, 494, 502, 507, 511, 512, 516, 520, 521, 535, 540, 548, 550, 552, 555, 560, 564, 571, 573, 577, 580, 589, 590, 621, 634, 635, 642, 660, 663, 672, 675, 678, 681, 687, 689, 691, 702, 705, 706, 714, 718, 720, 731, 734, 735, 765, 767, 778, 783, 788, 800, 808, 823, 826, 829, 834, 846, 848, 851, 867, 875, 881]

[0, 1, 2, 3, 5, 6, 7, 9, 10, 11, 12, 13, 14, 16, 17, 18, 19, 20, 21, 22, 24, 25, 26, 27, 28, 31, 32, 33, 34, 36, 37, 39, 40, 41, 42, 43, 45, 46, 47, 48, 49, 50, 51, 52, 53, 54, 55, 56, 58, 59, 60, 61, 62, 63, 64, 65, 66, 67, 69, 71, 72, 73, 75, 76, 77, 79, 80, 81, 82, 83, 84, 85, 86, 87, 88, 90, 91, 92, 93, 94, 95, 96, 97, 99, 100, 101, 102, 103, 105, 106, 108, 109, 111, 114, 115, 117, 118, 119, 120, 122, 123, 124, 125, 126, 127, 128, 129, 130, 131, 132, 133, 134, 135, 137, 138, 139, 140, 142, 143, 144, 146, 148, 149, 150, 151, 152, 153, 154, 155, 156, 158, 159, 160, 161, 162, 163, 165, 166, 167, 168, 169, 170, 171, 172, 173, 174, 176, 177, 178, 179, 182, 183, 184, 185, 186, 187, 188, 189, 190, 191, 193, 194, 195, 196, 197, 198, 199, 201, 202, 203, 207, 208, 209, 210, 212, 213, 214, 215, 216, 217, 218, 219, 221, 223, 224, 225, 226, 227, 228, 229, 231, 232, 233, 234, 235, 238, 239, 240, 241, 242, 244, 245, 246, 247, 248, 249, 250, 251, 254, 255, 259, 260, 261, 262, 264, 265, 266, 268, 269, 273, 274, 275, 276, 277, 278, 279, 280, 281, 282, 283, 284, 288, 289, 290, 291, 292, 293, 294, 295, 296, 297, 298, 300, 304, 309, 311, 312, 313, 314, 315, 320, 323, 324, 325, 326, 327, 328, 329, 330, 332, 333, 334, 336, 337, 338, 339, 341, 342, 343, 345, 346, 347, 348, 349, 350, 351, 354, 355, 356, 357, 359, 361, 363, 364, 365, 366, 367, 368, 370, 371, 372, 373, 374, 375, 376, 379, 380, 381, 384, 385, 386, 387, 388, 392, 393, 394, 397, 398, 399, 400, 401, 402, 404, 406, 407, 408, 409, 410, 411, 412, 413, 414, 415, 416, 417, 418, 419, 420, 421, 422, 425, 426, 427, 428, 429, 430, 431, 432, 433, 434, 435, 438, 439, 440, 441, 442, 444, 445, 446, 447, 448, 450, 451, 454, 455, 456, 457, 459, 461, 463, 465, 466, 467, 468, 470, 471, 472, 473, 474, 475, 476, 477, 478, 479, 480, 481, 482, 484, 485, 486, 487, 488, 489, 490, 491, 492, 493, 495, 496, 497, 499, 500, 501, 502, 505, 506, 508, 511, 514, 515, 516, 517, 518, 519, 520, 521, 522, 523, 525, 526, 527, 528, 529, 530, 531, 532, 533, 535, 536, 538, 541, 542, 543, 545, 546, 547, 548, 549, 550, 551, 552, 555, 556, 557, 558, 560, 561, 563, 564, 565, 566, 567, 568, 569, 570, 571, 572, 573, 574, 575, 576, 577, 579, 581, 582, 584, 585, 586, 587, 589, 590, 591, 592, 593, 594, 595, 596, 599, 600, 601, 603, 605, 606, 608, 610, 611, 615, 616, 617, 618, 620, 621, 622, 623, 624, 625, 626, 628, 629, 630, 631, 633, 634, 635, 636, 638, 639, 640, 643, 645, 646, 647, 648, 649, 650, 651, 652, 653, 654, 655, 657, 658, 659, 662, 663, 665, 667, 668, 669, 672, 673, 674, 676, 677, 678, 679, 680, 681, 682, 684, 685, 686, 687, 688, 690, 691, 692, 694, 695, 697, 698, 700, 702, 704, 705, 707, 708, 709, 710, 711, 712, 715, 717, 718, 720, 721, 722, 723, 724, 726, 727, 728, 729, 730, 731, 732, 733, 734, 735, 736, 737, 739, 740, 743, 744, 745, 746, 747, 748, 749, 750, 751, 752, 753, 755, 756, 757, 760, 761, 762, 763, 766, 767, 769, 771, 772, 773, 774, 775, 776, 778, 779, 780, 782, 784, 785, 786, 787, 790, 791, 792, 795, 796, 797, 798, 799, 800, 801, 802, 803, 804, 805, 806, 810, 811, 813, 814, 815, 816, 817, 818, 819, 820, 821, 822, 824, 825, 826, 827, 829, 831, 832, 834, 835, 836, 837, 838, 839, 840, 841, 842, 843, 844, 845, 850, 851, 853, 854, 855, 856, 857, 858, 859, 860, 862, 864, 866, 867, 868, 870, 871, 872, 873, 874, 875, 877, 878, 879, 880, 882, 883, 884, 886, 888, 889]
[1, 6, 17, 26, 28, 29, 36, 43, 54, 70, 73, 84, 102, 109, 118, 121, 138, 139, 149, 154, 156, 157, 169, 189, 194, 201, 203, 204, 214, 220, 224, 227, 234, 241, 242, 245, 248, 252, 286, 295, 297, 306, 310, 318, 322, 329, 338, 352, 374, 380, 398, 404, 414, 422, 432, 439, 446, 449, 464, 466, 486, 494, 502, 507, 511, 512, 516, 520, 521, 535, 540, 548, 550, 552, 555, 560, 564, 571, 573, 577, 580, 589, 590, 621, 634, 635, 642, 660, 663, 672, 675, 678, 681, 687, 689, 691, 702, 705, 706, 714, 718, 720, 731, 734, 735, 765, 767, 778, 783, 788, 800, 808, 823, 826, 829, 834, 846, 848, 851, 867, 875, 881]

[0, 1, 2, 3, 5, 6, 7, 9, 10, 11, 12, 13, 14, 16, 17, 18, 19, 20, 21, 22, 24, 25, 26, 27, 28, 30, 31, 32, 33, 34, 36, 37, 39, 40, 41, 42, 43, 45, 46, 47, 48, 49, 50, 51, 52, 53, 54, 55, 56, 58, 59, 60, 61, 62, 63, 64, 65, 66, 67, 69, 71, 72, 73, 75, 76, 77, 79, 80, 81, 82, 83, 84, 85, 86, 87, 88, 90, 91, 92, 93, 94, 95, 96, 97, 99, 100, 101, 102, 103, 105, 106, 108, 109, 111, 114, 115, 116, 117, 118, 119, 120, 122, 123, 124, 125, 126, 127, 128, 129, 130, 131, 132, 133, 134, 135, 137, 138, 139, 140, 141, 142, 143, 144, 146, 148, 149, 150, 151, 152, 153, 154, 155, 156, 158, 159, 160, 161, 162, 163, 165, 166, 167, 168, 169, 170, 171, 172, 173, 174, 176, 177, 178, 179, 182, 183, 184, 185, 186, 187, 188, 189, 190, 191, 193, 194, 195, 196, 197, 198, 199, 201, 202, 203, 206, 207, 208, 209, 210, 212, 213, 214, 215, 216, 217, 218, 219, 221, 223, 224, 225, 226, 227, 228, 229, 231, 232, 233, 234, 235, 238, 239, 240, 241, 242, 244, 245, 246, 247, 248, 249, 250, 251, 254, 255, 259, 260, 261, 262, 264, 265, 266, 267, 268, 269, 270, 271, 273, 274, 275, 276, 277, 278, 279, 280, 281, 282, 283, 284, 288, 289, 290, 291, 292, 293, 294, 295, 296, 297, 298, 299, 300, 302, 304, 309, 311, 312, 313, 314, 315, 320, 323, 324, 325, 326, 327, 328, 329, 330, 332, 333, 334, 336, 337, 338, 339, 341, 342, 343, 345, 346, 347, 348, 349, 350, 351, 353, 354, 355, 356, 357, 359, 361, 362, 363, 364, 365, 366, 367, 368, 370, 371, 372, 373, 374, 375, 376, 379, 380, 381, 384, 385, 386, 387, 388, 390, 392, 393, 394, 397, 398, 399, 400, 401, 402, 404, 406, 407, 408, 409, 410, 411, 412, 413, 414, 415, 416, 417, 418, 419, 420, 421, 422, 425, 426, 427, 428, 429, 430, 431, 432, 433, 434, 435, 438, 439, 440, 441, 442, 444, 445, 446, 447, 448, 450, 451, 454, 455, 456, 457, 459, 461, 462, 463, 465, 466, 467, 468, 470, 471, 472, 473, 474, 475, 476, 477, 478, 479, 480, 481, 482, 484, 485, 486, 487, 488, 489, 490, 491, 492, 493, 495, 496, 497, 499, 500, 501, 502, 505, 506, 508, 511, 514, 515, 516, 517, 518, 519, 520, 521, 522, 523, 525, 526, 527, 528, 529, 530, 531, 532, 533, 535, 536, 538, 541, 542, 543, 545, 546, 547, 548, 549, 550, 551, 552, 555, 556, 557, 558, 560, 561, 563, 564, 565, 566, 567, 568, 569, 570, 571, 572, 573, 574, 575, 576, 577, 579, 581, 582, 583, 584, 585, 586, 587, 589, 590, 591, 592, 593, 594, 595, 596, 599, 600, 601, 603, 604, 605, 606, 608, 610, 611, 615, 616, 617, 618, 620, 621, 622, 623, 624, 625, 626, 628, 629, 630, 631, 633, 634, 635, 636, 638, 639, 640, 643, 644, 645, 646, 647, 648, 649, 650, 651, 652, 653, 654, 655, 657, 658, 659, 662, 663, 665, 667, 668, 669, 672, 673, 674, 676, 677, 678, 679, 680, 681, 682, 684, 685, 686, 687, 688, 690, 691, 692, 694, 695, 696, 697, 698, 700, 702, 704, 705, 707, 708, 709, 710, 711, 712, 715, 717, 718, 720, 721, 722, 723, 724, 726, 727, 728, 729, 730, 731, 732, 733, 734, 735, 736, 737, 739, 740, 743, 744, 745, 746, 747, 748, 749, 750, 751, 752, 753, 755, 756, 757, 760, 761, 762, 763, 766, 767, 768, 769, 771, 772, 773, 774, 775, 776, 778, 779, 780, 782, 784, 785, 786, 787, 790, 791, 792, 793, 795, 796, 797, 798, 799, 800, 801, 802, 803, 804, 805, 806, 807, 809, 810, 811, 813, 814, 815, 816, 817, 818, 819, 820, 821, 822, 823, 824, 825, 826, 827, 829, 831, 832, 834, 835, 836, 837, 838, 839, 840, 841, 842, 843, 844, 845, 850, 851, 853, 854, 855, 856, 857, 858, 859, 860, 862, 864, 866, 867, 868, 870, 871, 872, 873, 874, 875, 876, 877, 878, 879, 880, 882, 883, 884, 886, 887, 888, 889]
[1, 6, 17, 26, 28, 29, 36, 43, 54, 70, 73, 84, 102, 109, 118, 121, 138, 139, 149, 154, 156, 157, 169, 189, 194, 201, 203, 204, 214, 220, 224, 227, 234, 241, 242, 245, 248, 252, 286, 295, 297, 306, 310, 318, 322, 329, 338, 352, 374, 380, 398, 404, 414, 422, 432, 439, 446, 449, 464, 466, 486, 494, 502, 507, 511, 512, 516, 520, 521, 535, 540, 548, 550, 552, 555, 560, 564, 571, 573, 577, 580, 589, 590, 621, 634, 635, 642, 660, 663, 672, 675, 678, 681, 687, 689, 691, 702, 705, 706, 714, 718, 720, 731, 734, 735, 765, 767, 778, 783, 788, 800, 808, 823, 826, 829, 834, 846, 848, 851, 867, 875, 881]

[0, 1, 2, 3, 5, 6, 7, 9, 10, 11, 12, 13, 14, 15, 16, 17, 18, 19, 20, 21, 22, 24, 25, 26, 27, 28, 30, 31, 32, 33, 34, 36, 37, 39, 40, 41, 42, 43, 45, 46, 47, 48, 49, 50, 51, 52, 53, 54, 55, 56, 58, 59, 60, 61, 62, 63, 64, 65, 66, 67, 69, 71, 72, 73, 75, 76, 77, 79, 80, 81, 82, 83, 84, 85, 86, 87, 88, 89, 90, 91, 92, 93, 94, 95, 96, 97, 99, 100, 101, 102, 103, 105, 106, 108, 109, 111, 114, 115, 116, 117, 118, 119, 120, 122, 123, 124, 125, 126, 127, 128, 129, 130, 131, 132, 133, 134, 135, 137, 138, 139, 140, 141, 142, 143, 144, 145, 146, 148, 149, 150, 151, 152, 153, 154, 155, 156, 158, 159, 160, 161, 162, 163, 165, 166, 167, 168, 169, 170, 171, 172, 173, 174, 176, 177, 178, 179, 182, 183, 184, 185, 186, 187, 188, 189, 190, 191, 193, 194, 195, 196, 197, 198, 199, 201, 202, 203, 206, 207, 208, 209, 210, 212, 213, 214, 215, 216, 217, 218, 219, 221, 223, 224, 225, 226, 227, 228, 229, 231, 232, 233, 234, 235, 236, 238, 239, 240, 241, 242, 244, 245, 246, 247, 248, 249, 250, 251, 253, 254, 255, 257, 259, 260, 261, 262, 264, 265, 266, 267, 268, 269, 270, 271, 273, 274, 275, 276, 277, 278, 279, 280, 281, 282, 283, 284, 285, 288, 289, 290, 291, 292, 293, 294, 295, 296, 297, 298, 299, 300, 302, 304, 309, 311, 312, 313, 314, 315, 320, 323, 324, 325, 326, 327, 328, 329, 330, 332, 333, 334, 336, 337, 338, 339, 341, 342, 343, 345, 346, 347, 348, 349, 350, 351, 352, 353, 354, 355, 356, 357, 359, 361, 362, 363, 364, 365, 366, 367, 368, 370, 371, 372, 373, 374, 375, 376, 378, 379, 380, 381, 384, 385, 386, 387, 388, 390, 392, 393, 394, 397, 398, 399, 400, 401, 402, 404, 406, 407, 408, 409, 410, 411, 412, 413, 414, 415, 416, 417, 418, 419, 420, 421, 422, 425, 426, 427, 428, 429, 430, 431, 432, 433, 434, 435, 438, 439, 440, 441, 442, 444, 445, 446, 447, 448, 450, 451, 454, 455, 456, 457, 459, 461, 462, 463, 465, 466, 467, 468, 470, 471, 472, 473, 474, 475, 476, 477, 478, 479, 480, 481, 482, 483, 484, 485, 486, 487, 488, 489, 490, 491, 492, 493, 495, 496, 497, 499, 500, 501, 502, 503, 505, 506, 508, 511, 513, 514, 515, 516, 517, 518, 519, 520, 521, 522, 523, 525, 526, 527, 528, 529, 530, 531, 532, 533, 535, 536, 538, 541, 542, 543, 544, 545, 546, 547, 548, 549, 550, 551, 552, 555, 556, 557, 558, 560, 561, 563, 564, 565, 566, 567, 568, 569, 570, 571, 572, 573, 574, 575, 576, 577, 579, 581, 582, 583, 584, 585, 586, 587, 589, 590, 591, 592, 593, 594, 595, 596, 598, 599, 600, 601, 603, 604, 605, 606, 607, 608, 609, 610, 611, 615, 616, 617, 618, 620, 621, 622, 623, 624, 625, 626, 628, 629, 630, 631, 633, 634, 635, 636, 638, 639, 640, 643, 644, 645, 646, 647, 648, 649, 650, 651, 652, 653, 654, 655, 657, 658, 659, 662, 663, 665, 667, 668, 669, 672, 673, 674, 676, 677, 678, 679, 680, 681, 682, 684, 685, 686, 687, 688, 690, 691, 692, 693, 694, 695, 696, 697, 698, 700, 701, 702, 704, 705, 706, 707, 708, 709, 710, 711, 712, 715, 717, 718, 720, 721, 722, 723, 724, 726, 727, 728, 729, 730, 731, 732, 733, 734, 735, 736, 737, 739, 740, 741, 742, 743, 744, 745, 746, 747, 748, 749, 750, 751, 752, 753, 755, 756, 757, 760, 761, 762, 763, 766, 767, 768, 769, 771, 772, 773, 774, 775, 776, 778, 779, 780, 782, 784, 785, 786, 787, 790, 791, 792, 793, 795, 796, 797, 798, 799, 800, 801, 802, 803, 804, 805, 806, 807, 809, 810, 811, 813, 814, 815, 816, 817, 818, 819, 820, 821, 822, 823, 824, 825, 826, 827, 828, 829, 831, 832, 834, 835, 836, 837, 838, 839, 840, 841, 842, 843, 844, 845, 847, 849, 850, 851, 853, 854, 855, 856, 857, 858, 859, 860, 862, 863, 864, 866, 867, 868, 870, 871, 872, 873, 874, 875, 876, 877, 878, 879, 880, 882, 883, 884, 886, 887, 888, 889]
[1, 6, 17, 26, 28, 29, 36, 43, 54, 70, 73, 84, 102, 109, 118, 121, 138, 139, 149, 154, 156, 157, 169, 189, 194, 201, 203, 204, 214, 220, 224, 227, 234, 241, 242, 245, 248, 252, 286, 295, 297, 306, 310, 318, 322, 329, 338, 352, 374, 380, 398, 404, 414, 422, 432, 439, 446, 449, 464, 466, 486, 494, 502, 507, 511, 512, 516, 520, 521, 535, 540, 548, 550, 552, 555, 560, 564, 571, 573, 577, 580, 589, 590, 621, 634, 635, 642, 660, 663, 672, 675, 678, 681, 687, 689, 691, 702, 705, 706, 714, 718, 720, 731, 734, 735, 765, 767, 778, 783, 788, 800, 808, 823, 826, 829, 834, 846, 848, 851, 867, 875, 881]

[0, 1, 2, 3, 5, 6, 7, 9, 10, 11, 12, 13, 14, 15, 16, 17, 18, 19, 20, 21, 22, 23, 24, 25, 26, 27, 28, 30, 31, 32, 33, 34, 36, 37, 39, 40, 41, 42, 43, 45, 46, 47, 48, 49, 50, 51, 52, 53, 54, 55, 56, 58, 59, 60, 61, 62, 63, 64, 65, 66, 67, 69, 71, 72, 73, 75, 76, 77, 78, 79, 80, 81, 82, 83, 84, 85, 86, 87, 88, 89, 90, 91, 92, 93, 94, 95, 96, 97, 99, 100, 101, 102, 103, 105, 106, 108, 109, 110, 111, 114, 115, 116, 117, 118, 119, 120, 122, 123, 124, 125, 126, 127, 128, 129, 130, 131, 132, 133, 134, 135, 137, 138, 139, 140, 141, 142, 143, 144, 145, 146, 148, 149, 150, 151, 152, 153, 154, 155, 156, 158, 159, 160, 161, 162, 163, 165, 166, 167, 168, 169, 170, 171, 172, 173, 174, 175, 176, 177, 178, 179, 180, 182, 183, 184, 185, 186, 187, 188, 189, 190, 191, 193, 194, 195, 196, 197, 198, 199, 200, 201, 202, 203, 206, 207, 208, 209, 210, 212, 213, 214, 215, 216, 217, 218, 219, 221, 223, 224, 225, 226, 227, 228, 229, 231, 232, 233, 234, 235, 236, 237, 238, 239, 240, 241, 242, 244, 245, 246, 247, 248, 249, 250, 251, 253, 254, 255, 257, 259, 260, 261, 262, 264, 265, 266, 267, 268, 269, 270, 271, 273, 274, 275, 276, 277, 278, 279, 280, 281, 282, 283, 284, 285, 288, 289, 290, 291, 292, 293, 294, 295, 296, 297, 298, 299, 300, 302, 304, 309, 311, 312, 313, 314, 315, 319, 320, 323, 324, 325, 326, 327, 328, 329, 330, 332, 333, 334, 336, 337, 338, 339, 341, 342, 343, 345, 346, 347, 348, 349, 350, 351, 352, 353, 354, 355, 356, 357, 359, 361, 362, 363, 364, 365, 366, 367, 368, 370, 371, 372, 373, 374, 375, 376, 377, 378, 379, 380, 381, 384, 385, 386, 387, 388, 390, 392, 393, 394, 395, 397, 398, 399, 400, 401, 402, 404, 406, 407, 408, 409, 410, 411, 412, 413, 414, 415, 416, 417, 418, 419, 420, 421, 422, 425, 426, 427, 428, 429, 430, 431, 432, 433, 434, 435, 438, 439, 440, 441, 442, 444, 445, 446, 447, 448, 449, 450, 451, 454, 455, 456, 457, 459, 461, 462, 463, 465, 466, 467, 468, 470, 471, 472, 473, 474, 475, 476, 477, 478, 479, 480, 481, 482, 483, 484, 485, 486, 487, 488, 489, 490, 491, 492, 493, 495, 496, 497, 498, 499, 500, 501, 502, 503, 505, 506, 507, 508, 509, 511, 513, 514, 515, 516, 517, 518, 519, 520, 521, 522, 523, 525, 526, 527, 528, 529, 530, 531, 532, 533, 535, 536, 538, 540, 541, 542, 543, 544, 545, 546, 547, 548, 549, 550, 551, 552, 554, 555, 556, 557, 558, 559, 560, 561, 563, 564, 565, 566, 567, 568, 569, 570, 571, 572, 573, 574, 575, 576, 577, 579, 581, 582, 583, 584, 585, 586, 587, 589, 590, 591, 592, 593, 594, 595, 596, 598, 599, 600, 601, 602, 603, 604, 605, 606, 607, 608, 609, 610, 611, 615, 616, 617, 618, 620, 621, 622, 623, 624, 625, 626, 628, 629, 630, 631, 633, 634, 635, 636, 638, 639, 640, 643, 644, 645, 646, 647, 648, 649, 650, 651, 652, 653, 654, 655, 657, 658, 659, 662, 663, 665, 667, 668, 669, 672, 673, 674, 676, 677, 678, 679, 680, 681, 682, 684, 685, 686, 687, 688, 690, 691, 692, 693, 694, 695, 696, 697, 698, 700, 701, 702, 703, 704, 705, 706, 707, 708, 709, 710, 711, 712, 715, 717, 718, 719, 720, 721, 722, 723, 724, 726, 727, 728, 729, 730, 731, 732, 733, 734, 735, 736, 737, 739, 740, 741, 742, 743, 744, 745, 746, 747, 748, 749, 750, 751, 752, 753, 755, 756, 757, 760, 761, 762, 763, 766, 767, 768, 769, 771, 772, 773, 774, 775, 776, 778, 779, 780, 782, 784, 785, 786, 787, 788, 789, 790, 791, 792, 793, 795, 796, 797, 798, 799, 800, 801, 802, 803, 804, 805, 806, 807, 809, 810, 811, 813, 814, 815, 816, 817, 818, 819, 820, 821, 822, 823, 824, 825, 826, 827, 828, 829, 831, 832, 833, 834, 835, 836, 837, 838, 839, 840, 841, 842, 843, 844, 845, 846, 847, 849, 850, 851, 853, 854, 855, 856, 857, 858, 859, 860, 861, 862, 863, 864, 866, 867, 868, 870, 871, 872, 873, 874, 875, 876, 877, 878, 879, 880, 882, 883, 884, 886, 887, 888, 889]
[1, 6, 17, 26, 28, 29, 36, 43, 54, 70, 73, 84, 102, 109, 118, 121, 138, 139, 149, 154, 156, 157, 169, 189, 194, 201, 203, 204, 214, 220, 224, 227, 234, 241, 242, 245, 248, 252, 286, 295, 297, 306, 310, 318, 322, 329, 338, 352, 374, 380, 398, 404, 414, 422, 432, 439, 446, 449, 464, 466, 486, 494, 502, 507, 511, 512, 516, 520, 521, 535, 540, 548, 550, 552, 555, 560, 564, 571, 573, 577, 580, 589, 590, 621, 634, 635, 642, 660, 663, 672, 675, 678, 681, 687, 689, 691, 702, 705, 706, 714, 718, 720, 731, 734, 735, 765, 767, 778, 783, 788, 800, 808, 823, 826, 829, 834, 846, 848, 851, 867, 875, 881]

[0, 1, 2, 3, 5, 6, 7, 9, 10, 11, 12, 13, 14, 15, 16, 17, 18, 19, 20, 21, 22, 23, 24, 25, 26, 27, 28, 30, 31, 32, 33, 34, 36, 37, 39, 40, 41, 42, 43, 45, 46, 47, 48, 49, 50, 51, 52, 53, 54, 55, 56, 58, 59, 60, 61, 62, 63, 64, 65, 66, 67, 68, 69, 71, 72, 73, 75, 76, 77, 78, 79, 80, 81, 82, 83, 84, 85, 86, 87, 88, 89, 90, 91, 92, 93, 94, 95, 96, 97, 98, 99, 100, 101, 102, 103, 105, 106, 108, 109, 110, 111, 114, 115, 116, 117, 118, 119, 120, 122, 123, 124, 125, 126, 127, 128, 129, 130, 131, 132, 133, 134, 135, 137, 138, 139, 140, 141, 142, 143, 144, 145, 146, 148, 149, 150, 151, 152, 153, 154, 155, 156, 158, 159, 160, 161, 162, 163, 165, 166, 167, 168, 169, 170, 171, 172, 173, 174, 175, 176, 177, 178, 179, 180, 181, 182, 183, 184, 185, 186, 187, 188, 189, 190, 191, 193, 194, 195, 196, 197, 198, 199, 200, 201, 202, 203, 204, 206, 207, 208, 209, 210, 212, 213, 214, 215, 216, 217, 218, 219, 221, 223, 224, 225, 226, 227, 228, 229, 231, 232, 233, 234, 235, 236, 237, 238, 239, 240, 241, 242, 244, 245, 246, 247, 248, 249, 250, 251, 253, 254, 255, 257, 258, 259, 260, 261, 262, 264, 265, 266, 267, 268, 269, 270, 271, 273, 274, 275, 276, 277, 278, 279, 280, 281, 282, 283, 284, 285, 286, 287, 288, 289, 290, 291, 292, 293, 294, 295, 296, 297, 298, 299, 300, 302, 304, 309, 311, 312, 313, 314, 315, 316, 318, 319, 320, 323, 324, 325, 326, 327, 328, 329, 330, 332, 333, 334, 336, 337, 338, 339, 341, 342, 343, 345, 346, 347, 348, 349, 350, 351, 352, 353, 354, 355, 356, 357, 359, 361, 362, 363, 364, 365, 366, 367, 368, 370, 371, 372, 373, 374, 375, 376, 377, 378, 379, 380, 381, 384, 385, 386, 387, 388, 389, 390, 391, 392, 393, 394, 395, 397, 398, 399, 400, 401, 402, 404, 406, 407, 408, 409, 410, 411, 412, 413, 414, 415, 416, 417, 418, 419, 420, 421, 422, 425, 426, 427, 428, 429, 430, 431, 432, 433, 434, 435, 436, 437, 438, 439, 440, 441, 442, 444, 445, 446, 447, 448, 449, 450, 451, 454, 455, 456, 457, 458, 459, 461, 462, 463, 465, 466, 467, 468, 470, 471, 472, 473, 474, 475, 476, 477, 478, 479, 480, 481, 482, 483, 484, 485, 486, 487, 488, 489, 490, 491, 492, 493, 494, 495, 496, 497, 498, 499, 500, 501, 502, 503, 505, 506, 507, 508, 509, 511, 513, 514, 515, 516, 517, 518, 519, 520, 521, 522, 523, 525, 526, 527, 528, 529, 530, 531, 532, 533, 535, 536, 538, 540, 541, 542, 543, 544, 545, 546, 547, 548, 549, 550, 551, 552, 554, 555, 556, 557, 558, 559, 560, 561, 563, 564, 565, 566, 567, 568, 569, 570, 571, 572, 573, 574, 575, 576, 577, 579, 580, 581, 582, 583, 584, 585, 586, 587, 589, 590, 591, 592, 593, 594, 595, 596, 598, 599, 600, 601, 602, 603, 604, 605, 606, 607, 608, 609, 610, 611, 614, 615, 616, 617, 618, 620, 621, 622, 623, 624, 625, 626, 628, 629, 630, 631, 633, 634, 635, 636, 638, 639, 640, 643, 644, 645, 646, 647, 648, 649, 650, 651, 652, 653, 654, 655, 657, 658, 659, 660, 661, 662, 663, 665, 667, 668, 669, 672, 673, 674, 676, 677, 678, 679, 680, 681, 682, 684, 685, 686, 687, 688, 690, 691, 692, 693, 694, 695, 696, 697, 698, 700, 701, 702, 703, 704, 705, 706, 707, 708, 709, 710, 711, 712, 715, 717, 718, 719, 720, 721, 722, 723, 724, 726, 727, 728, 729, 730, 731, 732, 733, 734, 735, 736, 737, 739, 740, 741, 742, 743, 744, 745, 746, 747, 748, 749, 750, 751, 752, 753, 754, 755, 756, 757, 759, 760, 761, 762, 763, 765, 766, 767, 768, 769, 771, 772, 773, 774, 775, 776, 778, 779, 780, 782, 783, 784, 785, 786, 787, 788, 789, 790, 791, 792, 793, 795, 796, 797, 798, 799, 800, 801, 802, 803, 804, 805, 806, 807, 809, 810, 811, 812, 813, 814, 815, 816, 817, 818, 819, 820, 821, 822, 823, 824, 825, 826, 827, 828, 829, 831, 832, 833, 834, 835, 836, 837, 838, 839, 840, 841, 842, 843, 844, 845, 846, 847, 848, 849, 850, 851, 853, 854, 855, 856, 857, 858, 859, 860, 861, 862, 863, 864, 866, 867, 868, 870, 871, 872, 873, 874, 875, 876, 877, 878, 879, 880, 882, 883, 884, 886, 887, 888, 889]
[1, 6, 17, 26, 28, 29, 36, 43, 54, 70, 73, 84, 102, 109, 118, 121, 138, 139, 149, 154, 156, 157, 169, 189, 194, 201, 203, 204, 214, 220, 224, 227, 234, 241, 242, 245, 248, 252, 286, 295, 297, 306, 310, 318, 322, 329, 338, 352, 374, 380, 398, 404, 414, 422, 432, 439, 446, 449, 464, 466, 486, 494, 502, 507, 511, 512, 516, 520, 521, 535, 540, 548, 550, 552, 555, 560, 564, 571, 573, 577, 580, 589, 590, 621, 634, 635, 642, 660, 663, 672, 675, 678, 681, 687, 689, 691, 702, 705, 706, 714, 718, 720, 731, 734, 735, 765, 767, 778, 783, 788, 800, 808, 823, 826, 829, 834, 846, 848, 851, 867, 875, 881]

