[45, 76, 90, 159, 164, 274, 413, 419, 464, 530, 541, 557, 609, 622, 639, 685, 693, 773, 833, 853, 878, 880]
[39, 66, 129, 202, 204, 254, 291, 313, 361, 363, 444, 462, 475, 478, 607, 611, 623, 641, 667, 804, 820, 875]

[45, 76, 90, 159, 164, 274, 413, 419, 464, 530, 541, 557, 609, 622, 639, 685, 693, 773, 833, 853, 878, 880]
[0, 6, 13, 18, 26, 39, 58, 59, 66, 67, 71, 81, 85, 86, 123, 129, 140, 149, 151, 166, 167, 170, 171, 174, 202, 204, 217, 218, 221, 225, 230, 233, 250, 254, 256, 257, 261, 268, 278, 286, 291, 295, 302, 313, 319, 330, 333, 336, 345, 358, 360, 361, 363, 370, 372, 376, 386, 387, 389, 397, 402, 405, 427, 432, 444, 462, 475, 478, 500, 505, 506, 513, 533, 536, 566, 580, 582, 605, 607, 611, 621, 623, 625, 628, 634, 641, 643, 652, 654, 667, 668, 678, 688, 692, 700, 705, 714, 720, 723, 724, 736, 737, 740, 758, 763, 775, 787, 789, 804, 812, 820, 821, 830, 838, 845, 863, 871, 874, 875, 877, 882, 887]

[42, 45, 59, 76, 90, 119, 136, 157, 159, 164, 203, 243, 250, 274, 374, 378, 413, 419, 420, 448, 452, 464, 465, 522, 530, 541, 551, 557, 589, 609, 611, 622, 639, 641, 657, 685, 693, 773, 806, 814, 831, 833, 853, 863, 875, 878, 880]
[0, 6, 13, 18, 26, 39, 58, 59, 66, 67, 71, 81, 85, 86, 123, 129, 140, 149, 151, 166, 167, 170, 171, 174, 202, 204, 217, 218, 221, 225, 230, 233, 250, 254, 256, 257, 261, 268, 278, 286, 291, 295, 302, 313, 319, 330, 333, 336, 345, 358, 360, 361, 363, 370, 372, 376, 386, 387, 389, 397, 402, 405, 427, 432, 444, 462, 475, 478, 500, 505, 506, 513, 533, 536, 566, 580, 582, 605, 607, 611, 621, 623, 625, 628, 634, 641, 643, 652, 654, 667, 668, 678, 688, 692, 700, 705, 714, 720, 723, 724, 736, 737, 740, 758, 763, 775, 787, 789, 804, 812, 820, 821, 830, 838, 845, 863, 871, 874, 875, 877, 882, 887]

[42, 45, 59, 60, 76, 90, 119, 136, 157, 158, 159, 164, 167, 178, 203, 213, 235, 243, 246, 250, 254, 274, 344, 374, 378, 413, 415, 419, 420, 440, 443, 448, 452, 464, 465, 492, 514, 517, 522, 530, 531, 537, 541, 549, 551, 557, 589, 591, 602, 606, 609, 611, 622, 639, 641, 650, 657, 685, 693, 725, 773, 777, 806, 814, 831, 833, 853, 859, 863, 875, 878, 880]
[0, 6, 13, 18, 26, 39, 58, 59, 66, 67, 71, 81, 85, 86, 123, 129, 140, 149, 151, 166, 167, 170, 171, 174, 202, 204, 217, 218, 221, 225, 230, 233, 250, 254, 256, 257, 261, 268, 278, 286, 291, 295, 302, 313, 319, 330, 333, 336, 345, 358, 360, 361, 363, 370, 372, 376, 386, 387, 389, 397, 402, 405, 427, 432, 444, 462, 475, 478, 500, 505, 506, 513, 533, 536, 566, 580, 582, 605, 607, 611, 621, 623, 625, 628, 634, 641, 643, 652, 654, 667, 668, 678, 688, 692, 700, 705, 714, 720, 723, 724, 736, 737, 740, 758, 763, 775, 787, 789, 804, 812, 820, 821, 830, 838, 845, 863, 871, 874, 875, 877, 882, 887]

[19, 25, 42, 45, 59, 60, 61, 76, 90, 119, 136, 138, 157, 158, 159, 164, 167, 175, 178, 203, 213, 235, 241, 243, 246, 250, 251, 254, 274, 306, 344, 360, 364, 374, 378, 404, 413, 415, 419, 420, 438, 440, 443, 446, 448, 452, 464, 465, 487, 492, 495, 514, 517, 522, 530, 531, 537, 541, 549, 551, 557, 589, 591, 596, 602, 603, 606, 609, 611, 622, 639, 641, 642, 650, 657, 684, 685, 693, 705, 725, 751, 754, 766, 773, 777, 781, 806, 814, 831, 833, 840, 853, 859, 863, 875, 878, 880]
[0, 6, 13, 18, 26, 39, 58, 59, 66, 67, 71, 81, 85, 86, 123, 129, 140, 149, 151, 166, 167, 170, 171, 174, 202, 204, 217, 218, 221, 225, 230, 233, 250, 254, 256, 257, 261, 268, 278, 286, 291, 295, 302, 313, 319, 330, 333, 336, 345, 358, 360, 361, 363, 370, 372, 376, 386, 387, 389, 397, 402, 405, 427, 432, 444, 462, 475, 478, 500, 505, 506, 513, 533, 536, 566, 580, 582, 605, 607, 611, 621, 623, 625, 628, 634, 641, 643, 652, 654, 667, 668, 678, 688, 692, 700, 705, 714, 720, 723, 724, 736, 737, 740, 758, 763, 775, 787, 789, 804, 812, 820, 821, 830, 838, 845, 863, 871, 874, 875, 877, 882, 887]

[19, 23, 25, 42, 45, 59, 60, 61, 73, 76, 90, 114, 119, 136, 138, 145, 157, 158, 159, 164, 167, 175, 178, 181, 185, 191, 203, 213, 234, 235, 241, 242, 243, 246, 250, 251, 254, 261, 274, 306, 331, 344, 359, 360, 364, 374, 378, 404, 408, 413, 415, 419, 420, 429, 438, 439, 440, 443, 446, 448, 450, 452, 464, 465, 477, 487, 492, 495, 514, 517, 522, 530, 531, 537, 541, 549, 550, 551, 556, 557, 589, 591, 596, 598, 602, 603, 606, 609, 611, 612, 622, 626, 639, 641, 642, 650, 657, 670, 684, 685, 693, 703, 705, 706, 725, 729, 751, 754, 766, 773, 777, 781, 782, 806, 814, 825, 831, 833, 834, 840, 853, 859, 863, 875, 878, 880, 881, 885]
[0, 6, 13, 18, 26, 39, 58, 59, 66, 67, 71, 81, 85, 86, 123, 129, 140, 149, 151, 166, 167, 170, 171, 174, 202, 204, 217, 218, 221, 225, 230, 233, 250, 254, 256, 257, 261, 268, 278, 286, 291, 295, 302, 313, 319, 330, 333, 336, 345, 358, 360, 361, 363, 370, 372, 376, 386, 387, 389, 397, 402, 405, 427, 432, 444, 462, 475, 478, 500, 505, 506, 513, 533, 536, 566, 580, 582, 605, 607, 611, 621, 623, 625, 628, 634, 641, 643, 652, 654, 667, 668, 678, 688, 692, 700, 705, 714, 720, 723, 724, 736, 737, 740, 758, 763, 775, 787, 789, 804, 812, 820, 821, 830, 838, 845, 863, 871, 874, 875, 877, 882, 887]

[8, 19, 23, 25, 38, 42, 45, 59, 60, 61, 64, 65, 73, 76, 90, 92, 96, 101, 114, 119, 131, 132, 136, 138, 145, 157, 158, 159, 164, 167, 175, 178, 181, 185, 191, 203, 213, 227, 234, 235, 237, 238, 241, 242, 243, 244, 246, 250, 251, 254, 257, 261, 271, 274, 301, 306, 314, 331, 341, 344, 348, 359, 360, 364, 374, 378, 404, 408, 413, 415, 419, 420, 428, 429, 438, 439, 440, 443, 446, 448, 450, 452, 463, 464, 465, 477, 478, 487, 492, 495, 514, 517, 522, 530, 531, 537, 541, 549, 550, 551, 556, 557, 560, 572, 576, 585, 589, 591, 596, 598, 602, 603, 606, 609, 611, 612, 622, 626, 631, 639, 641, 642, 648, 650, 654, 657, 670, 684, 685, 693, 703, 705, 706, 725, 729, 751, 754, 766, 773, 777, 781, 782, 789, 806, 814, 825, 831, 833, 834, 840, 848, 853, 859, 863, 875, 878, 880, 881, 885]
[0, 6, 13, 18, 26, 39, 58, 59, 66, 67, 71, 81, 85, 86, 123, 129, 140, 149, 151, 166, 167, 170, 171, 174, 202, 204, 217, 218, 221, 225, 230, 233, 250, 254, 256, 257, 261, 268, 278, 286, 291, 295, 302, 313, 319, 330, 333, 336, 345, 358, 360, 361, 363, 370, 372, 376, 386, 387, 389, 397, 402, 405, 427, 432, 444, 462, 475, 478, 500, 505, 506, 513, 533, 536, 566, 580, 582, 605, 607, 611, 621, 623, 625, 628, 634, 641, 643, 652, 654, 667, 668, 678, 688, 692, 700, 705, 714, 720, 723, 724, 736, 737, 740, 758, 763, 775, 787, 789, 804, 812, 820, 821, 830, 838, 845, 863, 871, 874, 875, 877, 882, 887]

[8, 19, 23, 25, 38, 42, 45, 59, 60, 61, 64, 65, 66, 73, 76, 77, 90, 92, 96, 101, 114, 119, 122, 127, 131, 132, 133, 136, 138, 145, 157, 158, 159, 164, 167, 171, 175, 178, 181, 185, 191, 203, 213, 227, 234, 235, 237, 238, 241, 242, 243, 244, 246, 250, 251, 254, 257, 261, 270, 271, 274, 289, 301, 306, 314, 331, 341, 344, 348, 359, 360, 364, 374, 378, 385, 387, 404, 406, 408, 413, 415, 419, 420, 428, 429, 438, 439, 440, 443, 446, 448, 450, 452, 453, 463, 464, 465, 470, 477, 478, 484, 487, 492, 495, 504, 510, 514, 517, 522, 530, 531, 537, 539, 541, 549, 550, 551, 556, 557, 560, 572, 576, 585, 586, 589, 591, 596, 598, 601, 602, 603, 606, 609, 611, 612, 616, 622, 626, 631, 639, 641, 642, 648, 650, 654, 657, 670, 684, 685, 693, 703, 705, 706, 712, 725, 729, 732, 751, 754, 766, 773, 777, 781, 782, 784, 789, 806, 814, 825, 831, 833, 834, 839, 840, 848, 853, 859, 863, 875, 878, 880, 881, 884, 885, 888]
[0, 6, 13, 18, 26, 39, 58, 59, 66, 67, 71, 81, 85, 86, 123, 129, 140, 149, 151, 166, 167, 170, 171, 174, 202, 204, 217, 218, 221, 225, 230, 233, 250, 254, 256, 257, 261, 268, 278, 286, 291, 295, 302, 313, 319, 330, 333, 336, 345, 358, 360, 361, 363, 370, 372, 376, 386, 387, 389, 397, 402, 405, 427, 432, 444, 462, 475, 478, 500, 505, 506, 513, 533, 536, 566, 580, 582, 605, 607, 611, 621, 623, 625, 628, 634, 641, 643, 652, 654, 667, 668, 678, 688, 692, 700, 705, 714, 720, 723, 724, 736, 737, 740, 758, 763, 775, 787, 789, 804, 812, 820, 821, 830, 838, 845, 863, 871, 874, 875, 877, 882, 887]

[8, 19, 23, 25, 38, 42, 45, 59, 60, 61, 64, 65, 66, 73, 76, 77, 88, 90, 92, 96, 101, 114, 119, 122, 125, 127, 131, 132, 133, 136, 138, 145, 155, 157, 158, 159, 164, 167, 171, 175, 178, 181, 185, 191, 203, 213, 223, 227, 234, 235, 237, 238, 241, 242, 243, 244, 246, 250, 251, 254, 257, 261, 270, 271, 274, 277, 289, 301, 306, 311, 314, 322, 331, 336, 341, 344, 348, 358, 359, 360, 364, 374, 378, 385, 387, 404, 406, 408, 413, 414, 415, 419, 420, 428, 429, 438, 439, 440, 443, 446, 448, 450, 452, 453, 463, 464, 465, 470, 477, 478, 479, 481, 484, 487, 492, 495, 504, 510, 514, 517, 522, 530, 531, 537, 539, 541, 549, 550, 551, 556, 557, 560, 568, 572, 574, 576, 585, 586, 589, 591, 592, 596, 598, 601, 602, 603, 606, 609, 611, 612, 616, 622, 626, 631, 639, 640, 641, 642, 648, 650, 654, 657, 665, 670, 676, 684, 685, 693, 703, 705, 706, 712, 725, 727, 729, 732, 739, 751, 754, 766, 773, 777, 781, 782, 783, 784, 786, 789, 806, 814, 825, 831, 833, 834, 839, 840, 847, 848, 853, 858, 859, 863, 871, 875, 878, 880, 881, 884, 885, 888]
[0, 6, 13, 18, 26, 39, 58, 59, 66, 67, 71, 81, 85, 86, 123, 129, 140, 149, 151, 166, 167, 170, 171, 174, 202, 204, 217, 218, 221, 225, 230, 233, 250, 254, 256, 257, 261, 268, 278, 286, 291, 295, 302, 313, 319, 330, 333, 336, 345, 358, 360, 361, 363, 370, 372, 376, 386, 387, 389, 397, 402, 405, 427, 432, 444, 462, 475, 478, 500, 505, 506, 513, 533, 536, 566, 580, 582, 605, 607, 611, 621, 623, 625, 628, 634, 641, 643, 652, 654, 667, 668, 678, 688, 692, 700, 705, 714, 720, 723, 724, 736, 737, 740, 758, 763, 775, 787, 789, 804, 812, 820, 821, 830, 838, 845, 863, 871, 874, 875, 877, 882, 887]

[8, 12, 19, 23, 25, 38, 42, 45, 59, 60, 61, 64, 65, 66, 73, 76, 77, 88, 90, 92, 96, 101, 114, 119, 122, 125, 127, 131, 132, 133, 136, 138, 145, 155, 157, 158, 159, 164, 167, 171, 175, 177, 178, 181, 185, 186, 191, 203, 213, 223, 227, 234, 235, 237, 238, 241, 242, 243, 244, 246, 250, 251, 254, 257, 261, 270, 271, 274, 277, 289, 293, 301, 306, 311, 314, 322, 331, 336, 341, 342, 344, 348, 358, 359, 360, 364, 365, 367, 374, 376, 378, 385, 387, 395, 396, 404, 406, 408, 413, 414, 415, 419, 420, 428, 429, 438, 439, 440, 443, 446, 447, 448, 450, 452, 453, 463, 464, 465, 470, 477, 478, 479, 481, 484, 487, 492, 494, 495, 504, 510, 514, 517, 520, 522, 530, 531, 537, 539, 541, 549, 550, 551, 556, 557, 560, 568, 572, 574, 576, 581, 585, 586, 589, 591, 592, 596, 598, 601, 602, 603, 606, 609, 611, 612, 614, 616, 622, 626, 631, 638, 639, 640, 641, 642, 643, 648, 650, 654, 657, 659, 665, 667, 670, 676, 684, 685, 693, 703, 705, 706, 712, 714, 725, 727, 729, 730, 732, 739, 746, 751, 754, 766, 773, 777, 781, 782, 783, 784, 786, 789, 805, 806, 814, 825, 831, 833, 834, 839, 840, 841, 845, 847, 848, 853, 858, 859, 863, 871, 875, 878, 880, 881, 884, 885, 888]
[0, 6, 13, 18, 26, 39, 58, 59, 66, 67, 71, 81, 85, 86, 123, 129, 140, 149, 151, 166, 167, 170, 171, 174, 202, 204, 217, 218, 221, 225, 230, 233, 250, 254, 256, 257, 261, 268, 278, 286, 291, 295, 302, 313, 319, 330, 333, 336, 345, 358, 360, 361, 363, 370, 372, 376, 386, 387, 389, 397, 402, 405, 427, 432, 444, 462, 475, 478, 500, 505, 506, 513, 533, 536, 566, 580, 582, 605, 607, 611, 621, 623, 625, 628, 634, 641, 643, 652, 654, 667, 668, 678, 688, 692, 700, 705, 714, 720, 723, 724, 736, 737, 740, 758, 763, 775, 787, 789, 804, 812, 820, 821, 830, 838, 845, 863, 871, 874, 875, 877, 882, 887]

[8, 12, 19, 23, 25, 38, 42, 45, 56, 58, 59, 60, 61, 64, 65, 66, 73, 76, 77, 88, 90, 92, 94, 96, 101, 114, 119, 120, 122, 125, 127, 131, 132, 133, 136, 138, 145, 155, 157, 158, 159, 164, 167, 171, 175, 177, 178, 180, 181, 185, 186, 191, 203, 209, 213, 223, 227, 234, 235, 237, 238, 241, 242, 243, 244, 246, 250, 251, 254, 257, 261, 263, 265, 270, 271, 274, 277, 289, 293, 301, 306, 311, 314, 322, 328, 331, 336, 341, 342, 344, 348, 353, 358, 359, 360, 364, 365, 367, 374, 376, 378, 385, 387, 395, 396, 404, 406, 408, 413, 414, 415, 419, 420, 428, 429, 438, 439, 440, 443, 446, 447, 448, 450, 452, 453, 463, 464, 465, 470, 475, 477, 478, 479, 481, 484, 487, 491, 492, 494, 495, 504, 510, 514, 517, 520, 522, 530, 531, 533, 537, 538, 539, 541, 545, 549, 550, 551, 556, 557, 560, 566, 568, 572, 574, 576, 581, 585, 586, 589, 591, 592, 596, 598, 601, 602, 603, 606, 609, 611, 612, 614, 616, 622, 626, 631, 638, 639, 640, 641, 642, 643, 645, 648, 650, 654, 657, 659, 665, 667, 670, 671, 676, 684, 685, 693, 694, 703, 705, 706, 712, 714, 725, 727, 729, 730, 732, 739, 746, 751, 754, 766, 773, 775, 777, 781, 782, 783, 784, 786, 789, 793, 805, 806, 814, 825, 831, 833, 834, 837, 839, 840, 841, 843, 845, 847, 848, 853, 858, 859, 863, 871, 875, 878, 880, 881, 883, 884, 885, 887, 888]
[0, 6, 13, 18, 26, 39, 58, 59, 66, 67, 71, 81, 85, 86, 123, 129, 140, 149, 151, 166, 167, 170, 171, 174, 202, 204, 217, 218, 221, 225, 230, 233, 250, 254, 256, 257, 261, 268, 278, 286, 291, 295, 302, 313, 319, 330, 333, 336, 345, 358, 360, 361, 363, 370, 372, 376, 386, 387, 389, 397, 402, 405, 427, 432, 444, 462, 475, 478, 500, 505, 506, 513, 533, 536, 566, 580, 582, 605, 607, 611, 621, 623, 625, 628, 634, 641, 643, 652, 654, 667, 668, 678, 688, 692, 700, 705, 714, 720, 723, 724, 736, 737, 740, 758, 763, 775, 787, 789, 804, 812, 820, 821, 830, 838, 845, 863, 871, 874, 875, 877, 882, 887]

[8, 12, 19, 23, 25, 36, 38, 40, 42, 45, 49, 56, 58, 59, 60, 61, 64, 65, 66, 73, 76, 77, 84, 88, 90, 92, 94, 96, 101, 104, 114, 119, 120, 122, 125, 127, 129, 131, 132, 133, 136, 137, 138, 141, 145, 149, 155, 157, 158, 159, 164, 167, 171, 175, 177, 178, 180, 181, 185, 186, 191, 203, 209, 213, 216, 223, 227, 233, 234, 235, 237, 238, 241, 242, 243, 244, 246, 250, 251, 254, 257, 261, 263, 265, 270, 271, 274, 277, 289, 293, 301, 306, 311, 314, 322, 328, 331, 336, 341, 342, 344, 348, 349, 353, 358, 359, 360, 364, 365, 367, 374, 376, 378, 383, 385, 386, 387, 395, 396, 404, 406, 408, 413, 414, 415, 419, 420, 428, 429, 437, 438, 439, 440, 443, 446, 447, 448, 450, 452, 453, 463, 464, 465, 470, 475, 477, 478, 479, 481, 484, 487, 491, 492, 494, 495, 504, 510, 514, 517, 520, 522, 530, 531, 533, 537, 538, 539, 541, 545, 546, 549, 550, 551, 556, 557, 560, 566, 568, 571, 572, 574, 576, 581, 585, 586, 589, 591, 592, 596, 598, 601, 602, 603, 606, 609, 611, 612, 614, 616, 622, 626, 631, 638, 639, 640, 641, 642, 643, 645, 648, 650, 654, 657, 659, 665, 667, 670, 671, 676, 684, 685, 693, 694, 703, 705, 706, 712, 714, 715, 722, 725, 727, 729, 730, 732, 738, 739, 744, 746, 751, 754, 766, 773, 775, 777, 781, 782, 783, 784, 786, 789, 793, 796, 805, 806, 808, 814, 821, 825, 831, 833, 834, 837, 839, 840, 841, 843, 844, 845, 847, 848, 853, 858, 859, 863, 871, 875, 878, 880, 881, 883, 884, 885, 887, 888]
[0, 6, 13, 18, 26, 39, 58, 59, 66, 67, 71, 81, 85, 86, 123, 129, 140, 149, 151, 166, 167, 170, 171, 174, 202, 204, 217, 218, 221, 225, 230, 233, 250, 254, 256, 257, 261, 268, 278, 286, 291, 295, 302, 313, 319, 330, 333, 336, 345, 358, 360, 361, 363, 370, 372, 376, 386, 387, 389, 397, 402, 405, 427, 432, 444, 462, 475, 478, 500, 505, 506, 513, 533, 536, 566, 580, 582, 605, 607, 611, 621, 623, 625, 628, 634, 641, 643, 652, 654, 667, 668, 678, 688, 692, 700, 705, 714, 720, 723, 724, 736, 737, 740, 758, 763, 775, 787, 789, 804, 812, 820, 821, 830, 838, 845, 863, 871, 874, 875, 877, 882, 887]

[8, 12, 19, 23, 25, 28, 36, 38, 40, 42, 45, 49, 53, 56, 58, 59, 60, 61, 64, 65, 66, 73, 76, 77, 84, 88, 90, 92, 94, 96, 101, 104, 114, 116, 119, 120, 122, 125, 127, 129, 131, 132, 133, 135, 136, 137, 138, 141, 145, 149, 154, 155, 157, 158, 159, 164, 167, 171, 175, 177, 178, 180, 181, 185, 186, 189, 191, 203, 209, 213, 216, 223, 227, 233, 234, 235, 237, 238, 241, 242, 243, 244, 246, 249, 250, 251, 254, 257, 261, 263, 265, 270, 271, 274, 277, 280, 289, 291, 293, 301, 306, 311, 314, 322, 328, 331, 336, 341, 342, 344, 348, 349, 353, 358, 359, 360, 364, 365, 367, 374, 376, 378, 383, 385, 386, 387, 395, 396, 397, 404, 406, 408, 412, 413, 414, 415, 419, 420, 424, 428, 429, 437, 438, 439, 440, 441, 443, 445, 446, 447, 448, 450, 452, 453, 463, 464, 465, 469, 470, 475, 477, 478, 479, 481, 484, 487, 491, 492, 494, 495, 504, 510, 514, 517, 520, 522, 530, 531, 533, 537, 538, 539, 541, 545, 546, 547, 549, 550, 551, 556, 557, 559, 560, 566, 568, 571, 572, 574, 576, 581, 585, 586, 589, 591, 592, 596, 598, 601, 602, 603, 606, 609, 611, 612, 614, 616, 622, 626, 631, 634, 638, 639, 640, 641, 642, 643, 645, 648, 650, 651, 654, 657, 659, 665, 667, 670, 671, 676, 684, 685, 689, 693, 694, 703, 705, 706, 712, 714, 715, 722, 725, 727, 729, 730, 732, 738, 739, 744, 746, 751, 754, 766, 773, 775, 777, 781, 782, 783, 784, 786, 789, 793, 796, 803, 805, 806, 808, 814, 821, 825, 831, 833, 834, 837, 839, 840, 841, 842, 843, 844, 845, 847, 848, 853, 858, 859, 860, 863, 871, 874, 875, 878, 880, 881, 882, 883, 884, 885, 887, 888]
[0, 6, 13, 18, 26, 39, 58, 59, 66, 67, 71, 81, 85, 86, 123, 129, 140, 149, 151, 166, 167, 170, 171, 174, 202, 204, 217, 218, 221, 225, 230, 233, 250, 254, 256, 257, 261, 268, 278, 286, 291, 295, 302, 313, 319, 330, 333, 336, 345, 358, 360, 361, 363, 370, 372, 376, 386, 387, 389, 397, 402, 405, 427, 432, 444, 462, 475, 478, 500, 505, 506, 513, 533, 536, 566, 580, 582, 605, 607, 611, 621, 623, 625, 628, 634, 641, 643, 652, 654, 667, 668, 678, 688, 692, 700, 705, 714, 720, 723, 724, 736, 737, 740, 758, 763, 775, 787, 789, 804, 812, 820, 821, 830, 838, 845, 863, 871, 874, 875, 877, 882, 887]

[8, 12, 19, 23, 25, 28, 36, 38, 40, 42, 45, 49, 50, 53, 56, 58, 59, 60, 61, 64, 65, 66, 73, 76, 77, 82, 84, 88, 90, 92, 94, 96, 101, 104, 114, 116, 119, 120, 122, 125, 127, 129, 131, 132, 133, 135, 136, 137, 138, 141, 145, 148, 149, 154, 155, 157, 158, 159, 164, 167, 171, 174, 175, 177, 178, 180, 181, 184, 185, 186, 189, 191, 192, 194, 203, 209, 212, 213, 214, 216, 223, 227, 231, 233, 234, 235, 237, 238, 241, 242, 243, 244, 246, 248, 249, 250, 251, 254, 257, 261, 263, 265, 270, 271, 274, 277, 280, 289, 291, 293, 301, 306, 311, 314, 322, 328, 331, 336, 341, 342, 344, 348, 349, 353, 357, 358, 359, 360, 364, 365, 367, 374, 376, 378, 383, 385, 386, 387, 395, 396, 397, 398, 399, 404, 406, 408, 412, 413, 414, 415, 419, 420, 424, 428, 429, 437, 438, 439, 440, 441, 443, 445, 446, 447, 448, 450, 452, 453, 463, 464, 465, 469, 470, 475, 477, 478, 479, 481, 484, 487, 491, 492, 493, 494, 495, 499, 504, 510, 513, 514, 517, 520, 522, 529, 530, 531, 533, 537, 538, 539, 541, 542, 545, 546, 547, 549, 550, 551, 556, 557, 559, 560, 566, 568, 571, 572, 574, 576, 581, 585, 586, 589, 591, 592, 595, 596, 598, 601, 602, 603, 606, 609, 611, 612, 614, 616, 622, 626, 631, 634, 638, 639, 640, 641, 642, 643, 644, 645, 646, 648, 650, 651, 654, 657, 659, 665, 667, 670, 671, 676, 684, 685, 689, 693, 694, 703, 705, 706, 709, 712, 714, 715, 722, 725, 727, 729, 730, 732, 738, 739, 744, 746, 751, 754, 766, 773, 775, 777, 781, 782, 783, 784, 786, 789, 790, 793, 796, 797, 803, 805, 806, 808, 814, 821, 825, 831, 833, 834, 837, 839, 840, 841, 842, 843, 844, 845, 847, 848, 853, 858, 859, 860, 863, 871, 874, 875, 878, 880, 881, 882, 883, 884, 885, 887, 888]
[0, 6, 13, 18, 26, 39, 58, 59, 66, 67, 71, 81, 85, 86, 123, 129, 140, 149, 151, 166, 167, 170, 171, 174, 202, 204, 217, 218, 221, 225, 230, 233, 250, 254, 256, 257, 261, 268, 278, 286, 291, 295, 302, 313, 319, 330, 333, 336, 345, 358, 360, 361, 363, 370, 372, 376, 386, 387, 389, 397, 402, 405, 427, 432, 444, 462, 475, 478, 500, 505, 506, 513, 533, 536, 566, 580, 582, 605, 607, 611, 621, 623, 625, 628, 634, 641, 643, 652, 654, 667, 668, 678, 688, 692, 700, 705, 714, 720, 723, 724, 736, 737, 740, 758, 763, 775, 787, 789, 804, 812, 820, 821, 830, 838, 845, 863, 871, 874, 875, 877, 882, 887]

[8, 12, 19, 23, 25, 26, 28, 34, 36, 38, 40, 42, 45, 49, 50, 51, 53, 56, 58, 59, 60, 61, 64, 65, 66, 73, 76, 77, 82, 84, 88, 90, 92, 94, 96, 98, 101, 103, 104, 114, 116, 119, 120, 122, 125, 127, 129, 131, 132, 133, 135, 136, 137, 138, 141, 145, 148, 149, 154, 155, 157, 158, 159, 164, 167, 171, 174, 175, 177, 178, 180, 181, 184, 185, 186, 189, 191, 192, 194, 203, 208, 209, 210, 212, 213, 214, 216, 220, 223, 227, 230, 231, 233, 234, 235, 237, 238, 241, 242, 243, 244, 246, 248, 249, 250, 251, 254, 257, 261, 263, 265, 270, 271, 274, 277, 280, 289, 291, 293, 301, 306, 311, 313, 314, 322, 328, 331, 336, 341, 342, 344, 348, 349, 353, 357, 358, 359, 360, 364, 365, 367, 374, 376, 378, 383, 385, 386, 387, 395, 396, 397, 398, 399, 404, 406, 408, 412, 413, 414, 415, 419, 420, 424, 428, 429, 437, 438, 439, 440, 441, 443, 445, 446, 447, 448, 450, 452, 453, 463, 464, 465, 469, 470, 471, 475, 477, 478, 479, 481, 484, 487, 491, 492, 493, 494, 495, 499, 501, 504, 510, 513, 514, 517, 520, 521, 522, 529, 530, 531, 533, 537, 538, 539, 540, 541, 542, 545, 546, 547, 549, 550, 551, 556, 557, 559, 560, 566, 568, 570, 571, 572, 574, 576, 581, 585, 586, 589, 591, 592, 595, 596, 598, 601, 602, 603, 606, 609, 611, 612, 614, 616, 622, 626, 631, 634, 638, 639, 640, 641, 642, 643, 644, 645, 646, 648, 650, 651, 654, 657, 659, 665, 667, 670, 671, 676, 684, 685, 689, 693, 694, 697, 700, 703, 705, 706, 709, 710, 712, 714, 715, 722, 725, 727, 729, 730, 732, 738, 739, 744, 746, 750, 751, 754, 766, 771, 773, 774, 775, 777, 781, 782, 783, 784, 786, 789, 790, 793, 796, 797, 803, 805, 806, 808, 814, 821, 823, 825, 831, 833, 834, 837, 839, 840, 841, 842, 843, 844, 845, 847, 848, 851, 853, 858, 859, 860, 863, 864, 868, 871, 874, 875, 878, 880, 881, 882, 883, 884, 885, 887, 888]
[0, 6, 13, 18, 26, 39, 58, 59, 66, 67, 71, 81, 85, 86, 123, 129, 140, 149, 151, 166, 167, 170, 171, 174, 202, 204, 217, 218, 221, 225, 230, 233, 250, 254, 256, 257, 261, 268, 278, 286, 291, 295, 302, 313, 319, 330, 333, 336, 345, 358, 360, 361, 363, 370, 372, 376, 386, 387, 389, 397, 402, 405, 427, 432, 444, 462, 475, 478, 500, 505, 506, 513, 533, 536, 566, 580, 582, 605, 607, 611, 621, 623, 625, 628, 634, 641, 643, 652, 654, 667, 668, 678, 688, 692, 700, 705, 714, 720, 723, 724, 736, 737, 740, 758, 763, 775, 787, 789, 804, 812, 820, 821, 830, 838, 845, 863, 871, 874, 875, 877, 882, 887]

[5, 8, 12, 19, 23, 25, 26, 28, 34, 36, 38, 40, 42, 45, 46, 49, 50, 51, 53, 56, 58, 59, 60, 61, 64, 65, 66, 73, 76, 77, 82, 84, 88, 90, 92, 93, 94, 96, 97, 98, 101, 103, 104, 113, 114, 116, 119, 120, 122, 123, 124, 125, 126, 127, 129, 131, 132, 133, 135, 136, 137, 138, 141, 145, 146, 148, 149, 154, 155, 157, 158, 159, 160, 164, 167, 171, 174, 175, 177, 178, 180, 181, 184, 185, 186, 189, 191, 192, 194, 203, 208, 209, 210, 212, 213, 214, 216, 220, 223, 227, 230, 231, 233, 234, 235, 236, 237, 238, 241, 242, 243, 244, 246, 248, 249, 250, 251, 254, 257, 261, 263, 265, 267, 270, 271, 274, 277, 280, 289, 291, 293, 294, 301, 306, 309, 311, 313, 314, 322, 328, 331, 336, 341, 342, 343, 344, 348, 349, 350, 353, 357, 358, 359, 360, 364, 365, 367, 374, 376, 378, 382, 383, 385, 386, 387, 394, 395, 396, 397, 398, 399, 404, 406, 408, 412, 413, 414, 415, 419, 420, 421, 424, 428, 429, 431, 437, 438, 439, 440, 441, 443, 445, 446, 447, 448, 450, 452, 453, 463, 464, 465, 468, 469, 470, 471, 475, 477, 478, 479, 481, 484, 487, 491, 492, 493, 494, 495, 499, 501, 504, 507, 510, 513, 514, 515, 517, 520, 521, 522, 529, 530, 531, 533, 537, 538, 539, 540, 541, 542, 545, 546, 547, 549, 550, 551, 556, 557, 559, 560, 566, 568, 570, 571, 572, 574, 576, 581, 585, 586, 589, 591, 592, 595, 596, 598, 601, 602, 603, 606, 609, 611, 612, 614, 616, 622, 626, 628, 631, 634, 638, 639, 640, 641, 642, 643, 644, 645, 646, 648, 650, 651, 654, 657, 659, 665, 667, 670, 671, 676, 684, 685, 689, 693, 694, 697, 700, 703, 705, 706, 709, 710, 712, 714, 715, 722, 725, 727, 729, 730, 732, 738, 739, 744, 746, 750, 751, 754, 766, 771, 773, 774, 775, 776, 777, 781, 782, 783, 784, 786, 789, 790, 793, 796, 797, 803, 805, 806, 808, 814, 821, 823, 825, 831, 833, 834, 837, 839, 840, 841, 842, 843, 844, 845, 847, 848, 851, 853, 858, 859, 860, 863, 864, 868, 871, 874, 875, 878, 880, 881, 882, 883, 884, 885, 887, 888]
[0, 6, 13, 18, 26, 39, 58, 59, 66, 67, 71, 81, 85, 86, 123, 129, 140, 149, 151, 166, 167, 170, 171, 174, 202, 204, 217, 218, 221, 225, 230, 233, 250, 254, 256, 257, 261, 268, 278, 286, 291, 295, 302, 313, 319, 330, 333, 336, 345, 358, 360, 361, 363, 370, 372, 376, 386, 387, 389, 397, 402, 405, 427, 432, 444, 462, 475, 478, 500, 505, 506, 513, 533, 536, 566, 580, 582, 605, 607, 611, 621, 623, 625, 628, 634, 641, 643, 652, 654, 667, 668, 678, 688, 692, 700, 705, 714, 720, 723, 724, 736, 737, 740, 758, 763, 775, 787, 789, 804, 812, 820, 821, 830, 838, 845, 863, 871, 874, 875, 877, 882, 887]

[5, 8, 12, 17, 19, 23, 25, 26, 28, 33, 34, 36, 38, 40, 41, 42, 45, 46, 49, 50, 51, 53, 56, 58, 59, 60, 61, 64, 65, 66, 73, 76, 77, 82, 84, 88, 90, 92, 93, 94, 96, 97, 98, 101, 103, 104, 113, 114, 116, 119, 120, 122, 123, 124, 125, 126, 127, 129, 131, 132, 133, 135, 136, 137, 138, 141, 145, 146, 148, 149, 154, 155, 157, 158, 159, 160, 162, 164, 167, 171, 174, 175, 177, 178, 180, 181, 184, 185, 186, 189, 191, 192, 194, 203, 208, 209, 210, 212, 213, 214, 216, 220, 223, 227, 230, 231, 233, 234, 235, 236, 237, 238, 241, 242, 243, 244, 246, 248, 249, 250, 251, 254, 257, 261, 262, 263, 265, 267, 270, 271, 272, 274, 277, 280, 288, 289, 291, 293, 294, 301, 306, 308, 309, 311, 313, 314, 322, 325, 328, 331, 336, 341, 342, 343, 344, 348, 349, 350, 353, 356, 357, 358, 359, 360, 364, 365, 367, 374, 376, 378, 382, 383, 385, 386, 387, 392, 394, 395, 396, 397, 398, 399, 404, 406, 408, 412, 413, 414, 415, 419, 420, 421, 424, 428, 429, 431, 433, 437, 438, 439, 440, 441, 443, 445, 446, 447, 448, 450, 452, 453, 457, 463, 464, 465, 466, 468, 469, 470, 471, 475, 477, 478, 479, 481, 484, 487, 491, 492, 493, 494, 495, 499, 501, 504, 507, 510, 513, 514, 515, 517, 520, 521, 522, 529, 530, 531, 532, 533, 535, 537, 538, 539, 540, 541, 542, 545, 546, 547, 549, 550, 551, 556, 557, 558, 559, 560, 566, 568, 570, 571, 572, 574, 576, 581, 585, 586, 589, 590, 591, 592, 595, 596, 598, 601, 602, 603, 606, 609, 611, 612, 614, 616, 620, 622, 626, 628, 630, 631, 634, 635, 638, 639, 640, 641, 642, 643, 644, 645, 646, 648, 650, 651, 654, 657, 659, 661, 665, 667, 670, 671, 676, 684, 685, 689, 693, 694, 697, 700, 703, 705, 706, 709, 710, 712, 714, 715, 722, 725, 727, 729, 730, 731, 732, 738, 739, 742, 744, 746, 750, 751, 753, 754, 766, 771, 773, 774, 775, 776, 777, 781, 782, 783, 784, 786, 789, 790, 793, 796, 797, 803, 805, 806, 808, 814, 821, 823, 825, 831, 833, 834, 837, 839, 840, 841, 842, 843, 844, 845, 847, 848, 851, 853, 858, 859, 860, 863, 864, 868, 871, 874, 875, 878, 880, 881, 882, 883, 884, 885, 887, 888]
[0, 6, 13, 18, 26, 39, 58, 59, 66, 67, 71, 81, 85, 86, 123, 129, 140, 149, 151, 166, 167, 170, 171, 174, 202, 204, 217, 218, 221, 225, 230, 233, 250, 254, 256, 257, 261, 268, 278, 286, 291, 295, 302, 313, 319, 330, 333, 336, 345, 358, 360, 361, 363, 370, 372, 376, 386, 387, 389, 397, 402, 405, 427, 432, 444, 462, 475, 478, 500, 505, 506, 513, 533, 536, 566, 580, 582, 605, 607, 611, 621, 623, 625, 628, 634, 641, 643, 652, 654, 667, 668, 678, 688, 692, 700, 705, 714, 720, 723, 724, 736, 737, 740, 758, 763, 775, 787, 789, 804, 812, 820, 821, 830, 838, 845, 863, 871, 874, 875, 877, 882, 887]

[5, 6, 8, 12, 17, 19, 23, 25, 26, 28, 33, 34, 36, 38, 40, 41, 42, 45, 46, 49, 50, 51, 52, 53, 56, 58, 59, 60, 61, 64, 65, 66, 73, 76, 77, 82, 84, 88, 90, 92, 93, 94, 96, 97, 98, 101, 103, 104, 105, 111, 113, 114, 116, 119, 120, 122, 123, 124, 125, 126, 127, 129, 131, 132, 133, 135, 136, 137, 138, 141, 145, 146, 148, 149, 154, 155, 157, 158, 159, 160, 162, 164, 167, 171, 174, 175, 177, 178, 180, 181, 184, 185, 186, 188, 189, 191, 192, 194, 203, 208, 209, 210, 212, 213, 214, 216, 220, 223, 227, 230, 231, 233, 234, 235, 236, 237, 238, 241, 242, 243, 244, 246, 248, 249, 250, 251, 254, 257, 261, 262, 263, 265, 267, 270, 271, 272, 274, 277, 280, 283, 286, 288, 289, 291, 293, 294, 301, 306, 308, 309, 311, 313, 314, 317, 322, 325, 327, 328, 331, 335, 336, 341, 342, 343, 344, 348, 349, 350, 353, 356, 357, 358, 359, 360, 362, 364, 365, 367, 374, 376, 378, 382, 383, 385, 386, 387, 392, 394, 395, 396, 397, 398, 399, 404, 406, 408, 412, 413, 414, 415, 419, 420, 421, 424, 428, 429, 431, 433, 437, 438, 439, 440, 441, 443, 445, 446, 447, 448, 450, 451, 452, 453, 456, 457, 459, 463, 464, 465, 466, 468, 469, 470, 471, 475, 477, 478, 479, 481, 484, 487, 491, 492, 493, 494, 495, 499, 501, 504, 507, 510, 513, 514, 515, 517, 520, 521, 522, 529, 530, 531, 532, 533, 535, 537, 538, 539, 540, 541, 542, 543, 545, 546, 547, 549, 550, 551, 556, 557, 558, 559, 560, 566, 568, 570, 571, 572, 574, 576, 581, 585, 586, 589, 590, 591, 592, 595, 596, 598, 601, 602, 603, 606, 609, 611, 612, 614, 616, 620, 622, 626, 628, 630, 631, 634, 635, 638, 639, 640, 641, 642, 643, 644, 645, 646, 648, 650, 651, 654, 657, 659, 661, 665, 667, 670, 671, 674, 676, 684, 685, 687, 688, 689, 693, 694, 697, 698, 700, 703, 705, 706, 709, 710, 712, 714, 715, 722, 724, 725, 727, 729, 730, 731, 732, 737, 738, 739, 742, 744, 746, 749, 750, 751, 753, 754, 755, 766, 771, 773, 774, 775, 776, 777, 781, 782, 783, 784, 786, 789, 790, 793, 796, 797, 803, 805, 806, 808, 811, 814, 819, 821, 823, 825, 831, 833, 834, 837, 839, 840, 841, 842, 843, 844, 845, 847, 848, 851, 853, 858, 859, 860, 863, 864, 868, 871, 874, 875, 878, 880, 881, 882, 883, 884, 885, 887, 888]
[0, 6, 13, 18, 26, 39, 58, 59, 66, 67, 71, 81, 85, 86, 123, 129, 140, 149, 151, 166, 167, 170, 171, 174, 202, 204, 217, 218, 221, 225, 230, 233, 250, 254, 256, 257, 261, 268, 278, 286, 291, 295, 302, 313, 319, 330, 333, 336, 345, 358, 360, 361, 363, 370, 372, 376, 386, 387, 389, 397, 402, 405, 427, 432, 444, 462, 475, 478, 500, 505, 506, 513, 533, 536, 566, 580, 582, 605, 607, 611, 621, 623, 625, 628, 634, 641, 643, 652, 654, 667, 668, 678, 688, 692, 700, 705, 714, 720, 723, 724, 736, 737, 740, 758, 763, 775, 787, 789, 804, 812, 820, 821, 830, 838, 845, 863, 871, 874, 875, 877, 882, 887]

[0, 5, 6, 8, 9, 12, 17, 19, 23, 25, 26, 28, 33, 34, 36, 38, 40, 41, 42, 44, 45, 46, 49, 50, 51, 52, 53, 56, 58, 59, 60, 61, 64, 65, 66, 73, 76, 77, 82, 84, 88, 90, 92, 93, 94, 96, 97, 98, 101, 103, 104, 105, 111, 112, 113, 114, 116, 119, 120, 122, 123, 124, 125, 126, 127, 129, 131, 132, 133, 134, 135, 136, 137, 138, 141, 145, 146, 148, 149, 154, 155, 157, 158, 159, 160, 162, 164, 167, 171, 172, 174, 175, 177, 178, 180, 181, 184, 185, 186, 188, 189, 191, 192, 193, 194, 203, 208, 209, 210, 212, 213, 214, 216, 220, 223, 227, 230, 231, 232, 233, 234, 235, 236, 237, 238, 241, 242, 243, 244, 246, 248, 249, 250, 251, 253, 254, 257, 261, 262, 263, 264, 265, 267, 270, 271, 272, 274, 277, 280, 283, 286, 288, 289, 291, 293, 294, 301, 306, 308, 309, 311, 313, 314, 317, 321, 322, 325, 327, 328, 331, 335, 336, 341, 342, 343, 344, 348, 349, 350, 353, 356, 357, 358, 359, 360, 362, 364, 365, 367, 374, 376, 378, 379, 382, 383, 385, 386, 387, 389, 392, 394, 395, 396, 397, 398, 399, 404, 406, 408, 412, 413, 414, 415, 419, 420, 421, 424, 428, 429, 431, 433, 437, 438, 439, 440, 441, 443, 445, 446, 447, 448, 450, 451, 452, 453, 456, 457, 459, 463, 464, 465, 466, 468, 469, 470, 471, 475, 477, 478, 479, 481, 484, 487, 491, 492, 493, 494, 495, 499, 501, 504, 507, 510, 513, 514, 515, 517, 520, 521, 522, 524, 529, 530, 531, 532, 533, 535, 537, 538, 539, 540, 541, 542, 543, 545, 546, 547, 549, 550, 551, 556, 557, 558, 559, 560, 566, 568, 570, 571, 572, 574, 576, 581, 582, 585, 586, 589, 590, 591, 592, 595, 596, 598, 601, 602, 603, 606, 609, 611, 612, 614, 616, 620, 622, 626, 628, 630, 631, 634, 635, 638, 639, 640, 641, 642, 643, 644, 645, 646, 648, 650, 651, 653, 654, 657, 659, 661, 664, 665, 667, 670, 671, 674, 676, 684, 685, 687, 688, 689, 693, 694, 696, 697, 698, 700, 703, 705, 706, 709, 710, 712, 714, 715, 722, 724, 725, 727, 729, 730, 731, 732, 737, 738, 739, 742, 744, 746, 749, 750, 751, 753, 754, 755, 757, 766, 771, 772, 773, 774, 775, 776, 777, 781, 782, 783, 784, 786, 789, 790, 793, 796, 797, 803, 805, 806, 808, 811, 814, 819, 821, 823, 825, 831, 833, 834, 837, 839, 840, 841, 842, 843, 844, 845, 847, 848, 851, 853, 855, 858, 859, 860, 861, 863, 864, 867, 868, 871, 874, 875, 878, 880, 881, 882, 883, 884, 885, 886, 887, 888, 889]
[0, 6, 13, 18, 26, 39, 58, 59, 66, 67, 71, 81, 85, 86, 123, 129, 140, 149, 151, 166, 167, 170, 171, 174, 202, 204, 217, 218, 221, 225, 230, 233, 250, 254, 256, 257, 261, 268, 278, 286, 291, 295, 302, 313, 319, 330, 333, 336, 345, 358, 360, 361, 363, 370, 372, 376, 386, 387, 389, 397, 402, 405, 427, 432, 444, 462, 475, 478, 500, 505, 506, 513, 533, 536, 566, 580, 582, 605, 607, 611, 621, 623, 625, 628, 634, 641, 643, 652, 654, 667, 668, 678, 688, 692, 700, 705, 714, 720, 723, 724, 736, 737, 740, 758, 763, 775, 787, 789, 804, 812, 820, 821, 830, 838, 845, 863, 871, 874, 875, 877, 882, 887]

[0, 5, 6, 8, 9, 11, 12, 17, 19, 23, 25, 26, 28, 33, 34, 36, 38, 40, 41, 42, 44, 45, 46, 49, 50, 51, 52, 53, 56, 58, 59, 60, 61, 64, 65, 66, 73, 76, 77, 82, 84, 88, 90, 92, 93, 94, 96, 97, 98, 101, 103, 104, 105, 106, 111, 112, 113, 114, 116, 119, 120, 122, 123, 124, 125, 126, 127, 129, 131, 132, 133, 134, 135, 136, 137, 138, 141, 145, 146, 148, 149, 154, 155, 156, 157, 158, 159, 160, 162, 164, 167, 171, 172, 174, 175, 177, 178, 180, 181, 184, 185, 186, 188, 189, 191, 192, 193, 194, 197, 199, 203, 208, 209, 210, 212, 213, 214, 216, 220, 223, 227, 230, 231, 232, 233, 234, 235, 236, 237, 238, 241, 242, 243, 244, 246, 248, 249, 250, 251, 253, 254, 255, 257, 261, 262, 263, 264, 265, 267, 270, 271, 272, 274, 277, 280, 283, 286, 288, 289, 291, 293, 294, 301, 306, 308, 309, 311, 313, 314, 317, 321, 322, 325, 327, 328, 331, 332, 335, 336, 341, 342, 343, 344, 348, 349, 350, 353, 356, 357, 358, 359, 360, 362, 364, 365, 367, 374, 376, 378, 379, 382, 383, 385, 386, 387, 389, 392, 393, 394, 395, 396, 397, 398, 399, 404, 406, 408, 412, 413, 414, 415, 419, 420, 421, 422, 424, 428, 429, 431, 433, 437, 438, 439, 440, 441, 443, 445, 446, 447, 448, 450, 451, 452, 453, 456, 457, 459, 463, 464, 465, 466, 468, 469, 470, 471, 475, 477, 478, 479, 480, 481, 484, 487, 491, 492, 493, 494, 495, 499, 500, 501, 504, 507, 509, 510, 511, 513, 514, 515, 517, 520, 521, 522, 524, 529, 530, 531, 532, 533, 535, 537, 538, 539, 540, 541, 542, 543, 545, 546, 547, 549, 550, 551, 556, 557, 558, 559, 560, 566, 567, 568, 570, 571, 572, 574, 576, 581, 582, 585, 586, 589, 590, 591, 592, 595, 596, 598, 601, 602, 603, 606, 609, 611, 612, 614, 616, 620, 622, 626, 628, 630, 631, 634, 635, 638, 639, 640, 641, 642, 643, 644, 645, 646, 648, 650, 651, 653, 654, 657, 659, 661, 664, 665, 667, 668, 670, 671, 674, 676, 679, 684, 685, 687, 688, 689, 692, 693, 694, 696, 697, 698, 700, 703, 705, 706, 707, 709, 710, 712, 714, 715, 717, 722, 724, 725, 727, 728, 729, 730, 731, 732, 734, 737, 738, 739, 742, 743, 744, 746, 749, 750, 751, 753, 754, 755, 757, 760, 766, 771, 772, 773, 774, 775, 776, 777, 780, 781, 782, 783, 784, 786, 788, 789, 790, 793, 796, 797, 803, 805, 806, 808, 811, 814, 819, 821, 823, 825, 831, 833, 834, 837, 839, 840, 841, 842, 843, 844, 845, 847, 848, 851, 853, 855, 858, 859, 860, 861, 863, 864, 867, 868, 871, 874, 875, 878, 880, 881, 882, 883, 884, 885, 886, 887, 888, 889]
[0, 6, 13, 18, 26, 39, 58, 59, 66, 67, 71, 81, 85, 86, 123, 129, 140, 149, 151, 166, 167, 170, 171, 174, 202, 204, 217, 218, 221, 225, 230, 233, 250, 254, 256, 257, 261, 268, 278, 286, 291, 295, 302, 313, 319, 330, 333, 336, 345, 358, 360, 361, 363, 370, 372, 376, 386, 387, 389, 397, 402, 405, 427, 432, 444, 462, 475, 478, 500, 505, 506, 513, 533, 536, 566, 580, 582, 605, 607, 611, 621, 623, 625, 628, 634, 641, 643, 652, 654, 667, 668, 678, 688, 692, 700, 705, 714, 720, 723, 724, 736, 737, 740, 758, 763, 775, 787, 789, 804, 812, 820, 821, 830, 838, 845, 863, 871, 874, 875, 877, 882, 887]

[0, 5, 6, 7, 8, 9, 10, 11, 12, 17, 19, 23, 25, 26, 28, 33, 34, 35, 36, 38, 40, 41, 42, 44, 45, 46, 49, 50, 51, 52, 53, 56, 58, 59, 60, 61, 64, 65, 66, 73, 76, 77, 78, 82, 84, 88, 90, 92, 93, 94, 96, 97, 98, 101, 103, 104, 105, 106, 109, 111, 112, 113, 114, 116, 119, 120, 122, 123, 124, 125, 126, 127, 129, 131, 132, 133, 134, 135, 136, 137, 138, 141, 145, 146, 148, 149, 154, 155, 156, 157, 158, 159, 160, 162, 164, 167, 171, 172, 174, 175, 177, 178, 180, 181, 184, 185, 186, 188, 189, 191, 192, 193, 194, 195, 197, 199, 203, 204, 208, 209, 210, 212, 213, 214, 216, 220, 223, 227, 230, 231, 232, 233, 234, 235, 236, 237, 238, 241, 242, 243, 244, 246, 248, 249, 250, 251, 253, 254, 255, 257, 261, 262, 263, 264, 265, 267, 270, 271, 272, 273, 274, 277, 280, 283, 286, 287, 288, 289, 291, 293, 294, 301, 306, 308, 309, 311, 313, 314, 317, 321, 322, 324, 325, 327, 328, 331, 332, 335, 336, 339, 341, 342, 343, 344, 348, 349, 350, 353, 356, 357, 358, 359, 360, 362, 364, 365, 367, 374, 376, 378, 379, 381, 382, 383, 385, 386, 387, 389, 392, 393, 394, 395, 396, 397, 398, 399, 404, 406, 407, 408, 412, 413, 414, 415, 419, 420, 421, 422, 424, 428, 429, 431, 433, 437, 438, 439, 440, 441, 443, 445, 446, 447, 448, 450, 451, 452, 453, 456, 457, 459, 463, 464, 465, 466, 468, 469, 470, 471, 473, 475, 477, 478, 479, 480, 481, 484, 487, 489, 491, 492, 493, 494, 495, 499, 500, 501, 504, 507, 509, 510, 511, 513, 514, 515, 517, 520, 521, 522, 524, 527, 529, 530, 531, 532, 533, 535, 537, 538, 539, 540, 541, 542, 543, 545, 546, 547, 549, 550, 551, 556, 557, 558, 559, 560, 566, 567, 568, 570, 571, 572, 574, 576, 578, 581, 582, 585, 586, 589, 590, 591, 592, 595, 596, 598, 601, 602, 603, 606, 608, 609, 611, 612, 614, 616, 620, 622, 626, 628, 630, 631, 634, 635, 638, 639, 640, 641, 642, 643, 644, 645, 646, 648, 650, 651, 653, 654, 657, 659, 661, 664, 665, 667, 668, 670, 671, 674, 676, 679, 684, 685, 687, 688, 689, 692, 693, 694, 695, 696, 697, 698, 700, 703, 705, 706, 707, 709, 710, 712, 714, 715, 717, 722, 724, 725, 727, 728, 729, 730, 731, 732, 734, 737, 738, 739, 742, 743, 744, 746, 749, 750, 751, 753, 754, 755, 757, 760, 766, 771, 772, 773, 774, 775, 776, 777, 780, 781, 782, 783, 784, 786, 788, 789, 790, 791, 793, 796, 797, 803, 805, 806, 808, 810, 811, 814, 815, 819, 821, 823, 825, 828, 829, 831, 833, 834, 837, 839, 840, 841, 842, 843, 844, 845, 846, 847, 848, 851, 853, 855, 858, 859, 860, 861, 863, 864, 867, 868, 871, 874, 875, 878, 880, 881, 882, 883, 884, 885, 886, 887, 888, 889]
[0, 6, 13, 18, 26, 39, 58, 59, 66, 67, 71, 81, 85, 86, 123, 129, 140, 149, 151, 166, 167, 170, 171, 174, 202, 204, 217, 218, 221, 225, 230, 233, 250, 254, 256, 257, 261, 268, 278, 286, 291, 295, 302, 313, 319, 330, 333, 336, 345, 358, 360, 361, 363, 370, 372, 376, 386, 387, 389, 397, 402, 405, 427, 432, 444, 462, 475, 478, 500, 505, 506, 513, 533, 536, 566, 580, 582, 605, 607, 611, 621, 623, 625, 628, 634, 641, 643, 652, 654, 667, 668, 678, 688, 692, 700, 705, 714, 720, 723, 724, 736, 737, 740, 758, 763, 775, 787, 789, 804, 812, 820, 821, 830, 838, 845, 863, 871, 874, 875, 877, 882, 887]

[0, 5, 6, 7, 8, 9, 10, 11, 12, 17, 19, 23, 25, 26, 28, 33, 34, 35, 36, 38, 40, 41, 42, 44, 45, 46, 49, 50, 51, 52, 53, 54, 56, 58, 59, 60, 61, 64, 65, 66, 73, 76, 77, 78, 81, 82, 84, 88, 90, 92, 93, 94, 96, 97, 98, 101, 103, 104, 105, 106, 109, 111, 112, 113, 114, 116, 119, 120, 122, 123, 124, 125, 126, 127, 129, 131, 132, 133, 134, 135, 136, 137, 138, 141, 145, 146, 148, 149, 154, 155, 156, 157, 158, 159, 160, 162, 164, 167, 171, 172, 173, 174, 175, 177, 178, 180, 181, 184, 185, 186, 188, 189, 191, 192, 193, 194, 195, 197, 199, 201, 203, 204, 208, 209, 210, 212, 213, 214, 216, 220, 223, 227, 230, 231, 232, 233, 234, 235, 236, 237, 238, 241, 242, 243, 244, 245, 246, 248, 249, 250, 251, 253, 254, 255, 257, 259, 261, 262, 263, 264, 265, 267, 270, 271, 272, 273, 274, 277, 278, 280, 283, 286, 287, 288, 289, 291, 293, 294, 295, 299, 301, 306, 308, 309, 311, 313, 314, 317, 321, 322, 324, 325, 327, 328, 330, 331, 332, 335, 336, 338, 339, 341, 342, 343, 344, 348, 349, 350, 353, 356, 357, 358, 359, 360, 362, 364, 365, 367, 374, 376, 378, 379, 381, 382, 383, 385, 386, 387, 388, 389, 392, 393, 394, 395, 396, 397, 398, 399, 404, 406, 407, 408, 412, 413, 414, 415, 419, 420, 421, 422, 424, 428, 429, 431, 433, 435, 437, 438, 439, 440, 441, 443, 445, 446, 447, 448, 450, 451, 452, 453, 456, 457, 459, 463, 464, 465, 466, 468, 469, 470, 471, 473, 475, 477, 478, 479, 480, 481, 484, 487, 489, 491, 492, 493, 494, 495, 499, 500, 501, 504, 507, 509, 510, 511, 513, 514, 515, 517, 520, 521, 522, 524, 527, 529, 530, 531, 532, 533, 535, 537, 538, 539, 540, 541, 542, 543, 545, 546, 547, 549, 550, 551, 555, 556, 557, 558, 559, 560, 564, 566, 567, 568, 570, 571, 572, 574, 576, 578, 581, 582, 583, 585, 586, 587, 589, 590, 591, 592, 595, 596, 598, 601, 602, 603, 606, 608, 609, 611, 612, 614, 616, 617, 620, 622, 626, 628, 630, 631, 634, 635, 638, 639, 640, 641, 642, 643, 644, 645, 646, 648, 650, 651, 653, 654, 657, 659, 661, 664, 665, 667, 668, 670, 671, 674, 676, 679, 680, 684, 685, 687, 688, 689, 692, 693, 694, 695, 696, 697, 698, 700, 703, 705, 706, 707, 709, 710, 712, 713, 714, 715, 717, 722, 724, 725, 726, 727, 728, 729, 730, 731, 732, 734, 737, 738, 739, 742, 743, 744, 746, 749, 750, 751, 753, 754, 755, 757, 760, 766, 770, 771, 772, 773, 774, 775, 776, 777, 779, 780, 781, 782, 783, 784, 786, 788, 789, 790, 791, 793, 795, 796, 797, 803, 805, 806, 808, 810, 811, 814, 815, 818, 819, 821, 823, 825, 828, 829, 831, 833, 834, 837, 839, 840, 841, 842, 843, 844, 845, 846, 847, 848, 851, 853, 855, 858, 859, 860, 861, 863, 864, 867, 868, 871, 874, 875, 878, 880, 881, 882, 883, 884, 885, 886, 887, 888, 889]
[0, 6, 13, 18, 26, 39, 58, 59, 66, 67, 71, 81, 85, 86, 123, 129, 140, 149, 151, 166, 167, 170, 171, 174, 202, 204, 217, 218, 221, 225, 230, 233, 250, 254, 256, 257, 261, 268, 278, 286, 291, 295, 302, 313, 319, 330, 333, 336, 345, 358, 360, 361, 363, 370, 372, 376, 386, 387, 389, 397, 402, 405, 427, 432, 444, 462, 475, 478, 500, 505, 506, 513, 533, 536, 566, 580, 582, 605, 607, 611, 621, 623, 625, 628, 634, 641, 643, 652, 654, 667, 668, 678, 688, 692, 700, 705, 714, 720, 723, 724, 736, 737, 740, 758, 763, 775, 787, 789, 804, 812, 820, 821, 830, 838, 845, 863, 871, 874, 875, 877, 882, 887]

[0, 5, 6, 7, 8, 9, 10, 11, 12, 14, 17, 19, 23, 25, 26, 27, 28, 33, 34, 35, 36, 38, 40, 41, 42, 44, 45, 46, 49, 50, 51, 52, 53, 54, 55, 56, 58, 59, 60, 61, 64, 65, 66, 73, 76, 77, 78, 81, 82, 84, 88, 90, 92, 93, 94, 95, 96, 97, 98, 101, 103, 104, 105, 106, 109, 111, 112, 113, 114, 116, 119, 120, 122, 123, 124, 125, 126, 127, 129, 131, 132, 133, 134, 135, 136, 137, 138, 141, 145, 146, 148, 149, 154, 155, 156, 157, 158, 159, 160, 162, 164, 167, 169, 171, 172, 173, 174, 175, 177, 178, 180, 181, 184, 185, 186, 188, 189, 191, 192, 193, 194, 195, 197, 199, 200, 201, 203, 204, 206, 207, 208, 209, 210, 212, 213, 214, 216, 220, 223, 226, 227, 230, 231, 232, 233, 234, 235, 236, 237, 238, 241, 242, 243, 244, 245, 246, 248, 249, 250, 251, 253, 254, 255, 257, 259, 261, 262, 263, 264, 265, 267, 270, 271, 272, 273, 274, 277, 278, 280, 283, 286, 287, 288, 289, 291, 293, 294, 295, 298, 299, 301, 306, 308, 309, 311, 313, 314, 315, 317, 321, 322, 324, 325, 327, 328, 330, 331, 332, 335, 336, 338, 339, 340, 341, 342, 343, 344, 348, 349, 350, 353, 356, 357, 358, 359, 360, 362, 364, 365, 366, 367, 368, 374, 376, 378, 379, 381, 382, 383, 385, 386, 387, 388, 389, 392, 393, 394, 395, 396, 397, 398, 399, 404, 406, 407, 408, 412, 413, 414, 415, 419, 420, 421, 422, 424, 428, 429, 431, 433, 435, 437, 438, 439, 440, 441, 443, 445, 446, 447, 448, 450, 451, 452, 453, 456, 457, 459, 463, 464, 465, 466, 468, 469, 470, 471, 473, 475, 477, 478, 479, 480, 481, 484, 487, 489, 491, 492, 493, 494, 495, 496, 499, 500, 501, 504, 507, 509, 510, 511, 513, 514, 515, 517, 520, 521, 522, 523, 524, 527, 529, 530, 531, 532, 533, 535, 537, 538, 539, 540, 541, 542, 543, 545, 546, 547, 548, 549, 550, 551, 555, 556, 557, 558, 559, 560, 564, 566, 567, 568, 570, 571, 572, 573, 574, 576, 578, 581, 582, 583, 585, 586, 587, 589, 590, 591, 592, 595, 596, 598, 601, 602, 603, 606, 608, 609, 611, 612, 614, 616, 617, 620, 622, 626, 628, 630, 631, 632, 634, 635, 637, 638, 639, 640, 641, 642, 643, 644, 645, 646, 648, 650, 651, 653, 654, 657, 659, 661, 662, 664, 665, 667, 668, 670, 671, 674, 676, 679, 680, 684, 685, 687, 688, 689, 692, 693, 694, 695, 696, 697, 698, 700, 703, 705, 706, 707, 709, 710, 712, 713, 714, 715, 717, 722, 724, 725, 726, 727, 728, 729, 730, 731, 732, 734, 737, 738, 739, 742, 743, 744, 746, 747, 749, 750, 751, 753, 754, 755, 757, 760, 766, 769, 770, 771, 772, 773, 774, 775, 776, 777, 779, 780, 781, 782, 783, 784, 786, 788, 789, 790, 791, 793, 795, 796, 797, 803, 804, 805, 806, 807, 808, 810, 811, 814, 815, 818, 819, 821, 823, 825, 828, 829, 831, 833, 834, 837, 839, 840, 841, 842, 843, 844, 845, 846, 847, 848, 851, 853, 855, 858, 859, 860, 861, 863, 864, 867, 868, 871, 874, 875, 878, 880, 881, 882, 883, 884, 885, 886, 887, 888, 889]
[0, 6, 13, 18, 26, 39, 58, 59, 66, 67, 71, 81, 85, 86, 123, 129, 140, 149, 151, 166, 167, 170, 171, 174, 202, 204, 217, 218, 221, 225, 230, 233, 250, 254, 256, 257, 261, 268, 278, 286, 291, 295, 302, 313, 319, 330, 333, 336, 345, 358, 360, 361, 363, 370, 372, 376, 386, 387, 389, 397, 402, 405, 427, 432, 444, 462, 475, 478, 500, 505, 506, 513, 533, 536, 566, 580, 582, 605, 607, 611, 621, 623, 625, 628, 634, 641, 643, 652, 654, 667, 668, 678, 688, 692, 700, 705, 714, 720, 723, 724, 736, 737, 740, 758, 763, 775, 787, 789, 804, 812, 820, 821, 830, 838, 845, 863, 871, 874, 875, 877, 882, 887]

[0, 4, 5, 6, 7, 8, 9, 10, 11, 12, 14, 17, 19, 23, 25, 26, 27, 28, 33, 34, 35, 36, 38, 40, 41, 42, 44, 45, 46, 49, 50, 51, 52, 53, 54, 55, 56, 58, 59, 60, 61, 64, 65, 66, 67, 73, 76, 77, 78, 81, 82, 84, 87, 88, 90, 92, 93, 94, 95, 96, 97, 98, 101, 103, 104, 105, 106, 109, 111, 112, 113, 114, 116, 119, 120, 122, 123, 124, 125, 126, 127, 129, 131, 132, 133, 134, 135, 136, 137, 138, 140, 141, 145, 146, 148, 149, 154, 155, 156, 157, 158, 159, 160, 162, 164, 167, 169, 171, 172, 173, 174, 175, 177, 178, 180, 181, 184, 185, 186, 188, 189, 191, 192, 193, 194, 195, 197, 199, 200, 201, 203, 204, 206, 207, 208, 209, 210, 212, 213, 214, 216, 220, 223, 226, 227, 230, 231, 232, 233, 234, 235, 236, 237, 238, 241, 242, 243, 244, 245, 246, 248, 249, 250, 251, 253, 254, 255, 257, 259, 261, 262, 263, 264, 265, 267, 270, 271, 272, 273, 274, 277, 278, 280, 283, 285, 286, 287, 288, 289, 290, 291, 293, 294, 295, 298, 299, 301, 306, 307, 308, 309, 311, 312, 313, 314, 315, 317, 318, 321, 322, 324, 325, 327, 328, 330, 331, 332, 335, 336, 338, 339, 340, 341, 342, 343, 344, 348, 349, 350, 353, 356, 357, 358, 359, 360, 362, 364, 365, 366, 367, 368, 371, 374, 376, 378, 379, 381, 382, 383, 385, 386, 387, 388, 389, 392, 393, 394, 395, 396, 397, 398, 399, 404, 406, 407, 408, 412, 413, 414, 415, 418, 419, 420, 421, 422, 424, 428, 429, 431, 433, 435, 437, 438, 439, 440, 441, 442, 443, 445, 446, 447, 448, 450, 451, 452, 453, 456, 457, 458, 459, 463, 464, 465, 466, 468, 469, 470, 471, 473, 475, 477, 478, 479, 480, 481, 484, 485, 487, 488, 489, 491, 492, 493, 494, 495, 496, 499, 500, 501, 504, 507, 509, 510, 511, 513, 514, 515, 517, 520, 521, 522, 523, 524, 527, 529, 530, 531, 532, 533, 535, 537, 538, 539, 540, 541, 542, 543, 545, 546, 547, 548, 549, 550, 551, 555, 556, 557, 558, 559, 560, 564, 566, 567, 568, 570, 571, 572, 573, 574, 576, 578, 580, 581, 582, 583, 585, 586, 587, 588, 589, 590, 591, 592, 595, 596, 598, 601, 602, 603, 606, 608, 609, 611, 612, 614, 616, 617, 620, 622, 623, 626, 628, 630, 631, 632, 634, 635, 637, 638, 639, 640, 641, 642, 643, 644, 645, 646, 648, 649, 650, 651, 653, 654, 656, 657, 659, 661, 662, 664, 665, 667, 668, 670, 671, 674, 676, 677, 679, 680, 684, 685, 687, 688, 689, 692, 693, 694, 695, 696, 697, 698, 700, 703, 705, 706, 707, 709, 710, 712, 713, 714, 715, 717, 722, 724, 725, 726, 727, 728, 729, 730, 731, 732, 734, 737, 738, 739, 742, 743, 744, 746, 747, 749, 750, 751, 753, 754, 755, 757, 760, 766, 768, 769, 770, 771, 772, 773, 774, 775, 776, 777, 779, 780, 781, 782, 783, 784, 786, 788, 789, 790, 791, 793, 795, 796, 797, 803, 804, 805, 806, 807, 808, 810, 811, 814, 815, 818, 819, 821, 823, 825, 827, 828, 829, 830, 831, 832, 833, 834, 837, 839, 840, 841, 842, 843, 844, 845, 846, 847, 848, 851, 853, 855, 858, 859, 860, 861, 863, 864, 867, 868, 871, 874, 875, 878, 880, 881, 882, 883, 884, 885, 886, 887, 888, 889]
[0, 6, 13, 18, 26, 39, 58, 59, 66, 67, 71, 81, 85, 86, 123, 129, 140, 149, 151, 166, 167, 170, 171, 174, 202, 204, 217, 218, 221, 225, 230, 233, 250, 254, 256, 257, 261, 268, 278, 286, 291, 295, 302, 313, 319, 330, 333, 336, 345, 358, 360, 361, 363, 370, 372, 376, 386, 387, 389, 397, 402, 405, 427, 432, 444, 462, 475, 478, 500, 505, 506, 513, 533, 536, 566, 580, 582, 605, 607, 611, 621, 623, 625, 628, 634, 641, 643, 652, 654, 667, 668, 678, 688, 692, 700, 705, 714, 720, 723, 724, 736, 737, 740, 758, 763, 775, 787, 789, 804, 812, 820, 821, 830, 838, 845, 863, 871, 874, 875, 877, 882, 887]

[0, 4, 5, 6, 7, 8, 9, 10, 11, 12, 14, 16, 17, 18, 19, 20, 23, 25, 26, 27, 28, 33, 34, 35, 36, 38, 40, 41, 42, 44, 45, 46, 49, 50, 51, 52, 53, 54, 55, 56, 58, 59, 60, 61, 64, 65, 66, 67, 68, 73, 76, 77, 78, 81, 82, 84, 87, 88, 89, 90, 92, 93, 94, 95, 96, 97, 98, 101, 103, 104, 105, 106, 109, 111, 112, 113, 114, 116, 119, 120, 122, 123, 124, 125, 126, 127, 129, 131, 132, 133, 134, 135, 136, 137, 138, 140, 141, 143, 145, 146, 148, 149, 152, 154, 155, 156, 157, 158, 159, 160, 162, 164, 165, 167, 169, 171, 172, 173, 174, 175, 177, 178, 180, 181, 184, 185, 186, 188, 189, 191, 192, 193, 194, 195, 197, 199, 200, 201, 203, 204, 206, 207, 208, 209, 210, 212, 213, 214, 216, 220, 223, 226, 227, 230, 231, 232, 233, 234, 235, 236, 237, 238, 241, 242, 243, 244, 245, 246, 248, 249, 250, 251, 253, 254, 255, 257, 259, 261, 262, 263, 264, 265, 267, 268, 270, 271, 272, 273, 274, 277, 278, 280, 283, 284, 285, 286, 287, 288, 289, 290, 291, 293, 294, 295, 298, 299, 301, 306, 307, 308, 309, 311, 312, 313, 314, 315, 317, 318, 321, 322, 323, 324, 325, 327, 328, 330, 331, 332, 335, 336, 338, 339, 340, 341, 342, 343, 344, 348, 349, 350, 351, 353, 356, 357, 358, 359, 360, 362, 364, 365, 366, 367, 368, 371, 372, 374, 376, 378, 379, 381, 382, 383, 384, 385, 386, 387, 388, 389, 392, 393, 394, 395, 396, 397, 398, 399, 404, 406, 407, 408, 412, 413, 414, 415, 418, 419, 420, 421, 422, 424, 428, 429, 431, 432, 433, 435, 437, 438, 439, 440, 441, 442, 443, 445, 446, 447, 448, 450, 451, 452, 453, 456, 457, 458, 459, 463, 464, 465, 466, 468, 469, 470, 471, 473, 475, 477, 478, 479, 480, 481, 482, 484, 485, 487, 488, 489, 491, 492, 493, 494, 495, 496, 499, 500, 501, 504, 505, 507, 509, 510, 511, 513, 514, 515, 517, 520, 521, 522, 523, 524, 527, 529, 530, 531, 532, 533, 535, 537, 538, 539, 540, 541, 542, 543, 545, 546, 547, 548, 549, 550, 551, 555, 556, 557, 558, 559, 560, 561, 564, 566, 567, 568, 570, 571, 572, 573, 574, 575, 576, 578, 580, 581, 582, 583, 585, 586, 587, 588, 589, 590, 591, 592, 595, 596, 598, 601, 602, 603, 604, 606, 608, 609, 611, 612, 614, 616, 617, 620, 622, 623, 626, 628, 629, 630, 631, 632, 634, 635, 637, 638, 639, 640, 641, 642, 643, 644, 645, 646, 648, 649, 650, 651, 653, 654, 656, 657, 659, 661, 662, 664, 665, 667, 668, 670, 671, 674, 676, 677, 679, 680, 682, 684, 685, 687, 688, 689, 692, 693, 694, 695, 696, 697, 698, 700, 703, 705, 706, 707, 709, 710, 712, 713, 714, 715, 717, 722, 724, 725, 726, 727, 728, 729, 730, 731, 732, 734, 737, 738, 739, 742, 743, 744, 746, 747, 749, 750, 751, 753, 754, 755, 757, 760, 766, 768, 769, 770, 771, 772, 773, 774, 775, 776, 777, 779, 780, 781, 782, 783, 784, 786, 788, 789, 790, 791, 793, 795, 796, 797, 803, 804, 805, 806, 807, 808, 810, 811, 814, 815, 818, 819, 821, 823, 825, 827, 828, 829, 830, 831, 832, 833, 834, 837, 839, 840, 841, 842, 843, 844, 845, 846, 847, 848, 851, 853, 855, 857, 858, 859, 860, 861, 862, 863, 864, 867, 868, 871, 874, 875, 877, 878, 880, 881, 882, 883, 884, 885, 886, 887, 888, 889]
[0, 6, 13, 18, 26, 39, 58, 59, 66, 67, 71, 81, 85, 86, 123, 129, 140, 149, 151, 166, 167, 170, 171, 174, 202, 204, 217, 218, 221, 225, 230, 233, 250, 254, 256, 257, 261, 268, 278, 286, 291, 295, 302, 313, 319, 330, 333, 336, 345, 358, 360, 361, 363, 370, 372, 376, 386, 387, 389, 397, 402, 405, 427, 432, 444, 462, 475, 478, 500, 505, 506, 513, 533, 536, 566, 580, 582, 605, 607, 611, 621, 623, 625, 628, 634, 641, 643, 652, 654, 667, 668, 678, 688, 692, 700, 705, 714, 720, 723, 724, 736, 737, 740, 758, 763, 775, 787, 789, 804, 812, 820, 821, 830, 838, 845, 863, 871, 874, 875, 877, 882, 887]

[0, 4, 5, 6, 7, 8, 9, 10, 11, 12, 13, 14, 16, 17, 18, 19, 20, 23, 25, 26, 27, 28, 33, 34, 35, 36, 38, 40, 41, 42, 44, 45, 46, 49, 50, 51, 52, 53, 54, 55, 56, 58, 59, 60, 61, 64, 65, 66, 67, 68, 70, 71, 73, 76, 77, 78, 81, 82, 84, 87, 88, 89, 90, 92, 93, 94, 95, 96, 97, 98, 101, 103, 104, 105, 106, 109, 111, 112, 113, 114, 116, 119, 120, 122, 123, 124, 125, 126, 127, 129, 131, 132, 133, 134, 135, 136, 137, 138, 140, 141, 143, 145, 146, 148, 149, 152, 154, 155, 156, 157, 158, 159, 160, 162, 164, 165, 167, 169, 171, 172, 173, 174, 175, 177, 178, 180, 181, 184, 185, 186, 188, 189, 191, 192, 193, 194, 195, 197, 199, 200, 201, 202, 203, 204, 206, 207, 208, 209, 210, 212, 213, 214, 216, 220, 223, 226, 227, 229, 230, 231, 232, 233, 234, 235, 236, 237, 238, 241, 242, 243, 244, 245, 246, 248, 249, 250, 251, 253, 254, 255, 257, 259, 261, 262, 263, 264, 265, 267, 268, 270, 271, 272, 273, 274, 277, 278, 280, 283, 284, 285, 286, 287, 288, 289, 290, 291, 293, 294, 295, 298, 299, 301, 306, 307, 308, 309, 311, 312, 313, 314, 315, 317, 318, 321, 322, 323, 324, 325, 327, 328, 330, 331, 332, 335, 336, 337, 338, 339, 340, 341, 342, 343, 344, 346, 348, 349, 350, 351, 353, 354, 356, 357, 358, 359, 360, 361, 362, 363, 364, 365, 366, 367, 368, 369, 371, 372, 374, 376, 378, 379, 381, 382, 383, 384, 385, 386, 387, 388, 389, 392, 393, 394, 395, 396, 397, 398, 399, 404, 406, 407, 408, 410, 412, 413, 414, 415, 418, 419, 420, 421, 422, 424, 425, 428, 429, 431, 432, 433, 435, 437, 438, 439, 440, 441, 442, 443, 445, 446, 447, 448, 450, 451, 452, 453, 456, 457, 458, 459, 463, 464, 465, 466, 468, 469, 470, 471, 473, 474, 475, 477, 478, 479, 480, 481, 482, 484, 485, 487, 488, 489, 491, 492, 493, 494, 495, 496, 497, 499, 500, 501, 502, 504, 505, 507, 509, 510, 511, 513, 514, 515, 517, 520, 521, 522, 523, 524, 527, 529, 530, 531, 532, 533, 535, 537, 538, 539, 540, 541, 542, 543, 545, 546, 547, 548, 549, 550, 551, 555, 556, 557, 558, 559, 560, 561, 564, 566, 567, 568, 570, 571, 572, 573, 574, 575, 576, 578, 580, 581, 582, 583, 585, 586, 587, 588, 589, 590, 591, 592, 595, 596, 598, 601, 602, 603, 604, 606, 608, 609, 611, 612, 614, 615, 616, 617, 620, 622, 623, 626, 628, 629, 630, 631, 632, 634, 635, 637, 638, 639, 640, 641, 642, 643, 644, 645, 646, 648, 649, 650, 651, 653, 654, 656, 657, 659, 661, 662, 664, 665, 667, 668, 670, 671, 672, 673, 674, 676, 677, 679, 680, 682, 684, 685, 687, 688, 689, 692, 693, 694, 695, 696, 697, 698, 700, 703, 705, 706, 707, 709, 710, 712, 713, 714, 715, 717, 722, 724, 725, 726, 727, 728, 729, 730, 731, 732, 734, 735, 737, 738, 739, 742, 743, 744, 746, 747, 749, 750, 751, 753, 754, 755, 757, 760, 762, 764, 766, 768, 769, 770, 771, 772, 773, 774, 775, 776, 777, 779, 780, 781, 782, 783, 784, 786, 788, 789, 790, 791, 793, 795, 796, 797, 801, 803, 804, 805, 806, 807, 808, 810, 811, 814, 815, 818, 819, 820, 821, 823, 825, 827, 828, 829, 830, 831, 832, 833, 834, 837, 839, 840, 841, 842, 843, 844, 845, 846, 847, 848, 851, 853, 854, 855, 857, 858, 859, 860, 861, 862, 863, 864, 867, 868, 871, 874, 875, 877, 878, 880, 881, 882, 883, 884, 885, 886, 887, 888, 889]
[0, 6, 13, 18, 26, 39, 58, 59, 66, 67, 71, 81, 85, 86, 123, 129, 140, 149, 151, 166, 167, 170, 171, 174, 202, 204, 217, 218, 221, 225, 230, 233, 250, 254, 256, 257, 261, 268, 278, 286, 291, 295, 302, 313, 319, 330, 333, 336, 345, 358, 360, 361, 363, 370, 372, 376, 386, 387, 389, 397, 402, 405, 427, 432, 444, 462, 475, 478, 500, 505, 506, 513, 533, 536, 566, 580, 582, 605, 607, 611, 621, 623, 625, 628, 634, 641, 643, 652, 654, 667, 668, 678, 688, 692, 700, 705, 714, 720, 723, 724, 736, 737, 740, 758, 763, 775, 787, 789, 804, 812, 820, 821, 830, 838, 845, 863, 871, 874, 875, 877, 882, 887]

[0, 4, 5, 6, 7, 8, 9, 10, 11, 12, 13, 14, 16, 17, 18, 19, 20, 23, 25, 26, 27, 28, 33, 34, 35, 36, 38, 40, 41, 42, 44, 45, 46, 49, 50, 51, 52, 53, 54, 55, 56, 58, 59, 60, 61, 64, 65, 66, 67, 68, 70, 71, 72, 73, 75, 76, 77, 78, 79, 81, 82, 83, 84, 87, 88, 89, 90, 92, 93, 94, 95, 96, 97, 98, 101, 103, 104, 105, 106, 109, 111, 112, 113, 114, 115, 116, 119, 120, 122, 123, 124, 125, 126, 127, 129, 131, 132, 133, 134, 135, 136, 137, 138, 139, 140, 141, 142, 143, 145, 146, 147, 148, 149, 152, 154, 155, 156, 157, 158, 159, 160, 162, 164, 165, 167, 169, 171, 172, 173, 174, 175, 177, 178, 180, 181, 184, 185, 186, 188, 189, 191, 192, 193, 194, 195, 197, 198, 199, 200, 201, 202, 203, 204, 206, 207, 208, 209, 210, 212, 213, 214, 216, 220, 223, 224, 226, 227, 228, 229, 230, 231, 232, 233, 234, 235, 236, 237, 238, 241, 242, 243, 244, 245, 246, 248, 249, 250, 251, 253, 254, 255, 257, 259, 261, 262, 263, 264, 265, 267, 268, 270, 271, 272, 273, 274, 275, 277, 278, 280, 283, 284, 285, 286, 287, 288, 289, 290, 291, 293, 294, 295, 298, 299, 301, 306, 307, 308, 309, 311, 312, 313, 314, 315, 317, 318, 321, 322, 323, 324, 325, 327, 328, 330, 331, 332, 335, 336, 337, 338, 339, 340, 341, 342, 343, 344, 346, 348, 349, 350, 351, 353, 354, 356, 357, 358, 359, 360, 361, 362, 363, 364, 365, 366, 367, 368, 369, 371, 372, 374, 376, 378, 379, 381, 382, 383, 384, 385, 386, 387, 388, 389, 391, 392, 393, 394, 395, 396, 397, 398, 399, 404, 405, 406, 407, 408, 410, 412, 413, 414, 415, 418, 419, 420, 421, 422, 424, 425, 428, 429, 431, 432, 433, 435, 437, 438, 439, 440, 441, 442, 443, 444, 445, 446, 447, 448, 450, 451, 452, 453, 455, 456, 457, 458, 459, 463, 464, 465, 466, 468, 469, 470, 471, 473, 474, 475, 477, 478, 479, 480, 481, 482, 484, 485, 486, 487, 488, 489, 491, 492, 493, 494, 495, 496, 497, 499, 500, 501, 502, 504, 505, 507, 509, 510, 511, 513, 514, 515, 517, 520, 521, 522, 523, 524, 527, 529, 530, 531, 532, 533, 535, 537, 538, 539, 540, 541, 542, 543, 545, 546, 547, 548, 549, 550, 551, 555, 556, 557, 558, 559, 560, 561, 564, 566, 567, 568, 570, 571, 572, 573, 574, 575, 576, 578, 579, 580, 581, 582, 583, 585, 586, 587, 588, 589, 590, 591, 592, 595, 596, 598, 601, 602, 603, 604, 606, 608, 609, 611, 612, 614, 615, 616, 617, 620, 622, 623, 626, 628, 629, 630, 631, 632, 634, 635, 637, 638, 639, 640, 641, 642, 643, 644, 645, 646, 648, 649, 650, 651, 653, 654, 656, 657, 658, 659, 660, 661, 662, 664, 665, 667, 668, 669, 670, 671, 672, 673, 674, 676, 677, 679, 680, 682, 684, 685, 687, 688, 689, 692, 693, 694, 695, 696, 697, 698, 700, 703, 705, 706, 707, 709, 710, 711, 712, 713, 714, 715, 717, 722, 724, 725, 726, 727, 728, 729, 730, 731, 732, 734, 735, 737, 738, 739, 742, 743, 744, 746, 747, 749, 750, 751, 753, 754, 755, 757, 760, 761, 762, 764, 766, 768, 769, 770, 771, 772, 773, 774, 775, 776, 777, 778, 779, 780, 781, 782, 783, 784, 785, 786, 788, 789, 790, 791, 793, 795, 796, 797, 801, 803, 804, 805, 806, 807, 808, 810, 811, 814, 815, 818, 819, 820, 821, 823, 825, 827, 828, 829, 830, 831, 832, 833, 834, 837, 839, 840, 841, 842, 843, 844, 845, 846, 847, 848, 851, 853, 854, 855, 857, 858, 859, 860, 861, 862, 863, 864, 867, 868, 871, 874, 875, 877, 878, 880, 881, 882, 883, 884, 885, 886, 887, 888, 889]
[0, 6, 13, 18, 26, 39, 58, 59, 66, 67, 71, 81, 85, 86, 123, 129, 140, 149, 151, 166, 167, 170, 171, 174, 202, 204, 217, 218, 221, 225, 230, 233, 250, 254, 256, 257, 261, 268, 278, 286, 291, 295, 302, 313, 319, 330, 333, 336, 345, 358, 360, 361, 363, 370, 372, 376, 386, 387, 389, 397, 402, 405, 427, 432, 444, 462, 475, 478, 500, 505, 506, 513, 533, 536, 566, 580, 582, 605, 607, 611, 621, 623, 625, 628, 634, 641, 643, 652, 654, 667, 668, 678, 688, 692, 700, 705, 714, 720, 723, 724, 736, 737, 740, 758, 763, 775, 787, 789, 804, 812, 820, 821, 830, 838, 845, 863, 871, 874, 875, 877, 882, 887]

[0, 2, 4, 5, 6, 7, 8, 9, 10, 11, 12, 13, 14, 16, 17, 18, 19, 20, 23, 25, 26, 27, 28, 33, 34, 35, 36, 38, 40, 41, 42, 44, 45, 46, 49, 50, 51, 52, 53, 54, 55, 56, 58, 59, 60, 61, 64, 65, 66, 67, 68, 70, 71, 72, 73, 75, 76, 77, 78, 79, 80, 81, 82, 83, 84, 87, 88, 89, 90, 92, 93, 94, 95, 96, 97, 98, 101, 103, 104, 105, 106, 107, 109, 111, 112, 113, 114, 115, 116, 119, 120, 122, 123, 124, 125, 126, 127, 129, 130, 131, 132, 133, 134, 135, 136, 137, 138, 139, 140, 141, 142, 143, 145, 146, 147, 148, 149, 152, 154, 155, 156, 157, 158, 159, 160, 162, 164, 165, 167, 169, 171, 172, 173, 174, 175, 177, 178, 180, 181, 184, 185, 186, 188, 189, 190, 191, 192, 193, 194, 195, 196, 197, 198, 199, 200, 201, 202, 203, 204, 206, 207, 208, 209, 210, 212, 213, 214, 216, 220, 223, 224, 226, 227, 228, 229, 230, 231, 232, 233, 234, 235, 236, 237, 238, 240, 241, 242, 243, 244, 245, 246, 248, 249, 250, 251, 253, 254, 255, 257, 259, 261, 262, 263, 264, 265, 267, 268, 269, 270, 271, 272, 273, 274, 275, 277, 278, 280, 283, 284, 285, 286, 287, 288, 289, 290, 291, 293, 294, 295, 296, 298, 299, 301, 306, 307, 308, 309, 311, 312, 313, 314, 315, 317, 318, 321, 322, 323, 324, 325, 327, 328, 330, 331, 332, 335, 336, 337, 338, 339, 340, 341, 342, 343, 344, 346, 348, 349, 350, 351, 353, 354, 356, 357, 358, 359, 360, 361, 362, 363, 364, 365, 366, 367, 368, 369, 371, 372, 374, 376, 377, 378, 379, 381, 382, 383, 384, 385, 386, 387, 388, 389, 391, 392, 393, 394, 395, 396, 397, 398, 399, 404, 405, 406, 407, 408, 410, 412, 413, 414, 415, 418, 419, 420, 421, 422, 424, 425, 428, 429, 431, 432, 433, 435, 437, 438, 439, 440, 441, 442, 443, 444, 445, 446, 447, 448, 449, 450, 451, 452, 453, 455, 456, 457, 458, 459, 461, 463, 464, 465, 466, 468, 469, 470, 471, 473, 474, 475, 477, 478, 479, 480, 481, 482, 483, 484, 485, 486, 487, 488, 489, 491, 492, 493, 494, 495, 496, 497, 499, 500, 501, 502, 504, 505, 507, 509, 510, 511, 513, 514, 515, 517, 520, 521, 522, 523, 524, 527, 529, 530, 531, 532, 533, 535, 537, 538, 539, 540, 541, 542, 543, 545, 546, 547, 548, 549, 550, 551, 554, 555, 556, 557, 558, 559, 560, 561, 564, 566, 567, 568, 570, 571, 572, 573, 574, 575, 576, 578, 579, 580, 581, 582, 583, 585, 586, 587, 588, 589, 590, 591, 592, 595, 596, 597, 598, 601, 602, 603, 604, 606, 608, 609, 611, 612, 614, 615, 616, 617, 620, 622, 623, 626, 628, 629, 630, 631, 632, 634, 635, 637, 638, 639, 640, 641, 642, 643, 644, 645, 646, 648, 649, 650, 651, 652, 653, 654, 656, 657, 658, 659, 660, 661, 662, 664, 665, 666, 667, 668, 669, 670, 671, 672, 673, 674, 676, 677, 679, 680, 682, 684, 685, 687, 688, 689, 690, 692, 693, 694, 695, 696, 697, 698, 700, 703, 705, 706, 707, 709, 710, 711, 712, 713, 714, 715, 717, 719, 720, 722, 724, 725, 726, 727, 728, 729, 730, 731, 732, 734, 735, 737, 738, 739, 742, 743, 744, 746, 747, 749, 750, 751, 753, 754, 755, 757, 758, 760, 761, 762, 764, 766, 768, 769, 770, 771, 772, 773, 774, 775, 776, 777, 778, 779, 780, 781, 782, 783, 784, 785, 786, 788, 789, 790, 791, 793, 795, 796, 797, 801, 803, 804, 805, 806, 807, 808, 810, 811, 814, 815, 818, 819, 820, 821, 822, 823, 825, 827, 828, 829, 830, 831, 832, 833, 834, 837, 839, 840, 841, 842, 843, 844, 845, 846, 847, 848, 850, 851, 853, 854, 855, 857, 858, 859, 860, 861, 862, 863, 864, 865, 867, 868, 871, 874, 875, 877, 878, 880, 881, 882, 883, 884, 885, 886, 887, 888, 889]
[0, 6, 13, 18, 26, 39, 58, 59, 66, 67, 71, 81, 85, 86, 123, 129, 140, 149, 151, 166, 167, 170, 171, 174, 202, 204, 217, 218, 221, 225, 230, 233, 250, 254, 256, 257, 261, 268, 278, 286, 291, 295, 302, 313, 319, 330, 333, 336, 345, 358, 360, 361, 363, 370, 372, 376, 386, 387, 389, 397, 402, 405, 427, 432, 444, 462, 475, 478, 500, 505, 506, 513, 533, 536, 566, 580, 582, 605, 607, 611, 621, 623, 625, 628, 634, 641, 643, 652, 654, 667, 668, 678, 688, 692, 700, 705, 714, 720, 723, 724, 736, 737, 740, 758, 763, 775, 787, 789, 804, 812, 820, 821, 830, 838, 845, 863, 871, 874, 875, 877, 882, 887]

[0, 2, 4, 5, 6, 7, 8, 9, 10, 11, 12, 13, 14, 16, 17, 18, 19, 20, 23, 25, 26, 27, 28, 33, 34, 35, 36, 38, 40, 41, 42, 44, 45, 46, 48, 49, 50, 51, 52, 53, 54, 55, 56, 58, 59, 60, 61, 64, 65, 66, 67, 68, 70, 71, 72, 73, 75, 76, 77, 78, 79, 80, 81, 82, 83, 84, 87, 88, 89, 90, 92, 93, 94, 95, 96, 97, 98, 101, 103, 104, 105, 106, 107, 109, 111, 112, 113, 114, 115, 116, 119, 120, 122, 123, 124, 125, 126, 127, 129, 130, 131, 132, 133, 134, 135, 136, 137, 138, 139, 140, 141, 142, 143, 145, 146, 147, 148, 149, 151, 152, 154, 155, 156, 157, 158, 159, 160, 162, 163, 164, 165, 167, 169, 171, 172, 173, 174, 175, 177, 178, 180, 181, 184, 185, 186, 188, 189, 190, 191, 192, 193, 194, 195, 196, 197, 198, 199, 200, 201, 202, 203, 204, 206, 207, 208, 209, 210, 212, 213, 214, 216, 220, 223, 224, 226, 227, 228, 229, 230, 231, 232, 233, 234, 235, 236, 237, 238, 240, 241, 242, 243, 244, 245, 246, 248, 249, 250, 251, 253, 254, 255, 257, 259, 261, 262, 263, 264, 265, 267, 268, 269, 270, 271, 272, 273, 274, 275, 277, 278, 280, 283, 284, 285, 286, 287, 288, 289, 290, 291, 293, 294, 295, 296, 298, 299, 301, 303, 306, 307, 308, 309, 311, 312, 313, 314, 315, 316, 317, 318, 320, 321, 322, 323, 324, 325, 327, 328, 330, 331, 332, 335, 336, 337, 338, 339, 340, 341, 342, 343, 344, 346, 348, 349, 350, 351, 353, 354, 356, 357, 358, 359, 360, 361, 362, 363, 364, 365, 366, 367, 368, 369, 371, 372, 374, 376, 377, 378, 379, 381, 382, 383, 384, 385, 386, 387, 388, 389, 391, 392, 393, 394, 395, 396, 397, 398, 399, 401, 404, 405, 406, 407, 408, 409, 410, 411, 412, 413, 414, 415, 417, 418, 419, 420, 421, 422, 424, 425, 427, 428, 429, 431, 432, 433, 435, 437, 438, 439, 440, 441, 442, 443, 444, 445, 446, 447, 448, 449, 450, 451, 452, 453, 455, 456, 457, 458, 459, 461, 463, 464, 465, 466, 468, 469, 470, 471, 473, 474, 475, 477, 478, 479, 480, 481, 482, 483, 484, 485, 486, 487, 488, 489, 491, 492, 493, 494, 495, 496, 497, 499, 500, 501, 502, 504, 505, 507, 509, 510, 511, 513, 514, 515, 517, 520, 521, 522, 523, 524, 527, 529, 530, 531, 532, 533, 535, 537, 538, 539, 540, 541, 542, 543, 545, 546, 547, 548, 549, 550, 551, 554, 555, 556, 557, 558, 559, 560, 561, 564, 566, 567, 568, 570, 571, 572, 573, 574, 575, 576, 577, 578, 579, 580, 581, 582, 583, 584, 585, 586, 587, 588, 589, 590, 591, 592, 593, 595, 596, 597, 598, 601, 602, 603, 604, 606, 607, 608, 609, 611, 612, 614, 615, 616, 617, 620, 622, 623, 624, 626, 628, 629, 630, 631, 632, 633, 634, 635, 637, 638, 639, 640, 641, 642, 643, 644, 645, 646, 648, 649, 650, 651, 652, 653, 654, 656, 657, 658, 659, 660, 661, 662, 664, 665, 666, 667, 668, 669, 670, 671, 672, 673, 674, 676, 677, 679, 680, 681, 682, 683, 684, 685, 687, 688, 689, 690, 692, 693, 694, 695, 696, 697, 698, 700, 703, 705, 706, 707, 709, 710, 711, 712, 713, 714, 715, 717, 719, 720, 722, 724, 725, 726, 727, 728, 729, 730, 731, 732, 734, 735, 737, 738, 739, 742, 743, 744, 746, 747, 749, 750, 751, 753, 754, 755, 757, 758, 759, 760, 761, 762, 764, 766, 767, 768, 769, 770, 771, 772, 773, 774, 775, 776, 777, 778, 779, 780, 781, 782, 783, 784, 785, 786, 788, 789, 790, 791, 793, 795, 796, 797, 799, 801, 803, 804, 805, 806, 807, 808, 810, 811, 814, 815, 817, 818, 819, 820, 821, 822, 823, 824, 825, 827, 828, 829, 830, 831, 832, 833, 834, 837, 839, 840, 841, 842, 843, 844, 845, 846, 847, 848, 850, 851, 853, 854, 855, 857, 858, 859, 860, 861, 862, 863, 864, 865, 867, 868, 871, 874, 875, 876, 877, 878, 880, 881, 882, 883, 884, 885, 886, 887, 888, 889]
[0, 6, 13, 18, 26, 39, 58, 59, 66, 67, 71, 81, 85, 86, 123, 129, 140, 149, 151, 166, 167, 170, 171, 174, 202, 204, 217, 218, 221, 225, 230, 233, 250, 254, 256, 257, 261, 268, 278, 286, 291, 295, 302, 313, 319, 330, 333, 336, 345, 358, 360, 361, 363, 370, 372, 376, 386, 387, 389, 397, 402, 405, 427, 432, 444, 462, 475, 478, 500, 505, 506, 513, 533, 536, 566, 580, 582, 605, 607, 611, 621, 623, 625, 628, 634, 641, 643, 652, 654, 667, 668, 678, 688, 692, 700, 705, 714, 720, 723, 724, 736, 737, 740, 758, 763, 775, 787, 789, 804, 812, 820, 821, 830, 838, 845, 863, 871, 874, 875, 877, 882, 887]

[0, 1, 2, 4, 5, 6, 7, 8, 9, 10, 11, 12, 13, 14, 16, 17, 18, 19, 20, 23, 24, 25, 26, 27, 28, 33, 34, 35, 36, 38, 40, 41, 42, 44, 45, 46, 48, 49, 50, 51, 52, 53, 54, 55, 56, 58, 59, 60, 61, 64, 65, 66, 67, 68, 69, 70, 71, 72, 73, 74, 75, 76, 77, 78, 79, 80, 81, 82, 83, 84, 87, 88, 89, 90, 92, 93, 94, 95, 96, 97, 98, 100, 101, 103, 104, 105, 106, 107, 109, 111, 112, 113, 114, 115, 116, 118, 119, 120, 122, 123, 124, 125, 126, 127, 129, 130, 131, 132, 133, 134, 135, 136, 137, 138, 139, 140, 141, 142, 143, 145, 146, 147, 148, 149, 151, 152, 154, 155, 156, 157, 158, 159, 160, 162, 163, 164, 165, 167, 169, 171, 172, 173, 174, 175, 177, 178, 180, 181, 182, 184, 185, 186, 188, 189, 190, 191, 192, 193, 194, 195, 196, 197, 198, 199, 200, 201, 202, 203, 204, 206, 207, 208, 209, 210, 212, 213, 214, 216, 220, 223, 224, 226, 227, 228, 229, 230, 231, 232, 233, 234, 235, 236, 237, 238, 240, 241, 242, 243, 244, 245, 246, 247, 248, 249, 250, 251, 253, 254, 255, 257, 259, 261, 262, 263, 264, 265, 267, 268, 269, 270, 271, 272, 273, 274, 275, 277, 278, 279, 280, 283, 284, 285, 286, 287, 288, 289, 290, 291, 293, 294, 295, 296, 298, 299, 301, 303, 306, 307, 308, 309, 311, 312, 313, 314, 315, 316, 317, 318, 320, 321, 322, 323, 324, 325, 327, 328, 330, 331, 332, 335, 336, 337, 338, 339, 340, 341, 342, 343, 344, 346, 348, 349, 350, 351, 353, 354, 356, 357, 358, 359, 360, 361, 362, 363, 364, 365, 366, 367, 368, 369, 371, 372, 374, 376, 377, 378, 379, 381, 382, 383, 384, 385, 386, 387, 388, 389, 390, 391, 392, 393, 394, 395, 396, 397, 398, 399, 401, 404, 405, 406, 407, 408, 409, 410, 411, 412, 413, 414, 415, 417, 418, 419, 420, 421, 422, 424, 425, 427, 428, 429, 431, 432, 433, 435, 436, 437, 438, 439, 440, 441, 442, 443, 444, 445, 446, 447, 448, 449, 450, 451, 452, 453, 455, 456, 457, 458, 459, 461, 463, 464, 465, 466, 468, 469, 470, 471, 473, 474, 475, 477, 478, 479, 480, 481, 482, 483, 484, 485, 486, 487, 488, 489, 491, 492, 493, 494, 495, 496, 497, 498, 499, 500, 501, 502, 504, 505, 507, 509, 510, 511, 513, 514, 515, 517, 519, 520, 521, 522, 523, 524, 527, 529, 530, 531, 532, 533, 535, 537, 538, 539, 540, 541, 542, 543, 544, 545, 546, 547, 548, 549, 550, 551, 554, 555, 556, 557, 558, 559, 560, 561, 563, 564, 566, 567, 568, 570, 571, 572, 573, 574, 575, 576, 577, 578, 579, 580, 581, 582, 583, 584, 585, 586, 587, 588, 589, 590, 591, 592, 593, 595, 596, 597, 598, 600, 601, 602, 603, 604, 606, 607, 608, 609, 611, 612, 614, 615, 616, 617, 620, 622, 623, 624, 626, 628, 629, 630, 631, 632, 633, 634, 635, 637, 638, 639, 640, 641, 642, 643, 644, 645, 646, 648, 649, 650, 651, 652, 653, 654, 656, 657, 658, 659, 660, 661, 662, 664, 665, 666, 667, 668, 669, 670, 671, 672, 673, 674, 675, 676, 677, 679, 680, 681, 682, 683, 684, 685, 687, 688, 689, 690, 691, 692, 693, 694, 695, 696, 697, 698, 699, 700, 701, 703, 705, 706, 707, 708, 709, 710, 711, 712, 713, 714, 715, 716, 717, 719, 720, 722, 724, 725, 726, 727, 728, 729, 730, 731, 732, 734, 735, 737, 738, 739, 742, 743, 744, 746, 747, 749, 750, 751, 753, 754, 755, 757, 758, 759, 760, 761, 762, 764, 766, 767, 768, 769, 770, 771, 772, 773, 774, 775, 776, 777, 778, 779, 780, 781, 782, 783, 784, 785, 786, 788, 789, 790, 791, 793, 795, 796, 797, 798, 799, 800, 801, 803, 804, 805, 806, 807, 808, 810, 811, 814, 815, 817, 818, 819, 820, 821, 822, 823, 824, 825, 826, 827, 828, 829, 830, 831, 832, 833, 834, 837, 839, 840, 841, 842, 843, 844, 845, 846, 847, 848, 850, 851, 853, 854, 855, 857, 858, 859, 860, 861, 862, 863, 864, 865, 867, 868, 871, 874, 875, 876, 877, 878, 880, 881, 882, 883, 884, 885, 886, 887, 888, 889]
[0, 6, 13, 18, 26, 39, 58, 59, 66, 67, 71, 81, 85, 86, 123, 129, 140, 149, 151, 166, 167, 170, 171, 174, 202, 204, 217, 218, 221, 225, 230, 233, 250, 254, 256, 257, 261, 268, 278, 286, 291, 295, 302, 313, 319, 330, 333, 336, 345, 358, 360, 361, 363, 370, 372, 376, 386, 387, 389, 397, 402, 405, 427, 432, 444, 462, 475, 478, 500, 505, 506, 513, 533, 536, 566, 580, 582, 605, 607, 611, 621, 623, 625, 628, 634, 641, 643, 652, 654, 667, 668, 678, 688, 692, 700, 705, 714, 720, 723, 724, 736, 737, 740, 758, 763, 775, 787, 789, 804, 812, 820, 821, 830, 838, 845, 863, 871, 874, 875, 877, 882, 887]

[0, 1, 2, 4, 5, 6, 7, 8, 9, 10, 11, 12, 13, 14, 16, 17, 18, 19, 20, 23, 24, 25, 26, 27, 28, 33, 34, 35, 36, 38, 40, 41, 42, 43, 44, 45, 46, 48, 49, 50, 51, 52, 53, 54, 55, 56, 58, 59, 60, 61, 64, 65, 66, 67, 68, 69, 70, 71, 72, 73, 74, 75, 76, 77, 78, 79, 80, 81, 82, 83, 84, 87, 88, 89, 90, 92, 93, 94, 95, 96, 97, 98, 100, 101, 103, 104, 105, 106, 107, 109, 111, 112, 113, 114, 115, 116, 117, 118, 119, 120, 122, 123, 124, 125, 126, 127, 129, 130, 131, 132, 133, 134, 135, 136, 137, 138, 139, 140, 141, 142, 143, 145, 146, 147, 148, 149, 151, 152, 153, 154, 155, 156, 157, 158, 159, 160, 162, 163, 164, 165, 167, 169, 170, 171, 172, 173, 174, 175, 177, 178, 180, 181, 182, 184, 185, 186, 187, 188, 189, 190, 191, 192, 193, 194, 195, 196, 197, 198, 199, 200, 201, 202, 203, 204, 206, 207, 208, 209, 210, 212, 213, 214, 216, 219, 220, 223, 224, 225, 226, 227, 228, 229, 230, 231, 232, 233, 234, 235, 236, 237, 238, 240, 241, 242, 243, 244, 245, 246, 247, 248, 249, 250, 251, 252, 253, 254, 255, 257, 259, 260, 261, 262, 263, 264, 265, 267, 268, 269, 270, 271, 272, 273, 274, 275, 276, 277, 278, 279, 280, 282, 283, 284, 285, 286, 287, 288, 289, 290, 291, 292, 293, 294, 295, 296, 298, 299, 301, 303, 306, 307, 308, 309, 311, 312, 313, 314, 315, 316, 317, 318, 320, 321, 322, 323, 324, 325, 327, 328, 330, 331, 332, 335, 336, 337, 338, 339, 340, 341, 342, 343, 344, 346, 348, 349, 350, 351, 353, 354, 356, 357, 358, 359, 360, 361, 362, 363, 364, 365, 366, 367, 368, 369, 371, 372, 374, 376, 377, 378, 379, 381, 382, 383, 384, 385, 386, 387, 388, 389, 390, 391, 392, 393, 394, 395, 396, 397, 398, 399, 401, 402, 404, 405, 406, 407, 408, 409, 410, 411, 412, 413, 414, 415, 417, 418, 419, 420, 421, 422, 423, 424, 425, 427, 428, 429, 431, 432, 433, 435, 436, 437, 438, 439, 440, 441, 442, 443, 444, 445, 446, 447, 448, 449, 450, 451, 452, 453, 455, 456, 457, 458, 459, 461, 463, 464, 465, 466, 468, 469, 470, 471, 473, 474, 475, 477, 478, 479, 480, 481, 482, 483, 484, 485, 486, 487, 488, 489, 490, 491, 492, 493, 494, 495, 496, 497, 498, 499, 500, 501, 502, 503, 504, 505, 507, 509, 510, 511, 512, 513, 514, 515, 517, 519, 520, 521, 522, 523, 524, 527, 529, 530, 531, 532, 533, 534, 535, 537, 538, 539, 540, 541, 542, 543, 544, 545, 546, 547, 548, 549, 550, 551, 554, 555, 556, 557, 558, 559, 560, 561, 563, 564, 566, 567, 568, 570, 571, 572, 573, 574, 575, 576, 577, 578, 579, 580, 581, 582, 583, 584, 585, 586, 587, 588, 589, 590, 591, 592, 593, 595, 596, 597, 598, 600, 601, 602, 603, 604, 606, 607, 608, 609, 611, 612, 614, 615, 616, 617, 620, 622, 623, 624, 626, 628, 629, 630, 631, 632, 633, 634, 635, 637, 638, 639, 640, 641, 642, 643, 644, 645, 646, 648, 649, 650, 651, 652, 653, 654, 656, 657, 658, 659, 660, 661, 662, 664, 665, 666, 667, 668, 669, 670, 671, 672, 673, 674, 675, 676, 677, 679, 680, 681, 682, 683, 684, 685, 687, 688, 689, 690, 691, 692, 693, 694, 695, 696, 697, 698, 699, 700, 701, 703, 705, 706, 707, 708, 709, 710, 711, 712, 713, 714, 715, 716, 717, 718, 719, 720, 722, 724, 725, 726, 727, 728, 729, 730, 731, 732, 734, 735, 737, 738, 739, 742, 743, 744, 746, 747, 749, 750, 751, 753, 754, 755, 757, 758, 759, 760, 761, 762, 764, 765, 766, 767, 768, 769, 770, 771, 772, 773, 774, 775, 776, 777, 778, 779, 780, 781, 782, 783, 784, 785, 786, 788, 789, 790, 791, 793, 794, 795, 796, 797, 798, 799, 800, 801, 803, 804, 805, 806, 807, 808, 810, 811, 812, 814, 815, 816, 817, 818, 819, 820, 821, 822, 823, 824, 825, 826, 827, 828, 829, 830, 831, 832, 833, 834, 837, 839, 840, 841, 842, 843, 844, 845, 846, 847, 848, 849, 850, 851, 853, 854, 855, 857, 858, 859, 860, 861, 862, 863, 864, 865, 867, 868, 869, 871, 874, 875, 876, 877, 878, 880, 881, 882, 883, 884, 885, 886, 887, 888, 889]
[0, 6, 13, 18, 26, 39, 58, 59, 66, 67, 71, 81, 85, 86, 123, 129, 140, 149, 151, 166, 167, 170, 171, 174, 202, 204, 217, 218, 221, 225, 230, 233, 250, 254, 256, 257, 261, 268, 278, 286, 291, 295, 302, 313, 319, 330, 333, 336, 345, 358, 360, 361, 363, 370, 372, 376, 386, 387, 389, 397, 402, 405, 427, 432, 444, 462, 475, 478, 500, 505, 506, 513, 533, 536, 566, 580, 582, 605, 607, 611, 621, 623, 625, 628, 634, 641, 643, 652, 654, 667, 668, 678, 688, 692, 700, 705, 714, 720, 723, 724, 736, 737, 740, 758, 763, 775, 787, 789, 804, 812, 820, 821, 830, 838, 845, 863, 871, 874, 875, 877, 882, 887]

[0, 1, 2, 3, 4, 5, 6, 7, 8, 9, 10, 11, 12, 13, 14, 16, 17, 18, 19, 20, 22, 23, 24, 25, 26, 27, 28, 29, 33, 34, 35, 36, 38, 40, 41, 42, 43, 44, 45, 46, 48, 49, 50, 51, 52, 53, 54, 55, 56, 58, 59, 60, 61, 64, 65, 66, 67, 68, 69, 70, 71, 72, 73, 74, 75, 76, 77, 78, 79, 80, 81, 82, 83, 84, 87, 88, 89, 90, 92, 93, 94, 95, 96, 97, 98, 100, 101, 103, 104, 105, 106, 107, 109, 111, 112, 113, 114, 115, 116, 117, 118, 119, 120, 122, 123, 124, 125, 126, 127, 129, 130, 131, 132, 133, 134, 135, 136, 137, 138, 139, 140, 141, 142, 143, 145, 146, 147, 148, 149, 150, 151, 152, 153, 154, 155, 156, 157, 158, 159, 160, 162, 163, 164, 165, 167, 169, 170, 171, 172, 173, 174, 175, 177, 178, 180, 181, 182, 184, 185, 186, 187, 188, 189, 190, 191, 192, 193, 194, 195, 196, 197, 198, 199, 200, 201, 202, 203, 204, 206, 207, 208, 209, 210, 211, 212, 213, 214, 216, 217, 219, 220, 223, 224, 225, 226, 227, 228, 229, 230, 231, 232, 233, 234, 235, 236, 237, 238, 240, 241, 242, 243, 244, 245, 246, 247, 248, 249, 250, 251, 252, 253, 254, 255, 257, 258, 259, 260, 261, 262, 263, 264, 265, 267, 268, 269, 270, 271, 272, 273, 274, 275, 276, 277, 278, 279, 280, 282, 283, 284, 285, 286, 287, 288, 289, 290, 291, 292, 293, 294, 295, 296, 298, 299, 300, 301, 303, 306, 307, 308, 309, 310, 311, 312, 313, 314, 315, 316, 317, 318, 320, 321, 322, 323, 324, 325, 327, 328, 330, 331, 332, 335, 336, 337, 338, 339, 340, 341, 342, 343, 344, 346, 348, 349, 350, 351, 352, 353, 354, 356, 357, 358, 359, 360, 361, 362, 363, 364, 365, 366, 367, 368, 369, 371, 372, 374, 376, 377, 378, 379, 381, 382, 383, 384, 385, 386, 387, 388, 389, 390, 391, 392, 393, 394, 395, 396, 397, 398, 399, 401, 402, 404, 405, 406, 407, 408, 409, 410, 411, 412, 413, 414, 415, 417, 418, 419, 420, 421, 422, 423, 424, 425, 427, 428, 429, 431, 432, 433, 435, 436, 437, 438, 439, 440, 441, 442, 443, 444, 445, 446, 447, 448, 449, 450, 451, 452, 453, 455, 456, 457, 458, 459, 461, 462, 463, 464, 465, 466, 468, 469, 470, 471, 473, 474, 475, 476, 477, 478, 479, 480, 481, 482, 483, 484, 485, 486, 487, 488, 489, 490, 491, 492, 493, 494, 495, 496, 497, 498, 499, 500, 501, 502, 503, 504, 505, 506, 507, 509, 510, 511, 512, 513, 514, 515, 517, 519, 520, 521, 522, 523, 524, 527, 529, 530, 531, 532, 533, 534, 535, 537, 538, 539, 540, 541, 542, 543, 544, 545, 546, 547, 548, 549, 550, 551, 554, 555, 556, 557, 558, 559, 560, 561, 563, 564, 566, 567, 568, 570, 571, 572, 573, 574, 575, 576, 577, 578, 579, 580, 581, 582, 583, 584, 585, 586, 587, 588, 589, 590, 591, 592, 593, 595, 596, 597, 598, 600, 601, 602, 603, 604, 605, 606, 607, 608, 609, 611, 612, 614, 615, 616, 617, 618, 620, 621, 622, 623, 624, 625, 626, 628, 629, 630, 631, 632, 633, 634, 635, 637, 638, 639, 640, 641, 642, 643, 644, 645, 646, 647, 648, 649, 650, 651, 652, 653, 654, 655, 656, 657, 658, 659, 660, 661, 662, 664, 665, 666, 667, 668, 669, 670, 671, 672, 673, 674, 675, 676, 677, 678, 679, 680, 681, 682, 683, 684, 685, 687, 688, 689, 690, 691, 692, 693, 694, 695, 696, 697, 698, 699, 700, 701, 703, 704, 705, 706, 707, 708, 709, 710, 711, 712, 713, 714, 715, 716, 717, 718, 719, 720, 722, 724, 725, 726, 727, 728, 729, 730, 731, 732, 734, 735, 736, 737, 738, 739, 740, 741, 742, 743, 744, 745, 746, 747, 749, 750, 751, 753, 754, 755, 757, 758, 759, 760, 761, 762, 764, 765, 766, 767, 768, 769, 770, 771, 772, 773, 774, 775, 776, 777, 778, 779, 780, 781, 782, 783, 784, 785, 786, 788, 789, 790, 791, 793, 794, 795, 796, 797, 798, 799, 800, 801, 803, 804, 805, 806, 807, 808, 810, 811, 812, 814, 815, 816, 817, 818, 819, 820, 821, 822, 823, 824, 825, 826, 827, 828, 829, 830, 831, 832, 833, 834, 837, 839, 840, 841, 842, 843, 844, 845, 846, 847, 848, 849, 850, 851, 853, 854, 855, 857, 858, 859, 860, 861, 862, 863, 864, 865, 867, 868, 869, 871, 874, 875, 876, 877, 878, 880, 881, 882, 883, 884, 885, 886, 887, 888, 889]
[0, 6, 13, 18, 26, 39, 58, 59, 66, 67, 71, 81, 85, 86, 123, 129, 140, 149, 151, 166, 167, 170, 171, 174, 202, 204, 217, 218, 221, 225, 230, 233, 250, 254, 256, 257, 261, 268, 278, 286, 291, 295, 302, 313, 319, 330, 333, 336, 345, 358, 360, 361, 363, 370, 372, 376, 386, 387, 389, 397, 402, 405, 427, 432, 444, 462, 475, 478, 500, 505, 506, 513, 533, 536, 566, 580, 582, 605, 607, 611, 621, 623, 625, 628, 634, 641, 643, 652, 654, 667, 668, 678, 688, 692, 700, 705, 714, 720, 723, 724, 736, 737, 740, 758, 763, 775, 787, 789, 804, 812, 820, 821, 830, 838, 845, 863, 871, 874, 875, 877, 882, 887]

