[3, 45, 61, 126, 204, 241, 302, 309, 374, 414, 456, 528, 532, 544, 578, 594, 622, 685, 745, 756, 771, 817]
[6, 7, 9, 199, 212, 330, 333, 349, 363, 389, 472, 515, 545, 635, 649, 714, 769, 772, 785, 798, 821, 834]

[3, 45, 61, 126, 204, 241, 302, 309, 374, 414, 456, 528, 532, 544, 578, 594, 622, 685, 745, 756, 771, 817]
[6, 7, 9, 11, 12, 14, 17, 19, 30, 35, 37, 62, 72, 73, 77, 85, 91, 94, 105, 110, 111, 119, 128, 133, 134, 135, 158, 161, 166, 175, 178, 181, 192, 199, 212, 217, 238, 247, 256, 258, 285, 287, 289, 291, 305, 307, 313, 330, 333, 334, 343, 349, 350, 362, 363, 381, 389, 400, 402, 443, 446, 447, 457, 460, 466, 472, 515, 516, 526, 531, 536, 540, 545, 546, 559, 560, 565, 567, 575, 585, 588, 589, 600, 602, 604, 606, 621, 634, 635, 644, 647, 648, 649, 650, 664, 668, 681, 686, 692, 696, 701, 714, 736, 739, 746, 763, 768, 769, 772, 775, 781, 785, 789, 798, 804, 811, 813, 821, 830, 834, 836, 837, 881, 889]

[3, 38, 45, 61, 71, 126, 189, 204, 209, 213, 232, 241, 278, 302, 309, 360, 373, 374, 414, 421, 433, 456, 466, 524, 528, 532, 544, 549, 566, 575, 578, 587, 594, 622, 669, 685, 692, 719, 745, 753, 756, 769, 771, 789, 817, 860, 879]
[6, 7, 9, 11, 12, 14, 17, 19, 30, 35, 37, 62, 72, 73, 77, 85, 91, 94, 105, 110, 111, 119, 128, 133, 134, 135, 158, 161, 166, 175, 178, 181, 192, 199, 212, 217, 238, 247, 256, 258, 285, 287, 289, 291, 305, 307, 313, 330, 333, 334, 343, 349, 350, 362, 363, 381, 389, 400, 402, 443, 446, 447, 457, 460, 466, 472, 515, 516, 526, 531, 536, 540, 545, 546, 559, 560, 565, 567, 575, 585, 588, 589, 600, 602, 604, 606, 621, 634, 635, 644, 647, 648, 649, 650, 664, 668, 681, 686, 692, 696, 701, 714, 736, 739, 746, 763, 768, 769, 772, 775, 781, 785, 789, 798, 804, 811, 813, 821, 830, 834, 836, 837, 881, 889]

[3, 38, 45, 54, 61, 63, 71, 126, 189, 204, 209, 213, 232, 240, 241, 255, 265, 278, 302, 309, 311, 355, 360, 373, 374, 414, 421, 433, 456, 466, 503, 519, 521, 524, 528, 532, 541, 544, 549, 566, 575, 578, 587, 594, 600, 607, 612, 620, 622, 626, 642, 656, 669, 670, 685, 692, 719, 728, 745, 753, 756, 769, 771, 774, 789, 817, 840, 860, 863, 873, 879, 884]
[6, 7, 9, 11, 12, 14, 17, 19, 30, 35, 37, 62, 72, 73, 77, 85, 91, 94, 105, 110, 111, 119, 128, 133, 134, 135, 158, 161, 166, 175, 178, 181, 192, 199, 212, 217, 238, 247, 256, 258, 285, 287, 289, 291, 305, 307, 313, 330, 333, 334, 343, 349, 350, 362, 363, 381, 389, 400, 402, 443, 446, 447, 457, 460, 466, 472, 515, 516, 526, 531, 536, 540, 545, 546, 559, 560, 565, 567, 575, 585, 588, 589, 600, 602, 604, 606, 621, 634, 635, 644, 647, 648, 649, 650, 664, 668, 681, 686, 692, 696, 701, 714, 736, 739, 746, 763, 768, 769, 772, 775, 781, 785, 789, 798, 804, 811, 813, 821, 830, 834, 836, 837, 881, 889]

[3, 19, 38, 45, 54, 61, 63, 71, 117, 126, 150, 176, 180, 189, 204, 209, 210, 213, 232, 240, 241, 250, 255, 265, 278, 280, 302, 309, 311, 337, 355, 360, 373, 374, 414, 421, 433, 456, 466, 489, 493, 503, 509, 519, 521, 524, 528, 532, 541, 544, 549, 566, 575, 578, 587, 589, 594, 600, 607, 612, 616, 619, 620, 622, 626, 642, 653, 655, 656, 669, 670, 685, 690, 692, 693, 699, 719, 721, 728, 745, 749, 753, 756, 758, 769, 771, 774, 789, 817, 831, 840, 843, 860, 863, 873, 879, 884]
[6, 7, 9, 11, 12, 14, 17, 19, 30, 35, 37, 62, 72, 73, 77, 85, 91, 94, 105, 110, 111, 119, 128, 133, 134, 135, 158, 161, 166, 175, 178, 181, 192, 199, 212, 217, 238, 247, 256, 258, 285, 287, 289, 291, 305, 307, 313, 330, 333, 334, 343, 349, 350, 362, 363, 381, 389, 400, 402, 443, 446, 447, 457, 460, 466, 472, 515, 516, 526, 531, 536, 540, 545, 546, 559, 560, 565, 567, 575, 585, 588, 589, 600, 602, 604, 606, 621, 634, 635, 644, 647, 648, 649, 650, 664, 668, 681, 686, 692, 696, 701, 714, 736, 739, 746, 763, 768, 769, 772, 775, 781, 785, 789, 798, 804, 811, 813, 821, 830, 834, 836, 837, 881, 889]

[3, 19, 38, 41, 45, 50, 54, 61, 63, 71, 80, 88, 110, 117, 120, 123, 126, 150, 157, 169, 176, 180, 189, 204, 209, 210, 212, 213, 214, 232, 240, 241, 250, 255, 265, 276, 278, 280, 302, 309, 311, 325, 337, 340, 355, 360, 362, 373, 374, 385, 406, 410, 414, 421, 433, 456, 466, 483, 484, 489, 492, 493, 503, 509, 519, 521, 524, 528, 532, 538, 541, 544, 549, 566, 575, 578, 587, 589, 594, 600, 607, 612, 616, 619, 620, 622, 626, 642, 653, 655, 656, 669, 670, 685, 690, 692, 693, 699, 719, 721, 728, 745, 749, 753, 756, 758, 759, 769, 771, 774, 789, 817, 831, 840, 841, 843, 846, 858, 860, 863, 867, 870, 873, 879, 881, 884]
[6, 7, 9, 11, 12, 14, 17, 19, 30, 35, 37, 62, 72, 73, 77, 85, 91, 94, 105, 110, 111, 119, 128, 133, 134, 135, 158, 161, 166, 175, 178, 181, 192, 199, 212, 217, 238, 247, 256, 258, 285, 287, 289, 291, 305, 307, 313, 330, 333, 334, 343, 349, 350, 362, 363, 381, 389, 400, 402, 443, 446, 447, 457, 460, 466, 472, 515, 516, 526, 531, 536, 540, 545, 546, 559, 560, 565, 567, 575, 585, 588, 589, 600, 602, 604, 606, 621, 634, 635, 644, 647, 648, 649, 650, 664, 668, 681, 686, 692, 696, 701, 714, 736, 739, 746, 763, 768, 769, 772, 775, 781, 785, 789, 798, 804, 811, 813, 821, 830, 834, 836, 837, 881, 889]

[3, 14, 19, 38, 41, 45, 50, 54, 61, 63, 71, 80, 88, 110, 112, 117, 120, 123, 126, 137, 150, 152, 154, 157, 169, 176, 180, 189, 204, 209, 210, 212, 213, 214, 232, 240, 241, 243, 250, 255, 260, 265, 274, 276, 278, 280, 288, 302, 309, 311, 314, 325, 337, 340, 355, 360, 362, 372, 373, 374, 376, 385, 389, 406, 410, 414, 416, 421, 430, 433, 456, 459, 462, 466, 473, 483, 484, 489, 492, 493, 503, 509, 511, 518, 519, 521, 524, 528, 532, 538, 541, 544, 549, 566, 568, 575, 578, 587, 589, 592, 594, 600, 602, 604, 607, 612, 616, 619, 620, 622, 626, 642, 653, 655, 656, 669, 670, 685, 689, 690, 692, 693, 699, 719, 721, 728, 737, 739, 745, 749, 753, 756, 758, 759, 769, 770, 771, 774, 780, 785, 789, 793, 801, 817, 831, 840, 841, 843, 844, 846, 858, 860, 863, 867, 870, 873, 877, 879, 881, 884]
[6, 7, 9, 11, 12, 14, 17, 19, 30, 35, 37, 62, 72, 73, 77, 85, 91, 94, 105, 110, 111, 119, 128, 133, 134, 135, 158, 161, 166, 175, 178, 181, 192, 199, 212, 217, 238, 247, 256, 258, 285, 287, 289, 291, 305, 307, 313, 330, 333, 334, 343, 349, 350, 362, 363, 381, 389, 400, 402, 443, 446, 447, 457, 460, 466, 472, 515, 516, 526, 531, 536, 540, 545, 546, 559, 560, 565, 567, 575, 585, 588, 589, 600, 602, 604, 606, 621, 634, 635, 644, 647, 648, 649, 650, 664, 668, 681, 686, 692, 696, 701, 714, 736, 739, 746, 763, 768, 769, 772, 775, 781, 785, 789, 798, 804, 811, 813, 821, 830, 834, 836, 837, 881, 889]

[3, 6, 14, 19, 26, 38, 41, 45, 50, 53, 54, 61, 63, 71, 80, 88, 110, 112, 117, 120, 123, 126, 137, 142, 150, 152, 154, 157, 164, 169, 176, 180, 189, 204, 209, 210, 212, 213, 214, 218, 223, 232, 240, 241, 242, 243, 250, 255, 260, 265, 266, 274, 276, 278, 280, 288, 302, 309, 311, 314, 325, 337, 340, 355, 356, 360, 362, 372, 373, 374, 376, 385, 389, 405, 406, 410, 414, 416, 421, 430, 433, 456, 459, 462, 466, 473, 483, 484, 489, 490, 492, 493, 503, 508, 509, 511, 518, 519, 521, 524, 528, 532, 538, 541, 544, 549, 566, 568, 575, 578, 587, 588, 589, 592, 593, 594, 600, 602, 604, 607, 611, 612, 616, 619, 620, 622, 626, 631, 642, 653, 655, 656, 668, 669, 670, 685, 687, 689, 690, 692, 693, 699, 719, 721, 728, 737, 739, 745, 749, 753, 756, 758, 759, 769, 770, 771, 774, 780, 785, 789, 791, 793, 794, 801, 815, 817, 830, 831, 840, 841, 843, 844, 846, 854, 858, 860, 863, 867, 870, 873, 874, 877, 879, 881, 884]
[6, 7, 9, 11, 12, 14, 17, 19, 30, 35, 37, 62, 72, 73, 77, 85, 91, 94, 105, 110, 111, 119, 128, 133, 134, 135, 158, 161, 166, 175, 178, 181, 192, 199, 212, 217, 238, 247, 256, 258, 285, 287, 289, 291, 305, 307, 313, 330, 333, 334, 343, 349, 350, 362, 363, 381, 389, 400, 402, 443, 446, 447, 457, 460, 466, 472, 515, 516, 526, 531, 536, 540, 545, 546, 559, 560, 565, 567, 575, 585, 588, 589, 600, 602, 604, 606, 621, 634, 635, 644, 647, 648, 649, 650, 664, 668, 681, 686, 692, 696, 701, 714, 736, 739, 746, 763, 768, 769, 772, 775, 781, 785, 789, 798, 804, 811, 813, 821, 830, 834, 836, 837, 881, 889]

[3, 6, 14, 19, 26, 29, 38, 41, 45, 50, 51, 53, 54, 60, 61, 63, 71, 80, 84, 88, 92, 110, 112, 117, 120, 123, 126, 129, 137, 142, 150, 152, 153, 154, 157, 159, 164, 169, 176, 180, 185, 189, 192, 199, 204, 209, 210, 212, 213, 214, 218, 223, 232, 240, 241, 242, 243, 250, 255, 260, 265, 266, 274, 276, 278, 280, 288, 302, 308, 309, 311, 314, 325, 337, 340, 345, 355, 356, 360, 362, 365, 372, 373, 374, 376, 385, 388, 389, 405, 406, 409, 410, 414, 416, 421, 430, 433, 445, 456, 459, 462, 466, 473, 483, 484, 489, 490, 492, 493, 503, 508, 509, 511, 518, 519, 521, 524, 528, 532, 538, 541, 542, 544, 549, 566, 568, 569, 575, 578, 579, 583, 587, 588, 589, 592, 593, 594, 600, 602, 604, 607, 610, 611, 612, 616, 619, 620, 622, 626, 631, 642, 653, 655, 656, 668, 669, 670, 685, 687, 689, 690, 692, 693, 699, 710, 719, 721, 728, 737, 739, 745, 749, 753, 756, 758, 759, 769, 770, 771, 774, 780, 785, 789, 791, 793, 794, 801, 807, 815, 817, 830, 831, 840, 841, 843, 844, 846, 849, 854, 858, 860, 863, 867, 870, 873, 874, 877, 879, 881, 884]
[6, 7, 9, 11, 12, 14, 17, 19, 30, 35, 37, 62, 72, 73, 77, 85, 91, 94, 105, 110, 111, 119, 128, 133, 134, 135, 158, 161, 166, 175, 178, 181, 192, 199, 212, 217, 238, 247, 256, 258, 285, 287, 289, 291, 305, 307, 313, 330, 333, 334, 343, 349, 350, 362, 363, 381, 389, 400, 402, 443, 446, 447, 457, 460, 466, 472, 515, 516, 526, 531, 536, 540, 545, 546, 559, 560, 565, 567, 575, 585, 588, 589, 600, 602, 604, 606, 621, 634, 635, 644, 647, 648, 649, 650, 664, 668, 681, 686, 692, 696, 701, 714, 736, 739, 746, 763, 768, 769, 772, 775, 781, 785, 789, 798, 804, 811, 813, 821, 830, 834, 836, 837, 881, 889]

[3, 6, 14, 19, 26, 29, 38, 41, 45, 50, 51, 53, 54, 60, 61, 63, 71, 80, 84, 88, 92, 109, 110, 112, 117, 120, 123, 126, 129, 137, 142, 150, 152, 153, 154, 157, 159, 164, 165, 169, 171, 176, 180, 185, 189, 192, 199, 204, 209, 210, 212, 213, 214, 218, 221, 223, 232, 240, 241, 242, 243, 250, 255, 260, 265, 266, 270, 274, 276, 278, 280, 288, 302, 308, 309, 311, 314, 325, 327, 333, 337, 340, 345, 355, 356, 360, 362, 365, 372, 373, 374, 376, 381, 385, 388, 389, 404, 405, 406, 409, 410, 414, 416, 421, 430, 433, 442, 445, 456, 459, 462, 466, 473, 475, 483, 484, 489, 490, 492, 493, 503, 507, 508, 509, 511, 518, 519, 521, 524, 528, 532, 537, 538, 541, 542, 544, 549, 555, 565, 566, 568, 569, 575, 578, 579, 580, 583, 587, 588, 589, 592, 593, 594, 600, 602, 604, 607, 610, 611, 612, 616, 619, 620, 622, 626, 631, 639, 642, 644, 648, 653, 655, 656, 659, 661, 665, 668, 669, 670, 675, 685, 687, 689, 690, 692, 693, 699, 710, 719, 721, 728, 737, 739, 745, 749, 753, 756, 758, 759, 769, 770, 771, 774, 780, 785, 789, 791, 793, 794, 797, 801, 807, 815, 817, 830, 831, 840, 841, 843, 844, 846, 849, 854, 858, 860, 863, 866, 867, 870, 873, 874, 877, 879, 881, 884]
[6, 7, 9, 11, 12, 14, 17, 19, 30, 35, 37, 62, 72, 73, 77, 85, 91, 94, 105, 110, 111, 119, 128, 133, 134, 135, 158, 161, 166, 175, 178, 181, 192, 199, 212, 217, 238, 247, 256, 258, 285, 287, 289, 291, 305, 307, 313, 330, 333, 334, 343, 349, 350, 362, 363, 381, 389, 400, 402, 443, 446, 447, 457, 460, 466, 472, 515, 516, 526, 531, 536, 540, 545, 546, 559, 560, 565, 567, 575, 585, 588, 589, 600, 602, 604, 606, 621, 634, 635, 644, 647, 648, 649, 650, 664, 668, 681, 686, 692, 696, 701, 714, 736, 739, 746, 763, 768, 769, 772, 775, 781, 785, 789, 798, 804, 811, 813, 821, 830, 834, 836, 837, 881, 889]

[3, 6, 14, 19, 26, 29, 38, 41, 42, 45, 50, 51, 53, 54, 60, 61, 63, 71, 80, 84, 88, 92, 97, 108, 109, 110, 112, 117, 120, 123, 126, 129, 137, 140, 142, 150, 152, 153, 154, 157, 159, 164, 165, 169, 171, 176, 180, 185, 189, 192, 199, 204, 209, 210, 212, 213, 214, 218, 220, 221, 223, 232, 233, 240, 241, 242, 243, 250, 255, 260, 263, 265, 266, 270, 274, 276, 278, 280, 285, 288, 302, 308, 309, 311, 314, 315, 325, 327, 333, 337, 340, 345, 355, 356, 359, 360, 362, 365, 372, 373, 374, 376, 381, 385, 388, 389, 396, 403, 404, 405, 406, 409, 410, 414, 416, 421, 430, 433, 442, 445, 456, 459, 462, 466, 473, 475, 483, 484, 489, 490, 492, 493, 503, 507, 508, 509, 511, 518, 519, 521, 524, 525, 528, 532, 537, 538, 541, 542, 544, 549, 552, 555, 560, 565, 566, 568, 569, 575, 578, 579, 580, 583, 587, 588, 589, 592, 593, 594, 600, 602, 604, 605, 607, 610, 611, 612, 616, 619, 620, 622, 626, 631, 639, 641, 642, 644, 648, 653, 655, 656, 659, 661, 665, 668, 669, 670, 675, 676, 685, 687, 689, 690, 692, 693, 699, 703, 710, 713, 719, 721, 728, 732, 737, 739, 745, 749, 753, 756, 758, 759, 763, 769, 770, 771, 774, 780, 785, 789, 791, 793, 794, 797, 801, 807, 815, 817, 825, 830, 831, 840, 841, 843, 844, 846, 849, 854, 856, 858, 860, 862, 863, 866, 867, 870, 873, 874, 877, 879, 881, 884]
[6, 7, 9, 11, 12, 14, 17, 19, 30, 35, 37, 62, 72, 73, 77, 85, 91, 94, 105, 110, 111, 119, 128, 133, 134, 135, 158, 161, 166, 175, 178, 181, 192, 199, 212, 217, 238, 247, 256, 258, 285, 287, 289, 291, 305, 307, 313, 330, 333, 334, 343, 349, 350, 362, 363, 381, 389, 400, 402, 443, 446, 447, 457, 460, 466, 472, 515, 516, 526, 531, 536, 540, 545, 546, 559, 560, 565, 567, 575, 585, 588, 589, 600, 602, 604, 606, 621, 634, 635, 644, 647, 648, 649, 650, 664, 668, 681, 686, 692, 696, 701, 714, 736, 739, 746, 763, 768, 769, 772, 775, 781, 785, 789, 798, 804, 811, 813, 821, 830, 834, 836, 837, 881, 889]

[3, 6, 14, 19, 26, 29, 35, 38, 40, 41, 42, 45, 50, 51, 53, 54, 60, 61, 63, 71, 80, 83, 84, 88, 92, 97, 108, 109, 110, 112, 117, 119, 120, 123, 126, 129, 136, 137, 140, 142, 150, 152, 153, 154, 157, 159, 164, 165, 169, 171, 176, 180, 185, 189, 192, 199, 204, 209, 210, 212, 213, 214, 218, 220, 221, 223, 232, 233, 240, 241, 242, 243, 248, 250, 255, 260, 263, 265, 266, 270, 274, 276, 278, 279, 280, 285, 288, 302, 304, 308, 309, 311, 314, 315, 321, 322, 325, 327, 333, 337, 340, 345, 350, 355, 356, 359, 360, 362, 365, 372, 373, 374, 376, 381, 385, 388, 389, 396, 403, 404, 405, 406, 409, 410, 414, 416, 421, 430, 433, 439, 442, 445, 456, 459, 462, 463, 466, 473, 475, 476, 477, 483, 484, 489, 490, 492, 493, 503, 507, 508, 509, 511, 518, 519, 521, 524, 525, 528, 532, 537, 538, 541, 542, 544, 549, 551, 552, 555, 558, 560, 565, 566, 568, 569, 575, 578, 579, 580, 582, 583, 587, 588, 589, 592, 593, 594, 600, 602, 604, 605, 607, 610, 611, 612, 616, 619, 620, 622, 626, 631, 637, 639, 641, 642, 643, 644, 648, 652, 653, 655, 656, 659, 661, 665, 668, 669, 670, 675, 676, 685, 687, 689, 690, 692, 693, 699, 703, 710, 713, 719, 721, 724, 728, 732, 737, 739, 745, 749, 753, 756, 758, 759, 763, 769, 770, 771, 774, 780, 785, 788, 789, 791, 793, 794, 797, 801, 807, 814, 815, 817, 825, 830, 831, 840, 841, 843, 844, 846, 849, 854, 856, 858, 860, 862, 863, 866, 867, 868, 870, 873, 874, 877, 879, 881, 884]
[6, 7, 9, 11, 12, 14, 17, 19, 30, 35, 37, 62, 72, 73, 77, 85, 91, 94, 105, 110, 111, 119, 128, 133, 134, 135, 158, 161, 166, 175, 178, 181, 192, 199, 212, 217, 238, 247, 256, 258, 285, 287, 289, 291, 305, 307, 313, 330, 333, 334, 343, 349, 350, 362, 363, 381, 389, 400, 402, 443, 446, 447, 457, 460, 466, 472, 515, 516, 526, 531, 536, 540, 545, 546, 559, 560, 565, 567, 575, 585, 588, 589, 600, 602, 604, 606, 621, 634, 635, 644, 647, 648, 649, 650, 664, 668, 681, 686, 692, 696, 701, 714, 736, 739, 746, 763, 768, 769, 772, 775, 781, 785, 789, 798, 804, 811, 813, 821, 830, 834, 836, 837, 881, 889]

[3, 6, 14, 19, 26, 29, 35, 38, 40, 41, 42, 45, 50, 51, 53, 54, 60, 61, 63, 66, 71, 80, 83, 84, 88, 92, 97, 108, 109, 110, 112, 117, 118, 119, 120, 123, 125, 126, 129, 136, 137, 140, 142, 150, 152, 153, 154, 157, 159, 164, 165, 169, 170, 171, 176, 180, 185, 187, 189, 192, 199, 204, 209, 210, 212, 213, 214, 218, 220, 221, 222, 223, 232, 233, 240, 241, 242, 243, 244, 248, 250, 252, 253, 255, 260, 263, 265, 266, 270, 274, 276, 278, 279, 280, 285, 288, 302, 304, 308, 309, 311, 314, 315, 321, 322, 325, 327, 333, 337, 340, 345, 350, 355, 356, 359, 360, 362, 365, 372, 373, 374, 376, 381, 385, 388, 389, 396, 403, 404, 405, 406, 409, 410, 414, 416, 421, 423, 430, 433, 435, 439, 442, 445, 453, 455, 456, 459, 462, 463, 466, 473, 475, 476, 477, 483, 484, 485, 489, 490, 492, 493, 503, 507, 508, 509, 511, 518, 519, 521, 524, 525, 527, 528, 532, 537, 538, 541, 542, 544, 549, 551, 552, 555, 558, 560, 565, 566, 568, 569, 575, 577, 578, 579, 580, 582, 583, 587, 588, 589, 592, 593, 594, 600, 602, 604, 605, 607, 610, 611, 612, 616, 619, 620, 622, 623, 626, 631, 637, 639, 641, 642, 643, 644, 648, 650, 652, 653, 655, 656, 659, 661, 665, 668, 669, 670, 675, 676, 685, 687, 689, 690, 692, 693, 694, 695, 699, 703, 710, 713, 719, 721, 724, 728, 732, 737, 739, 743, 745, 749, 753, 756, 758, 759, 763, 769, 770, 771, 774, 780, 785, 788, 789, 791, 793, 794, 797, 798, 801, 807, 814, 815, 817, 825, 830, 831, 840, 841, 843, 844, 846, 849, 854, 855, 856, 858, 860, 862, 863, 865, 866, 867, 868, 870, 873, 874, 877, 879, 881, 884, 887]
[6, 7, 9, 11, 12, 14, 17, 19, 30, 35, 37, 62, 72, 73, 77, 85, 91, 94, 105, 110, 111, 119, 128, 133, 134, 135, 158, 161, 166, 175, 178, 181, 192, 199, 212, 217, 238, 247, 256, 258, 285, 287, 289, 291, 305, 307, 313, 330, 333, 334, 343, 349, 350, 362, 363, 381, 389, 400, 402, 443, 446, 447, 457, 460, 466, 472, 515, 516, 526, 531, 536, 540, 545, 546, 559, 560, 565, 567, 575, 585, 588, 589, 600, 602, 604, 606, 621, 634, 635, 644, 647, 648, 649, 650, 664, 668, 681, 686, 692, 696, 701, 714, 736, 739, 746, 763, 768, 769, 772, 775, 781, 785, 789, 798, 804, 811, 813, 821, 830, 834, 836, 837, 881, 889]

[3, 6, 14, 18, 19, 26, 28, 29, 35, 38, 40, 41, 42, 45, 50, 51, 53, 54, 60, 61, 63, 65, 66, 71, 80, 81, 83, 84, 88, 92, 97, 108, 109, 110, 112, 117, 118, 119, 120, 123, 125, 126, 128, 129, 136, 137, 139, 140, 142, 148, 150, 152, 153, 154, 157, 159, 164, 165, 169, 170, 171, 176, 180, 185, 187, 189, 192, 199, 204, 209, 210, 212, 213, 214, 218, 220, 221, 222, 223, 232, 233, 239, 240, 241, 242, 243, 244, 248, 250, 252, 253, 255, 260, 263, 265, 266, 270, 274, 276, 277, 278, 279, 280, 285, 288, 302, 304, 308, 309, 311, 314, 315, 321, 322, 325, 327, 333, 337, 340, 342, 345, 350, 355, 356, 359, 360, 362, 365, 372, 373, 374, 376, 381, 385, 388, 389, 396, 403, 404, 405, 406, 409, 410, 414, 416, 421, 423, 424, 427, 430, 433, 435, 439, 442, 445, 453, 455, 456, 459, 462, 463, 466, 473, 475, 476, 477, 483, 484, 485, 486, 489, 490, 492, 493, 503, 504, 505, 507, 508, 509, 511, 518, 519, 521, 524, 525, 527, 528, 532, 537, 538, 541, 542, 544, 549, 551, 552, 555, 558, 560, 565, 566, 568, 569, 575, 577, 578, 579, 580, 582, 583, 587, 588, 589, 592, 593, 594, 600, 602, 604, 605, 607, 610, 611, 612, 616, 619, 620, 622, 623, 626, 631, 637, 639, 641, 642, 643, 644, 645, 648, 650, 652, 653, 655, 656, 659, 661, 665, 668, 669, 670, 675, 676, 685, 687, 689, 690, 692, 693, 694, 695, 699, 702, 703, 710, 713, 715, 719, 721, 724, 726, 728, 732, 737, 739, 743, 744, 745, 749, 753, 754, 756, 758, 759, 763, 769, 770, 771, 774, 779, 780, 785, 788, 789, 791, 793, 794, 797, 798, 801, 807, 809, 810, 814, 815, 817, 818, 825, 830, 831, 840, 841, 843, 844, 846, 849, 854, 855, 856, 858, 860, 862, 863, 865, 866, 867, 868, 870, 873, 874, 877, 879, 881, 884, 887]
[6, 7, 9, 11, 12, 14, 17, 19, 30, 35, 37, 62, 72, 73, 77, 85, 91, 94, 105, 110, 111, 119, 128, 133, 134, 135, 158, 161, 166, 175, 178, 181, 192, 199, 212, 217, 238, 247, 256, 258, 285, 287, 289, 291, 305, 307, 313, 330, 333, 334, 343, 349, 350, 362, 363, 381, 389, 400, 402, 443, 446, 447, 457, 460, 466, 472, 515, 516, 526, 531, 536, 540, 545, 546, 559, 560, 565, 567, 575, 585, 588, 589, 600, 602, 604, 606, 621, 634, 635, 644, 647, 648, 649, 650, 664, 668, 681, 686, 692, 696, 701, 714, 736, 739, 746, 763, 768, 769, 772, 775, 781, 785, 789, 798, 804, 811, 813, 821, 830, 834, 836, 837, 881, 889]

[3, 6, 8, 14, 18, 19, 26, 28, 29, 35, 38, 40, 41, 42, 43, 45, 50, 51, 53, 54, 58, 60, 61, 62, 63, 65, 66, 71, 80, 81, 83, 84, 88, 92, 97, 107, 108, 109, 110, 112, 117, 118, 119, 120, 122, 123, 125, 126, 128, 129, 136, 137, 139, 140, 142, 145, 148, 150, 152, 153, 154, 157, 159, 161, 164, 165, 169, 170, 171, 176, 180, 185, 186, 187, 189, 192, 199, 202, 204, 209, 210, 212, 213, 214, 218, 220, 221, 222, 223, 232, 233, 239, 240, 241, 242, 243, 244, 248, 250, 252, 253, 255, 260, 263, 265, 266, 270, 274, 276, 277, 278, 279, 280, 285, 286, 288, 302, 304, 305, 308, 309, 311, 314, 315, 321, 322, 325, 327, 333, 337, 340, 342, 343, 345, 350, 355, 356, 359, 360, 362, 365, 372, 373, 374, 376, 381, 385, 387, 388, 389, 396, 403, 404, 405, 406, 409, 410, 414, 416, 421, 423, 424, 427, 430, 431, 433, 435, 437, 439, 442, 445, 449, 453, 455, 456, 459, 462, 463, 466, 473, 475, 476, 477, 480, 483, 484, 485, 486, 489, 490, 492, 493, 503, 504, 505, 507, 508, 509, 511, 513, 518, 519, 521, 524, 525, 527, 528, 532, 537, 538, 541, 542, 544, 549, 551, 552, 555, 558, 560, 565, 566, 568, 569, 575, 577, 578, 579, 580, 582, 583, 587, 588, 589, 592, 593, 594, 600, 602, 604, 605, 607, 610, 611, 612, 616, 619, 620, 621, 622, 623, 626, 631, 637, 639, 640, 641, 642, 643, 644, 645, 646, 648, 650, 652, 653, 655, 656, 659, 661, 665, 668, 669, 670, 675, 676, 685, 687, 689, 690, 692, 693, 694, 695, 699, 702, 703, 710, 713, 715, 719, 721, 724, 726, 728, 732, 734, 737, 739, 743, 744, 745, 749, 753, 754, 756, 758, 759, 763, 769, 770, 771, 774, 779, 780, 785, 788, 789, 791, 793, 794, 797, 798, 801, 807, 809, 810, 814, 815, 816, 817, 818, 820, 825, 830, 831, 840, 841, 843, 844, 846, 849, 854, 855, 856, 858, 860, 862, 863, 865, 866, 867, 868, 870, 873, 874, 877, 879, 881, 884, 887]
[6, 7, 9, 11, 12, 14, 17, 19, 30, 35, 37, 62, 72, 73, 77, 85, 91, 94, 105, 110, 111, 119, 128, 133, 134, 135, 158, 161, 166, 175, 178, 181, 192, 199, 212, 217, 238, 247, 256, 258, 285, 287, 289, 291, 305, 307, 313, 330, 333, 334, 343, 349, 350, 362, 363, 381, 389, 400, 402, 443, 446, 447, 457, 460, 466, 472, 515, 516, 526, 531, 536, 540, 545, 546, 559, 560, 565, 567, 575, 585, 588, 589, 600, 602, 604, 606, 621, 634, 635, 644, 647, 648, 649, 650, 664, 668, 681, 686, 692, 696, 701, 714, 736, 739, 746, 763, 768, 769, 772, 775, 781, 785, 789, 798, 804, 811, 813, 821, 830, 834, 836, 837, 881, 889]

[3, 6, 8, 14, 18, 19, 26, 27, 28, 29, 35, 38, 40, 41, 42, 43, 45, 49, 50, 51, 53, 54, 58, 60, 61, 62, 63, 65, 66, 71, 80, 81, 83, 84, 88, 92, 97, 99, 107, 108, 109, 110, 112, 117, 118, 119, 120, 122, 123, 125, 126, 128, 129, 131, 136, 137, 139, 140, 142, 143, 145, 148, 150, 152, 153, 154, 157, 159, 161, 164, 165, 169, 170, 171, 176, 180, 185, 186, 187, 189, 192, 194, 199, 202, 204, 209, 210, 212, 213, 214, 218, 220, 221, 222, 223, 232, 233, 235, 239, 240, 241, 242, 243, 244, 248, 250, 252, 253, 254, 255, 260, 263, 265, 266, 270, 274, 276, 277, 278, 279, 280, 285, 286, 287, 288, 291, 302, 304, 305, 308, 309, 311, 314, 315, 321, 322, 323, 325, 327, 333, 336, 337, 340, 342, 343, 345, 350, 354, 355, 356, 359, 360, 362, 365, 372, 373, 374, 376, 381, 385, 387, 388, 389, 396, 403, 404, 405, 406, 407, 409, 410, 414, 416, 421, 423, 424, 427, 430, 431, 433, 435, 437, 439, 442, 445, 449, 453, 455, 456, 459, 462, 463, 466, 473, 475, 476, 477, 479, 480, 483, 484, 485, 486, 489, 490, 492, 493, 503, 504, 505, 507, 508, 509, 511, 513, 518, 519, 521, 524, 525, 526, 527, 528, 532, 537, 538, 541, 542, 544, 549, 551, 552, 555, 558, 560, 563, 565, 566, 568, 569, 575, 577, 578, 579, 580, 582, 583, 587, 588, 589, 592, 593, 594, 600, 602, 604, 605, 607, 610, 611, 612, 616, 619, 620, 621, 622, 623, 626, 631, 637, 639, 640, 641, 642, 643, 644, 645, 646, 648, 650, 651, 652, 653, 655, 656, 659, 661, 664, 665, 668, 669, 670, 675, 676, 680, 685, 687, 689, 690, 692, 693, 694, 695, 699, 702, 703, 710, 713, 715, 719, 721, 724, 726, 728, 732, 734, 737, 739, 742, 743, 744, 745, 749, 753, 754, 756, 758, 759, 763, 769, 770, 771, 774, 779, 780, 785, 788, 789, 791, 793, 794, 797, 798, 801, 807, 808, 809, 810, 814, 815, 816, 817, 818, 820, 825, 830, 831, 832, 836, 840, 841, 843, 844, 846, 849, 854, 855, 856, 858, 860, 862, 863, 865, 866, 867, 868, 870, 873, 874, 877, 879, 881, 883, 884, 887]
[6, 7, 9, 11, 12, 14, 17, 19, 30, 35, 37, 62, 72, 73, 77, 85, 91, 94, 105, 110, 111, 119, 128, 133, 134, 135, 158, 161, 166, 175, 178, 181, 192, 199, 212, 217, 238, 247, 256, 258, 285, 287, 289, 291, 305, 307, 313, 330, 333, 334, 343, 349, 350, 362, 363, 381, 389, 400, 402, 443, 446, 447, 457, 460, 466, 472, 515, 516, 526, 531, 536, 540, 545, 546, 559, 560, 565, 567, 575, 585, 588, 589, 600, 602, 604, 606, 621, 634, 635, 644, 647, 648, 649, 650, 664, 668, 681, 686, 692, 696, 701, 714, 736, 739, 746, 763, 768, 769, 772, 775, 781, 785, 789, 798, 804, 811, 813, 821, 830, 834, 836, 837, 881, 889]

[3, 6, 8, 9, 13, 14, 18, 19, 26, 27, 28, 29, 35, 38, 40, 41, 42, 43, 45, 47, 49, 50, 51, 53, 54, 58, 60, 61, 62, 63, 65, 66, 71, 80, 81, 83, 84, 88, 92, 97, 99, 107, 108, 109, 110, 112, 117, 118, 119, 120, 122, 123, 125, 126, 128, 129, 130, 131, 136, 137, 139, 140, 142, 143, 144, 145, 148, 150, 151, 152, 153, 154, 157, 159, 161, 163, 164, 165, 169, 170, 171, 176, 180, 185, 186, 187, 189, 192, 194, 195, 199, 202, 204, 209, 210, 212, 213, 214, 218, 220, 221, 222, 223, 232, 233, 235, 236, 239, 240, 241, 242, 243, 244, 248, 250, 252, 253, 254, 255, 260, 261, 263, 265, 266, 270, 272, 274, 276, 277, 278, 279, 280, 285, 286, 287, 288, 291, 302, 304, 305, 307, 308, 309, 311, 314, 315, 316, 321, 322, 323, 325, 327, 333, 336, 337, 340, 342, 343, 345, 350, 354, 355, 356, 359, 360, 362, 365, 372, 373, 374, 376, 381, 385, 387, 388, 389, 396, 401, 403, 404, 405, 406, 407, 409, 410, 414, 416, 419, 421, 423, 424, 427, 430, 431, 433, 435, 437, 439, 442, 445, 449, 453, 455, 456, 459, 462, 463, 466, 467, 473, 475, 476, 477, 479, 480, 483, 484, 485, 486, 489, 490, 492, 493, 503, 504, 505, 507, 508, 509, 511, 513, 518, 519, 521, 524, 525, 526, 527, 528, 532, 534, 537, 538, 541, 542, 544, 549, 551, 552, 555, 558, 560, 562, 563, 565, 566, 568, 569, 575, 577, 578, 579, 580, 582, 583, 587, 588, 589, 592, 593, 594, 600, 602, 604, 605, 607, 610, 611, 612, 616, 619, 620, 621, 622, 623, 626, 631, 637, 639, 640, 641, 642, 643, 644, 645, 646, 648, 649, 650, 651, 652, 653, 655, 656, 659, 661, 664, 665, 668, 669, 670, 675, 676, 680, 685, 687, 689, 690, 692, 693, 694, 695, 699, 702, 703, 705, 710, 713, 715, 719, 721, 724, 726, 728, 730, 732, 734, 737, 739, 742, 743, 744, 745, 749, 753, 754, 756, 758, 759, 763, 765, 769, 770, 771, 774, 775, 779, 780, 781, 785, 788, 789, 791, 793, 794, 797, 798, 801, 807, 808, 809, 810, 814, 815, 816, 817, 818, 820, 825, 830, 831, 832, 836, 840, 841, 843, 844, 846, 849, 854, 855, 856, 858, 860, 862, 863, 865, 866, 867, 868, 870, 873, 874, 876, 877, 879, 881, 883, 884, 887]
[6, 7, 9, 11, 12, 14, 17, 19, 30, 35, 37, 62, 72, 73, 77, 85, 91, 94, 105, 110, 111, 119, 128, 133, 134, 135, 158, 161, 166, 175, 178, 181, 192, 199, 212, 217, 238, 247, 256, 258, 285, 287, 289, 291, 305, 307, 313, 330, 333, 334, 343, 349, 350, 362, 363, 381, 389, 400, 402, 443, 446, 447, 457, 460, 466, 472, 515, 516, 526, 531, 536, 540, 545, 546, 559, 560, 565, 567, 575, 585, 588, 589, 600, 602, 604, 606, 621, 634, 635, 644, 647, 648, 649, 650, 664, 668, 681, 686, 692, 696, 701, 714, 736, 739, 746, 763, 768, 769, 772, 775, 781, 785, 789, 798, 804, 811, 813, 821, 830, 834, 836, 837, 881, 889]

[0, 3, 6, 8, 9, 13, 14, 18, 19, 26, 27, 28, 29, 30, 35, 38, 40, 41, 42, 43, 45, 47, 48, 49, 50, 51, 53, 54, 58, 60, 61, 62, 63, 65, 66, 71, 80, 81, 83, 84, 88, 92, 97, 99, 103, 107, 108, 109, 110, 112, 117, 118, 119, 120, 122, 123, 124, 125, 126, 128, 129, 130, 131, 136, 137, 139, 140, 142, 143, 144, 145, 148, 150, 151, 152, 153, 154, 157, 159, 160, 161, 163, 164, 165, 169, 170, 171, 176, 180, 181, 185, 186, 187, 189, 192, 194, 195, 199, 202, 204, 206, 209, 210, 212, 213, 214, 218, 220, 221, 222, 223, 232, 233, 235, 236, 239, 240, 241, 242, 243, 244, 248, 249, 250, 251, 252, 253, 254, 255, 260, 261, 263, 265, 266, 270, 272, 274, 276, 277, 278, 279, 280, 285, 286, 287, 288, 291, 302, 304, 305, 307, 308, 309, 311, 314, 315, 316, 321, 322, 323, 325, 327, 333, 336, 337, 339, 340, 342, 343, 345, 346, 350, 354, 355, 356, 359, 360, 362, 363, 365, 372, 373, 374, 376, 377, 381, 385, 387, 388, 389, 396, 399, 401, 403, 404, 405, 406, 407, 409, 410, 414, 416, 418, 419, 421, 423, 424, 427, 430, 431, 433, 435, 437, 439, 442, 445, 449, 453, 455, 456, 459, 462, 463, 466, 467, 471, 473, 475, 476, 477, 479, 480, 483, 484, 485, 486, 489, 490, 492, 493, 494, 503, 504, 505, 507, 508, 509, 511, 513, 518, 519, 521, 524, 525, 526, 527, 528, 532, 534, 537, 538, 541, 542, 544, 549, 551, 552, 555, 558, 560, 562, 563, 565, 566, 568, 569, 572, 575, 577, 578, 579, 580, 582, 583, 587, 588, 589, 590, 592, 593, 594, 600, 602, 604, 605, 607, 610, 611, 612, 616, 618, 619, 620, 621, 622, 623, 626, 628, 631, 637, 639, 640, 641, 642, 643, 644, 645, 646, 648, 649, 650, 651, 652, 653, 655, 656, 659, 661, 664, 665, 668, 669, 670, 675, 676, 680, 685, 687, 689, 690, 692, 693, 694, 695, 699, 702, 703, 705, 710, 711, 713, 715, 719, 721, 724, 726, 728, 730, 732, 734, 737, 739, 742, 743, 744, 745, 748, 749, 753, 754, 756, 758, 759, 763, 765, 769, 770, 771, 774, 775, 779, 780, 781, 783, 785, 788, 789, 791, 793, 794, 797, 798, 801, 807, 808, 809, 810, 814, 815, 816, 817, 818, 820, 825, 830, 831, 832, 836, 840, 841, 843, 844, 846, 849, 854, 855, 856, 858, 860, 862, 863, 865, 866, 867, 868, 870, 873, 874, 876, 877, 879, 881, 883, 884, 887]
[6, 7, 9, 11, 12, 14, 17, 19, 30, 35, 37, 62, 72, 73, 77, 85, 91, 94, 105, 110, 111, 119, 128, 133, 134, 135, 158, 161, 166, 175, 178, 181, 192, 199, 212, 217, 238, 247, 256, 258, 285, 287, 289, 291, 305, 307, 313, 330, 333, 334, 343, 349, 350, 362, 363, 381, 389, 400, 402, 443, 446, 447, 457, 460, 466, 472, 515, 516, 526, 531, 536, 540, 545, 546, 559, 560, 565, 567, 575, 585, 588, 589, 600, 602, 604, 606, 621, 634, 635, 644, 647, 648, 649, 650, 664, 668, 681, 686, 692, 696, 701, 714, 736, 739, 746, 763, 768, 769, 772, 775, 781, 785, 789, 798, 804, 811, 813, 821, 830, 834, 836, 837, 881, 889]

[0, 3, 6, 8, 9, 13, 14, 16, 18, 19, 26, 27, 28, 29, 30, 35, 38, 40, 41, 42, 43, 45, 46, 47, 48, 49, 50, 51, 53, 54, 58, 60, 61, 62, 63, 65, 66, 67, 71, 77, 80, 81, 83, 84, 88, 92, 97, 99, 103, 107, 108, 109, 110, 112, 117, 118, 119, 120, 122, 123, 124, 125, 126, 128, 129, 130, 131, 136, 137, 139, 140, 142, 143, 144, 145, 148, 150, 151, 152, 153, 154, 157, 159, 160, 161, 163, 164, 165, 168, 169, 170, 171, 176, 180, 181, 185, 186, 187, 189, 192, 194, 195, 199, 202, 204, 206, 208, 209, 210, 212, 213, 214, 218, 220, 221, 222, 223, 232, 233, 235, 236, 239, 240, 241, 242, 243, 244, 248, 249, 250, 251, 252, 253, 254, 255, 260, 261, 263, 265, 266, 270, 272, 274, 276, 277, 278, 279, 280, 285, 286, 287, 288, 291, 292, 302, 304, 305, 307, 308, 309, 311, 314, 315, 316, 321, 322, 323, 325, 327, 333, 336, 337, 339, 340, 342, 343, 344, 345, 346, 350, 354, 355, 356, 359, 360, 362, 363, 365, 372, 373, 374, 376, 377, 378, 381, 385, 387, 388, 389, 395, 396, 399, 401, 403, 404, 405, 406, 407, 409, 410, 414, 416, 418, 419, 421, 423, 424, 427, 430, 431, 433, 435, 437, 439, 442, 443, 445, 446, 449, 453, 455, 456, 459, 462, 463, 466, 467, 471, 473, 475, 476, 477, 479, 480, 482, 483, 484, 485, 486, 488, 489, 490, 492, 493, 494, 498, 503, 504, 505, 507, 508, 509, 511, 513, 518, 519, 521, 524, 525, 526, 527, 528, 530, 532, 534, 537, 538, 541, 542, 544, 549, 550, 551, 552, 555, 558, 560, 562, 563, 565, 566, 568, 569, 572, 575, 577, 578, 579, 580, 582, 583, 587, 588, 589, 590, 592, 593, 594, 600, 602, 604, 605, 607, 610, 611, 612, 616, 618, 619, 620, 621, 622, 623, 626, 628, 631, 637, 639, 640, 641, 642, 643, 644, 645, 646, 648, 649, 650, 651, 652, 653, 654, 655, 656, 657, 659, 661, 664, 665, 668, 669, 670, 675, 676, 680, 685, 687, 688, 689, 690, 692, 693, 694, 695, 697, 699, 702, 703, 705, 710, 711, 713, 715, 719, 721, 724, 726, 728, 730, 732, 734, 735, 737, 739, 742, 743, 744, 745, 748, 749, 753, 754, 756, 758, 759, 763, 765, 769, 770, 771, 774, 775, 776, 779, 780, 781, 783, 785, 788, 789, 791, 793, 794, 797, 798, 801, 807, 808, 809, 810, 814, 815, 816, 817, 818, 820, 825, 830, 831, 832, 834, 836, 840, 841, 843, 844, 846, 849, 854, 855, 856, 858, 860, 862, 863, 865, 866, 867, 868, 870, 873, 874, 876, 877, 879, 881, 883, 884, 885, 887]
[6, 7, 9, 11, 12, 14, 17, 19, 30, 35, 37, 62, 72, 73, 77, 85, 91, 94, 105, 110, 111, 119, 128, 133, 134, 135, 158, 161, 166, 175, 178, 181, 192, 199, 212, 217, 238, 247, 256, 258, 285, 287, 289, 291, 305, 307, 313, 330, 333, 334, 343, 349, 350, 362, 363, 381, 389, 400, 402, 443, 446, 447, 457, 460, 466, 472, 515, 516, 526, 531, 536, 540, 545, 546, 559, 560, 565, 567, 575, 585, 588, 589, 600, 602, 604, 606, 621, 634, 635, 644, 647, 648, 649, 650, 664, 668, 681, 686, 692, 696, 701, 714, 736, 739, 746, 763, 768, 769, 772, 775, 781, 785, 789, 798, 804, 811, 813, 821, 830, 834, 836, 837, 881, 889]

[0, 3, 6, 7, 8, 9, 13, 14, 16, 18, 19, 21, 22, 26, 27, 28, 29, 30, 35, 38, 39, 40, 41, 42, 43, 45, 46, 47, 48, 49, 50, 51, 53, 54, 58, 60, 61, 62, 63, 65, 66, 67, 71, 74, 77, 80, 81, 83, 84, 88, 92, 97, 99, 103, 107, 108, 109, 110, 112, 113, 117, 118, 119, 120, 122, 123, 124, 125, 126, 128, 129, 130, 131, 136, 137, 139, 140, 142, 143, 144, 145, 148, 150, 151, 152, 153, 154, 157, 159, 160, 161, 162, 163, 164, 165, 167, 168, 169, 170, 171, 176, 177, 180, 181, 185, 186, 187, 189, 192, 194, 195, 199, 202, 204, 206, 208, 209, 210, 212, 213, 214, 218, 220, 221, 222, 223, 232, 233, 235, 236, 239, 240, 241, 242, 243, 244, 248, 249, 250, 251, 252, 253, 254, 255, 260, 261, 263, 265, 266, 270, 272, 274, 276, 277, 278, 279, 280, 285, 286, 287, 288, 291, 292, 302, 304, 305, 307, 308, 309, 311, 314, 315, 316, 321, 322, 323, 325, 327, 333, 336, 337, 339, 340, 342, 343, 344, 345, 346, 350, 351, 354, 355, 356, 359, 360, 362, 363, 365, 372, 373, 374, 376, 377, 378, 381, 385, 387, 388, 389, 395, 396, 399, 401, 403, 404, 405, 406, 407, 409, 410, 414, 416, 418, 419, 421, 423, 424, 427, 429, 430, 431, 433, 434, 435, 437, 439, 442, 443, 445, 446, 449, 453, 455, 456, 459, 462, 463, 466, 467, 471, 473, 475, 476, 477, 479, 480, 482, 483, 484, 485, 486, 488, 489, 490, 492, 493, 494, 498, 500, 503, 504, 505, 507, 508, 509, 511, 513, 514, 518, 519, 521, 523, 524, 525, 526, 527, 528, 530, 532, 534, 537, 538, 541, 542, 544, 549, 550, 551, 552, 555, 558, 560, 562, 563, 565, 566, 568, 569, 572, 575, 576, 577, 578, 579, 580, 582, 583, 587, 588, 589, 590, 592, 593, 594, 600, 602, 604, 605, 607, 610, 611, 612, 616, 618, 619, 620, 621, 622, 623, 626, 628, 629, 631, 637, 639, 640, 641, 642, 643, 644, 645, 646, 648, 649, 650, 651, 652, 653, 654, 655, 656, 657, 659, 661, 664, 665, 668, 669, 670, 675, 676, 679, 680, 681, 685, 687, 688, 689, 690, 692, 693, 694, 695, 697, 699, 702, 703, 705, 706, 710, 711, 713, 714, 715, 719, 721, 724, 726, 728, 730, 732, 734, 735, 737, 739, 742, 743, 744, 745, 748, 749, 753, 754, 756, 758, 759, 763, 765, 769, 770, 771, 773, 774, 775, 776, 779, 780, 781, 783, 785, 788, 789, 791, 793, 794, 797, 798, 801, 807, 808, 809, 810, 813, 814, 815, 816, 817, 818, 820, 823, 825, 830, 831, 832, 834, 836, 840, 841, 842, 843, 844, 846, 849, 854, 855, 856, 858, 860, 862, 863, 865, 866, 867, 868, 870, 873, 874, 876, 877, 879, 881, 883, 884, 885, 887]
[6, 7, 9, 11, 12, 14, 17, 19, 30, 35, 37, 62, 72, 73, 77, 85, 91, 94, 105, 110, 111, 119, 128, 133, 134, 135, 158, 161, 166, 175, 178, 181, 192, 199, 212, 217, 238, 247, 256, 258, 285, 287, 289, 291, 305, 307, 313, 330, 333, 334, 343, 349, 350, 362, 363, 381, 389, 400, 402, 443, 446, 447, 457, 460, 466, 472, 515, 516, 526, 531, 536, 540, 545, 546, 559, 560, 565, 567, 575, 585, 588, 589, 600, 602, 604, 606, 621, 634, 635, 644, 647, 648, 649, 650, 664, 668, 681, 686, 692, 696, 701, 714, 736, 739, 746, 763, 768, 769, 772, 775, 781, 785, 789, 798, 804, 811, 813, 821, 830, 834, 836, 837, 881, 889]

[0, 1, 3, 6, 7, 8, 9, 13, 14, 16, 18, 19, 21, 22, 23, 26, 27, 28, 29, 30, 35, 38, 39, 40, 41, 42, 43, 45, 46, 47, 48, 49, 50, 51, 53, 54, 58, 60, 61, 62, 63, 65, 66, 67, 71, 72, 74, 77, 80, 81, 83, 84, 88, 92, 97, 99, 103, 107, 108, 109, 110, 112, 113, 117, 118, 119, 120, 122, 123, 124, 125, 126, 128, 129, 130, 131, 133, 136, 137, 139, 140, 142, 143, 144, 145, 148, 150, 151, 152, 153, 154, 157, 159, 160, 161, 162, 163, 164, 165, 167, 168, 169, 170, 171, 176, 177, 180, 181, 185, 186, 187, 189, 192, 194, 195, 199, 202, 204, 206, 208, 209, 210, 212, 213, 214, 216, 218, 220, 221, 222, 223, 226, 232, 233, 234, 235, 236, 239, 240, 241, 242, 243, 244, 248, 249, 250, 251, 252, 253, 254, 255, 258, 260, 261, 263, 265, 266, 270, 272, 274, 276, 277, 278, 279, 280, 285, 286, 287, 288, 291, 292, 302, 304, 305, 307, 308, 309, 311, 314, 315, 316, 321, 322, 323, 325, 327, 333, 334, 336, 337, 339, 340, 342, 343, 344, 345, 346, 350, 351, 354, 355, 356, 358, 359, 360, 362, 363, 365, 371, 372, 373, 374, 376, 377, 378, 381, 382, 385, 387, 388, 389, 395, 396, 399, 401, 403, 404, 405, 406, 407, 409, 410, 414, 416, 418, 419, 421, 423, 424, 426, 427, 429, 430, 431, 433, 434, 435, 437, 439, 442, 443, 445, 446, 449, 453, 455, 456, 459, 462, 463, 466, 467, 471, 473, 475, 476, 477, 479, 480, 482, 483, 484, 485, 486, 488, 489, 490, 492, 493, 494, 498, 500, 503, 504, 505, 507, 508, 509, 511, 513, 514, 518, 519, 521, 523, 524, 525, 526, 527, 528, 530, 532, 534, 537, 538, 539, 541, 542, 544, 547, 549, 550, 551, 552, 555, 557, 558, 560, 562, 563, 565, 566, 568, 569, 572, 575, 576, 577, 578, 579, 580, 582, 583, 585, 587, 588, 589, 590, 592, 593, 594, 600, 602, 604, 605, 607, 610, 611, 612, 614, 616, 618, 619, 620, 621, 622, 623, 626, 628, 629, 631, 637, 639, 640, 641, 642, 643, 644, 645, 646, 648, 649, 650, 651, 652, 653, 654, 655, 656, 657, 658, 659, 661, 664, 665, 668, 669, 670, 675, 676, 679, 680, 681, 685, 687, 688, 689, 690, 692, 693, 694, 695, 697, 699, 701, 702, 703, 705, 706, 710, 711, 713, 714, 715, 719, 721, 724, 726, 728, 730, 732, 734, 735, 737, 739, 742, 743, 744, 745, 748, 749, 753, 754, 756, 758, 759, 763, 765, 769, 770, 771, 773, 774, 775, 776, 779, 780, 781, 783, 785, 788, 789, 791, 793, 794, 797, 798, 800, 801, 802, 805, 807, 808, 809, 810, 813, 814, 815, 816, 817, 818, 820, 823, 825, 830, 831, 832, 834, 836, 840, 841, 842, 843, 844, 846, 849, 853, 854, 855, 856, 857, 858, 860, 862, 863, 865, 866, 867, 868, 870, 873, 874, 876, 877, 879, 881, 883, 884, 885, 887]
[6, 7, 9, 11, 12, 14, 17, 19, 30, 35, 37, 62, 72, 73, 77, 85, 91, 94, 105, 110, 111, 119, 128, 133, 134, 135, 158, 161, 166, 175, 178, 181, 192, 199, 212, 217, 238, 247, 256, 258, 285, 287, 289, 291, 305, 307, 313, 330, 333, 334, 343, 349, 350, 362, 363, 381, 389, 400, 402, 443, 446, 447, 457, 460, 466, 472, 515, 516, 526, 531, 536, 540, 545, 546, 559, 560, 565, 567, 575, 585, 588, 589, 600, 602, 604, 606, 621, 634, 635, 644, 647, 648, 649, 650, 664, 668, 681, 686, 692, 696, 701, 714, 736, 739, 746, 763, 768, 769, 772, 775, 781, 785, 789, 798, 804, 811, 813, 821, 830, 834, 836, 837, 881, 889]

[0, 1, 3, 6, 7, 8, 9, 13, 14, 16, 18, 19, 21, 22, 23, 26, 27, 28, 29, 30, 31, 35, 38, 39, 40, 41, 42, 43, 45, 46, 47, 48, 49, 50, 51, 53, 54, 58, 60, 61, 62, 63, 65, 66, 67, 70, 71, 72, 74, 76, 77, 79, 80, 81, 83, 84, 88, 92, 97, 99, 103, 107, 108, 109, 110, 112, 113, 117, 118, 119, 120, 122, 123, 124, 125, 126, 128, 129, 130, 131, 133, 136, 137, 139, 140, 142, 143, 144, 145, 148, 150, 151, 152, 153, 154, 157, 159, 160, 161, 162, 163, 164, 165, 167, 168, 169, 170, 171, 173, 176, 177, 180, 181, 183, 185, 186, 187, 189, 192, 194, 195, 198, 199, 202, 204, 206, 208, 209, 210, 212, 213, 214, 215, 216, 218, 220, 221, 222, 223, 226, 232, 233, 234, 235, 236, 239, 240, 241, 242, 243, 244, 248, 249, 250, 251, 252, 253, 254, 255, 258, 260, 261, 263, 265, 266, 270, 272, 274, 276, 277, 278, 279, 280, 285, 286, 287, 288, 291, 292, 302, 304, 305, 306, 307, 308, 309, 311, 314, 315, 316, 318, 321, 322, 323, 325, 327, 333, 334, 336, 337, 339, 340, 342, 343, 344, 345, 346, 350, 351, 354, 355, 356, 358, 359, 360, 362, 363, 365, 366, 371, 372, 373, 374, 376, 377, 378, 381, 382, 385, 386, 387, 388, 389, 392, 395, 396, 399, 401, 403, 404, 405, 406, 407, 409, 410, 414, 416, 418, 419, 421, 423, 424, 426, 427, 429, 430, 431, 433, 434, 435, 436, 437, 439, 442, 443, 445, 446, 449, 453, 455, 456, 459, 462, 463, 466, 467, 471, 473, 475, 476, 477, 479, 480, 482, 483, 484, 485, 486, 487, 488, 489, 490, 492, 493, 494, 498, 500, 501, 503, 504, 505, 507, 508, 509, 511, 513, 514, 518, 519, 521, 523, 524, 525, 526, 527, 528, 530, 532, 534, 537, 538, 539, 541, 542, 544, 547, 549, 550, 551, 552, 555, 557, 558, 560, 562, 563, 565, 566, 568, 569, 572, 575, 576, 577, 578, 579, 580, 582, 583, 585, 587, 588, 589, 590, 592, 593, 594, 600, 602, 604, 605, 607, 610, 611, 612, 614, 616, 618, 619, 620, 621, 622, 623, 626, 628, 629, 631, 637, 639, 640, 641, 642, 643, 644, 645, 646, 648, 649, 650, 651, 652, 653, 654, 655, 656, 657, 658, 659, 661, 664, 665, 668, 669, 670, 675, 676, 679, 680, 681, 684, 685, 687, 688, 689, 690, 692, 693, 694, 695, 697, 699, 700, 701, 702, 703, 705, 706, 707, 708, 710, 711, 713, 714, 715, 717, 719, 721, 723, 724, 726, 728, 730, 732, 734, 735, 737, 739, 740, 742, 743, 744, 745, 748, 749, 753, 754, 756, 758, 759, 763, 765, 769, 770, 771, 773, 774, 775, 776, 779, 780, 781, 783, 785, 788, 789, 791, 793, 794, 797, 798, 800, 801, 802, 805, 807, 808, 809, 810, 813, 814, 815, 816, 817, 818, 820, 823, 825, 830, 831, 832, 834, 835, 836, 840, 841, 842, 843, 844, 846, 849, 850, 853, 854, 855, 856, 857, 858, 860, 862, 863, 865, 866, 867, 868, 870, 873, 874, 876, 877, 879, 881, 883, 884, 885, 887]
[6, 7, 9, 11, 12, 14, 17, 19, 30, 35, 37, 62, 72, 73, 77, 85, 91, 94, 105, 110, 111, 119, 128, 133, 134, 135, 158, 161, 166, 175, 178, 181, 192, 199, 212, 217, 238, 247, 256, 258, 285, 287, 289, 291, 305, 307, 313, 330, 333, 334, 343, 349, 350, 362, 363, 381, 389, 400, 402, 443, 446, 447, 457, 460, 466, 472, 515, 516, 526, 531, 536, 540, 545, 546, 559, 560, 565, 567, 575, 585, 588, 589, 600, 602, 604, 606, 621, 634, 635, 644, 647, 648, 649, 650, 664, 668, 681, 686, 692, 696, 701, 714, 736, 739, 746, 763, 768, 769, 772, 775, 781, 785, 789, 798, 804, 811, 813, 821, 830, 834, 836, 837, 881, 889]

[0, 1, 3, 6, 7, 8, 9, 13, 14, 16, 18, 19, 21, 22, 23, 26, 27, 28, 29, 30, 31, 35, 38, 39, 40, 41, 42, 43, 44, 45, 46, 47, 48, 49, 50, 51, 52, 53, 54, 58, 60, 61, 62, 63, 65, 66, 67, 70, 71, 72, 74, 76, 77, 79, 80, 81, 83, 84, 88, 92, 94, 97, 99, 102, 103, 107, 108, 109, 110, 112, 113, 117, 118, 119, 120, 122, 123, 124, 125, 126, 128, 129, 130, 131, 133, 136, 137, 139, 140, 142, 143, 144, 145, 148, 150, 151, 152, 153, 154, 157, 159, 160, 161, 162, 163, 164, 165, 167, 168, 169, 170, 171, 173, 176, 177, 180, 181, 182, 183, 185, 186, 187, 189, 192, 194, 195, 198, 199, 202, 204, 206, 208, 209, 210, 212, 213, 214, 215, 216, 218, 220, 221, 222, 223, 226, 232, 233, 234, 235, 236, 239, 240, 241, 242, 243, 244, 247, 248, 249, 250, 251, 252, 253, 254, 255, 258, 260, 261, 263, 265, 266, 268, 270, 272, 274, 275, 276, 277, 278, 279, 280, 285, 286, 287, 288, 291, 292, 302, 304, 305, 306, 307, 308, 309, 311, 314, 315, 316, 318, 321, 322, 323, 325, 327, 331, 333, 334, 336, 337, 339, 340, 342, 343, 344, 345, 346, 348, 350, 351, 352, 354, 355, 356, 358, 359, 360, 361, 362, 363, 365, 366, 371, 372, 373, 374, 376, 377, 378, 381, 382, 385, 386, 387, 388, 389, 392, 395, 396, 399, 401, 403, 404, 405, 406, 407, 409, 410, 414, 416, 418, 419, 421, 423, 424, 426, 427, 429, 430, 431, 433, 434, 435, 436, 437, 438, 439, 442, 443, 445, 446, 449, 453, 455, 456, 459, 462, 463, 466, 467, 471, 473, 475, 476, 477, 479, 480, 482, 483, 484, 485, 486, 487, 488, 489, 490, 491, 492, 493, 494, 498, 500, 501, 503, 504, 505, 507, 508, 509, 511, 513, 514, 518, 519, 521, 523, 524, 525, 526, 527, 528, 530, 532, 534, 537, 538, 539, 540, 541, 542, 544, 547, 548, 549, 550, 551, 552, 555, 557, 558, 560, 562, 563, 565, 566, 568, 569, 570, 572, 574, 575, 576, 577, 578, 579, 580, 582, 583, 585, 587, 588, 589, 590, 592, 593, 594, 595, 600, 602, 604, 605, 607, 610, 611, 612, 614, 616, 618, 619, 620, 621, 622, 623, 626, 628, 629, 630, 631, 637, 639, 640, 641, 642, 643, 644, 645, 646, 648, 649, 650, 651, 652, 653, 654, 655, 656, 657, 658, 659, 661, 664, 665, 668, 669, 670, 675, 676, 679, 680, 681, 684, 685, 686, 687, 688, 689, 690, 692, 693, 694, 695, 697, 699, 700, 701, 702, 703, 705, 706, 707, 708, 710, 711, 713, 714, 715, 717, 719, 721, 723, 724, 726, 728, 730, 732, 734, 735, 737, 739, 740, 742, 743, 744, 745, 748, 749, 753, 754, 756, 758, 759, 763, 765, 769, 770, 771, 773, 774, 775, 776, 779, 780, 781, 783, 785, 788, 789, 791, 793, 794, 797, 798, 800, 801, 802, 805, 807, 808, 809, 810, 811, 812, 813, 814, 815, 816, 817, 818, 820, 823, 825, 830, 831, 832, 834, 835, 836, 837, 840, 841, 842, 843, 844, 846, 849, 850, 853, 854, 855, 856, 857, 858, 859, 860, 862, 863, 865, 866, 867, 868, 870, 873, 874, 876, 877, 879, 881, 883, 884, 885, 887]
[6, 7, 9, 11, 12, 14, 17, 19, 30, 35, 37, 62, 72, 73, 77, 85, 91, 94, 105, 110, 111, 119, 128, 133, 134, 135, 158, 161, 166, 175, 178, 181, 192, 199, 212, 217, 238, 247, 256, 258, 285, 287, 289, 291, 305, 307, 313, 330, 333, 334, 343, 349, 350, 362, 363, 381, 389, 400, 402, 443, 446, 447, 457, 460, 466, 472, 515, 516, 526, 531, 536, 540, 545, 546, 559, 560, 565, 567, 575, 585, 588, 589, 600, 602, 604, 606, 621, 634, 635, 644, 647, 648, 649, 650, 664, 668, 681, 686, 692, 696, 701, 714, 736, 739, 746, 763, 768, 769, 772, 775, 781, 785, 789, 798, 804, 811, 813, 821, 830, 834, 836, 837, 881, 889]

[0, 1, 3, 5, 6, 7, 8, 9, 13, 14, 16, 18, 19, 21, 22, 23, 26, 27, 28, 29, 30, 31, 35, 38, 39, 40, 41, 42, 43, 44, 45, 46, 47, 48, 49, 50, 51, 52, 53, 54, 58, 60, 61, 62, 63, 65, 66, 67, 70, 71, 72, 74, 76, 77, 79, 80, 81, 83, 84, 88, 92, 94, 97, 99, 102, 103, 105, 107, 108, 109, 110, 112, 113, 117, 118, 119, 120, 122, 123, 124, 125, 126, 128, 129, 130, 131, 133, 134, 136, 137, 139, 140, 142, 143, 144, 145, 148, 150, 151, 152, 153, 154, 157, 158, 159, 160, 161, 162, 163, 164, 165, 167, 168, 169, 170, 171, 172, 173, 176, 177, 180, 181, 182, 183, 185, 186, 187, 189, 192, 194, 195, 198, 199, 202, 204, 206, 208, 209, 210, 212, 213, 214, 215, 216, 218, 220, 221, 222, 223, 225, 226, 232, 233, 234, 235, 236, 239, 240, 241, 242, 243, 244, 247, 248, 249, 250, 251, 252, 253, 254, 255, 258, 260, 261, 263, 265, 266, 268, 270, 272, 274, 275, 276, 277, 278, 279, 280, 285, 286, 287, 288, 291, 292, 294, 296, 302, 304, 305, 306, 307, 308, 309, 311, 314, 315, 316, 318, 321, 322, 323, 325, 327, 331, 333, 334, 336, 337, 339, 340, 342, 343, 344, 345, 346, 348, 350, 351, 352, 354, 355, 356, 358, 359, 360, 361, 362, 363, 365, 366, 371, 372, 373, 374, 376, 377, 378, 381, 382, 383, 385, 386, 387, 388, 389, 390, 392, 395, 396, 399, 400, 401, 403, 404, 405, 406, 407, 409, 410, 413, 414, 416, 418, 419, 421, 423, 424, 425, 426, 427, 429, 430, 431, 433, 434, 435, 436, 437, 438, 439, 440, 442, 443, 445, 446, 449, 453, 455, 456, 459, 460, 462, 463, 466, 467, 471, 473, 475, 476, 477, 479, 480, 482, 483, 484, 485, 486, 487, 488, 489, 490, 491, 492, 493, 494, 498, 500, 501, 503, 504, 505, 507, 508, 509, 511, 513, 514, 517, 518, 519, 521, 523, 524, 525, 526, 527, 528, 530, 532, 534, 537, 538, 539, 540, 541, 542, 544, 547, 548, 549, 550, 551, 552, 555, 557, 558, 560, 562, 563, 565, 566, 568, 569, 570, 572, 574, 575, 576, 577, 578, 579, 580, 582, 583, 585, 586, 587, 588, 589, 590, 592, 593, 594, 595, 600, 602, 604, 605, 607, 610, 611, 612, 614, 616, 618, 619, 620, 621, 622, 623, 626, 628, 629, 630, 631, 637, 639, 640, 641, 642, 643, 644, 645, 646, 648, 649, 650, 651, 652, 653, 654, 655, 656, 657, 658, 659, 661, 664, 665, 668, 669, 670, 675, 676, 679, 680, 681, 684, 685, 686, 687, 688, 689, 690, 692, 693, 694, 695, 697, 698, 699, 700, 701, 702, 703, 705, 706, 707, 708, 709, 710, 711, 713, 714, 715, 717, 719, 721, 723, 724, 726, 728, 730, 732, 734, 735, 737, 739, 740, 742, 743, 744, 745, 748, 749, 753, 754, 755, 756, 758, 759, 763, 765, 769, 770, 771, 773, 774, 775, 776, 779, 780, 781, 783, 785, 788, 789, 790, 791, 793, 794, 797, 798, 800, 801, 802, 805, 807, 808, 809, 810, 811, 812, 813, 814, 815, 816, 817, 818, 820, 823, 825, 827, 830, 831, 832, 834, 835, 836, 837, 840, 841, 842, 843, 844, 846, 848, 849, 850, 853, 854, 855, 856, 857, 858, 859, 860, 862, 863, 864, 865, 866, 867, 868, 870, 873, 874, 876, 877, 879, 881, 883, 884, 885, 887, 889]
[6, 7, 9, 11, 12, 14, 17, 19, 30, 35, 37, 62, 72, 73, 77, 85, 91, 94, 105, 110, 111, 119, 128, 133, 134, 135, 158, 161, 166, 175, 178, 181, 192, 199, 212, 217, 238, 247, 256, 258, 285, 287, 289, 291, 305, 307, 313, 330, 333, 334, 343, 349, 350, 362, 363, 381, 389, 400, 402, 443, 446, 447, 457, 460, 466, 472, 515, 516, 526, 531, 536, 540, 545, 546, 559, 560, 565, 567, 575, 585, 588, 589, 600, 602, 604, 606, 621, 634, 635, 644, 647, 648, 649, 650, 664, 668, 681, 686, 692, 696, 701, 714, 736, 739, 746, 763, 768, 769, 772, 775, 781, 785, 789, 798, 804, 811, 813, 821, 830, 834, 836, 837, 881, 889]

[0, 1, 3, 5, 6, 7, 8, 9, 13, 14, 16, 18, 19, 21, 22, 23, 26, 27, 28, 29, 30, 31, 34, 35, 38, 39, 40, 41, 42, 43, 44, 45, 46, 47, 48, 49, 50, 51, 52, 53, 54, 57, 58, 59, 60, 61, 62, 63, 65, 66, 67, 70, 71, 72, 74, 76, 77, 79, 80, 81, 83, 84, 88, 92, 94, 97, 99, 100, 102, 103, 105, 107, 108, 109, 110, 112, 113, 117, 118, 119, 120, 122, 123, 124, 125, 126, 128, 129, 130, 131, 133, 134, 136, 137, 139, 140, 141, 142, 143, 144, 145, 148, 149, 150, 151, 152, 153, 154, 157, 158, 159, 160, 161, 162, 163, 164, 165, 167, 168, 169, 170, 171, 172, 173, 174, 176, 177, 180, 181, 182, 183, 185, 186, 187, 189, 192, 194, 195, 198, 199, 200, 202, 204, 206, 208, 209, 210, 212, 213, 214, 215, 216, 218, 220, 221, 222, 223, 225, 226, 232, 233, 234, 235, 236, 239, 240, 241, 242, 243, 244, 247, 248, 249, 250, 251, 252, 253, 254, 255, 256, 258, 260, 261, 263, 265, 266, 268, 270, 272, 274, 275, 276, 277, 278, 279, 280, 285, 286, 287, 288, 291, 292, 294, 296, 302, 304, 305, 306, 307, 308, 309, 311, 312, 314, 315, 316, 318, 321, 322, 323, 325, 327, 331, 333, 334, 336, 337, 339, 340, 342, 343, 344, 345, 346, 348, 350, 351, 352, 354, 355, 356, 358, 359, 360, 361, 362, 363, 365, 366, 371, 372, 373, 374, 376, 377, 378, 380, 381, 382, 383, 385, 386, 387, 388, 389, 390, 392, 393, 395, 396, 399, 400, 401, 402, 403, 404, 405, 406, 407, 409, 410, 413, 414, 416, 417, 418, 419, 421, 423, 424, 425, 426, 427, 429, 430, 431, 433, 434, 435, 436, 437, 438, 439, 440, 442, 443, 445, 446, 449, 453, 455, 456, 459, 460, 462, 463, 466, 467, 471, 473, 475, 476, 477, 479, 480, 481, 482, 483, 484, 485, 486, 487, 488, 489, 490, 491, 492, 493, 494, 498, 500, 501, 503, 504, 505, 507, 508, 509, 511, 513, 514, 517, 518, 519, 521, 523, 524, 525, 526, 527, 528, 530, 532, 534, 537, 538, 539, 540, 541, 542, 544, 547, 548, 549, 550, 551, 552, 555, 557, 558, 560, 562, 563, 565, 566, 568, 569, 570, 572, 574, 575, 576, 577, 578, 579, 580, 582, 583, 585, 586, 587, 588, 589, 590, 592, 593, 594, 595, 600, 602, 604, 605, 607, 610, 611, 612, 614, 616, 618, 619, 620, 621, 622, 623, 626, 628, 629, 630, 631, 637, 639, 640, 641, 642, 643, 644, 645, 646, 648, 649, 650, 651, 652, 653, 654, 655, 656, 657, 658, 659, 661, 664, 665, 666, 668, 669, 670, 675, 676, 679, 680, 681, 684, 685, 686, 687, 688, 689, 690, 692, 693, 694, 695, 697, 698, 699, 700, 701, 702, 703, 705, 706, 707, 708, 709, 710, 711, 713, 714, 715, 717, 719, 721, 722, 723, 724, 726, 728, 730, 732, 733, 734, 735, 737, 739, 740, 742, 743, 744, 745, 748, 749, 753, 754, 755, 756, 758, 759, 761, 763, 765, 766, 768, 769, 770, 771, 773, 774, 775, 776, 779, 780, 781, 783, 785, 788, 789, 790, 791, 793, 794, 797, 798, 800, 801, 802, 805, 807, 808, 809, 810, 811, 812, 813, 814, 815, 816, 817, 818, 820, 823, 825, 827, 829, 830, 831, 832, 834, 835, 836, 837, 840, 841, 842, 843, 844, 845, 846, 848, 849, 850, 853, 854, 855, 856, 857, 858, 859, 860, 862, 863, 864, 865, 866, 867, 868, 870, 871, 873, 874, 876, 877, 878, 879, 881, 883, 884, 885, 887, 889]
[6, 7, 9, 11, 12, 14, 17, 19, 30, 35, 37, 62, 72, 73, 77, 85, 91, 94, 105, 110, 111, 119, 128, 133, 134, 135, 158, 161, 166, 175, 178, 181, 192, 199, 212, 217, 238, 247, 256, 258, 285, 287, 289, 291, 305, 307, 313, 330, 333, 334, 343, 349, 350, 362, 363, 381, 389, 400, 402, 443, 446, 447, 457, 460, 466, 472, 515, 516, 526, 531, 536, 540, 545, 546, 559, 560, 565, 567, 575, 585, 588, 589, 600, 602, 604, 606, 621, 634, 635, 644, 647, 648, 649, 650, 664, 668, 681, 686, 692, 696, 701, 714, 736, 739, 746, 763, 768, 769, 772, 775, 781, 785, 789, 798, 804, 811, 813, 821, 830, 834, 836, 837, 881, 889]

[0, 1, 2, 3, 5, 6, 7, 8, 9, 13, 14, 16, 18, 19, 21, 22, 23, 26, 27, 28, 29, 30, 31, 34, 35, 38, 39, 40, 41, 42, 43, 44, 45, 46, 47, 48, 49, 50, 51, 52, 53, 54, 56, 57, 58, 59, 60, 61, 62, 63, 65, 66, 67, 70, 71, 72, 74, 76, 77, 79, 80, 81, 83, 84, 85, 88, 92, 94, 95, 97, 99, 100, 101, 102, 103, 105, 107, 108, 109, 110, 112, 113, 117, 118, 119, 120, 122, 123, 124, 125, 126, 128, 129, 130, 131, 133, 134, 136, 137, 139, 140, 141, 142, 143, 144, 145, 148, 149, 150, 151, 152, 153, 154, 157, 158, 159, 160, 161, 162, 163, 164, 165, 167, 168, 169, 170, 171, 172, 173, 174, 176, 177, 180, 181, 182, 183, 185, 186, 187, 189, 192, 194, 195, 198, 199, 200, 202, 204, 206, 208, 209, 210, 212, 213, 214, 215, 216, 218, 220, 221, 222, 223, 225, 226, 230, 232, 233, 234, 235, 236, 239, 240, 241, 242, 243, 244, 246, 247, 248, 249, 250, 251, 252, 253, 254, 255, 256, 258, 259, 260, 261, 263, 265, 266, 268, 270, 272, 274, 275, 276, 277, 278, 279, 280, 285, 286, 287, 288, 291, 292, 294, 296, 302, 304, 305, 306, 307, 308, 309, 311, 312, 314, 315, 316, 318, 321, 322, 323, 325, 326, 327, 331, 333, 334, 336, 337, 339, 340, 342, 343, 344, 345, 346, 348, 350, 351, 352, 354, 355, 356, 358, 359, 360, 361, 362, 363, 365, 366, 368, 371, 372, 373, 374, 376, 377, 378, 380, 381, 382, 383, 385, 386, 387, 388, 389, 390, 392, 393, 395, 396, 399, 400, 401, 402, 403, 404, 405, 406, 407, 409, 410, 413, 414, 416, 417, 418, 419, 421, 423, 424, 425, 426, 427, 429, 430, 431, 433, 434, 435, 436, 437, 438, 439, 440, 442, 443, 445, 446, 449, 453, 455, 456, 459, 460, 462, 463, 466, 467, 468, 471, 473, 475, 476, 477, 479, 480, 481, 482, 483, 484, 485, 486, 487, 488, 489, 490, 491, 492, 493, 494, 498, 500, 501, 503, 504, 505, 507, 508, 509, 511, 513, 514, 517, 518, 519, 521, 523, 524, 525, 526, 527, 528, 530, 532, 534, 537, 538, 539, 540, 541, 542, 544, 547, 548, 549, 550, 551, 552, 555, 557, 558, 560, 562, 563, 565, 566, 568, 569, 570, 572, 574, 575, 576, 577, 578, 579, 580, 582, 583, 585, 586, 587, 588, 589, 590, 592, 593, 594, 595, 600, 602, 604, 605, 607, 610, 611, 612, 614, 616, 618, 619, 620, 621, 622, 623, 626, 628, 629, 630, 631, 632, 633, 636, 637, 639, 640, 641, 642, 643, 644, 645, 646, 648, 649, 650, 651, 652, 653, 654, 655, 656, 657, 658, 659, 661, 664, 665, 666, 668, 669, 670, 675, 676, 679, 680, 681, 684, 685, 686, 687, 688, 689, 690, 692, 693, 694, 695, 697, 698, 699, 700, 701, 702, 703, 705, 706, 707, 708, 709, 710, 711, 712, 713, 714, 715, 717, 719, 720, 721, 722, 723, 724, 726, 728, 730, 731, 732, 733, 734, 735, 737, 739, 740, 742, 743, 744, 745, 748, 749, 752, 753, 754, 755, 756, 758, 759, 760, 761, 762, 763, 765, 766, 768, 769, 770, 771, 773, 774, 775, 776, 777, 779, 780, 781, 783, 785, 788, 789, 790, 791, 793, 794, 797, 798, 800, 801, 802, 805, 806, 807, 808, 809, 810, 811, 812, 813, 814, 815, 816, 817, 818, 819, 820, 823, 825, 826, 827, 829, 830, 831, 832, 834, 835, 836, 837, 840, 841, 842, 843, 844, 845, 846, 848, 849, 850, 853, 854, 855, 856, 857, 858, 859, 860, 862, 863, 864, 865, 866, 867, 868, 870, 871, 873, 874, 876, 877, 878, 879, 881, 883, 884, 885, 887, 888, 889]
[6, 7, 9, 11, 12, 14, 17, 19, 30, 35, 37, 62, 72, 73, 77, 85, 91, 94, 105, 110, 111, 119, 128, 133, 134, 135, 158, 161, 166, 175, 178, 181, 192, 199, 212, 217, 238, 247, 256, 258, 285, 287, 289, 291, 305, 307, 313, 330, 333, 334, 343, 349, 350, 362, 363, 381, 389, 400, 402, 443, 446, 447, 457, 460, 466, 472, 515, 516, 526, 531, 536, 540, 545, 546, 559, 560, 565, 567, 575, 585, 588, 589, 600, 602, 604, 606, 621, 634, 635, 644, 647, 648, 649, 650, 664, 668, 681, 686, 692, 696, 701, 714, 736, 739, 746, 763, 768, 769, 772, 775, 781, 785, 789, 798, 804, 811, 813, 821, 830, 834, 836, 837, 881, 889]

[0, 1, 2, 3, 5, 6, 7, 8, 9, 13, 14, 16, 18, 19, 21, 22, 23, 26, 27, 28, 29, 30, 31, 33, 34, 35, 36, 38, 39, 40, 41, 42, 43, 44, 45, 46, 47, 48, 49, 50, 51, 52, 53, 54, 56, 57, 58, 59, 60, 61, 62, 63, 65, 66, 67, 70, 71, 72, 74, 76, 77, 78, 79, 80, 81, 83, 84, 85, 88, 90, 92, 94, 95, 97, 99, 100, 101, 102, 103, 105, 107, 108, 109, 110, 112, 113, 117, 118, 119, 120, 122, 123, 124, 125, 126, 128, 129, 130, 131, 133, 134, 136, 137, 139, 140, 141, 142, 143, 144, 145, 148, 149, 150, 151, 152, 153, 154, 157, 158, 159, 160, 161, 162, 163, 164, 165, 167, 168, 169, 170, 171, 172, 173, 174, 176, 177, 179, 180, 181, 182, 183, 185, 186, 187, 188, 189, 192, 194, 195, 198, 199, 200, 202, 204, 205, 206, 208, 209, 210, 212, 213, 214, 215, 216, 218, 219, 220, 221, 222, 223, 225, 226, 229, 230, 232, 233, 234, 235, 236, 239, 240, 241, 242, 243, 244, 246, 247, 248, 249, 250, 251, 252, 253, 254, 255, 256, 258, 259, 260, 261, 263, 265, 266, 267, 268, 270, 272, 274, 275, 276, 277, 278, 279, 280, 285, 286, 287, 288, 291, 292, 294, 296, 302, 304, 305, 306, 307, 308, 309, 311, 312, 314, 315, 316, 318, 321, 322, 323, 324, 325, 326, 327, 331, 333, 334, 336, 337, 339, 340, 342, 343, 344, 345, 346, 348, 350, 351, 352, 354, 355, 356, 358, 359, 360, 361, 362, 363, 365, 366, 368, 371, 372, 373, 374, 375, 376, 377, 378, 379, 380, 381, 382, 383, 385, 386, 387, 388, 389, 390, 392, 393, 394, 395, 396, 399, 400, 401, 402, 403, 404, 405, 406, 407, 409, 410, 413, 414, 416, 417, 418, 419, 421, 423, 424, 425, 426, 427, 429, 430, 431, 433, 434, 435, 436, 437, 438, 439, 440, 442, 443, 445, 446, 449, 453, 455, 456, 459, 460, 462, 463, 466, 467, 468, 471, 473, 475, 476, 477, 479, 480, 481, 482, 483, 484, 485, 486, 487, 488, 489, 490, 491, 492, 493, 494, 498, 499, 500, 501, 503, 504, 505, 507, 508, 509, 511, 513, 514, 517, 518, 519, 521, 522, 523, 524, 525, 526, 527, 528, 530, 532, 534, 537, 538, 539, 540, 541, 542, 544, 547, 548, 549, 550, 551, 552, 555, 557, 558, 560, 562, 563, 565, 566, 567, 568, 569, 570, 572, 574, 575, 576, 577, 578, 579, 580, 582, 583, 585, 586, 587, 588, 589, 590, 592, 593, 594, 595, 596, 598, 600, 602, 604, 605, 607, 610, 611, 612, 614, 616, 618, 619, 620, 621, 622, 623, 626, 628, 629, 630, 631, 632, 633, 635, 636, 637, 639, 640, 641, 642, 643, 644, 645, 646, 648, 649, 650, 651, 652, 653, 654, 655, 656, 657, 658, 659, 661, 664, 665, 666, 668, 669, 670, 675, 676, 679, 680, 681, 684, 685, 686, 687, 688, 689, 690, 691, 692, 693, 694, 695, 697, 698, 699, 700, 701, 702, 703, 705, 706, 707, 708, 709, 710, 711, 712, 713, 714, 715, 716, 717, 719, 720, 721, 722, 723, 724, 725, 726, 728, 730, 731, 732, 733, 734, 735, 737, 739, 740, 742, 743, 744, 745, 748, 749, 751, 752, 753, 754, 755, 756, 758, 759, 760, 761, 762, 763, 765, 766, 768, 769, 770, 771, 773, 774, 775, 776, 777, 778, 779, 780, 781, 783, 785, 788, 789, 790, 791, 793, 794, 797, 798, 800, 801, 802, 805, 806, 807, 808, 809, 810, 811, 812, 813, 814, 815, 816, 817, 818, 819, 820, 823, 825, 826, 827, 829, 830, 831, 832, 834, 835, 836, 837, 840, 841, 842, 843, 844, 845, 846, 848, 849, 850, 853, 854, 855, 856, 857, 858, 859, 860, 862, 863, 864, 865, 866, 867, 868, 870, 871, 873, 874, 876, 877, 878, 879, 881, 883, 884, 885, 887, 888, 889]
[6, 7, 9, 11, 12, 14, 17, 19, 30, 35, 37, 62, 72, 73, 77, 85, 91, 94, 105, 110, 111, 119, 128, 133, 134, 135, 158, 161, 166, 175, 178, 181, 192, 199, 212, 217, 238, 247, 256, 258, 285, 287, 289, 291, 305, 307, 313, 330, 333, 334, 343, 349, 350, 362, 363, 381, 389, 400, 402, 443, 446, 447, 457, 460, 466, 472, 515, 516, 526, 531, 536, 540, 545, 546, 559, 560, 565, 567, 575, 585, 588, 589, 600, 602, 604, 606, 621, 634, 635, 644, 647, 648, 649, 650, 664, 668, 681, 686, 692, 696, 701, 714, 736, 739, 746, 763, 768, 769, 772, 775, 781, 785, 789, 798, 804, 811, 813, 821, 830, 834, 836, 837, 881, 889]

[0, 1, 2, 3, 5, 6, 7, 8, 9, 13, 14, 16, 18, 19, 20, 21, 22, 23, 26, 27, 28, 29, 30, 31, 33, 34, 35, 36, 38, 39, 40, 41, 42, 43, 44, 45, 46, 47, 48, 49, 50, 51, 52, 53, 54, 56, 57, 58, 59, 60, 61, 62, 63, 65, 66, 67, 70, 71, 72, 74, 76, 77, 78, 79, 80, 81, 83, 84, 85, 86, 88, 90, 92, 94, 95, 97, 99, 100, 101, 102, 103, 104, 105, 107, 108, 109, 110, 112, 113, 114, 117, 118, 119, 120, 122, 123, 124, 125, 126, 128, 129, 130, 131, 133, 134, 136, 137, 139, 140, 141, 142, 143, 144, 145, 148, 149, 150, 151, 152, 153, 154, 155, 157, 158, 159, 160, 161, 162, 163, 164, 165, 167, 168, 169, 170, 171, 172, 173, 174, 176, 177, 179, 180, 181, 182, 183, 185, 186, 187, 188, 189, 192, 194, 195, 198, 199, 200, 202, 204, 205, 206, 208, 209, 210, 212, 213, 214, 215, 216, 218, 219, 220, 221, 222, 223, 224, 225, 226, 228, 229, 230, 232, 233, 234, 235, 236, 239, 240, 241, 242, 243, 244, 246, 247, 248, 249, 250, 251, 252, 253, 254, 255, 256, 258, 259, 260, 261, 263, 265, 266, 267, 268, 270, 272, 274, 275, 276, 277, 278, 279, 280, 285, 286, 287, 288, 291, 292, 294, 296, 302, 304, 305, 306, 307, 308, 309, 311, 312, 313, 314, 315, 316, 318, 321, 322, 323, 324, 325, 326, 327, 328, 330, 331, 333, 334, 336, 337, 339, 340, 342, 343, 344, 345, 346, 348, 350, 351, 352, 354, 355, 356, 358, 359, 360, 361, 362, 363, 364, 365, 366, 368, 371, 372, 373, 374, 375, 376, 377, 378, 379, 380, 381, 382, 383, 385, 386, 387, 388, 389, 390, 392, 393, 394, 395, 396, 399, 400, 401, 402, 403, 404, 405, 406, 407, 409, 410, 413, 414, 416, 417, 418, 419, 420, 421, 423, 424, 425, 426, 427, 429, 430, 431, 433, 434, 435, 436, 437, 438, 439, 440, 442, 443, 445, 446, 449, 452, 453, 455, 456, 458, 459, 460, 462, 463, 466, 467, 468, 471, 473, 475, 476, 477, 479, 480, 481, 482, 483, 484, 485, 486, 487, 488, 489, 490, 491, 492, 493, 494, 498, 499, 500, 501, 503, 504, 505, 507, 508, 509, 511, 512, 513, 514, 515, 517, 518, 519, 521, 522, 523, 524, 525, 526, 527, 528, 530, 532, 534, 537, 538, 539, 540, 541, 542, 544, 545, 547, 548, 549, 550, 551, 552, 555, 557, 558, 560, 562, 563, 565, 566, 567, 568, 569, 570, 572, 573, 574, 575, 576, 577, 578, 579, 580, 582, 583, 584, 585, 586, 587, 588, 589, 590, 592, 593, 594, 595, 596, 597, 598, 600, 602, 604, 605, 607, 610, 611, 612, 614, 616, 618, 619, 620, 621, 622, 623, 626, 628, 629, 630, 631, 632, 633, 635, 636, 637, 639, 640, 641, 642, 643, 644, 645, 646, 648, 649, 650, 651, 652, 653, 654, 655, 656, 657, 658, 659, 661, 664, 665, 666, 668, 669, 670, 675, 676, 679, 680, 681, 682, 684, 685, 686, 687, 688, 689, 690, 691, 692, 693, 694, 695, 697, 698, 699, 700, 701, 702, 703, 705, 706, 707, 708, 709, 710, 711, 712, 713, 714, 715, 716, 717, 719, 720, 721, 722, 723, 724, 725, 726, 728, 730, 731, 732, 733, 734, 735, 737, 739, 740, 742, 743, 744, 745, 747, 748, 749, 751, 752, 753, 754, 755, 756, 758, 759, 760, 761, 762, 763, 765, 766, 768, 769, 770, 771, 773, 774, 775, 776, 777, 778, 779, 780, 781, 783, 785, 788, 789, 790, 791, 793, 794, 797, 798, 800, 801, 802, 804, 805, 806, 807, 808, 809, 810, 811, 812, 813, 814, 815, 816, 817, 818, 819, 820, 823, 825, 826, 827, 828, 829, 830, 831, 832, 834, 835, 836, 837, 840, 841, 842, 843, 844, 845, 846, 848, 849, 850, 853, 854, 855, 856, 857, 858, 859, 860, 862, 863, 864, 865, 866, 867, 868, 870, 871, 873, 874, 876, 877, 878, 879, 880, 881, 883, 884, 885, 887, 888, 889]
[6, 7, 9, 11, 12, 14, 17, 19, 30, 35, 37, 62, 72, 73, 77, 85, 91, 94, 105, 110, 111, 119, 128, 133, 134, 135, 158, 161, 166, 175, 178, 181, 192, 199, 212, 217, 238, 247, 256, 258, 285, 287, 289, 291, 305, 307, 313, 330, 333, 334, 343, 349, 350, 362, 363, 381, 389, 400, 402, 443, 446, 447, 457, 460, 466, 472, 515, 516, 526, 531, 536, 540, 545, 546, 559, 560, 565, 567, 575, 585, 588, 589, 600, 602, 604, 606, 621, 634, 635, 644, 647, 648, 649, 650, 664, 668, 681, 686, 692, 696, 701, 714, 736, 739, 746, 763, 768, 769, 772, 775, 781, 785, 789, 798, 804, 811, 813, 821, 830, 834, 836, 837, 881, 889]

[0, 1, 2, 3, 5, 6, 7, 8, 9, 13, 14, 16, 18, 19, 20, 21, 22, 23, 26, 27, 28, 29, 30, 31, 33, 34, 35, 36, 38, 39, 40, 41, 42, 43, 44, 45, 46, 47, 48, 49, 50, 51, 52, 53, 54, 55, 56, 57, 58, 59, 60, 61, 62, 63, 65, 66, 67, 69, 70, 71, 72, 74, 76, 77, 78, 79, 80, 81, 83, 84, 85, 86, 88, 90, 92, 94, 95, 97, 99, 100, 101, 102, 103, 104, 105, 106, 107, 108, 109, 110, 112, 113, 114, 117, 118, 119, 120, 122, 123, 124, 125, 126, 128, 129, 130, 131, 133, 134, 136, 137, 139, 140, 141, 142, 143, 144, 145, 148, 149, 150, 151, 152, 153, 154, 155, 157, 158, 159, 160, 161, 162, 163, 164, 165, 167, 168, 169, 170, 171, 172, 173, 174, 175, 176, 177, 179, 180, 181, 182, 183, 185, 186, 187, 188, 189, 192, 194, 195, 198, 199, 200, 201, 202, 204, 205, 206, 208, 209, 210, 212, 213, 214, 215, 216, 218, 219, 220, 221, 222, 223, 224, 225, 226, 228, 229, 230, 231, 232, 233, 234, 235, 236, 238, 239, 240, 241, 242, 243, 244, 246, 247, 248, 249, 250, 251, 252, 253, 254, 255, 256, 258, 259, 260, 261, 262, 263, 265, 266, 267, 268, 270, 272, 274, 275, 276, 277, 278, 279, 280, 284, 285, 286, 287, 288, 291, 292, 294, 295, 296, 302, 304, 305, 306, 307, 308, 309, 311, 312, 313, 314, 315, 316, 318, 321, 322, 323, 324, 325, 326, 327, 328, 330, 331, 332, 333, 334, 336, 337, 339, 340, 342, 343, 344, 345, 346, 348, 350, 351, 352, 354, 355, 356, 358, 359, 360, 361, 362, 363, 364, 365, 366, 368, 371, 372, 373, 374, 375, 376, 377, 378, 379, 380, 381, 382, 383, 385, 386, 387, 388, 389, 390, 392, 393, 394, 395, 396, 399, 400, 401, 402, 403, 404, 405, 406, 407, 409, 410, 413, 414, 416, 417, 418, 419, 420, 421, 423, 424, 425, 426, 427, 429, 430, 431, 433, 434, 435, 436, 437, 438, 439, 440, 442, 443, 445, 446, 449, 451, 452, 453, 455, 456, 458, 459, 460, 462, 463, 464, 466, 467, 468, 471, 473, 475, 476, 477, 479, 480, 481, 482, 483, 484, 485, 486, 487, 488, 489, 490, 491, 492, 493, 494, 498, 499, 500, 501, 503, 504, 505, 507, 508, 509, 511, 512, 513, 514, 515, 517, 518, 519, 521, 522, 523, 524, 525, 526, 527, 528, 529, 530, 532, 534, 537, 538, 539, 540, 541, 542, 544, 545, 546, 547, 548, 549, 550, 551, 552, 555, 557, 558, 560, 562, 563, 565, 566, 567, 568, 569, 570, 572, 573, 574, 575, 576, 577, 578, 579, 580, 582, 583, 584, 585, 586, 587, 588, 589, 590, 591, 592, 593, 594, 595, 596, 597, 598, 600, 602, 604, 605, 607, 610, 611, 612, 613, 614, 616, 618, 619, 620, 621, 622, 623, 626, 628, 629, 630, 631, 632, 633, 635, 636, 637, 639, 640, 641, 642, 643, 644, 645, 646, 648, 649, 650, 651, 652, 653, 654, 655, 656, 657, 658, 659, 661, 663, 664, 665, 666, 668, 669, 670, 675, 676, 677, 678, 679, 680, 681, 682, 683, 684, 685, 686, 687, 688, 689, 690, 691, 692, 693, 694, 695, 697, 698, 699, 700, 701, 702, 703, 705, 706, 707, 708, 709, 710, 711, 712, 713, 714, 715, 716, 717, 719, 720, 721, 722, 723, 724, 725, 726, 728, 730, 731, 732, 733, 734, 735, 737, 739, 740, 742, 743, 744, 745, 747, 748, 749, 750, 751, 752, 753, 754, 755, 756, 758, 759, 760, 761, 762, 763, 765, 766, 768, 769, 770, 771, 773, 774, 775, 776, 777, 778, 779, 780, 781, 783, 785, 788, 789, 790, 791, 793, 794, 797, 798, 800, 801, 802, 804, 805, 806, 807, 808, 809, 810, 811, 812, 813, 814, 815, 816, 817, 818, 819, 820, 821, 823, 825, 826, 827, 828, 829, 830, 831, 832, 834, 835, 836, 837, 838, 840, 841, 842, 843, 844, 845, 846, 848, 849, 850, 852, 853, 854, 855, 856, 857, 858, 859, 860, 862, 863, 864, 865, 866, 867, 868, 870, 871, 873, 874, 876, 877, 878, 879, 880, 881, 883, 884, 885, 887, 888, 889]
[6, 7, 9, 11, 12, 14, 17, 19, 30, 35, 37, 62, 72, 73, 77, 85, 91, 94, 105, 110, 111, 119, 128, 133, 134, 135, 158, 161, 166, 175, 178, 181, 192, 199, 212, 217, 238, 247, 256, 258, 285, 287, 289, 291, 305, 307, 313, 330, 333, 334, 343, 349, 350, 362, 363, 381, 389, 400, 402, 443, 446, 447, 457, 460, 466, 472, 515, 516, 526, 531, 536, 540, 545, 546, 559, 560, 565, 567, 575, 585, 588, 589, 600, 602, 604, 606, 621, 634, 635, 644, 647, 648, 649, 650, 664, 668, 681, 686, 692, 696, 701, 714, 736, 739, 746, 763, 768, 769, 772, 775, 781, 785, 789, 798, 804, 811, 813, 821, 830, 834, 836, 837, 881, 889]

[0, 1, 2, 3, 5, 6, 7, 8, 9, 12, 13, 14, 16, 18, 19, 20, 21, 22, 23, 25, 26, 27, 28, 29, 30, 31, 33, 34, 35, 36, 38, 39, 40, 41, 42, 43, 44, 45, 46, 47, 48, 49, 50, 51, 52, 53, 54, 55, 56, 57, 58, 59, 60, 61, 62, 63, 65, 66, 67, 69, 70, 71, 72, 74, 76, 77, 78, 79, 80, 81, 82, 83, 84, 85, 86, 88, 90, 92, 94, 95, 97, 99, 100, 101, 102, 103, 104, 105, 106, 107, 108, 109, 110, 112, 113, 114, 117, 118, 119, 120, 122, 123, 124, 125, 126, 128, 129, 130, 131, 133, 134, 136, 137, 139, 140, 141, 142, 143, 144, 145, 148, 149, 150, 151, 152, 153, 154, 155, 157, 158, 159, 160, 161, 162, 163, 164, 165, 167, 168, 169, 170, 171, 172, 173, 174, 175, 176, 177, 178, 179, 180, 181, 182, 183, 185, 186, 187, 188, 189, 192, 193, 194, 195, 198, 199, 200, 201, 202, 204, 205, 206, 208, 209, 210, 212, 213, 214, 215, 216, 218, 219, 220, 221, 222, 223, 224, 225, 226, 228, 229, 230, 231, 232, 233, 234, 235, 236, 238, 239, 240, 241, 242, 243, 244, 246, 247, 248, 249, 250, 251, 252, 253, 254, 255, 256, 258, 259, 260, 261, 262, 263, 265, 266, 267, 268, 270, 272, 274, 275, 276, 277, 278, 279, 280, 281, 284, 285, 286, 287, 288, 289, 290, 291, 292, 294, 295, 296, 301, 302, 304, 305, 306, 307, 308, 309, 311, 312, 313, 314, 315, 316, 318, 320, 321, 322, 323, 324, 325, 326, 327, 328, 330, 331, 332, 333, 334, 335, 336, 337, 339, 340, 342, 343, 344, 345, 346, 348, 350, 351, 352, 354, 355, 356, 358, 359, 360, 361, 362, 363, 364, 365, 366, 368, 371, 372, 373, 374, 375, 376, 377, 378, 379, 380, 381, 382, 383, 385, 386, 387, 388, 389, 390, 391, 392, 393, 394, 395, 396, 399, 400, 401, 402, 403, 404, 405, 406, 407, 409, 410, 411, 413, 414, 416, 417, 418, 419, 420, 421, 423, 424, 425, 426, 427, 429, 430, 431, 433, 434, 435, 436, 437, 438, 439, 440, 442, 443, 445, 446, 449, 451, 452, 453, 455, 456, 458, 459, 460, 462, 463, 464, 466, 467, 468, 469, 471, 473, 475, 476, 477, 479, 480, 481, 482, 483, 484, 485, 486, 487, 488, 489, 490, 491, 492, 493, 494, 498, 499, 500, 501, 503, 504, 505, 507, 508, 509, 511, 512, 513, 514, 515, 517, 518, 519, 521, 522, 523, 524, 525, 526, 527, 528, 529, 530, 532, 534, 537, 538, 539, 540, 541, 542, 544, 545, 546, 547, 548, 549, 550, 551, 552, 553, 555, 557, 558, 560, 561, 562, 563, 565, 566, 567, 568, 569, 570, 572, 573, 574, 575, 576, 577, 578, 579, 580, 582, 583, 584, 585, 586, 587, 588, 589, 590, 591, 592, 593, 594, 595, 596, 597, 598, 600, 602, 604, 605, 607, 608, 610, 611, 612, 613, 614, 616, 617, 618, 619, 620, 621, 622, 623, 626, 628, 629, 630, 631, 632, 633, 635, 636, 637, 639, 640, 641, 642, 643, 644, 645, 646, 648, 649, 650, 651, 652, 653, 654, 655, 656, 657, 658, 659, 661, 662, 663, 664, 665, 666, 668, 669, 670, 674, 675, 676, 677, 678, 679, 680, 681, 682, 683, 684, 685, 686, 687, 688, 689, 690, 691, 692, 693, 694, 695, 697, 698, 699, 700, 701, 702, 703, 705, 706, 707, 708, 709, 710, 711, 712, 713, 714, 715, 716, 717, 719, 720, 721, 722, 723, 724, 725, 726, 728, 730, 731, 732, 733, 734, 735, 737, 739, 740, 742, 743, 744, 745, 746, 747, 748, 749, 750, 751, 752, 753, 754, 755, 756, 758, 759, 760, 761, 762, 763, 765, 766, 768, 769, 770, 771, 772, 773, 774, 775, 776, 777, 778, 779, 780, 781, 783, 784, 785, 788, 789, 790, 791, 793, 794, 797, 798, 800, 801, 802, 804, 805, 806, 807, 808, 809, 810, 811, 812, 813, 814, 815, 816, 817, 818, 819, 820, 821, 823, 825, 826, 827, 828, 829, 830, 831, 832, 834, 835, 836, 837, 838, 840, 841, 842, 843, 844, 845, 846, 847, 848, 849, 850, 852, 853, 854, 855, 856, 857, 858, 859, 860, 862, 863, 864, 865, 866, 867, 868, 870, 871, 873, 874, 876, 877, 878, 879, 880, 881, 883, 884, 885, 886, 887, 888, 889]
[6, 7, 9, 11, 12, 14, 17, 19, 30, 35, 37, 62, 72, 73, 77, 85, 91, 94, 105, 110, 111, 119, 128, 133, 134, 135, 158, 161, 166, 175, 178, 181, 192, 199, 212, 217, 238, 247, 256, 258, 285, 287, 289, 291, 305, 307, 313, 330, 333, 334, 343, 349, 350, 362, 363, 381, 389, 400, 402, 443, 446, 447, 457, 460, 466, 472, 515, 516, 526, 531, 536, 540, 545, 546, 559, 560, 565, 567, 575, 585, 588, 589, 600, 602, 604, 606, 621, 634, 635, 644, 647, 648, 649, 650, 664, 668, 681, 686, 692, 696, 701, 714, 736, 739, 746, 763, 768, 769, 772, 775, 781, 785, 789, 798, 804, 811, 813, 821, 830, 834, 836, 837, 881, 889]

[0, 1, 2, 3, 5, 6, 7, 8, 9, 12, 13, 14, 15, 16, 18, 19, 20, 21, 22, 23, 25, 26, 27, 28, 29, 30, 31, 33, 34, 35, 36, 38, 39, 40, 41, 42, 43, 44, 45, 46, 47, 48, 49, 50, 51, 52, 53, 54, 55, 56, 57, 58, 59, 60, 61, 62, 63, 65, 66, 67, 68, 69, 70, 71, 72, 74, 76, 77, 78, 79, 80, 81, 82, 83, 84, 85, 86, 87, 88, 90, 92, 94, 95, 97, 99, 100, 101, 102, 103, 104, 105, 106, 107, 108, 109, 110, 111, 112, 113, 114, 117, 118, 119, 120, 122, 123, 124, 125, 126, 128, 129, 130, 131, 133, 134, 136, 137, 139, 140, 141, 142, 143, 144, 145, 148, 149, 150, 151, 152, 153, 154, 155, 156, 157, 158, 159, 160, 161, 162, 163, 164, 165, 167, 168, 169, 170, 171, 172, 173, 174, 175, 176, 177, 178, 179, 180, 181, 182, 183, 185, 186, 187, 188, 189, 190, 191, 192, 193, 194, 195, 198, 199, 200, 201, 202, 204, 205, 206, 208, 209, 210, 211, 212, 213, 214, 215, 216, 218, 219, 220, 221, 222, 223, 224, 225, 226, 228, 229, 230, 231, 232, 233, 234, 235, 236, 238, 239, 240, 241, 242, 243, 244, 246, 247, 248, 249, 250, 251, 252, 253, 254, 255, 256, 258, 259, 260, 261, 262, 263, 265, 266, 267, 268, 270, 272, 273, 274, 275, 276, 277, 278, 279, 280, 281, 284, 285, 286, 287, 288, 289, 290, 291, 292, 294, 295, 296, 301, 302, 304, 305, 306, 307, 308, 309, 311, 312, 313, 314, 315, 316, 318, 320, 321, 322, 323, 324, 325, 326, 327, 328, 330, 331, 332, 333, 334, 335, 336, 337, 339, 340, 342, 343, 344, 345, 346, 348, 350, 351, 352, 354, 355, 356, 358, 359, 360, 361, 362, 363, 364, 365, 366, 368, 370, 371, 372, 373, 374, 375, 376, 377, 378, 379, 380, 381, 382, 383, 385, 386, 387, 388, 389, 390, 391, 392, 393, 394, 395, 396, 399, 400, 401, 402, 403, 404, 405, 406, 407, 409, 410, 411, 413, 414, 416, 417, 418, 419, 420, 421, 423, 424, 425, 426, 427, 429, 430, 431, 433, 434, 435, 436, 437, 438, 439, 440, 442, 443, 445, 446, 449, 450, 451, 452, 453, 455, 456, 458, 459, 460, 462, 463, 464, 466, 467, 468, 469, 470, 471, 473, 475, 476, 477, 479, 480, 481, 482, 483, 484, 485, 486, 487, 488, 489, 490, 491, 492, 493, 494, 498, 499, 500, 501, 503, 504, 505, 506, 507, 508, 509, 510, 511, 512, 513, 514, 515, 516, 517, 518, 519, 521, 522, 523, 524, 525, 526, 527, 528, 529, 530, 531, 532, 534, 537, 538, 539, 540, 541, 542, 544, 545, 546, 547, 548, 549, 550, 551, 552, 553, 555, 557, 558, 560, 561, 562, 563, 565, 566, 567, 568, 569, 570, 572, 573, 574, 575, 576, 577, 578, 579, 580, 582, 583, 584, 585, 586, 587, 588, 589, 590, 591, 592, 593, 594, 595, 596, 597, 598, 600, 602, 604, 605, 607, 608, 610, 611, 612, 613, 614, 616, 617, 618, 619, 620, 621, 622, 623, 625, 626, 628, 629, 630, 631, 632, 633, 635, 636, 637, 639, 640, 641, 642, 643, 644, 645, 646, 647, 648, 649, 650, 651, 652, 653, 654, 655, 656, 657, 658, 659, 661, 662, 663, 664, 665, 666, 668, 669, 670, 674, 675, 676, 677, 678, 679, 680, 681, 682, 683, 684, 685, 686, 687, 688, 689, 690, 691, 692, 693, 694, 695, 697, 698, 699, 700, 701, 702, 703, 705, 706, 707, 708, 709, 710, 711, 712, 713, 714, 715, 716, 717, 719, 720, 721, 722, 723, 724, 725, 726, 728, 730, 731, 732, 733, 734, 735, 737, 739, 740, 741, 742, 743, 744, 745, 746, 747, 748, 749, 750, 751, 752, 753, 754, 755, 756, 758, 759, 760, 761, 762, 763, 765, 766, 767, 768, 769, 770, 771, 772, 773, 774, 775, 776, 777, 778, 779, 780, 781, 783, 784, 785, 787, 788, 789, 790, 791, 793, 794, 797, 798, 800, 801, 802, 804, 805, 806, 807, 808, 809, 810, 811, 812, 813, 814, 815, 816, 817, 818, 819, 820, 821, 823, 825, 826, 827, 828, 829, 830, 831, 832, 834, 835, 836, 837, 838, 839, 840, 841, 842, 843, 844, 845, 846, 847, 848, 849, 850, 852, 853, 854, 855, 856, 857, 858, 859, 860, 862, 863, 864, 865, 866, 867, 868, 870, 871, 872, 873, 874, 875, 876, 877, 878, 879, 880, 881, 883, 884, 885, 886, 887, 888, 889]
[6, 7, 9, 11, 12, 14, 17, 19, 30, 35, 37, 62, 72, 73, 77, 85, 91, 94, 105, 110, 111, 119, 128, 133, 134, 135, 158, 161, 166, 175, 178, 181, 192, 199, 212, 217, 238, 247, 256, 258, 285, 287, 289, 291, 305, 307, 313, 330, 333, 334, 343, 349, 350, 362, 363, 381, 389, 400, 402, 443, 446, 447, 457, 460, 466, 472, 515, 516, 526, 531, 536, 540, 545, 546, 559, 560, 565, 567, 575, 585, 588, 589, 600, 602, 604, 606, 621, 634, 635, 644, 647, 648, 649, 650, 664, 668, 681, 686, 692, 696, 701, 714, 736, 739, 746, 763, 768, 769, 772, 775, 781, 785, 789, 798, 804, 811, 813, 821, 830, 834, 836, 837, 881, 889]

[0, 1, 2, 3, 5, 6, 7, 8, 9, 12, 13, 14, 15, 16, 18, 19, 20, 21, 22, 23, 25, 26, 27, 28, 29, 30, 31, 33, 34, 35, 36, 38, 39, 40, 41, 42, 43, 44, 45, 46, 47, 48, 49, 50, 51, 52, 53, 54, 55, 56, 57, 58, 59, 60, 61, 62, 63, 65, 66, 67, 68, 69, 70, 71, 72, 73, 74, 75, 76, 77, 78, 79, 80, 81, 82, 83, 84, 85, 86, 87, 88, 90, 92, 94, 95, 97, 99, 100, 101, 102, 103, 104, 105, 106, 107, 108, 109, 110, 111, 112, 113, 114, 117, 118, 119, 120, 122, 123, 124, 125, 126, 127, 128, 129, 130, 131, 133, 134, 136, 137, 139, 140, 141, 142, 143, 144, 145, 148, 149, 150, 151, 152, 153, 154, 155, 156, 157, 158, 159, 160, 161, 162, 163, 164, 165, 167, 168, 169, 170, 171, 172, 173, 174, 175, 176, 177, 178, 179, 180, 181, 182, 183, 184, 185, 186, 187, 188, 189, 190, 191, 192, 193, 194, 195, 198, 199, 200, 201, 202, 204, 205, 206, 208, 209, 210, 211, 212, 213, 214, 215, 216, 217, 218, 219, 220, 221, 222, 223, 224, 225, 226, 227, 228, 229, 230, 231, 232, 233, 234, 235, 236, 238, 239, 240, 241, 242, 243, 244, 245, 246, 247, 248, 249, 250, 251, 252, 253, 254, 255, 256, 258, 259, 260, 261, 262, 263, 265, 266, 267, 268, 270, 271, 272, 273, 274, 275, 276, 277, 278, 279, 280, 281, 284, 285, 286, 287, 288, 289, 290, 291, 292, 294, 295, 296, 301, 302, 304, 305, 306, 307, 308, 309, 311, 312, 313, 314, 315, 316, 318, 320, 321, 322, 323, 324, 325, 326, 327, 328, 330, 331, 332, 333, 334, 335, 336, 337, 339, 340, 342, 343, 344, 345, 346, 348, 349, 350, 351, 352, 354, 355, 356, 358, 359, 360, 361, 362, 363, 364, 365, 366, 367, 368, 370, 371, 372, 373, 374, 375, 376, 377, 378, 379, 380, 381, 382, 383, 385, 386, 387, 388, 389, 390, 391, 392, 393, 394, 395, 396, 397, 399, 400, 401, 402, 403, 404, 405, 406, 407, 408, 409, 410, 411, 413, 414, 416, 417, 418, 419, 420, 421, 422, 423, 424, 425, 426, 427, 428, 429, 430, 431, 433, 434, 435, 436, 437, 438, 439, 440, 442, 443, 445, 446, 449, 450, 451, 452, 453, 454, 455, 456, 458, 459, 460, 462, 463, 464, 465, 466, 467, 468, 469, 470, 471, 473, 475, 476, 477, 479, 480, 481, 482, 483, 484, 485, 486, 487, 488, 489, 490, 491, 492, 493, 494, 498, 499, 500, 501, 503, 504, 505, 506, 507, 508, 509, 510, 511, 512, 513, 514, 515, 516, 517, 518, 519, 521, 522, 523, 524, 525, 526, 527, 528, 529, 530, 531, 532, 534, 536, 537, 538, 539, 540, 541, 542, 544, 545, 546, 547, 548, 549, 550, 551, 552, 553, 555, 557, 558, 560, 561, 562, 563, 565, 566, 567, 568, 569, 570, 571, 572, 573, 574, 575, 576, 577, 578, 579, 580, 582, 583, 584, 585, 586, 587, 588, 589, 590, 591, 592, 593, 594, 595, 596, 597, 598, 600, 602, 604, 605, 607, 608, 610, 611, 612, 613, 614, 616, 617, 618, 619, 620, 621, 622, 623, 625, 626, 628, 629, 630, 631, 632, 633, 634, 635, 636, 637, 639, 640, 641, 642, 643, 644, 645, 646, 647, 648, 649, 650, 651, 652, 653, 654, 655, 656, 657, 658, 659, 661, 662, 663, 664, 665, 666, 667, 668, 669, 670, 674, 675, 676, 677, 678, 679, 680, 681, 682, 683, 684, 685, 686, 687, 688, 689, 690, 691, 692, 693, 694, 695, 696, 697, 698, 699, 700, 701, 702, 703, 705, 706, 707, 708, 709, 710, 711, 712, 713, 714, 715, 716, 717, 719, 720, 721, 722, 723, 724, 725, 726, 728, 730, 731, 732, 733, 734, 735, 737, 738, 739, 740, 741, 742, 743, 744, 745, 746, 747, 748, 749, 750, 751, 752, 753, 754, 755, 756, 758, 759, 760, 761, 762, 763, 765, 766, 767, 768, 769, 770, 771, 772, 773, 774, 775, 776, 777, 778, 779, 780, 781, 783, 784, 785, 787, 788, 789, 790, 791, 793, 794, 796, 797, 798, 800, 801, 802, 803, 804, 805, 806, 807, 808, 809, 810, 811, 812, 813, 814, 815, 816, 817, 818, 819, 820, 821, 823, 825, 826, 827, 828, 829, 830, 831, 832, 834, 835, 836, 837, 838, 839, 840, 841, 842, 843, 844, 845, 846, 847, 848, 849, 850, 852, 853, 854, 855, 856, 857, 858, 859, 860, 862, 863, 864, 865, 866, 867, 868, 869, 870, 871, 872, 873, 874, 875, 876, 877, 878, 879, 880, 881, 883, 884, 885, 886, 887, 888, 889]
[6, 7, 9, 11, 12, 14, 17, 19, 30, 35, 37, 62, 72, 73, 77, 85, 91, 94, 105, 110, 111, 119, 128, 133, 134, 135, 158, 161, 166, 175, 178, 181, 192, 199, 212, 217, 238, 247, 256, 258, 285, 287, 289, 291, 305, 307, 313, 330, 333, 334, 343, 349, 350, 362, 363, 381, 389, 400, 402, 443, 446, 447, 457, 460, 466, 472, 515, 516, 526, 531, 536, 540, 545, 546, 559, 560, 565, 567, 575, 585, 588, 589, 600, 602, 604, 606, 621, 634, 635, 644, 647, 648, 649, 650, 664, 668, 681, 686, 692, 696, 701, 714, 736, 739, 746, 763, 768, 769, 772, 775, 781, 785, 789, 798, 804, 811, 813, 821, 830, 834, 836, 837, 881, 889]

