[26, 28, 37, 76, 118, 163, 191, 209, 223, 231, 232, 234, 239, 306, 317, 334, 423, 429, 441, 689, 765, 799]
[60, 151, 347, 403, 488, 493, 541, 572, 576, 610, 667, 673, 704, 711, 712, 759, 826, 839, 850, 852, 877, 881]

[26, 28, 37, 76, 118, 163, 191, 209, 223, 231, 232, 234, 239, 306, 317, 334, 423, 429, 441, 689, 765, 799]
[4, 9, 16, 25, 33, 34, 44, 49, 53, 60, 61, 80, 85, 92, 101, 122, 133, 139, 143, 151, 156, 166, 172, 173, 178, 189, 204, 221, 230, 236, 248, 255, 272, 279, 281, 286, 292, 295, 331, 340, 341, 347, 356, 364, 376, 380, 398, 403, 405, 410, 416, 431, 435, 440, 447, 455, 488, 491, 493, 507, 516, 526, 541, 543, 569, 572, 574, 576, 578, 583, 594, 608, 610, 615, 616, 621, 625, 629, 635, 638, 641, 642, 655, 657, 667, 673, 677, 704, 706, 711, 712, 718, 732, 733, 740, 759, 766, 771, 790, 800, 801, 802, 808, 809, 812, 819, 826, 829, 834, 837, 838, 839, 844, 850, 852, 856, 861, 871, 873, 877, 881, 888]

[14, 16, 26, 28, 37, 76, 118, 163, 188, 191, 202, 209, 223, 231, 232, 234, 239, 269, 275, 286, 306, 317, 321, 334, 406, 419, 423, 429, 441, 462, 486, 504, 574, 602, 604, 646, 661, 667, 688, 689, 719, 727, 728, 739, 765, 789, 799, 838, 880]
[4, 9, 16, 25, 33, 34, 44, 49, 53, 60, 61, 80, 85, 92, 101, 122, 133, 139, 143, 151, 156, 166, 172, 173, 178, 189, 204, 221, 230, 236, 248, 255, 272, 279, 281, 286, 292, 295, 331, 340, 341, 347, 356, 364, 376, 380, 398, 403, 405, 410, 416, 431, 435, 440, 447, 455, 488, 491, 493, 507, 516, 526, 541, 543, 569, 572, 574, 576, 578, 583, 594, 608, 610, 615, 616, 621, 625, 629, 635, 638, 641, 642, 655, 657, 667, 673, 677, 704, 706, 711, 712, 718, 732, 733, 740, 759, 766, 771, 790, 800, 801, 802, 808, 809, 812, 819, 826, 829, 834, 837, 838, 839, 844, 850, 852, 856, 861, 871, 873, 877, 881, 888]

[14, 16, 26, 28, 37, 76, 118, 123, 145, 163, 188, 191, 197, 202, 205, 209, 223, 231, 232, 234, 239, 246, 248, 269, 275, 286, 294, 306, 317, 321, 334, 372, 389, 402, 406, 407, 419, 423, 429, 441, 462, 486, 493, 504, 574, 587, 600, 602, 603, 604, 607, 628, 646, 656, 661, 667, 688, 689, 719, 722, 727, 728, 733, 739, 765, 789, 793, 799, 803, 838, 839, 854, 857, 880]
[4, 9, 16, 25, 33, 34, 44, 49, 53, 60, 61, 80, 85, 92, 101, 122, 133, 139, 143, 151, 156, 166, 172, 173, 178, 189, 204, 221, 230, 236, 248, 255, 272, 279, 281, 286, 292, 295, 331, 340, 341, 347, 356, 364, 376, 380, 398, 403, 405, 410, 416, 431, 435, 440, 447, 455, 488, 491, 493, 507, 516, 526, 541, 543, 569, 572, 574, 576, 578, 583, 594, 608, 610, 615, 616, 621, 625, 629, 635, 638, 641, 642, 655, 657, 667, 673, 677, 704, 706, 711, 712, 718, 732, 733, 740, 759, 766, 771, 790, 800, 801, 802, 808, 809, 812, 819, 826, 829, 834, 837, 838, 839, 844, 850, 852, 856, 861, 871, 873, 877, 881, 888]

[8, 14, 16, 26, 28, 37, 76, 84, 100, 105, 118, 123, 145, 150, 163, 188, 191, 197, 202, 205, 207, 209, 221, 223, 231, 232, 234, 239, 246, 248, 266, 269, 275, 286, 294, 301, 306, 308, 317, 321, 334, 363, 372, 382, 389, 402, 406, 407, 419, 423, 429, 441, 462, 486, 493, 497, 504, 559, 574, 587, 600, 602, 603, 604, 607, 628, 646, 656, 661, 667, 685, 688, 689, 719, 722, 723, 724, 727, 728, 733, 736, 738, 739, 742, 743, 744, 765, 789, 793, 795, 798, 799, 803, 815, 838, 839, 854, 857, 858, 874, 880]
[4, 9, 16, 25, 33, 34, 44, 49, 53, 60, 61, 80, 85, 92, 101, 122, 133, 139, 143, 151, 156, 166, 172, 173, 178, 189, 204, 221, 230, 236, 248, 255, 272, 279, 281, 286, 292, 295, 331, 340, 341, 347, 356, 364, 376, 380, 398, 403, 405, 410, 416, 431, 435, 440, 447, 455, 488, 491, 493, 507, 516, 526, 541, 543, 569, 572, 574, 576, 578, 583, 594, 608, 610, 615, 616, 621, 625, 629, 635, 638, 641, 642, 655, 657, 667, 673, 677, 704, 706, 711, 712, 718, 732, 733, 740, 759, 766, 771, 790, 800, 801, 802, 808, 809, 812, 819, 826, 829, 834, 837, 838, 839, 844, 850, 852, 856, 861, 871, 873, 877, 881, 888]

[8, 14, 16, 26, 28, 32, 37, 40, 46, 76, 84, 100, 105, 118, 123, 145, 150, 163, 165, 188, 191, 197, 202, 204, 205, 207, 209, 210, 214, 221, 223, 231, 232, 234, 239, 243, 246, 248, 266, 269, 275, 286, 294, 301, 306, 308, 317, 321, 322, 334, 346, 363, 372, 382, 387, 389, 402, 406, 407, 419, 423, 429, 441, 448, 459, 462, 486, 490, 491, 493, 497, 504, 506, 523, 559, 574, 587, 599, 600, 602, 603, 604, 607, 609, 624, 628, 635, 646, 656, 661, 667, 685, 688, 689, 698, 706, 719, 722, 723, 724, 727, 728, 733, 736, 738, 739, 742, 743, 744, 747, 765, 784, 789, 793, 795, 798, 799, 803, 815, 838, 839, 854, 857, 858, 874, 880]
[4, 9, 16, 25, 33, 34, 44, 49, 53, 60, 61, 80, 85, 92, 101, 122, 133, 139, 143, 151, 156, 166, 172, 173, 178, 189, 204, 221, 230, 236, 248, 255, 272, 279, 281, 286, 292, 295, 331, 340, 341, 347, 356, 364, 376, 380, 398, 403, 405, 410, 416, 431, 435, 440, 447, 455, 488, 491, 493, 507, 516, 526, 541, 543, 569, 572, 574, 576, 578, 583, 594, 608, 610, 615, 616, 621, 625, 629, 635, 638, 641, 642, 655, 657, 667, 673, 677, 704, 706, 711, 712, 718, 732, 733, 740, 759, 766, 771, 790, 800, 801, 802, 808, 809, 812, 819, 826, 829, 834, 837, 838, 839, 844, 850, 852, 856, 861, 871, 873, 877, 881, 888]

[8, 14, 16, 26, 28, 32, 33, 37, 39, 40, 46, 76, 81, 84, 100, 105, 118, 123, 136, 145, 148, 150, 163, 165, 175, 188, 191, 197, 202, 204, 205, 207, 209, 210, 214, 221, 223, 231, 232, 234, 239, 243, 246, 248, 262, 264, 266, 269, 275, 286, 294, 298, 301, 306, 308, 317, 321, 322, 326, 334, 342, 344, 346, 363, 365, 372, 382, 387, 389, 402, 406, 407, 419, 423, 429, 437, 441, 448, 459, 462, 468, 481, 486, 490, 491, 493, 497, 504, 506, 523, 524, 559, 574, 587, 590, 599, 600, 602, 603, 604, 607, 609, 624, 628, 635, 644, 646, 653, 656, 661, 667, 685, 688, 689, 698, 706, 719, 722, 723, 724, 727, 728, 733, 736, 738, 739, 742, 743, 744, 747, 754, 765, 773, 784, 789, 793, 795, 798, 799, 803, 807, 815, 838, 839, 846, 854, 857, 858, 871, 874, 880]
[4, 9, 16, 25, 33, 34, 44, 49, 53, 60, 61, 80, 85, 92, 101, 122, 133, 139, 143, 151, 156, 166, 172, 173, 178, 189, 204, 221, 230, 236, 248, 255, 272, 279, 281, 286, 292, 295, 331, 340, 341, 347, 356, 364, 376, 380, 398, 403, 405, 410, 416, 431, 435, 440, 447, 455, 488, 491, 493, 507, 516, 526, 541, 543, 569, 572, 574, 576, 578, 583, 594, 608, 610, 615, 616, 621, 625, 629, 635, 638, 641, 642, 655, 657, 667, 673, 677, 704, 706, 711, 712, 718, 732, 733, 740, 759, 766, 771, 790, 800, 801, 802, 808, 809, 812, 819, 826, 829, 834, 837, 838, 839, 844, 850, 852, 856, 861, 871, 873, 877, 881, 888]

[8, 14, 16, 26, 28, 32, 33, 37, 39, 40, 46, 73, 76, 81, 84, 100, 105, 117, 118, 121, 123, 130, 136, 145, 148, 150, 163, 165, 171, 175, 188, 191, 197, 202, 204, 205, 207, 209, 210, 214, 221, 222, 223, 231, 232, 234, 239, 242, 243, 246, 248, 262, 264, 266, 269, 274, 275, 283, 286, 294, 298, 301, 306, 308, 317, 321, 322, 326, 334, 342, 344, 346, 349, 363, 365, 372, 382, 387, 389, 393, 402, 406, 407, 419, 423, 429, 437, 438, 441, 447, 448, 452, 453, 459, 462, 468, 478, 481, 482, 486, 490, 491, 493, 497, 504, 506, 518, 523, 524, 553, 558, 559, 574, 582, 587, 590, 599, 600, 602, 603, 604, 607, 609, 624, 628, 630, 635, 644, 646, 651, 653, 656, 661, 667, 685, 688, 689, 695, 698, 706, 710, 719, 722, 723, 724, 727, 728, 733, 736, 738, 739, 742, 743, 744, 745, 747, 754, 765, 773, 784, 789, 793, 795, 798, 799, 803, 807, 815, 818, 834, 838, 839, 846, 854, 857, 858, 860, 871, 874, 880]
[4, 9, 16, 25, 33, 34, 44, 49, 53, 60, 61, 80, 85, 92, 101, 122, 133, 139, 143, 151, 156, 166, 172, 173, 178, 189, 204, 221, 230, 236, 248, 255, 272, 279, 281, 286, 292, 295, 331, 340, 341, 347, 356, 364, 376, 380, 398, 403, 405, 410, 416, 431, 435, 440, 447, 455, 488, 491, 493, 507, 516, 526, 541, 543, 569, 572, 574, 576, 578, 583, 594, 608, 610, 615, 616, 621, 625, 629, 635, 638, 641, 642, 655, 657, 667, 673, 677, 704, 706, 711, 712, 718, 732, 733, 740, 759, 766, 771, 790, 800, 801, 802, 808, 809, 812, 819, 826, 829, 834, 837, 838, 839, 844, 850, 852, 856, 861, 871, 873, 877, 881, 888]

[8, 14, 16, 25, 26, 28, 30, 31, 32, 33, 37, 39, 40, 46, 48, 73, 76, 81, 84, 100, 105, 117, 118, 121, 123, 130, 136, 145, 148, 150, 163, 165, 171, 175, 188, 191, 195, 197, 202, 204, 205, 207, 209, 210, 212, 214, 221, 222, 223, 231, 232, 234, 239, 242, 243, 245, 246, 248, 262, 264, 266, 269, 274, 275, 283, 286, 294, 298, 301, 302, 306, 308, 312, 317, 321, 322, 326, 334, 342, 344, 346, 349, 356, 363, 365, 372, 382, 383, 387, 389, 393, 402, 406, 407, 419, 423, 429, 431, 434, 437, 438, 441, 447, 448, 452, 453, 455, 459, 460, 462, 467, 468, 478, 481, 482, 486, 490, 491, 493, 497, 504, 506, 518, 523, 524, 532, 553, 558, 559, 574, 582, 587, 590, 596, 599, 600, 602, 603, 604, 606, 607, 609, 624, 628, 630, 635, 644, 646, 651, 653, 656, 661, 667, 685, 688, 689, 695, 698, 706, 710, 719, 722, 723, 724, 727, 728, 729, 733, 736, 738, 739, 742, 743, 744, 745, 747, 754, 765, 773, 784, 789, 793, 795, 798, 799, 800, 803, 807, 815, 818, 827, 834, 838, 839, 843, 846, 847, 854, 857, 858, 860, 866, 871, 874, 880]
[4, 9, 16, 25, 33, 34, 44, 49, 53, 60, 61, 80, 85, 92, 101, 122, 133, 139, 143, 151, 156, 166, 172, 173, 178, 189, 204, 221, 230, 236, 248, 255, 272, 279, 281, 286, 292, 295, 331, 340, 341, 347, 356, 364, 376, 380, 398, 403, 405, 410, 416, 431, 435, 440, 447, 455, 488, 491, 493, 507, 516, 526, 541, 543, 569, 572, 574, 576, 578, 583, 594, 608, 610, 615, 616, 621, 625, 629, 635, 638, 641, 642, 655, 657, 667, 673, 677, 704, 706, 711, 712, 718, 732, 733, 740, 759, 766, 771, 790, 800, 801, 802, 808, 809, 812, 819, 826, 829, 834, 837, 838, 839, 844, 850, 852, 856, 861, 871, 873, 877, 881, 888]

[8, 14, 16, 25, 26, 28, 30, 31, 32, 33, 36, 37, 39, 40, 42, 46, 48, 60, 73, 76, 81, 84, 100, 105, 115, 117, 118, 121, 123, 130, 136, 138, 145, 148, 150, 163, 165, 171, 175, 181, 188, 189, 191, 195, 197, 202, 204, 205, 207, 209, 210, 212, 214, 221, 222, 223, 226, 231, 232, 234, 237, 238, 239, 242, 243, 245, 246, 248, 262, 264, 266, 269, 274, 275, 283, 285, 286, 294, 296, 298, 301, 302, 303, 306, 308, 312, 317, 321, 322, 326, 334, 339, 341, 342, 344, 346, 349, 356, 363, 365, 372, 382, 383, 387, 389, 393, 397, 398, 402, 406, 407, 419, 423, 426, 429, 431, 434, 437, 438, 441, 447, 448, 452, 453, 455, 459, 460, 462, 467, 468, 478, 481, 482, 486, 490, 491, 493, 497, 500, 502, 504, 506, 518, 519, 523, 524, 532, 544, 553, 558, 559, 574, 582, 587, 588, 590, 596, 599, 600, 602, 603, 604, 606, 607, 609, 624, 628, 630, 635, 644, 646, 648, 651, 653, 656, 661, 667, 685, 688, 689, 695, 698, 706, 710, 719, 722, 723, 724, 727, 728, 729, 733, 736, 738, 739, 742, 743, 744, 745, 747, 754, 765, 769, 773, 776, 784, 789, 793, 795, 798, 799, 800, 803, 807, 815, 818, 827, 829, 834, 838, 839, 843, 846, 847, 854, 857, 858, 860, 866, 871, 874, 880]
[4, 9, 16, 25, 33, 34, 44, 49, 53, 60, 61, 80, 85, 92, 101, 122, 133, 139, 143, 151, 156, 166, 172, 173, 178, 189, 204, 221, 230, 236, 248, 255, 272, 279, 281, 286, 292, 295, 331, 340, 341, 347, 356, 364, 376, 380, 398, 403, 405, 410, 416, 431, 435, 440, 447, 455, 488, 491, 493, 507, 516, 526, 541, 543, 569, 572, 574, 576, 578, 583, 594, 608, 610, 615, 616, 621, 625, 629, 635, 638, 641, 642, 655, 657, 667, 673, 677, 704, 706, 711, 712, 718, 732, 733, 740, 759, 766, 771, 790, 800, 801, 802, 808, 809, 812, 819, 826, 829, 834, 837, 838, 839, 844, 850, 852, 856, 861, 871, 873, 877, 881, 888]

[8, 14, 16, 25, 26, 28, 30, 31, 32, 33, 36, 37, 39, 40, 42, 46, 48, 55, 60, 73, 76, 81, 84, 100, 105, 115, 117, 118, 121, 123, 128, 130, 136, 138, 145, 148, 150, 152, 163, 165, 171, 175, 181, 183, 188, 189, 191, 195, 197, 202, 204, 205, 207, 209, 210, 212, 214, 219, 221, 222, 223, 226, 231, 232, 234, 237, 238, 239, 242, 243, 245, 246, 247, 248, 258, 262, 264, 266, 269, 274, 275, 283, 285, 286, 294, 296, 298, 301, 302, 303, 306, 308, 312, 317, 321, 322, 326, 334, 339, 341, 342, 344, 346, 349, 356, 358, 359, 363, 365, 372, 382, 383, 387, 389, 393, 397, 398, 402, 406, 407, 413, 419, 423, 426, 429, 431, 434, 437, 438, 441, 447, 448, 452, 453, 455, 458, 459, 460, 462, 467, 468, 478, 481, 482, 486, 490, 491, 493, 497, 498, 500, 502, 504, 506, 518, 519, 523, 524, 530, 532, 544, 552, 553, 558, 559, 574, 575, 580, 582, 583, 587, 588, 590, 596, 599, 600, 602, 603, 604, 606, 607, 609, 624, 628, 630, 635, 640, 641, 644, 646, 648, 651, 653, 656, 661, 667, 685, 688, 689, 695, 698, 706, 710, 719, 722, 723, 724, 727, 728, 729, 733, 734, 736, 738, 739, 742, 743, 744, 745, 747, 754, 759, 765, 769, 773, 776, 784, 787, 789, 793, 795, 798, 799, 800, 803, 807, 810, 815, 818, 827, 829, 834, 835, 838, 839, 843, 846, 847, 854, 857, 858, 860, 866, 871, 874, 880, 889]
[4, 9, 16, 25, 33, 34, 44, 49, 53, 60, 61, 80, 85, 92, 101, 122, 133, 139, 143, 151, 156, 166, 172, 173, 178, 189, 204, 221, 230, 236, 248, 255, 272, 279, 281, 286, 292, 295, 331, 340, 341, 347, 356, 364, 376, 380, 398, 403, 405, 410, 416, 431, 435, 440, 447, 455, 488, 491, 493, 507, 516, 526, 541, 543, 569, 572, 574, 576, 578, 583, 594, 608, 610, 615, 616, 621, 625, 629, 635, 638, 641, 642, 655, 657, 667, 673, 677, 704, 706, 711, 712, 718, 732, 733, 740, 759, 766, 771, 790, 800, 801, 802, 808, 809, 812, 819, 826, 829, 834, 837, 838, 839, 844, 850, 852, 856, 861, 871, 873, 877, 881, 888]

[6, 8, 14, 16, 25, 26, 28, 29, 30, 31, 32, 33, 36, 37, 39, 40, 42, 46, 48, 55, 56, 60, 61, 73, 76, 81, 83, 84, 100, 105, 115, 117, 118, 121, 123, 128, 130, 136, 138, 145, 148, 150, 152, 163, 165, 171, 175, 178, 181, 183, 188, 189, 191, 193, 195, 197, 202, 204, 205, 207, 209, 210, 212, 214, 217, 219, 221, 222, 223, 226, 231, 232, 234, 237, 238, 239, 242, 243, 245, 246, 247, 248, 258, 262, 264, 266, 269, 274, 275, 283, 285, 286, 293, 294, 296, 298, 301, 302, 303, 306, 308, 312, 317, 321, 322, 326, 334, 337, 339, 341, 342, 344, 346, 349, 356, 358, 359, 363, 365, 367, 372, 382, 383, 387, 389, 393, 397, 398, 402, 406, 407, 413, 419, 423, 426, 429, 431, 434, 437, 438, 441, 447, 448, 452, 453, 455, 458, 459, 460, 462, 467, 468, 478, 481, 482, 486, 490, 491, 493, 495, 497, 498, 500, 502, 504, 505, 506, 518, 519, 523, 524, 530, 532, 544, 552, 553, 554, 558, 559, 573, 574, 575, 580, 582, 583, 586, 587, 588, 590, 596, 599, 600, 602, 603, 604, 606, 607, 609, 619, 621, 624, 628, 630, 633, 635, 640, 641, 644, 646, 648, 649, 651, 653, 656, 661, 663, 667, 672, 685, 688, 689, 695, 698, 700, 706, 710, 719, 722, 723, 724, 727, 728, 729, 733, 734, 736, 738, 739, 742, 743, 744, 745, 747, 752, 754, 759, 765, 766, 769, 773, 776, 784, 787, 789, 793, 795, 796, 798, 799, 800, 801, 803, 807, 810, 815, 818, 827, 829, 834, 835, 838, 839, 843, 846, 847, 854, 857, 858, 860, 861, 866, 871, 874, 880, 889]
[4, 9, 16, 25, 33, 34, 44, 49, 53, 60, 61, 80, 85, 92, 101, 122, 133, 139, 143, 151, 156, 166, 172, 173, 178, 189, 204, 221, 230, 236, 248, 255, 272, 279, 281, 286, 292, 295, 331, 340, 341, 347, 356, 364, 376, 380, 398, 403, 405, 410, 416, 431, 435, 440, 447, 455, 488, 491, 493, 507, 516, 526, 541, 543, 569, 572, 574, 576, 578, 583, 594, 608, 610, 615, 616, 621, 625, 629, 635, 638, 641, 642, 655, 657, 667, 673, 677, 704, 706, 711, 712, 718, 732, 733, 740, 759, 766, 771, 790, 800, 801, 802, 808, 809, 812, 819, 826, 829, 834, 837, 838, 839, 844, 850, 852, 856, 861, 871, 873, 877, 881, 888]

[6, 8, 14, 16, 23, 25, 26, 28, 29, 30, 31, 32, 33, 36, 37, 39, 40, 42, 46, 48, 55, 56, 60, 61, 73, 76, 79, 81, 83, 84, 100, 105, 113, 115, 117, 118, 121, 123, 128, 130, 136, 138, 139, 145, 148, 149, 150, 152, 163, 165, 169, 171, 175, 178, 181, 183, 186, 188, 189, 191, 193, 195, 197, 202, 204, 205, 207, 209, 210, 212, 214, 217, 219, 221, 222, 223, 226, 231, 232, 234, 237, 238, 239, 242, 243, 245, 246, 247, 248, 258, 262, 263, 264, 266, 269, 274, 275, 283, 285, 286, 293, 294, 296, 298, 301, 302, 303, 306, 308, 312, 317, 321, 322, 326, 334, 337, 339, 341, 342, 344, 346, 349, 352, 354, 356, 358, 359, 363, 365, 367, 372, 382, 383, 387, 389, 393, 397, 398, 402, 406, 407, 413, 419, 423, 426, 429, 431, 434, 437, 438, 441, 447, 448, 452, 453, 455, 458, 459, 460, 462, 467, 468, 478, 481, 482, 486, 487, 490, 491, 493, 495, 497, 498, 500, 502, 504, 505, 506, 518, 519, 523, 524, 530, 532, 544, 552, 553, 554, 558, 559, 562, 573, 574, 575, 577, 580, 582, 583, 586, 587, 588, 590, 596, 599, 600, 602, 603, 604, 606, 607, 609, 613, 619, 621, 624, 628, 630, 633, 635, 640, 641, 644, 646, 648, 649, 651, 653, 656, 661, 663, 666, 667, 672, 685, 687, 688, 689, 695, 698, 700, 706, 710, 719, 722, 723, 724, 727, 728, 729, 731, 733, 734, 736, 738, 739, 742, 743, 744, 745, 747, 752, 753, 754, 757, 759, 765, 766, 769, 773, 776, 783, 784, 787, 789, 793, 795, 796, 798, 799, 800, 801, 803, 807, 808, 810, 815, 816, 818, 819, 827, 829, 834, 835, 838, 839, 843, 846, 847, 849, 854, 857, 858, 860, 861, 866, 871, 874, 880, 888, 889]
[4, 9, 16, 25, 33, 34, 44, 49, 53, 60, 61, 80, 85, 92, 101, 122, 133, 139, 143, 151, 156, 166, 172, 173, 178, 189, 204, 221, 230, 236, 248, 255, 272, 279, 281, 286, 292, 295, 331, 340, 341, 347, 356, 364, 376, 380, 398, 403, 405, 410, 416, 431, 435, 440, 447, 455, 488, 491, 493, 507, 516, 526, 541, 543, 569, 572, 574, 576, 578, 583, 594, 608, 610, 615, 616, 621, 625, 629, 635, 638, 641, 642, 655, 657, 667, 673, 677, 704, 706, 711, 712, 718, 732, 733, 740, 759, 766, 771, 790, 800, 801, 802, 808, 809, 812, 819, 826, 829, 834, 837, 838, 839, 844, 850, 852, 856, 861, 871, 873, 877, 881, 888]

[6, 8, 13, 14, 16, 17, 23, 25, 26, 28, 29, 30, 31, 32, 33, 36, 37, 39, 40, 42, 46, 48, 55, 56, 60, 61, 69, 73, 76, 79, 81, 83, 84, 100, 105, 113, 115, 117, 118, 121, 123, 128, 130, 136, 138, 139, 142, 145, 148, 149, 150, 152, 155, 163, 165, 169, 171, 175, 178, 181, 183, 186, 188, 189, 190, 191, 193, 195, 197, 202, 204, 205, 207, 209, 210, 212, 214, 217, 219, 221, 222, 223, 224, 226, 231, 232, 234, 237, 238, 239, 242, 243, 245, 246, 247, 248, 258, 262, 263, 264, 266, 269, 273, 274, 275, 283, 285, 286, 293, 294, 296, 298, 301, 302, 303, 306, 308, 312, 317, 321, 322, 326, 334, 337, 339, 341, 342, 344, 346, 349, 352, 354, 356, 358, 359, 363, 365, 367, 368, 372, 382, 383, 387, 389, 393, 397, 398, 400, 402, 406, 407, 413, 418, 419, 423, 426, 429, 431, 434, 437, 438, 441, 447, 448, 452, 453, 455, 458, 459, 460, 462, 467, 468, 478, 481, 482, 486, 487, 490, 491, 493, 495, 497, 498, 499, 500, 502, 504, 505, 506, 518, 519, 523, 524, 530, 532, 534, 538, 539, 544, 549, 550, 552, 553, 554, 558, 559, 560, 562, 565, 573, 574, 575, 577, 580, 582, 583, 586, 587, 588, 590, 593, 596, 599, 600, 602, 603, 604, 606, 607, 609, 613, 619, 621, 624, 628, 630, 633, 635, 640, 641, 644, 646, 648, 649, 651, 653, 656, 661, 663, 666, 667, 672, 675, 685, 687, 688, 689, 695, 698, 700, 706, 710, 719, 722, 723, 724, 727, 728, 729, 731, 733, 734, 736, 738, 739, 742, 743, 744, 745, 747, 750, 752, 753, 754, 757, 759, 765, 766, 769, 773, 776, 778, 783, 784, 787, 789, 793, 795, 796, 798, 799, 800, 801, 803, 807, 808, 810, 815, 816, 818, 819, 824, 827, 829, 834, 835, 837, 838, 839, 843, 846, 847, 849, 854, 857, 858, 860, 861, 866, 871, 874, 880, 888, 889]
[4, 9, 16, 25, 33, 34, 44, 49, 53, 60, 61, 80, 85, 92, 101, 122, 133, 139, 143, 151, 156, 166, 172, 173, 178, 189, 204, 221, 230, 236, 248, 255, 272, 279, 281, 286, 292, 295, 331, 340, 341, 347, 356, 364, 376, 380, 398, 403, 405, 410, 416, 431, 435, 440, 447, 455, 488, 491, 493, 507, 516, 526, 541, 543, 569, 572, 574, 576, 578, 583, 594, 608, 610, 615, 616, 621, 625, 629, 635, 638, 641, 642, 655, 657, 667, 673, 677, 704, 706, 711, 712, 718, 732, 733, 740, 759, 766, 771, 790, 800, 801, 802, 808, 809, 812, 819, 826, 829, 834, 837, 838, 839, 844, 850, 852, 856, 861, 871, 873, 877, 881, 888]

[0, 2, 6, 8, 13, 14, 16, 17, 23, 25, 26, 28, 29, 30, 31, 32, 33, 36, 37, 39, 40, 42, 43, 44, 46, 48, 55, 56, 60, 61, 69, 73, 76, 79, 81, 83, 84, 91, 100, 105, 106, 113, 115, 116, 117, 118, 121, 123, 128, 130, 136, 138, 139, 142, 144, 145, 148, 149, 150, 152, 155, 157, 163, 165, 169, 171, 175, 178, 181, 183, 184, 186, 188, 189, 190, 191, 193, 195, 197, 202, 204, 205, 207, 209, 210, 212, 214, 217, 219, 221, 222, 223, 224, 226, 231, 232, 234, 237, 238, 239, 242, 243, 245, 246, 247, 248, 258, 262, 263, 264, 266, 268, 269, 273, 274, 275, 283, 285, 286, 287, 293, 294, 296, 298, 301, 302, 303, 306, 308, 312, 316, 317, 321, 322, 326, 327, 334, 337, 339, 341, 342, 344, 346, 349, 351, 352, 354, 356, 358, 359, 363, 365, 367, 368, 372, 382, 383, 387, 389, 393, 397, 398, 399, 400, 402, 406, 407, 409, 413, 417, 418, 419, 421, 423, 426, 429, 431, 434, 437, 438, 441, 447, 448, 452, 453, 454, 455, 458, 459, 460, 462, 465, 467, 468, 469, 478, 481, 482, 486, 487, 490, 491, 493, 495, 497, 498, 499, 500, 502, 503, 504, 505, 506, 518, 519, 523, 524, 530, 532, 534, 538, 539, 544, 549, 550, 552, 553, 554, 558, 559, 560, 562, 565, 573, 574, 575, 577, 580, 582, 583, 586, 587, 588, 590, 593, 596, 599, 600, 602, 603, 604, 606, 607, 609, 613, 619, 621, 624, 628, 630, 633, 635, 640, 641, 644, 646, 648, 649, 651, 653, 656, 661, 663, 666, 667, 672, 675, 685, 687, 688, 689, 695, 696, 698, 700, 706, 710, 719, 722, 723, 724, 727, 728, 729, 731, 733, 734, 736, 738, 739, 742, 743, 744, 745, 747, 750, 752, 753, 754, 757, 759, 765, 766, 769, 773, 776, 778, 783, 784, 787, 789, 793, 795, 796, 798, 799, 800, 801, 803, 807, 808, 810, 815, 816, 818, 819, 824, 827, 829, 834, 835, 837, 838, 839, 843, 846, 847, 849, 854, 857, 858, 860, 861, 866, 871, 872, 874, 880, 888, 889]
[4, 9, 16, 25, 33, 34, 44, 49, 53, 60, 61, 80, 85, 92, 101, 122, 133, 139, 143, 151, 156, 166, 172, 173, 178, 189, 204, 221, 230, 236, 248, 255, 272, 279, 281, 286, 292, 295, 331, 340, 341, 347, 356, 364, 376, 380, 398, 403, 405, 410, 416, 431, 435, 440, 447, 455, 488, 491, 493, 507, 516, 526, 541, 543, 569, 572, 574, 576, 578, 583, 594, 608, 610, 615, 616, 621, 625, 629, 635, 638, 641, 642, 655, 657, 667, 673, 677, 704, 706, 711, 712, 718, 732, 733, 740, 759, 766, 771, 790, 800, 801, 802, 808, 809, 812, 819, 826, 829, 834, 837, 838, 839, 844, 850, 852, 856, 861, 871, 873, 877, 881, 888]

[0, 2, 6, 8, 13, 14, 16, 17, 23, 25, 26, 28, 29, 30, 31, 32, 33, 36, 37, 39, 40, 42, 43, 44, 46, 48, 55, 56, 60, 61, 69, 73, 76, 79, 81, 83, 84, 91, 100, 105, 106, 113, 115, 116, 117, 118, 121, 123, 128, 130, 136, 138, 139, 142, 144, 145, 148, 149, 150, 152, 155, 157, 163, 165, 169, 171, 175, 178, 181, 183, 184, 186, 188, 189, 190, 191, 193, 195, 197, 202, 204, 205, 207, 209, 210, 212, 214, 217, 219, 221, 222, 223, 224, 226, 231, 232, 234, 237, 238, 239, 242, 243, 245, 246, 247, 248, 253, 258, 262, 263, 264, 266, 268, 269, 273, 274, 275, 283, 285, 286, 287, 293, 294, 296, 298, 300, 301, 302, 303, 306, 308, 312, 316, 317, 321, 322, 325, 326, 327, 334, 337, 339, 341, 342, 344, 346, 349, 351, 352, 354, 356, 358, 359, 360, 363, 365, 367, 368, 372, 382, 383, 387, 389, 393, 394, 397, 398, 399, 400, 402, 406, 407, 409, 413, 417, 418, 419, 421, 423, 426, 429, 430, 431, 432, 434, 437, 438, 441, 446, 447, 448, 452, 453, 454, 455, 458, 459, 460, 462, 464, 465, 467, 468, 469, 477, 478, 481, 482, 485, 486, 487, 490, 491, 493, 495, 497, 498, 499, 500, 502, 503, 504, 505, 506, 518, 519, 523, 524, 530, 532, 534, 538, 539, 544, 549, 550, 552, 553, 554, 558, 559, 560, 562, 565, 571, 573, 574, 575, 577, 580, 582, 583, 586, 587, 588, 590, 592, 593, 596, 599, 600, 602, 603, 604, 606, 607, 609, 613, 619, 621, 624, 628, 630, 632, 633, 635, 640, 641, 644, 646, 648, 649, 651, 653, 656, 661, 663, 666, 667, 672, 675, 684, 685, 687, 688, 689, 695, 696, 698, 700, 706, 710, 714, 719, 722, 723, 724, 726, 727, 728, 729, 731, 733, 734, 736, 738, 739, 742, 743, 744, 745, 747, 749, 750, 752, 753, 754, 757, 758, 759, 765, 766, 769, 773, 775, 776, 778, 781, 783, 784, 785, 787, 789, 793, 795, 796, 798, 799, 800, 801, 803, 807, 808, 810, 815, 816, 818, 819, 821, 824, 826, 827, 829, 834, 835, 837, 838, 839, 843, 845, 846, 847, 849, 854, 857, 858, 860, 861, 866, 871, 872, 874, 880, 888, 889]
[4, 9, 16, 25, 33, 34, 44, 49, 53, 60, 61, 80, 85, 92, 101, 122, 133, 139, 143, 151, 156, 166, 172, 173, 178, 189, 204, 221, 230, 236, 248, 255, 272, 279, 281, 286, 292, 295, 331, 340, 341, 347, 356, 364, 376, 380, 398, 403, 405, 410, 416, 431, 435, 440, 447, 455, 488, 491, 493, 507, 516, 526, 541, 543, 569, 572, 574, 576, 578, 583, 594, 608, 610, 615, 616, 621, 625, 629, 635, 638, 641, 642, 655, 657, 667, 673, 677, 704, 706, 711, 712, 718, 732, 733, 740, 759, 766, 771, 790, 800, 801, 802, 808, 809, 812, 819, 826, 829, 834, 837, 838, 839, 844, 850, 852, 856, 861, 871, 873, 877, 881, 888]

[0, 2, 6, 8, 13, 14, 16, 17, 21, 23, 25, 26, 28, 29, 30, 31, 32, 33, 36, 37, 39, 40, 42, 43, 44, 46, 48, 55, 56, 60, 61, 65, 69, 71, 73, 74, 76, 79, 81, 83, 84, 91, 96, 100, 105, 106, 113, 115, 116, 117, 118, 121, 123, 128, 130, 136, 137, 138, 139, 142, 144, 145, 148, 149, 150, 152, 155, 157, 163, 165, 169, 171, 175, 178, 181, 183, 184, 186, 187, 188, 189, 190, 191, 193, 195, 197, 202, 204, 205, 207, 209, 210, 211, 212, 214, 216, 217, 219, 221, 222, 223, 224, 226, 231, 232, 234, 237, 238, 239, 242, 243, 245, 246, 247, 248, 251, 253, 258, 262, 263, 264, 266, 268, 269, 273, 274, 275, 283, 285, 286, 287, 293, 294, 296, 297, 298, 300, 301, 302, 303, 306, 308, 309, 312, 316, 317, 321, 322, 325, 326, 327, 334, 337, 339, 341, 342, 344, 346, 349, 351, 352, 354, 356, 358, 359, 360, 363, 365, 367, 368, 372, 382, 383, 387, 389, 392, 393, 394, 397, 398, 399, 400, 402, 406, 407, 409, 413, 417, 418, 419, 421, 422, 423, 426, 427, 428, 429, 430, 431, 432, 434, 437, 438, 441, 446, 447, 448, 452, 453, 454, 455, 458, 459, 460, 462, 464, 465, 467, 468, 469, 477, 478, 479, 481, 482, 484, 485, 486, 487, 490, 491, 493, 495, 497, 498, 499, 500, 502, 503, 504, 505, 506, 518, 519, 523, 524, 530, 532, 533, 534, 538, 539, 544, 549, 550, 552, 553, 554, 558, 559, 560, 562, 565, 571, 573, 574, 575, 577, 580, 582, 583, 586, 587, 588, 590, 592, 593, 596, 599, 600, 602, 603, 604, 606, 607, 609, 613, 619, 621, 624, 628, 630, 632, 633, 635, 640, 641, 644, 646, 648, 649, 651, 653, 656, 661, 663, 666, 667, 672, 674, 675, 684, 685, 687, 688, 689, 695, 696, 697, 698, 700, 706, 710, 714, 719, 722, 723, 724, 726, 727, 728, 729, 731, 733, 734, 736, 738, 739, 742, 743, 744, 745, 747, 749, 750, 752, 753, 754, 757, 758, 759, 765, 766, 769, 771, 773, 775, 776, 778, 781, 783, 784, 785, 787, 789, 793, 795, 796, 798, 799, 800, 801, 803, 807, 808, 810, 815, 816, 818, 819, 821, 824, 826, 827, 829, 834, 835, 837, 838, 839, 843, 845, 846, 847, 849, 854, 857, 858, 860, 861, 866, 871, 872, 874, 876, 878, 880, 882, 888, 889]
[4, 9, 16, 25, 33, 34, 44, 49, 53, 60, 61, 80, 85, 92, 101, 122, 133, 139, 143, 151, 156, 166, 172, 173, 178, 189, 204, 221, 230, 236, 248, 255, 272, 279, 281, 286, 292, 295, 331, 340, 341, 347, 356, 364, 376, 380, 398, 403, 405, 410, 416, 431, 435, 440, 447, 455, 488, 491, 493, 507, 516, 526, 541, 543, 569, 572, 574, 576, 578, 583, 594, 608, 610, 615, 616, 621, 625, 629, 635, 638, 641, 642, 655, 657, 667, 673, 677, 704, 706, 711, 712, 718, 732, 733, 740, 759, 766, 771, 790, 800, 801, 802, 808, 809, 812, 819, 826, 829, 834, 837, 838, 839, 844, 850, 852, 856, 861, 871, 873, 877, 881, 888]

[0, 2, 6, 8, 10, 13, 14, 16, 17, 21, 23, 25, 26, 27, 28, 29, 30, 31, 32, 33, 36, 37, 39, 40, 42, 43, 44, 46, 48, 55, 56, 60, 61, 65, 69, 71, 73, 74, 76, 79, 81, 83, 84, 90, 91, 92, 96, 100, 105, 106, 113, 115, 116, 117, 118, 121, 123, 124, 128, 130, 136, 137, 138, 139, 142, 144, 145, 148, 149, 150, 152, 155, 157, 163, 165, 169, 171, 175, 178, 181, 183, 184, 186, 187, 188, 189, 190, 191, 193, 195, 197, 200, 202, 204, 205, 207, 209, 210, 211, 212, 214, 216, 217, 219, 221, 222, 223, 224, 226, 227, 231, 232, 234, 237, 238, 239, 242, 243, 245, 246, 247, 248, 251, 253, 258, 262, 263, 264, 266, 268, 269, 273, 274, 275, 282, 283, 285, 286, 287, 292, 293, 294, 296, 297, 298, 300, 301, 302, 303, 306, 308, 309, 312, 316, 317, 321, 322, 325, 326, 327, 334, 337, 339, 341, 342, 343, 344, 345, 346, 348, 349, 351, 352, 354, 356, 358, 359, 360, 361, 363, 365, 366, 367, 368, 372, 382, 383, 387, 389, 392, 393, 394, 397, 398, 399, 400, 401, 402, 406, 407, 409, 413, 415, 417, 418, 419, 421, 422, 423, 426, 427, 428, 429, 430, 431, 432, 434, 437, 438, 441, 446, 447, 448, 452, 453, 454, 455, 458, 459, 460, 461, 462, 464, 465, 467, 468, 469, 477, 478, 479, 481, 482, 484, 485, 486, 487, 490, 491, 493, 495, 497, 498, 499, 500, 502, 503, 504, 505, 506, 518, 519, 523, 524, 530, 532, 533, 534, 538, 539, 543, 544, 549, 550, 552, 553, 554, 558, 559, 560, 562, 565, 571, 573, 574, 575, 577, 580, 582, 583, 586, 587, 588, 590, 592, 593, 596, 599, 600, 602, 603, 604, 606, 607, 609, 613, 619, 621, 624, 628, 630, 632, 633, 635, 640, 641, 644, 645, 646, 648, 649, 651, 653, 656, 661, 663, 666, 667, 672, 674, 675, 677, 684, 685, 687, 688, 689, 695, 696, 697, 698, 700, 705, 706, 710, 714, 719, 722, 723, 724, 726, 727, 728, 729, 731, 733, 734, 736, 737, 738, 739, 742, 743, 744, 745, 747, 749, 750, 752, 753, 754, 757, 758, 759, 765, 766, 769, 771, 773, 775, 776, 778, 779, 781, 783, 784, 785, 787, 789, 793, 795, 796, 798, 799, 800, 801, 803, 807, 808, 810, 811, 815, 816, 818, 819, 821, 824, 826, 827, 829, 834, 835, 837, 838, 839, 843, 845, 846, 847, 849, 854, 857, 858, 860, 861, 862, 866, 871, 872, 874, 876, 878, 880, 882, 888, 889]
[4, 9, 16, 25, 33, 34, 44, 49, 53, 60, 61, 80, 85, 92, 101, 122, 133, 139, 143, 151, 156, 166, 172, 173, 178, 189, 204, 221, 230, 236, 248, 255, 272, 279, 281, 286, 292, 295, 331, 340, 341, 347, 356, 364, 376, 380, 398, 403, 405, 410, 416, 431, 435, 440, 447, 455, 488, 491, 493, 507, 516, 526, 541, 543, 569, 572, 574, 576, 578, 583, 594, 608, 610, 615, 616, 621, 625, 629, 635, 638, 641, 642, 655, 657, 667, 673, 677, 704, 706, 711, 712, 718, 732, 733, 740, 759, 766, 771, 790, 800, 801, 802, 808, 809, 812, 819, 826, 829, 834, 837, 838, 839, 844, 850, 852, 856, 861, 871, 873, 877, 881, 888]

[0, 2, 6, 8, 10, 13, 14, 16, 17, 21, 23, 25, 26, 27, 28, 29, 30, 31, 32, 33, 36, 37, 39, 40, 42, 43, 44, 46, 48, 53, 55, 56, 57, 60, 61, 65, 69, 71, 73, 74, 76, 79, 81, 83, 84, 90, 91, 92, 96, 100, 105, 106, 113, 115, 116, 117, 118, 121, 123, 124, 126, 128, 130, 136, 137, 138, 139, 142, 144, 145, 148, 149, 150, 152, 155, 157, 163, 165, 166, 169, 171, 175, 178, 181, 183, 184, 186, 187, 188, 189, 190, 191, 193, 195, 197, 200, 202, 204, 205, 207, 209, 210, 211, 212, 214, 216, 217, 219, 220, 221, 222, 223, 224, 226, 227, 231, 232, 234, 237, 238, 239, 242, 243, 245, 246, 247, 248, 251, 253, 258, 262, 263, 264, 266, 268, 269, 273, 274, 275, 282, 283, 285, 286, 287, 292, 293, 294, 296, 297, 298, 300, 301, 302, 303, 306, 308, 309, 311, 312, 316, 317, 321, 322, 323, 325, 326, 327, 334, 335, 337, 339, 341, 342, 343, 344, 345, 346, 348, 349, 351, 352, 354, 356, 358, 359, 360, 361, 363, 365, 366, 367, 368, 372, 377, 382, 383, 387, 389, 392, 393, 394, 397, 398, 399, 400, 401, 402, 406, 407, 409, 411, 413, 415, 417, 418, 419, 421, 422, 423, 424, 426, 427, 428, 429, 430, 431, 432, 434, 437, 438, 440, 441, 443, 446, 447, 448, 452, 453, 454, 455, 458, 459, 460, 461, 462, 464, 465, 467, 468, 469, 477, 478, 479, 481, 482, 484, 485, 486, 487, 490, 491, 493, 495, 497, 498, 499, 500, 502, 503, 504, 505, 506, 510, 518, 519, 523, 524, 530, 531, 532, 533, 534, 538, 539, 543, 544, 549, 550, 552, 553, 554, 558, 559, 560, 562, 565, 571, 573, 574, 575, 577, 580, 582, 583, 586, 587, 588, 590, 592, 593, 596, 599, 600, 602, 603, 604, 605, 606, 607, 609, 613, 619, 621, 622, 624, 628, 630, 632, 633, 635, 637, 638, 640, 641, 644, 645, 646, 647, 648, 649, 651, 653, 656, 661, 663, 666, 667, 672, 674, 675, 677, 684, 685, 687, 688, 689, 695, 696, 697, 698, 700, 702, 705, 706, 710, 714, 718, 719, 722, 723, 724, 726, 727, 728, 729, 731, 733, 734, 736, 737, 738, 739, 742, 743, 744, 745, 747, 749, 750, 752, 753, 754, 757, 758, 759, 765, 766, 767, 769, 771, 773, 775, 776, 778, 779, 781, 783, 784, 785, 787, 789, 793, 795, 796, 798, 799, 800, 801, 803, 807, 808, 810, 811, 815, 816, 817, 818, 819, 821, 824, 826, 827, 829, 834, 835, 837, 838, 839, 843, 845, 846, 847, 849, 854, 857, 858, 860, 861, 862, 866, 871, 872, 873, 874, 876, 878, 880, 882, 888, 889]
[4, 9, 16, 25, 33, 34, 44, 49, 53, 60, 61, 80, 85, 92, 101, 122, 133, 139, 143, 151, 156, 166, 172, 173, 178, 189, 204, 221, 230, 236, 248, 255, 272, 279, 281, 286, 292, 295, 331, 340, 341, 347, 356, 364, 376, 380, 398, 403, 405, 410, 416, 431, 435, 440, 447, 455, 488, 491, 493, 507, 516, 526, 541, 543, 569, 572, 574, 576, 578, 583, 594, 608, 610, 615, 616, 621, 625, 629, 635, 638, 641, 642, 655, 657, 667, 673, 677, 704, 706, 711, 712, 718, 732, 733, 740, 759, 766, 771, 790, 800, 801, 802, 808, 809, 812, 819, 826, 829, 834, 837, 838, 839, 844, 850, 852, 856, 861, 871, 873, 877, 881, 888]

[0, 2, 6, 8, 10, 13, 14, 16, 17, 21, 23, 25, 26, 27, 28, 29, 30, 31, 32, 33, 36, 37, 39, 40, 42, 43, 44, 46, 47, 48, 53, 54, 55, 56, 57, 60, 61, 65, 69, 71, 73, 74, 76, 79, 81, 83, 84, 90, 91, 92, 96, 100, 105, 106, 113, 115, 116, 117, 118, 121, 123, 124, 125, 126, 128, 130, 136, 137, 138, 139, 142, 144, 145, 148, 149, 150, 152, 155, 157, 163, 165, 166, 169, 171, 175, 178, 181, 183, 184, 186, 187, 188, 189, 190, 191, 193, 195, 197, 200, 202, 204, 205, 207, 209, 210, 211, 212, 214, 216, 217, 219, 220, 221, 222, 223, 224, 226, 227, 231, 232, 234, 237, 238, 239, 242, 243, 245, 246, 247, 248, 251, 253, 258, 262, 263, 264, 266, 268, 269, 273, 274, 275, 282, 283, 285, 286, 287, 292, 293, 294, 296, 297, 298, 300, 301, 302, 303, 306, 308, 309, 311, 312, 316, 317, 320, 321, 322, 323, 325, 326, 327, 334, 335, 337, 339, 341, 342, 343, 344, 345, 346, 348, 349, 351, 352, 354, 356, 358, 359, 360, 361, 363, 365, 366, 367, 368, 370, 372, 377, 382, 383, 386, 387, 389, 392, 393, 394, 397, 398, 399, 400, 401, 402, 406, 407, 409, 411, 413, 415, 416, 417, 418, 419, 421, 422, 423, 424, 426, 427, 428, 429, 430, 431, 432, 434, 436, 437, 438, 440, 441, 443, 444, 446, 447, 448, 452, 453, 454, 455, 457, 458, 459, 460, 461, 462, 464, 465, 466, 467, 468, 469, 471, 477, 478, 479, 481, 482, 484, 485, 486, 487, 490, 491, 493, 495, 497, 498, 499, 500, 502, 503, 504, 505, 506, 510, 518, 519, 523, 524, 526, 530, 531, 532, 533, 534, 538, 539, 543, 544, 549, 550, 552, 553, 554, 558, 559, 560, 562, 565, 567, 570, 571, 573, 574, 575, 577, 580, 582, 583, 586, 587, 588, 590, 592, 593, 596, 599, 600, 602, 603, 604, 605, 606, 607, 609, 613, 619, 621, 622, 624, 628, 630, 632, 633, 635, 637, 638, 640, 641, 643, 644, 645, 646, 647, 648, 649, 651, 653, 654, 656, 658, 661, 662, 663, 666, 667, 672, 674, 675, 677, 684, 685, 687, 688, 689, 690, 695, 696, 697, 698, 700, 702, 705, 706, 710, 714, 718, 719, 722, 723, 724, 726, 727, 728, 729, 731, 733, 734, 736, 737, 738, 739, 742, 743, 744, 745, 747, 749, 750, 752, 753, 754, 755, 757, 758, 759, 765, 766, 767, 769, 771, 773, 775, 776, 778, 779, 781, 783, 784, 785, 787, 789, 793, 795, 796, 798, 799, 800, 801, 803, 807, 808, 810, 811, 814, 815, 816, 817, 818, 819, 821, 822, 824, 826, 827, 828, 829, 834, 835, 837, 838, 839, 843, 845, 846, 847, 849, 854, 856, 857, 858, 860, 861, 862, 866, 871, 872, 873, 874, 876, 878, 880, 882, 888, 889]
[4, 9, 16, 25, 33, 34, 44, 49, 53, 60, 61, 80, 85, 92, 101, 122, 133, 139, 143, 151, 156, 166, 172, 173, 178, 189, 204, 221, 230, 236, 248, 255, 272, 279, 281, 286, 292, 295, 331, 340, 341, 347, 356, 364, 376, 380, 398, 403, 405, 410, 416, 431, 435, 440, 447, 455, 488, 491, 493, 507, 516, 526, 541, 543, 569, 572, 574, 576, 578, 583, 594, 608, 610, 615, 616, 621, 625, 629, 635, 638, 641, 642, 655, 657, 667, 673, 677, 704, 706, 711, 712, 718, 732, 733, 740, 759, 766, 771, 790, 800, 801, 802, 808, 809, 812, 819, 826, 829, 834, 837, 838, 839, 844, 850, 852, 856, 861, 871, 873, 877, 881, 888]

[0, 2, 6, 8, 10, 13, 14, 16, 17, 21, 23, 25, 26, 27, 28, 29, 30, 31, 32, 33, 36, 37, 39, 40, 42, 43, 44, 46, 47, 48, 51, 53, 54, 55, 56, 57, 60, 61, 63, 65, 69, 71, 73, 74, 75, 76, 79, 81, 82, 83, 84, 90, 91, 92, 96, 100, 105, 106, 113, 115, 116, 117, 118, 121, 123, 124, 125, 126, 128, 130, 135, 136, 137, 138, 139, 142, 144, 145, 148, 149, 150, 152, 155, 157, 163, 165, 166, 169, 171, 175, 177, 178, 181, 183, 184, 186, 187, 188, 189, 190, 191, 193, 195, 197, 200, 202, 204, 205, 207, 209, 210, 211, 212, 214, 216, 217, 219, 220, 221, 222, 223, 224, 226, 227, 228, 231, 232, 233, 234, 237, 238, 239, 242, 243, 245, 246, 247, 248, 251, 253, 258, 262, 263, 264, 266, 268, 269, 270, 273, 274, 275, 282, 283, 285, 286, 287, 289, 292, 293, 294, 296, 297, 298, 300, 301, 302, 303, 306, 308, 309, 311, 312, 314, 316, 317, 320, 321, 322, 323, 325, 326, 327, 334, 335, 337, 339, 341, 342, 343, 344, 345, 346, 348, 349, 351, 352, 354, 356, 358, 359, 360, 361, 363, 365, 366, 367, 368, 370, 372, 374, 377, 382, 383, 386, 387, 389, 392, 393, 394, 397, 398, 399, 400, 401, 402, 406, 407, 409, 411, 413, 415, 416, 417, 418, 419, 421, 422, 423, 424, 426, 427, 428, 429, 430, 431, 432, 434, 436, 437, 438, 440, 441, 443, 444, 446, 447, 448, 452, 453, 454, 455, 456, 457, 458, 459, 460, 461, 462, 464, 465, 466, 467, 468, 469, 471, 477, 478, 479, 481, 482, 484, 485, 486, 487, 490, 491, 493, 495, 496, 497, 498, 499, 500, 502, 503, 504, 505, 506, 510, 511, 518, 519, 523, 524, 526, 530, 531, 532, 533, 534, 537, 538, 539, 541, 543, 544, 547, 549, 550, 552, 553, 554, 558, 559, 560, 562, 565, 567, 570, 571, 573, 574, 575, 577, 580, 582, 583, 586, 587, 588, 590, 592, 593, 596, 599, 600, 602, 603, 604, 605, 606, 607, 609, 610, 613, 619, 621, 622, 624, 628, 630, 632, 633, 635, 637, 638, 640, 641, 643, 644, 645, 646, 647, 648, 649, 651, 653, 654, 656, 658, 661, 662, 663, 666, 667, 672, 674, 675, 677, 678, 684, 685, 687, 688, 689, 690, 695, 696, 697, 698, 700, 702, 705, 706, 710, 714, 718, 719, 721, 722, 723, 724, 725, 726, 727, 728, 729, 731, 733, 734, 736, 737, 738, 739, 742, 743, 744, 745, 747, 749, 750, 751, 752, 753, 754, 755, 757, 758, 759, 762, 765, 766, 767, 769, 771, 773, 775, 776, 778, 779, 781, 783, 784, 785, 787, 788, 789, 793, 795, 796, 798, 799, 800, 801, 803, 807, 808, 810, 811, 814, 815, 816, 817, 818, 819, 821, 822, 824, 826, 827, 828, 829, 834, 835, 837, 838, 839, 843, 845, 846, 847, 849, 854, 856, 857, 858, 860, 861, 862, 866, 871, 872, 873, 874, 876, 878, 880, 882, 888, 889]
[4, 9, 16, 25, 33, 34, 44, 49, 53, 60, 61, 80, 85, 92, 101, 122, 133, 139, 143, 151, 156, 166, 172, 173, 178, 189, 204, 221, 230, 236, 248, 255, 272, 279, 281, 286, 292, 295, 331, 340, 341, 347, 356, 364, 376, 380, 398, 403, 405, 410, 416, 431, 435, 440, 447, 455, 488, 491, 493, 507, 516, 526, 541, 543, 569, 572, 574, 576, 578, 583, 594, 608, 610, 615, 616, 621, 625, 629, 635, 638, 641, 642, 655, 657, 667, 673, 677, 704, 706, 711, 712, 718, 732, 733, 740, 759, 766, 771, 790, 800, 801, 802, 808, 809, 812, 819, 826, 829, 834, 837, 838, 839, 844, 850, 852, 856, 861, 871, 873, 877, 881, 888]

[0, 2, 6, 8, 10, 13, 14, 16, 17, 21, 23, 25, 26, 27, 28, 29, 30, 31, 32, 33, 36, 37, 39, 40, 42, 43, 44, 46, 47, 48, 51, 53, 54, 55, 56, 57, 60, 61, 63, 65, 69, 71, 73, 74, 75, 76, 79, 81, 82, 83, 84, 90, 91, 92, 94, 96, 100, 105, 106, 111, 113, 115, 116, 117, 118, 121, 123, 124, 125, 126, 128, 130, 131, 133, 135, 136, 137, 138, 139, 142, 144, 145, 148, 149, 150, 152, 155, 157, 163, 165, 166, 169, 171, 175, 177, 178, 181, 183, 184, 186, 187, 188, 189, 190, 191, 193, 195, 197, 200, 202, 204, 205, 207, 209, 210, 211, 212, 214, 216, 217, 219, 220, 221, 222, 223, 224, 226, 227, 228, 231, 232, 233, 234, 235, 237, 238, 239, 242, 243, 245, 246, 247, 248, 250, 251, 253, 258, 262, 263, 264, 266, 267, 268, 269, 270, 273, 274, 275, 277, 282, 283, 284, 285, 286, 287, 289, 292, 293, 294, 296, 297, 298, 300, 301, 302, 303, 306, 308, 309, 311, 312, 314, 316, 317, 320, 321, 322, 323, 325, 326, 327, 334, 335, 337, 339, 341, 342, 343, 344, 345, 346, 348, 349, 351, 352, 354, 356, 358, 359, 360, 361, 363, 364, 365, 366, 367, 368, 370, 372, 374, 377, 382, 383, 386, 387, 389, 392, 393, 394, 397, 398, 399, 400, 401, 402, 406, 407, 408, 409, 411, 413, 415, 416, 417, 418, 419, 421, 422, 423, 424, 426, 427, 428, 429, 430, 431, 432, 434, 436, 437, 438, 440, 441, 443, 444, 446, 447, 448, 452, 453, 454, 455, 456, 457, 458, 459, 460, 461, 462, 464, 465, 466, 467, 468, 469, 471, 474, 477, 478, 479, 481, 482, 484, 485, 486, 487, 488, 490, 491, 492, 493, 495, 496, 497, 498, 499, 500, 501, 502, 503, 504, 505, 506, 510, 511, 518, 519, 523, 524, 526, 530, 531, 532, 533, 534, 537, 538, 539, 541, 543, 544, 547, 549, 550, 552, 553, 554, 556, 558, 559, 560, 562, 565, 567, 570, 571, 573, 574, 575, 577, 579, 580, 582, 583, 584, 586, 587, 588, 590, 592, 593, 596, 599, 600, 602, 603, 604, 605, 606, 607, 609, 610, 613, 619, 621, 622, 624, 628, 630, 632, 633, 635, 637, 638, 640, 641, 643, 644, 645, 646, 647, 648, 649, 651, 653, 654, 655, 656, 658, 661, 662, 663, 666, 667, 672, 674, 675, 677, 678, 681, 684, 685, 687, 688, 689, 690, 695, 696, 697, 698, 700, 702, 705, 706, 710, 712, 714, 718, 719, 721, 722, 723, 724, 725, 726, 727, 728, 729, 731, 733, 734, 736, 737, 738, 739, 742, 743, 744, 745, 747, 749, 750, 751, 752, 753, 754, 755, 757, 758, 759, 762, 765, 766, 767, 769, 771, 773, 775, 776, 778, 779, 781, 783, 784, 785, 787, 788, 789, 793, 795, 796, 798, 799, 800, 801, 803, 805, 807, 808, 810, 811, 814, 815, 816, 817, 818, 819, 821, 822, 824, 826, 827, 828, 829, 834, 835, 837, 838, 839, 843, 845, 846, 847, 848, 849, 854, 856, 857, 858, 859, 860, 861, 862, 866, 870, 871, 872, 873, 874, 876, 878, 880, 882, 888, 889]
[4, 9, 16, 25, 33, 34, 44, 49, 53, 60, 61, 80, 85, 92, 101, 122, 133, 139, 143, 151, 156, 166, 172, 173, 178, 189, 204, 221, 230, 236, 248, 255, 272, 279, 281, 286, 292, 295, 331, 340, 341, 347, 356, 364, 376, 380, 398, 403, 405, 410, 416, 431, 435, 440, 447, 455, 488, 491, 493, 507, 516, 526, 541, 543, 569, 572, 574, 576, 578, 583, 594, 608, 610, 615, 616, 621, 625, 629, 635, 638, 641, 642, 655, 657, 667, 673, 677, 704, 706, 711, 712, 718, 732, 733, 740, 759, 766, 771, 790, 800, 801, 802, 808, 809, 812, 819, 826, 829, 834, 837, 838, 839, 844, 850, 852, 856, 861, 871, 873, 877, 881, 888]

[0, 2, 4, 6, 8, 10, 13, 14, 16, 17, 18, 21, 23, 25, 26, 27, 28, 29, 30, 31, 32, 33, 36, 37, 39, 40, 42, 43, 44, 46, 47, 48, 51, 53, 54, 55, 56, 57, 60, 61, 63, 65, 69, 70, 71, 73, 74, 75, 76, 79, 81, 82, 83, 84, 90, 91, 92, 94, 96, 100, 105, 106, 111, 112, 113, 115, 116, 117, 118, 121, 123, 124, 125, 126, 128, 130, 131, 133, 135, 136, 137, 138, 139, 142, 144, 145, 148, 149, 150, 152, 155, 157, 163, 165, 166, 169, 171, 175, 177, 178, 181, 183, 184, 186, 187, 188, 189, 190, 191, 193, 195, 197, 200, 202, 204, 205, 207, 209, 210, 211, 212, 214, 216, 217, 219, 220, 221, 222, 223, 224, 226, 227, 228, 230, 231, 232, 233, 234, 235, 237, 238, 239, 241, 242, 243, 245, 246, 247, 248, 250, 251, 253, 258, 262, 263, 264, 266, 267, 268, 269, 270, 272, 273, 274, 275, 277, 282, 283, 284, 285, 286, 287, 289, 292, 293, 294, 296, 297, 298, 300, 301, 302, 303, 305, 306, 308, 309, 311, 312, 314, 316, 317, 320, 321, 322, 323, 325, 326, 327, 334, 335, 337, 339, 341, 342, 343, 344, 345, 346, 348, 349, 351, 352, 354, 356, 357, 358, 359, 360, 361, 363, 364, 365, 366, 367, 368, 369, 370, 372, 374, 377, 382, 383, 386, 387, 389, 392, 393, 394, 397, 398, 399, 400, 401, 402, 403, 406, 407, 408, 409, 411, 413, 415, 416, 417, 418, 419, 421, 422, 423, 424, 426, 427, 428, 429, 430, 431, 432, 433, 434, 436, 437, 438, 440, 441, 443, 444, 446, 447, 448, 452, 453, 454, 455, 456, 457, 458, 459, 460, 461, 462, 464, 465, 466, 467, 468, 469, 470, 471, 474, 477, 478, 479, 481, 482, 484, 485, 486, 487, 488, 490, 491, 492, 493, 495, 496, 497, 498, 499, 500, 501, 502, 503, 504, 505, 506, 510, 511, 518, 519, 523, 524, 526, 530, 531, 532, 533, 534, 536, 537, 538, 539, 541, 543, 544, 547, 549, 550, 552, 553, 554, 556, 558, 559, 560, 562, 565, 567, 568, 570, 571, 573, 574, 575, 577, 579, 580, 582, 583, 584, 586, 587, 588, 590, 592, 593, 594, 595, 596, 597, 599, 600, 602, 603, 604, 605, 606, 607, 609, 610, 613, 616, 619, 621, 622, 624, 628, 630, 632, 633, 635, 637, 638, 640, 641, 643, 644, 645, 646, 647, 648, 649, 651, 653, 654, 655, 656, 658, 661, 662, 663, 666, 667, 672, 674, 675, 677, 678, 681, 682, 684, 685, 687, 688, 689, 690, 695, 696, 697, 698, 700, 702, 705, 706, 710, 712, 714, 718, 719, 721, 722, 723, 724, 725, 726, 727, 728, 729, 731, 733, 734, 736, 737, 738, 739, 740, 742, 743, 744, 745, 747, 749, 750, 751, 752, 753, 754, 755, 757, 758, 759, 761, 762, 765, 766, 767, 769, 771, 773, 775, 776, 778, 779, 781, 782, 783, 784, 785, 787, 788, 789, 793, 795, 796, 797, 798, 799, 800, 801, 803, 805, 807, 808, 810, 811, 814, 815, 816, 817, 818, 819, 821, 822, 824, 826, 827, 828, 829, 834, 835, 837, 838, 839, 843, 845, 846, 847, 848, 849, 854, 856, 857, 858, 859, 860, 861, 862, 866, 870, 871, 872, 873, 874, 876, 878, 880, 881, 882, 888, 889]
[4, 9, 16, 25, 33, 34, 44, 49, 53, 60, 61, 80, 85, 92, 101, 122, 133, 139, 143, 151, 156, 166, 172, 173, 178, 189, 204, 221, 230, 236, 248, 255, 272, 279, 281, 286, 292, 295, 331, 340, 341, 347, 356, 364, 376, 380, 398, 403, 405, 410, 416, 431, 435, 440, 447, 455, 488, 491, 493, 507, 516, 526, 541, 543, 569, 572, 574, 576, 578, 583, 594, 608, 610, 615, 616, 621, 625, 629, 635, 638, 641, 642, 655, 657, 667, 673, 677, 704, 706, 711, 712, 718, 732, 733, 740, 759, 766, 771, 790, 800, 801, 802, 808, 809, 812, 819, 826, 829, 834, 837, 838, 839, 844, 850, 852, 856, 861, 871, 873, 877, 881, 888]

[0, 2, 4, 5, 6, 8, 10, 13, 14, 16, 17, 18, 21, 23, 25, 26, 27, 28, 29, 30, 31, 32, 33, 35, 36, 37, 39, 40, 42, 43, 44, 45, 46, 47, 48, 49, 51, 53, 54, 55, 56, 57, 60, 61, 63, 65, 69, 70, 71, 73, 74, 75, 76, 79, 81, 82, 83, 84, 90, 91, 92, 93, 94, 96, 100, 102, 105, 106, 111, 112, 113, 115, 116, 117, 118, 121, 123, 124, 125, 126, 128, 130, 131, 132, 133, 135, 136, 137, 138, 139, 142, 144, 145, 148, 149, 150, 152, 155, 157, 163, 164, 165, 166, 169, 171, 175, 177, 178, 181, 183, 184, 186, 187, 188, 189, 190, 191, 193, 195, 197, 200, 202, 204, 205, 207, 209, 210, 211, 212, 214, 216, 217, 219, 220, 221, 222, 223, 224, 226, 227, 228, 229, 230, 231, 232, 233, 234, 235, 237, 238, 239, 241, 242, 243, 245, 246, 247, 248, 250, 251, 253, 254, 258, 261, 262, 263, 264, 266, 267, 268, 269, 270, 272, 273, 274, 275, 276, 277, 282, 283, 284, 285, 286, 287, 289, 292, 293, 294, 296, 297, 298, 300, 301, 302, 303, 305, 306, 308, 309, 311, 312, 314, 316, 317, 320, 321, 322, 323, 324, 325, 326, 327, 334, 335, 337, 339, 341, 342, 343, 344, 345, 346, 348, 349, 351, 352, 353, 354, 356, 357, 358, 359, 360, 361, 363, 364, 365, 366, 367, 368, 369, 370, 372, 374, 377, 382, 383, 386, 387, 389, 392, 393, 394, 397, 398, 399, 400, 401, 402, 403, 406, 407, 408, 409, 411, 413, 415, 416, 417, 418, 419, 421, 422, 423, 424, 426, 427, 428, 429, 430, 431, 432, 433, 434, 436, 437, 438, 440, 441, 443, 444, 446, 447, 448, 452, 453, 454, 455, 456, 457, 458, 459, 460, 461, 462, 464, 465, 466, 467, 468, 469, 470, 471, 474, 477, 478, 479, 481, 482, 483, 484, 485, 486, 487, 488, 490, 491, 492, 493, 494, 495, 496, 497, 498, 499, 500, 501, 502, 503, 504, 505, 506, 510, 511, 518, 519, 523, 524, 526, 530, 531, 532, 533, 534, 536, 537, 538, 539, 541, 543, 544, 547, 549, 550, 552, 553, 554, 556, 558, 559, 560, 562, 565, 567, 568, 570, 571, 573, 574, 575, 577, 579, 580, 582, 583, 584, 586, 587, 588, 590, 591, 592, 593, 594, 595, 596, 597, 599, 600, 602, 603, 604, 605, 606, 607, 609, 610, 613, 616, 619, 621, 622, 624, 627, 628, 630, 632, 633, 635, 636, 637, 638, 640, 641, 643, 644, 645, 646, 647, 648, 649, 651, 653, 654, 655, 656, 658, 661, 662, 663, 666, 667, 672, 674, 675, 677, 678, 681, 682, 684, 685, 687, 688, 689, 690, 695, 696, 697, 698, 700, 702, 705, 706, 710, 712, 713, 714, 718, 719, 721, 722, 723, 724, 725, 726, 727, 728, 729, 731, 733, 734, 736, 737, 738, 739, 740, 742, 743, 744, 745, 747, 749, 750, 751, 752, 753, 754, 755, 757, 758, 759, 761, 762, 765, 766, 767, 769, 771, 773, 775, 776, 778, 779, 781, 782, 783, 784, 785, 786, 787, 788, 789, 793, 795, 796, 797, 798, 799, 800, 801, 803, 805, 807, 808, 810, 811, 814, 815, 816, 817, 818, 819, 821, 822, 824, 826, 827, 828, 829, 832, 834, 835, 836, 837, 838, 839, 843, 845, 846, 847, 848, 849, 852, 854, 855, 856, 857, 858, 859, 860, 861, 862, 866, 870, 871, 872, 873, 874, 876, 878, 880, 881, 882, 888, 889]
[4, 9, 16, 25, 33, 34, 44, 49, 53, 60, 61, 80, 85, 92, 101, 122, 133, 139, 143, 151, 156, 166, 172, 173, 178, 189, 204, 221, 230, 236, 248, 255, 272, 279, 281, 286, 292, 295, 331, 340, 341, 347, 356, 364, 376, 380, 398, 403, 405, 410, 416, 431, 435, 440, 447, 455, 488, 491, 493, 507, 516, 526, 541, 543, 569, 572, 574, 576, 578, 583, 594, 608, 610, 615, 616, 621, 625, 629, 635, 638, 641, 642, 655, 657, 667, 673, 677, 704, 706, 711, 712, 718, 732, 733, 740, 759, 766, 771, 790, 800, 801, 802, 808, 809, 812, 819, 826, 829, 834, 837, 838, 839, 844, 850, 852, 856, 861, 871, 873, 877, 881, 888]

[0, 2, 4, 5, 6, 8, 10, 13, 14, 15, 16, 17, 18, 21, 23, 25, 26, 27, 28, 29, 30, 31, 32, 33, 35, 36, 37, 38, 39, 40, 42, 43, 44, 45, 46, 47, 48, 49, 51, 53, 54, 55, 56, 57, 60, 61, 63, 65, 69, 70, 71, 73, 74, 75, 76, 79, 81, 82, 83, 84, 90, 91, 92, 93, 94, 96, 100, 102, 105, 106, 111, 112, 113, 115, 116, 117, 118, 119, 121, 123, 124, 125, 126, 128, 130, 131, 132, 133, 135, 136, 137, 138, 139, 140, 142, 144, 145, 148, 149, 150, 152, 155, 157, 162, 163, 164, 165, 166, 169, 171, 175, 177, 178, 181, 183, 184, 186, 187, 188, 189, 190, 191, 193, 195, 197, 200, 202, 204, 205, 207, 209, 210, 211, 212, 213, 214, 216, 217, 219, 220, 221, 222, 223, 224, 225, 226, 227, 228, 229, 230, 231, 232, 233, 234, 235, 237, 238, 239, 241, 242, 243, 245, 246, 247, 248, 250, 251, 253, 254, 258, 261, 262, 263, 264, 265, 266, 267, 268, 269, 270, 271, 272, 273, 274, 275, 276, 277, 280, 282, 283, 284, 285, 286, 287, 289, 292, 293, 294, 296, 297, 298, 300, 301, 302, 303, 305, 306, 308, 309, 311, 312, 314, 316, 317, 320, 321, 322, 323, 324, 325, 326, 327, 330, 331, 334, 335, 337, 339, 341, 342, 343, 344, 345, 346, 348, 349, 351, 352, 353, 354, 356, 357, 358, 359, 360, 361, 363, 364, 365, 366, 367, 368, 369, 370, 372, 374, 377, 382, 383, 386, 387, 389, 390, 391, 392, 393, 394, 397, 398, 399, 400, 401, 402, 403, 406, 407, 408, 409, 411, 413, 415, 416, 417, 418, 419, 421, 422, 423, 424, 426, 427, 428, 429, 430, 431, 432, 433, 434, 436, 437, 438, 440, 441, 443, 444, 446, 447, 448, 449, 452, 453, 454, 455, 456, 457, 458, 459, 460, 461, 462, 463, 464, 465, 466, 467, 468, 469, 470, 471, 474, 477, 478, 479, 481, 482, 483, 484, 485, 486, 487, 488, 490, 491, 492, 493, 494, 495, 496, 497, 498, 499, 500, 501, 502, 503, 504, 505, 506, 507, 510, 511, 518, 519, 523, 524, 526, 530, 531, 532, 533, 534, 535, 536, 537, 538, 539, 541, 543, 544, 547, 549, 550, 551, 552, 553, 554, 556, 558, 559, 560, 562, 565, 567, 568, 570, 571, 573, 574, 575, 577, 579, 580, 582, 583, 584, 586, 587, 588, 590, 591, 592, 593, 594, 595, 596, 597, 599, 600, 602, 603, 604, 605, 606, 607, 609, 610, 613, 616, 619, 621, 622, 624, 627, 628, 630, 632, 633, 635, 636, 637, 638, 640, 641, 643, 644, 645, 646, 647, 648, 649, 651, 653, 654, 655, 656, 658, 661, 662, 663, 666, 667, 672, 674, 675, 677, 678, 679, 681, 682, 684, 685, 687, 688, 689, 690, 695, 696, 697, 698, 700, 702, 705, 706, 710, 712, 713, 714, 715, 718, 719, 721, 722, 723, 724, 725, 726, 727, 728, 729, 731, 733, 734, 736, 737, 738, 739, 740, 742, 743, 744, 745, 747, 749, 750, 751, 752, 753, 754, 755, 757, 758, 759, 761, 762, 765, 766, 767, 769, 771, 773, 775, 776, 778, 779, 781, 782, 783, 784, 785, 786, 787, 788, 789, 793, 795, 796, 797, 798, 799, 800, 801, 803, 805, 807, 808, 810, 811, 814, 815, 816, 817, 818, 819, 821, 822, 824, 826, 827, 828, 829, 832, 834, 835, 836, 837, 838, 839, 840, 843, 845, 846, 847, 848, 849, 850, 852, 853, 854, 855, 856, 857, 858, 859, 860, 861, 862, 866, 870, 871, 872, 873, 874, 875, 876, 878, 880, 881, 882, 888, 889]
[4, 9, 16, 25, 33, 34, 44, 49, 53, 60, 61, 80, 85, 92, 101, 122, 133, 139, 143, 151, 156, 166, 172, 173, 178, 189, 204, 221, 230, 236, 248, 255, 272, 279, 281, 286, 292, 295, 331, 340, 341, 347, 356, 364, 376, 380, 398, 403, 405, 410, 416, 431, 435, 440, 447, 455, 488, 491, 493, 507, 516, 526, 541, 543, 569, 572, 574, 576, 578, 583, 594, 608, 610, 615, 616, 621, 625, 629, 635, 638, 641, 642, 655, 657, 667, 673, 677, 704, 706, 711, 712, 718, 732, 733, 740, 759, 766, 771, 790, 800, 801, 802, 808, 809, 812, 819, 826, 829, 834, 837, 838, 839, 844, 850, 852, 856, 861, 871, 873, 877, 881, 888]

[0, 2, 4, 5, 6, 8, 10, 13, 14, 15, 16, 17, 18, 21, 23, 25, 26, 27, 28, 29, 30, 31, 32, 33, 35, 36, 37, 38, 39, 40, 41, 42, 43, 44, 45, 46, 47, 48, 49, 51, 53, 54, 55, 56, 57, 60, 61, 63, 65, 69, 70, 71, 73, 74, 75, 76, 79, 80, 81, 82, 83, 84, 85, 90, 91, 92, 93, 94, 96, 100, 102, 105, 106, 107, 108, 111, 112, 113, 115, 116, 117, 118, 119, 121, 123, 124, 125, 126, 128, 130, 131, 132, 133, 135, 136, 137, 138, 139, 140, 142, 144, 145, 148, 149, 150, 152, 155, 157, 162, 163, 164, 165, 166, 169, 170, 171, 175, 177, 178, 181, 183, 184, 186, 187, 188, 189, 190, 191, 193, 195, 197, 200, 202, 203, 204, 205, 207, 209, 210, 211, 212, 213, 214, 216, 217, 219, 220, 221, 222, 223, 224, 225, 226, 227, 228, 229, 230, 231, 232, 233, 234, 235, 237, 238, 239, 241, 242, 243, 245, 246, 247, 248, 250, 251, 253, 254, 258, 260, 261, 262, 263, 264, 265, 266, 267, 268, 269, 270, 271, 272, 273, 274, 275, 276, 277, 280, 281, 282, 283, 284, 285, 286, 287, 289, 292, 293, 294, 296, 297, 298, 300, 301, 302, 303, 305, 306, 308, 309, 311, 312, 314, 316, 317, 320, 321, 322, 323, 324, 325, 326, 327, 330, 331, 333, 334, 335, 337, 339, 341, 342, 343, 344, 345, 346, 348, 349, 351, 352, 353, 354, 356, 357, 358, 359, 360, 361, 363, 364, 365, 366, 367, 368, 369, 370, 372, 374, 377, 382, 383, 386, 387, 389, 390, 391, 392, 393, 394, 395, 397, 398, 399, 400, 401, 402, 403, 406, 407, 408, 409, 411, 413, 415, 416, 417, 418, 419, 421, 422, 423, 424, 425, 426, 427, 428, 429, 430, 431, 432, 433, 434, 436, 437, 438, 440, 441, 443, 444, 445, 446, 447, 448, 449, 452, 453, 454, 455, 456, 457, 458, 459, 460, 461, 462, 463, 464, 465, 466, 467, 468, 469, 470, 471, 474, 477, 478, 479, 481, 482, 483, 484, 485, 486, 487, 488, 490, 491, 492, 493, 494, 495, 496, 497, 498, 499, 500, 501, 502, 503, 504, 505, 506, 507, 510, 511, 512, 518, 519, 522, 523, 524, 526, 529, 530, 531, 532, 533, 534, 535, 536, 537, 538, 539, 541, 543, 544, 545, 547, 549, 550, 551, 552, 553, 554, 556, 558, 559, 560, 562, 565, 567, 568, 570, 571, 572, 573, 574, 575, 577, 579, 580, 582, 583, 584, 586, 587, 588, 589, 590, 591, 592, 593, 594, 595, 596, 597, 599, 600, 601, 602, 603, 604, 605, 606, 607, 609, 610, 613, 616, 619, 621, 622, 624, 627, 628, 630, 632, 633, 635, 636, 637, 638, 640, 641, 643, 644, 645, 646, 647, 648, 649, 651, 653, 654, 655, 656, 658, 661, 662, 663, 666, 667, 672, 674, 675, 677, 678, 679, 681, 682, 684, 685, 687, 688, 689, 690, 695, 696, 697, 698, 699, 700, 702, 705, 706, 710, 712, 713, 714, 715, 718, 719, 721, 722, 723, 724, 725, 726, 727, 728, 729, 730, 731, 733, 734, 736, 737, 738, 739, 740, 742, 743, 744, 745, 747, 749, 750, 751, 752, 753, 754, 755, 757, 758, 759, 761, 762, 765, 766, 767, 769, 771, 773, 775, 776, 778, 779, 781, 782, 783, 784, 785, 786, 787, 788, 789, 793, 795, 796, 797, 798, 799, 800, 801, 803, 805, 807, 808, 810, 811, 812, 814, 815, 816, 817, 818, 819, 821, 822, 824, 826, 827, 828, 829, 832, 833, 834, 835, 836, 837, 838, 839, 840, 843, 845, 846, 847, 848, 849, 850, 852, 853, 854, 855, 856, 857, 858, 859, 860, 861, 862, 866, 869, 870, 871, 872, 873, 874, 875, 876, 878, 880, 881, 882, 888, 889]
[4, 9, 16, 25, 33, 34, 44, 49, 53, 60, 61, 80, 85, 92, 101, 122, 133, 139, 143, 151, 156, 166, 172, 173, 178, 189, 204, 221, 230, 236, 248, 255, 272, 279, 281, 286, 292, 295, 331, 340, 341, 347, 356, 364, 376, 380, 398, 403, 405, 410, 416, 431, 435, 440, 447, 455, 488, 491, 493, 507, 516, 526, 541, 543, 569, 572, 574, 576, 578, 583, 594, 608, 610, 615, 616, 621, 625, 629, 635, 638, 641, 642, 655, 657, 667, 673, 677, 704, 706, 711, 712, 718, 732, 733, 740, 759, 766, 771, 790, 800, 801, 802, 808, 809, 812, 819, 826, 829, 834, 837, 838, 839, 844, 850, 852, 856, 861, 871, 873, 877, 881, 888]

[0, 2, 4, 5, 6, 8, 10, 13, 14, 15, 16, 17, 18, 21, 23, 25, 26, 27, 28, 29, 30, 31, 32, 33, 35, 36, 37, 38, 39, 40, 41, 42, 43, 44, 45, 46, 47, 48, 49, 51, 53, 54, 55, 56, 57, 60, 61, 62, 63, 65, 69, 70, 71, 73, 74, 75, 76, 79, 80, 81, 82, 83, 84, 85, 90, 91, 92, 93, 94, 96, 100, 102, 105, 106, 107, 108, 111, 112, 113, 115, 116, 117, 118, 119, 121, 123, 124, 125, 126, 127, 128, 130, 131, 132, 133, 135, 136, 137, 138, 139, 140, 142, 143, 144, 145, 148, 149, 150, 152, 155, 157, 159, 162, 163, 164, 165, 166, 169, 170, 171, 175, 177, 178, 181, 183, 184, 186, 187, 188, 189, 190, 191, 193, 195, 197, 199, 200, 202, 203, 204, 205, 207, 209, 210, 211, 212, 213, 214, 216, 217, 219, 220, 221, 222, 223, 224, 225, 226, 227, 228, 229, 230, 231, 232, 233, 234, 235, 237, 238, 239, 241, 242, 243, 245, 246, 247, 248, 250, 251, 252, 253, 254, 258, 260, 261, 262, 263, 264, 265, 266, 267, 268, 269, 270, 271, 272, 273, 274, 275, 276, 277, 280, 281, 282, 283, 284, 285, 286, 287, 289, 292, 293, 294, 296, 297, 298, 300, 301, 302, 303, 305, 306, 308, 309, 310, 311, 312, 314, 316, 317, 320, 321, 322, 323, 324, 325, 326, 327, 330, 331, 333, 334, 335, 337, 339, 341, 342, 343, 344, 345, 346, 348, 349, 350, 351, 352, 353, 354, 356, 357, 358, 359, 360, 361, 363, 364, 365, 366, 367, 368, 369, 370, 372, 373, 374, 377, 382, 383, 385, 386, 387, 389, 390, 391, 392, 393, 394, 395, 397, 398, 399, 400, 401, 402, 403, 406, 407, 408, 409, 411, 413, 415, 416, 417, 418, 419, 421, 422, 423, 424, 425, 426, 427, 428, 429, 430, 431, 432, 433, 434, 436, 437, 438, 440, 441, 443, 444, 445, 446, 447, 448, 449, 452, 453, 454, 455, 456, 457, 458, 459, 460, 461, 462, 463, 464, 465, 466, 467, 468, 469, 470, 471, 474, 477, 478, 479, 480, 481, 482, 483, 484, 485, 486, 487, 488, 490, 491, 492, 493, 494, 495, 496, 497, 498, 499, 500, 501, 502, 503, 504, 505, 506, 507, 510, 511, 512, 517, 518, 519, 522, 523, 524, 526, 529, 530, 531, 532, 533, 534, 535, 536, 537, 538, 539, 541, 543, 544, 545, 547, 548, 549, 550, 551, 552, 553, 554, 555, 556, 558, 559, 560, 562, 565, 567, 568, 570, 571, 572, 573, 574, 575, 577, 579, 580, 582, 583, 584, 586, 587, 588, 589, 590, 591, 592, 593, 594, 595, 596, 597, 599, 600, 601, 602, 603, 604, 605, 606, 607, 609, 610, 611, 613, 616, 619, 621, 622, 624, 627, 628, 630, 632, 633, 635, 636, 637, 638, 640, 641, 643, 644, 645, 646, 647, 648, 649, 651, 653, 654, 655, 656, 658, 660, 661, 662, 663, 666, 667, 672, 674, 675, 677, 678, 679, 681, 682, 684, 685, 687, 688, 689, 690, 692, 695, 696, 697, 698, 699, 700, 702, 705, 706, 710, 712, 713, 714, 715, 718, 719, 720, 721, 722, 723, 724, 725, 726, 727, 728, 729, 730, 731, 733, 734, 736, 737, 738, 739, 740, 742, 743, 744, 745, 747, 749, 750, 751, 752, 753, 754, 755, 757, 758, 759, 761, 762, 765, 766, 767, 769, 771, 773, 775, 776, 777, 778, 779, 781, 782, 783, 784, 785, 786, 787, 788, 789, 792, 793, 795, 796, 797, 798, 799, 800, 801, 803, 805, 807, 808, 810, 811, 812, 813, 814, 815, 816, 817, 818, 819, 821, 822, 824, 826, 827, 828, 829, 832, 833, 834, 835, 836, 837, 838, 839, 840, 843, 845, 846, 847, 848, 849, 850, 851, 852, 853, 854, 855, 856, 857, 858, 859, 860, 861, 862, 866, 869, 870, 871, 872, 873, 874, 875, 876, 877, 878, 879, 880, 881, 882, 885, 888, 889]
[4, 9, 16, 25, 33, 34, 44, 49, 53, 60, 61, 80, 85, 92, 101, 122, 133, 139, 143, 151, 156, 166, 172, 173, 178, 189, 204, 221, 230, 236, 248, 255, 272, 279, 281, 286, 292, 295, 331, 340, 341, 347, 356, 364, 376, 380, 398, 403, 405, 410, 416, 431, 435, 440, 447, 455, 488, 491, 493, 507, 516, 526, 541, 543, 569, 572, 574, 576, 578, 583, 594, 608, 610, 615, 616, 621, 625, 629, 635, 638, 641, 642, 655, 657, 667, 673, 677, 704, 706, 711, 712, 718, 732, 733, 740, 759, 766, 771, 790, 800, 801, 802, 808, 809, 812, 819, 826, 829, 834, 837, 838, 839, 844, 850, 852, 856, 861, 871, 873, 877, 881, 888]

[0, 2, 4, 5, 6, 8, 10, 13, 14, 15, 16, 17, 18, 20, 21, 23, 25, 26, 27, 28, 29, 30, 31, 32, 33, 35, 36, 37, 38, 39, 40, 41, 42, 43, 44, 45, 46, 47, 48, 49, 51, 53, 54, 55, 56, 57, 60, 61, 62, 63, 65, 69, 70, 71, 73, 74, 75, 76, 79, 80, 81, 82, 83, 84, 85, 86, 90, 91, 92, 93, 94, 96, 99, 100, 102, 105, 106, 107, 108, 111, 112, 113, 115, 116, 117, 118, 119, 121, 123, 124, 125, 126, 127, 128, 130, 131, 132, 133, 135, 136, 137, 138, 139, 140, 142, 143, 144, 145, 148, 149, 150, 152, 154, 155, 157, 159, 162, 163, 164, 165, 166, 169, 170, 171, 175, 177, 178, 181, 183, 184, 185, 186, 187, 188, 189, 190, 191, 193, 195, 197, 199, 200, 202, 203, 204, 205, 207, 209, 210, 211, 212, 213, 214, 216, 217, 219, 220, 221, 222, 223, 224, 225, 226, 227, 228, 229, 230, 231, 232, 233, 234, 235, 237, 238, 239, 241, 242, 243, 245, 246, 247, 248, 250, 251, 252, 253, 254, 255, 257, 258, 259, 260, 261, 262, 263, 264, 265, 266, 267, 268, 269, 270, 271, 272, 273, 274, 275, 276, 277, 280, 281, 282, 283, 284, 285, 286, 287, 288, 289, 292, 293, 294, 296, 297, 298, 300, 301, 302, 303, 305, 306, 308, 309, 310, 311, 312, 314, 315, 316, 317, 320, 321, 322, 323, 324, 325, 326, 327, 330, 331, 333, 334, 335, 337, 339, 341, 342, 343, 344, 345, 346, 348, 349, 350, 351, 352, 353, 354, 356, 357, 358, 359, 360, 361, 363, 364, 365, 366, 367, 368, 369, 370, 372, 373, 374, 377, 382, 383, 385, 386, 387, 389, 390, 391, 392, 393, 394, 395, 397, 398, 399, 400, 401, 402, 403, 406, 407, 408, 409, 411, 413, 415, 416, 417, 418, 419, 421, 422, 423, 424, 425, 426, 427, 428, 429, 430, 431, 432, 433, 434, 436, 437, 438, 440, 441, 443, 444, 445, 446, 447, 448, 449, 452, 453, 454, 455, 456, 457, 458, 459, 460, 461, 462, 463, 464, 465, 466, 467, 468, 469, 470, 471, 472, 474, 477, 478, 479, 480, 481, 482, 483, 484, 485, 486, 487, 488, 489, 490, 491, 492, 493, 494, 495, 496, 497, 498, 499, 500, 501, 502, 503, 504, 505, 506, 507, 510, 511, 512, 517, 518, 519, 522, 523, 524, 526, 528, 529, 530, 531, 532, 533, 534, 535, 536, 537, 538, 539, 541, 543, 544, 545, 547, 548, 549, 550, 551, 552, 553, 554, 555, 556, 558, 559, 560, 562, 565, 567, 568, 570, 571, 572, 573, 574, 575, 577, 579, 580, 582, 583, 584, 585, 586, 587, 588, 589, 590, 591, 592, 593, 594, 595, 596, 597, 599, 600, 601, 602, 603, 604, 605, 606, 607, 609, 610, 611, 613, 616, 619, 620, 621, 622, 624, 626, 627, 628, 630, 632, 633, 635, 636, 637, 638, 639, 640, 641, 643, 644, 645, 646, 647, 648, 649, 651, 652, 653, 654, 655, 656, 658, 659, 660, 661, 662, 663, 666, 667, 669, 672, 674, 675, 676, 677, 678, 679, 681, 682, 684, 685, 687, 688, 689, 690, 692, 695, 696, 697, 698, 699, 700, 701, 702, 705, 706, 707, 710, 712, 713, 714, 715, 718, 719, 720, 721, 722, 723, 724, 725, 726, 727, 728, 729, 730, 731, 733, 734, 736, 737, 738, 739, 740, 742, 743, 744, 745, 747, 749, 750, 751, 752, 753, 754, 755, 757, 758, 759, 761, 762, 765, 766, 767, 769, 771, 773, 775, 776, 777, 778, 779, 781, 782, 783, 784, 785, 786, 787, 788, 789, 792, 793, 794, 795, 796, 797, 798, 799, 800, 801, 803, 805, 807, 808, 810, 811, 812, 813, 814, 815, 816, 817, 818, 819, 821, 822, 824, 826, 827, 828, 829, 832, 833, 834, 835, 836, 837, 838, 839, 840, 843, 845, 846, 847, 848, 849, 850, 851, 852, 853, 854, 855, 856, 857, 858, 859, 860, 861, 862, 866, 868, 869, 870, 871, 872, 873, 874, 875, 876, 877, 878, 879, 880, 881, 882, 885, 888, 889]
[4, 9, 16, 25, 33, 34, 44, 49, 53, 60, 61, 80, 85, 92, 101, 122, 133, 139, 143, 151, 156, 166, 172, 173, 178, 189, 204, 221, 230, 236, 248, 255, 272, 279, 281, 286, 292, 295, 331, 340, 341, 347, 356, 364, 376, 380, 398, 403, 405, 410, 416, 431, 435, 440, 447, 455, 488, 491, 493, 507, 516, 526, 541, 543, 569, 572, 574, 576, 578, 583, 594, 608, 610, 615, 616, 621, 625, 629, 635, 638, 641, 642, 655, 657, 667, 673, 677, 704, 706, 711, 712, 718, 732, 733, 740, 759, 766, 771, 790, 800, 801, 802, 808, 809, 812, 819, 826, 829, 834, 837, 838, 839, 844, 850, 852, 856, 861, 871, 873, 877, 881, 888]

[0, 2, 4, 5, 6, 8, 10, 13, 14, 15, 16, 17, 18, 20, 21, 22, 23, 25, 26, 27, 28, 29, 30, 31, 32, 33, 35, 36, 37, 38, 39, 40, 41, 42, 43, 44, 45, 46, 47, 48, 49, 51, 53, 54, 55, 56, 57, 60, 61, 62, 63, 65, 67, 69, 70, 71, 73, 74, 75, 76, 78, 79, 80, 81, 82, 83, 84, 85, 86, 90, 91, 92, 93, 94, 96, 99, 100, 102, 105, 106, 107, 108, 111, 112, 113, 115, 116, 117, 118, 119, 121, 123, 124, 125, 126, 127, 128, 130, 131, 132, 133, 135, 136, 137, 138, 139, 140, 142, 143, 144, 145, 148, 149, 150, 152, 154, 155, 157, 159, 162, 163, 164, 165, 166, 169, 170, 171, 172, 175, 176, 177, 178, 181, 183, 184, 185, 186, 187, 188, 189, 190, 191, 193, 195, 197, 199, 200, 202, 203, 204, 205, 206, 207, 209, 210, 211, 212, 213, 214, 215, 216, 217, 219, 220, 221, 222, 223, 224, 225, 226, 227, 228, 229, 230, 231, 232, 233, 234, 235, 237, 238, 239, 241, 242, 243, 245, 246, 247, 248, 249, 250, 251, 252, 253, 254, 255, 257, 258, 259, 260, 261, 262, 263, 264, 265, 266, 267, 268, 269, 270, 271, 272, 273, 274, 275, 276, 277, 280, 281, 282, 283, 284, 285, 286, 287, 288, 289, 292, 293, 294, 296, 297, 298, 299, 300, 301, 302, 303, 305, 306, 307, 308, 309, 310, 311, 312, 314, 315, 316, 317, 318, 320, 321, 322, 323, 324, 325, 326, 327, 328, 330, 331, 333, 334, 335, 337, 339, 341, 342, 343, 344, 345, 346, 348, 349, 350, 351, 352, 353, 354, 355, 356, 357, 358, 359, 360, 361, 363, 364, 365, 366, 367, 368, 369, 370, 372, 373, 374, 376, 377, 382, 383, 384, 385, 386, 387, 389, 390, 391, 392, 393, 394, 395, 396, 397, 398, 399, 400, 401, 402, 403, 406, 407, 408, 409, 411, 413, 415, 416, 417, 418, 419, 421, 422, 423, 424, 425, 426, 427, 428, 429, 430, 431, 432, 433, 434, 436, 437, 438, 440, 441, 443, 444, 445, 446, 447, 448, 449, 451, 452, 453, 454, 455, 456, 457, 458, 459, 460, 461, 462, 463, 464, 465, 466, 467, 468, 469, 470, 471, 472, 474, 477, 478, 479, 480, 481, 482, 483, 484, 485, 486, 487, 488, 489, 490, 491, 492, 493, 494, 495, 496, 497, 498, 499, 500, 501, 502, 503, 504, 505, 506, 507, 510, 511, 512, 517, 518, 519, 522, 523, 524, 526, 528, 529, 530, 531, 532, 533, 534, 535, 536, 537, 538, 539, 541, 543, 544, 545, 547, 548, 549, 550, 551, 552, 553, 554, 555, 556, 558, 559, 560, 562, 564, 565, 567, 568, 569, 570, 571, 572, 573, 574, 575, 577, 579, 580, 582, 583, 584, 585, 586, 587, 588, 589, 590, 591, 592, 593, 594, 595, 596, 597, 599, 600, 601, 602, 603, 604, 605, 606, 607, 609, 610, 611, 613, 616, 619, 620, 621, 622, 624, 626, 627, 628, 630, 632, 633, 635, 636, 637, 638, 639, 640, 641, 643, 644, 645, 646, 647, 648, 649, 651, 652, 653, 654, 655, 656, 658, 659, 660, 661, 662, 663, 666, 667, 669, 672, 674, 675, 676, 677, 678, 679, 681, 682, 684, 685, 687, 688, 689, 690, 692, 695, 696, 697, 698, 699, 700, 701, 702, 704, 705, 706, 707, 709, 710, 711, 712, 713, 714, 715, 718, 719, 720, 721, 722, 723, 724, 725, 726, 727, 728, 729, 730, 731, 732, 733, 734, 735, 736, 737, 738, 739, 740, 742, 743, 744, 745, 747, 749, 750, 751, 752, 753, 754, 755, 757, 758, 759, 761, 762, 765, 766, 767, 769, 771, 773, 775, 776, 777, 778, 779, 781, 782, 783, 784, 785, 786, 787, 788, 789, 791, 792, 793, 794, 795, 796, 797, 798, 799, 800, 801, 803, 805, 807, 808, 810, 811, 812, 813, 814, 815, 816, 817, 818, 819, 821, 822, 824, 826, 827, 828, 829, 832, 833, 834, 835, 836, 837, 838, 839, 840, 843, 845, 846, 847, 848, 849, 850, 851, 852, 853, 854, 855, 856, 857, 858, 859, 860, 861, 862, 866, 868, 869, 870, 871, 872, 873, 874, 875, 876, 877, 878, 879, 880, 881, 882, 885, 888, 889]
[4, 9, 16, 25, 33, 34, 44, 49, 53, 60, 61, 80, 85, 92, 101, 122, 133, 139, 143, 151, 156, 166, 172, 173, 178, 189, 204, 221, 230, 236, 248, 255, 272, 279, 281, 286, 292, 295, 331, 340, 341, 347, 356, 364, 376, 380, 398, 403, 405, 410, 416, 431, 435, 440, 447, 455, 488, 491, 493, 507, 516, 526, 541, 543, 569, 572, 574, 576, 578, 583, 594, 608, 610, 615, 616, 621, 625, 629, 635, 638, 641, 642, 655, 657, 667, 673, 677, 704, 706, 711, 712, 718, 732, 733, 740, 759, 766, 771, 790, 800, 801, 802, 808, 809, 812, 819, 826, 829, 834, 837, 838, 839, 844, 850, 852, 856, 861, 871, 873, 877, 881, 888]

[0, 2, 4, 5, 6, 8, 10, 13, 14, 15, 16, 17, 18, 20, 21, 22, 23, 25, 26, 27, 28, 29, 30, 31, 32, 33, 35, 36, 37, 38, 39, 40, 41, 42, 43, 44, 45, 46, 47, 48, 49, 51, 53, 54, 55, 56, 57, 59, 60, 61, 62, 63, 65, 67, 69, 70, 71, 73, 74, 75, 76, 78, 79, 80, 81, 82, 83, 84, 85, 86, 90, 91, 92, 93, 94, 96, 99, 100, 102, 105, 106, 107, 108, 111, 112, 113, 115, 116, 117, 118, 119, 121, 123, 124, 125, 126, 127, 128, 130, 131, 132, 133, 135, 136, 137, 138, 139, 140, 142, 143, 144, 145, 148, 149, 150, 152, 154, 155, 156, 157, 159, 160, 162, 163, 164, 165, 166, 169, 170, 171, 172, 175, 176, 177, 178, 181, 183, 184, 185, 186, 187, 188, 189, 190, 191, 193, 195, 197, 199, 200, 201, 202, 203, 204, 205, 206, 207, 209, 210, 211, 212, 213, 214, 215, 216, 217, 219, 220, 221, 222, 223, 224, 225, 226, 227, 228, 229, 230, 231, 232, 233, 234, 235, 237, 238, 239, 241, 242, 243, 244, 245, 246, 247, 248, 249, 250, 251, 252, 253, 254, 255, 257, 258, 259, 260, 261, 262, 263, 264, 265, 266, 267, 268, 269, 270, 271, 272, 273, 274, 275, 276, 277, 280, 281, 282, 283, 284, 285, 286, 287, 288, 289, 292, 293, 294, 296, 297, 298, 299, 300, 301, 302, 303, 305, 306, 307, 308, 309, 310, 311, 312, 314, 315, 316, 317, 318, 320, 321, 322, 323, 324, 325, 326, 327, 328, 330, 331, 333, 334, 335, 336, 337, 339, 341, 342, 343, 344, 345, 346, 347, 348, 349, 350, 351, 352, 353, 354, 355, 356, 357, 358, 359, 360, 361, 363, 364, 365, 366, 367, 368, 369, 370, 372, 373, 374, 376, 377, 382, 383, 384, 385, 386, 387, 389, 390, 391, 392, 393, 394, 395, 396, 397, 398, 399, 400, 401, 402, 403, 406, 407, 408, 409, 411, 413, 415, 416, 417, 418, 419, 421, 422, 423, 424, 425, 426, 427, 428, 429, 430, 431, 432, 433, 434, 436, 437, 438, 440, 441, 443, 444, 445, 446, 447, 448, 449, 451, 452, 453, 454, 455, 456, 457, 458, 459, 460, 461, 462, 463, 464, 465, 466, 467, 468, 469, 470, 471, 472, 474, 477, 478, 479, 480, 481, 482, 483, 484, 485, 486, 487, 488, 489, 490, 491, 492, 493, 494, 495, 496, 497, 498, 499, 500, 501, 502, 503, 504, 505, 506, 507, 509, 510, 511, 512, 513, 517, 518, 519, 522, 523, 524, 526, 528, 529, 530, 531, 532, 533, 534, 535, 536, 537, 538, 539, 540, 541, 542, 543, 544, 545, 546, 547, 548, 549, 550, 551, 552, 553, 554, 555, 556, 558, 559, 560, 561, 562, 564, 565, 566, 567, 568, 569, 570, 571, 572, 573, 574, 575, 577, 579, 580, 581, 582, 583, 584, 585, 586, 587, 588, 589, 590, 591, 592, 593, 594, 595, 596, 597, 598, 599, 600, 601, 602, 603, 604, 605, 606, 607, 609, 610, 611, 613, 616, 619, 620, 621, 622, 624, 625, 626, 627, 628, 630, 632, 633, 635, 636, 637, 638, 639, 640, 641, 643, 644, 645, 646, 647, 648, 649, 651, 652, 653, 654, 655, 656, 658, 659, 660, 661, 662, 663, 666, 667, 669, 671, 672, 674, 675, 676, 677, 678, 679, 681, 682, 684, 685, 687, 688, 689, 690, 691, 692, 693, 695, 696, 697, 698, 699, 700, 701, 702, 703, 704, 705, 706, 707, 708, 709, 710, 711, 712, 713, 714, 715, 718, 719, 720, 721, 722, 723, 724, 725, 726, 727, 728, 729, 730, 731, 732, 733, 734, 735, 736, 737, 738, 739, 740, 742, 743, 744, 745, 747, 749, 750, 751, 752, 753, 754, 755, 757, 758, 759, 761, 762, 765, 766, 767, 769, 771, 773, 775, 776, 777, 778, 779, 781, 782, 783, 784, 785, 786, 787, 788, 789, 791, 792, 793, 794, 795, 796, 797, 798, 799, 800, 801, 803, 805, 807, 808, 810, 811, 812, 813, 814, 815, 816, 817, 818, 819, 821, 822, 823, 824, 826, 827, 828, 829, 830, 832, 833, 834, 835, 836, 837, 838, 839, 840, 843, 845, 846, 847, 848, 849, 850, 851, 852, 853, 854, 855, 856, 857, 858, 859, 860, 861, 862, 863, 866, 868, 869, 870, 871, 872, 873, 874, 875, 876, 877, 878, 879, 880, 881, 882, 885, 888, 889]
[4, 9, 16, 25, 33, 34, 44, 49, 53, 60, 61, 80, 85, 92, 101, 122, 133, 139, 143, 151, 156, 166, 172, 173, 178, 189, 204, 221, 230, 236, 248, 255, 272, 279, 281, 286, 292, 295, 331, 340, 341, 347, 356, 364, 376, 380, 398, 403, 405, 410, 416, 431, 435, 440, 447, 455, 488, 491, 493, 507, 516, 526, 541, 543, 569, 572, 574, 576, 578, 583, 594, 608, 610, 615, 616, 621, 625, 629, 635, 638, 641, 642, 655, 657, 667, 673, 677, 704, 706, 711, 712, 718, 732, 733, 740, 759, 766, 771, 790, 800, 801, 802, 808, 809, 812, 819, 826, 829, 834, 837, 838, 839, 844, 850, 852, 856, 861, 871, 873, 877, 881, 888]

[0, 2, 3, 4, 5, 6, 8, 10, 13, 14, 15, 16, 17, 18, 20, 21, 22, 23, 25, 26, 27, 28, 29, 30, 31, 32, 33, 35, 36, 37, 38, 39, 40, 41, 42, 43, 44, 45, 46, 47, 48, 49, 51, 53, 54, 55, 56, 57, 58, 59, 60, 61, 62, 63, 65, 67, 68, 69, 70, 71, 73, 74, 75, 76, 78, 79, 80, 81, 82, 83, 84, 85, 86, 87, 90, 91, 92, 93, 94, 96, 98, 99, 100, 102, 105, 106, 107, 108, 111, 112, 113, 114, 115, 116, 117, 118, 119, 121, 123, 124, 125, 126, 127, 128, 130, 131, 132, 133, 135, 136, 137, 138, 139, 140, 142, 143, 144, 145, 148, 149, 150, 152, 154, 155, 156, 157, 159, 160, 162, 163, 164, 165, 166, 167, 169, 170, 171, 172, 175, 176, 177, 178, 181, 183, 184, 185, 186, 187, 188, 189, 190, 191, 193, 195, 197, 199, 200, 201, 202, 203, 204, 205, 206, 207, 209, 210, 211, 212, 213, 214, 215, 216, 217, 219, 220, 221, 222, 223, 224, 225, 226, 227, 228, 229, 230, 231, 232, 233, 234, 235, 236, 237, 238, 239, 241, 242, 243, 244, 245, 246, 247, 248, 249, 250, 251, 252, 253, 254, 255, 257, 258, 259, 260, 261, 262, 263, 264, 265, 266, 267, 268, 269, 270, 271, 272, 273, 274, 275, 276, 277, 279, 280, 281, 282, 283, 284, 285, 286, 287, 288, 289, 292, 293, 294, 296, 297, 298, 299, 300, 301, 302, 303, 305, 306, 307, 308, 309, 310, 311, 312, 314, 315, 316, 317, 318, 320, 321, 322, 323, 324, 325, 326, 327, 328, 330, 331, 333, 334, 335, 336, 337, 339, 341, 342, 343, 344, 345, 346, 347, 348, 349, 350, 351, 352, 353, 354, 355, 356, 357, 358, 359, 360, 361, 362, 363, 364, 365, 366, 367, 368, 369, 370, 372, 373, 374, 376, 377, 379, 382, 383, 384, 385, 386, 387, 389, 390, 391, 392, 393, 394, 395, 396, 397, 398, 399, 400, 401, 402, 403, 404, 405, 406, 407, 408, 409, 411, 412, 413, 415, 416, 417, 418, 419, 421, 422, 423, 424, 425, 426, 427, 428, 429, 430, 431, 432, 433, 434, 436, 437, 438, 440, 441, 443, 444, 445, 446, 447, 448, 449, 451, 452, 453, 454, 455, 456, 457, 458, 459, 460, 461, 462, 463, 464, 465, 466, 467, 468, 469, 470, 471, 472, 474, 475, 477, 478, 479, 480, 481, 482, 483, 484, 485, 486, 487, 488, 489, 490, 491, 492, 493, 494, 495, 496, 497, 498, 499, 500, 501, 502, 503, 504, 505, 506, 507, 508, 509, 510, 511, 512, 513, 515, 516, 517, 518, 519, 522, 523, 524, 526, 528, 529, 530, 531, 532, 533, 534, 535, 536, 537, 538, 539, 540, 541, 542, 543, 544, 545, 546, 547, 548, 549, 550, 551, 552, 553, 554, 555, 556, 558, 559, 560, 561, 562, 564, 565, 566, 567, 568, 569, 570, 571, 572, 573, 574, 575, 577, 579, 580, 581, 582, 583, 584, 585, 586, 587, 588, 589, 590, 591, 592, 593, 594, 595, 596, 597, 598, 599, 600, 601, 602, 603, 604, 605, 606, 607, 609, 610, 611, 613, 616, 619, 620, 621, 622, 623, 624, 625, 626, 627, 628, 630, 632, 633, 635, 636, 637, 638, 639, 640, 641, 643, 644, 645, 646, 647, 648, 649, 651, 652, 653, 654, 655, 656, 658, 659, 660, 661, 662, 663, 666, 667, 669, 670, 671, 672, 674, 675, 676, 677, 678, 679, 681, 682, 683, 684, 685, 687, 688, 689, 690, 691, 692, 693, 695, 696, 697, 698, 699, 700, 701, 702, 703, 704, 705, 706, 707, 708, 709, 710, 711, 712, 713, 714, 715, 718, 719, 720, 721, 722, 723, 724, 725, 726, 727, 728, 729, 730, 731, 732, 733, 734, 735, 736, 737, 738, 739, 740, 742, 743, 744, 745, 747, 749, 750, 751, 752, 753, 754, 755, 757, 758, 759, 761, 762, 765, 766, 767, 769, 771, 773, 775, 776, 777, 778, 779, 781, 782, 783, 784, 785, 786, 787, 788, 789, 791, 792, 793, 794, 795, 796, 797, 798, 799, 800, 801, 803, 805, 807, 808, 810, 811, 812, 813, 814, 815, 816, 817, 818, 819, 821, 822, 823, 824, 826, 827, 828, 829, 830, 832, 833, 834, 835, 836, 837, 838, 839, 840, 841, 843, 845, 846, 847, 848, 849, 850, 851, 852, 853, 854, 855, 856, 857, 858, 859, 860, 861, 862, 863, 865, 866, 868, 869, 870, 871, 872, 873, 874, 875, 876, 877, 878, 879, 880, 881, 882, 884, 885, 887, 888, 889]
[4, 9, 16, 25, 33, 34, 44, 49, 53, 60, 61, 80, 85, 92, 101, 122, 133, 139, 143, 151, 156, 166, 172, 173, 178, 189, 204, 221, 230, 236, 248, 255, 272, 279, 281, 286, 292, 295, 331, 340, 341, 347, 356, 364, 376, 380, 398, 403, 405, 410, 416, 431, 435, 440, 447, 455, 488, 491, 493, 507, 516, 526, 541, 543, 569, 572, 574, 576, 578, 583, 594, 608, 610, 615, 616, 621, 625, 629, 635, 638, 641, 642, 655, 657, 667, 673, 677, 704, 706, 711, 712, 718, 732, 733, 740, 759, 766, 771, 790, 800, 801, 802, 808, 809, 812, 819, 826, 829, 834, 837, 838, 839, 844, 850, 852, 856, 861, 871, 873, 877, 881, 888]

[0, 2, 3, 4, 5, 6, 8, 9, 10, 11, 13, 14, 15, 16, 17, 18, 20, 21, 22, 23, 24, 25, 26, 27, 28, 29, 30, 31, 32, 33, 34, 35, 36, 37, 38, 39, 40, 41, 42, 43, 44, 45, 46, 47, 48, 49, 50, 51, 53, 54, 55, 56, 57, 58, 59, 60, 61, 62, 63, 65, 67, 68, 69, 70, 71, 73, 74, 75, 76, 77, 78, 79, 80, 81, 82, 83, 84, 85, 86, 87, 90, 91, 92, 93, 94, 95, 96, 98, 99, 100, 102, 103, 105, 106, 107, 108, 111, 112, 113, 114, 115, 116, 117, 118, 119, 121, 123, 124, 125, 126, 127, 128, 130, 131, 132, 133, 135, 136, 137, 138, 139, 140, 142, 143, 144, 145, 148, 149, 150, 152, 154, 155, 156, 157, 159, 160, 162, 163, 164, 165, 166, 167, 169, 170, 171, 172, 174, 175, 176, 177, 178, 181, 183, 184, 185, 186, 187, 188, 189, 190, 191, 193, 195, 197, 199, 200, 201, 202, 203, 204, 205, 206, 207, 208, 209, 210, 211, 212, 213, 214, 215, 216, 217, 219, 220, 221, 222, 223, 224, 225, 226, 227, 228, 229, 230, 231, 232, 233, 234, 235, 236, 237, 238, 239, 241, 242, 243, 244, 245, 246, 247, 248, 249, 250, 251, 252, 253, 254, 255, 256, 257, 258, 259, 260, 261, 262, 263, 264, 265, 266, 267, 268, 269, 270, 271, 272, 273, 274, 275, 276, 277, 278, 279, 280, 281, 282, 283, 284, 285, 286, 287, 288, 289, 291, 292, 293, 294, 296, 297, 298, 299, 300, 301, 302, 303, 305, 306, 307, 308, 309, 310, 311, 312, 314, 315, 316, 317, 318, 319, 320, 321, 322, 323, 324, 325, 326, 327, 328, 330, 331, 332, 333, 334, 335, 336, 337, 339, 341, 342, 343, 344, 345, 346, 347, 348, 349, 350, 351, 352, 353, 354, 355, 356, 357, 358, 359, 360, 361, 362, 363, 364, 365, 366, 367, 368, 369, 370, 372, 373, 374, 375, 376, 377, 379, 382, 383, 384, 385, 386, 387, 389, 390, 391, 392, 393, 394, 395, 396, 397, 398, 399, 400, 401, 402, 403, 404, 405, 406, 407, 408, 409, 411, 412, 413, 415, 416, 417, 418, 419, 421, 422, 423, 424, 425, 426, 427, 428, 429, 430, 431, 432, 433, 434, 436, 437, 438, 440, 441, 443, 444, 445, 446, 447, 448, 449, 451, 452, 453, 454, 455, 456, 457, 458, 459, 460, 461, 462, 463, 464, 465, 466, 467, 468, 469, 470, 471, 472, 474, 475, 477, 478, 479, 480, 481, 482, 483, 484, 485, 486, 487, 488, 489, 490, 491, 492, 493, 494, 495, 496, 497, 498, 499, 500, 501, 502, 503, 504, 505, 506, 507, 508, 509, 510, 511, 512, 513, 515, 516, 517, 518, 519, 522, 523, 524, 526, 528, 529, 530, 531, 532, 533, 534, 535, 536, 537, 538, 539, 540, 541, 542, 543, 544, 545, 546, 547, 548, 549, 550, 551, 552, 553, 554, 555, 556, 558, 559, 560, 561, 562, 564, 565, 566, 567, 568, 569, 570, 571, 572, 573, 574, 575, 577, 578, 579, 580, 581, 582, 583, 584, 585, 586, 587, 588, 589, 590, 591, 592, 593, 594, 595, 596, 597, 598, 599, 600, 601, 602, 603, 604, 605, 606, 607, 609, 610, 611, 613, 615, 616, 618, 619, 620, 621, 622, 623, 624, 625, 626, 627, 628, 630, 632, 633, 635, 636, 637, 638, 639, 640, 641, 643, 644, 645, 646, 647, 648, 649, 651, 652, 653, 654, 655, 656, 658, 659, 660, 661, 662, 663, 665, 666, 667, 669, 670, 671, 672, 674, 675, 676, 677, 678, 679, 681, 682, 683, 684, 685, 687, 688, 689, 690, 691, 692, 693, 695, 696, 697, 698, 699, 700, 701, 702, 703, 704, 705, 706, 707, 708, 709, 710, 711, 712, 713, 714, 715, 718, 719, 720, 721, 722, 723, 724, 725, 726, 727, 728, 729, 730, 731, 732, 733, 734, 735, 736, 737, 738, 739, 740, 741, 742, 743, 744, 745, 747, 749, 750, 751, 752, 753, 754, 755, 756, 757, 758, 759, 761, 762, 765, 766, 767, 769, 771, 773, 775, 776, 777, 778, 779, 781, 782, 783, 784, 785, 786, 787, 788, 789, 791, 792, 793, 794, 795, 796, 797, 798, 799, 800, 801, 803, 805, 806, 807, 808, 809, 810, 811, 812, 813, 814, 815, 816, 817, 818, 819, 821, 822, 823, 824, 826, 827, 828, 829, 830, 832, 833, 834, 835, 836, 837, 838, 839, 840, 841, 843, 845, 846, 847, 848, 849, 850, 851, 852, 853, 854, 855, 856, 857, 858, 859, 860, 861, 862, 863, 865, 866, 868, 869, 870, 871, 872, 873, 874, 875, 876, 877, 878, 879, 880, 881, 882, 884, 885, 887, 888, 889]
[4, 9, 16, 25, 33, 34, 44, 49, 53, 60, 61, 80, 85, 92, 101, 122, 133, 139, 143, 151, 156, 166, 172, 173, 178, 189, 204, 221, 230, 236, 248, 255, 272, 279, 281, 286, 292, 295, 331, 340, 341, 347, 356, 364, 376, 380, 398, 403, 405, 410, 416, 431, 435, 440, 447, 455, 488, 491, 493, 507, 516, 526, 541, 543, 569, 572, 574, 576, 578, 583, 594, 608, 610, 615, 616, 621, 625, 629, 635, 638, 641, 642, 655, 657, 667, 673, 677, 704, 706, 711, 712, 718, 732, 733, 740, 759, 766, 771, 790, 800, 801, 802, 808, 809, 812, 819, 826, 829, 834, 837, 838, 839, 844, 850, 852, 856, 861, 871, 873, 877, 881, 888]

