[21, 68, 123, 171, 183, 316, 318, 431, 444, 559, 563, 567, 586, 594, 628, 636, 681, 692, 744, 814, 818, 840]
[4, 42, 103, 159, 181, 185, 193, 276, 290, 353, 372, 467, 521, 522, 712, 748, 752, 756, 832, 865, 870, 872]

[21, 68, 123, 171, 183, 316, 318, 431, 444, 559, 563, 567, 586, 594, 628, 636, 681, 692, 744, 814, 818, 840]
[4, 24, 32, 33, 39, 42, 57, 69, 74, 81, 88, 100, 101, 103, 120, 121, 132, 140, 150, 153, 159, 168, 177, 181, 185, 189, 191, 193, 199, 218, 232, 251, 254, 261, 270, 271, 276, 290, 295, 310, 331, 335, 336, 337, 353, 357, 363, 366, 372, 376, 390, 400, 402, 403, 411, 413, 422, 423, 436, 445, 452, 456, 467, 482, 484, 491, 492, 516, 521, 522, 534, 535, 537, 540, 545, 547, 550, 555, 565, 568, 574, 589, 593, 602, 619, 626, 644, 645, 650, 655, 657, 664, 669, 674, 676, 686, 688, 690, 695, 697, 712, 720, 740, 748, 752, 756, 765, 804, 813, 815, 822, 832, 848, 850, 852, 864, 865, 870, 872, 878, 884, 889]

[13, 21, 55, 68, 120, 123, 125, 171, 183, 193, 232, 253, 316, 318, 340, 347, 349, 383, 431, 443, 444, 449, 505, 528, 540, 554, 559, 563, 567, 586, 594, 628, 636, 641, 652, 669, 672, 681, 692, 705, 720, 744, 777, 781, 814, 818, 840]
[4, 24, 32, 33, 39, 42, 57, 69, 74, 81, 88, 100, 101, 103, 120, 121, 132, 140, 150, 153, 159, 168, 177, 181, 185, 189, 191, 193, 199, 218, 232, 251, 254, 261, 270, 271, 276, 290, 295, 310, 331, 335, 336, 337, 353, 357, 363, 366, 372, 376, 390, 400, 402, 403, 411, 413, 422, 423, 436, 445, 452, 456, 467, 482, 484, 491, 492, 516, 521, 522, 534, 535, 537, 540, 545, 547, 550, 555, 565, 568, 574, 589, 593, 602, 619, 626, 644, 645, 650, 655, 657, 664, 669, 674, 676, 686, 688, 690, 695, 697, 712, 720, 740, 748, 752, 756, 765, 804, 813, 815, 822, 832, 848, 850, 852, 864, 865, 870, 872, 878, 884, 889]

[13, 21, 53, 55, 68, 75, 80, 112, 120, 123, 125, 143, 171, 173, 183, 193, 196, 222, 227, 232, 253, 316, 318, 322, 334, 340, 347, 349, 383, 393, 402, 431, 436, 443, 444, 449, 455, 505, 519, 528, 540, 542, 554, 557, 559, 563, 567, 576, 586, 594, 628, 635, 636, 641, 652, 669, 672, 681, 692, 705, 717, 720, 742, 744, 752, 777, 781, 814, 818, 835, 840, 871]
[4, 24, 32, 33, 39, 42, 57, 69, 74, 81, 88, 100, 101, 103, 120, 121, 132, 140, 150, 153, 159, 168, 177, 181, 185, 189, 191, 193, 199, 218, 232, 251, 254, 261, 270, 271, 276, 290, 295, 310, 331, 335, 336, 337, 353, 357, 363, 366, 372, 376, 390, 400, 402, 403, 411, 413, 422, 423, 436, 445, 452, 456, 467, 482, 484, 491, 492, 516, 521, 522, 534, 535, 537, 540, 545, 547, 550, 555, 565, 568, 574, 589, 593, 602, 619, 626, 644, 645, 650, 655, 657, 664, 669, 674, 676, 686, 688, 690, 695, 697, 712, 720, 740, 748, 752, 756, 765, 804, 813, 815, 822, 832, 848, 850, 852, 864, 865, 870, 872, 878, 884, 889]

[13, 21, 24, 53, 55, 68, 75, 80, 112, 120, 123, 125, 143, 161, 168, 171, 173, 183, 193, 196, 222, 227, 231, 232, 253, 260, 304, 316, 318, 322, 334, 335, 340, 341, 347, 349, 383, 393, 402, 418, 429, 431, 436, 439, 443, 444, 449, 455, 464, 465, 505, 519, 528, 540, 542, 546, 554, 557, 559, 563, 567, 576, 586, 594, 596, 628, 635, 636, 641, 644, 646, 652, 661, 669, 672, 674, 681, 692, 705, 717, 719, 720, 740, 742, 744, 752, 777, 781, 798, 799, 814, 818, 835, 840, 855, 861, 871]
[4, 24, 32, 33, 39, 42, 57, 69, 74, 81, 88, 100, 101, 103, 120, 121, 132, 140, 150, 153, 159, 168, 177, 181, 185, 189, 191, 193, 199, 218, 232, 251, 254, 261, 270, 271, 276, 290, 295, 310, 331, 335, 336, 337, 353, 357, 363, 366, 372, 376, 390, 400, 402, 403, 411, 413, 422, 423, 436, 445, 452, 456, 467, 482, 484, 491, 492, 516, 521, 522, 534, 535, 537, 540, 545, 547, 550, 555, 565, 568, 574, 589, 593, 602, 619, 626, 644, 645, 650, 655, 657, 664, 669, 674, 676, 686, 688, 690, 695, 697, 712, 720, 740, 748, 752, 756, 765, 804, 813, 815, 822, 832, 848, 850, 852, 864, 865, 870, 872, 878, 884, 889]

[7, 13, 21, 24, 25, 32, 33, 53, 55, 56, 68, 71, 75, 80, 112, 120, 123, 125, 142, 143, 149, 161, 168, 171, 173, 183, 193, 195, 196, 222, 227, 231, 232, 250, 253, 260, 267, 269, 294, 304, 316, 318, 322, 325, 334, 335, 340, 341, 347, 349, 364, 383, 393, 402, 403, 418, 429, 431, 436, 439, 443, 444, 449, 455, 464, 465, 505, 519, 528, 540, 542, 546, 550, 554, 557, 559, 563, 567, 576, 586, 594, 596, 603, 628, 635, 636, 641, 644, 646, 652, 661, 668, 669, 672, 674, 681, 682, 691, 692, 698, 705, 710, 717, 719, 720, 740, 742, 744, 752, 777, 781, 793, 798, 799, 814, 818, 829, 835, 840, 842, 855, 860, 861, 871]
[4, 24, 32, 33, 39, 42, 57, 69, 74, 81, 88, 100, 101, 103, 120, 121, 132, 140, 150, 153, 159, 168, 177, 181, 185, 189, 191, 193, 199, 218, 232, 251, 254, 261, 270, 271, 276, 290, 295, 310, 331, 335, 336, 337, 353, 357, 363, 366, 372, 376, 390, 400, 402, 403, 411, 413, 422, 423, 436, 445, 452, 456, 467, 482, 484, 491, 492, 516, 521, 522, 534, 535, 537, 540, 545, 547, 550, 555, 565, 568, 574, 589, 593, 602, 619, 626, 644, 645, 650, 655, 657, 664, 669, 674, 676, 686, 688, 690, 695, 697, 712, 720, 740, 748, 752, 756, 765, 804, 813, 815, 822, 832, 848, 850, 852, 864, 865, 870, 872, 878, 884, 889]

[0, 7, 13, 21, 24, 25, 32, 33, 35, 53, 55, 56, 68, 71, 75, 80, 94, 110, 112, 120, 123, 125, 129, 142, 143, 145, 149, 161, 168, 171, 173, 180, 183, 193, 195, 196, 200, 222, 223, 227, 231, 232, 233, 247, 250, 253, 254, 260, 267, 269, 270, 293, 294, 304, 316, 318, 322, 325, 334, 335, 340, 341, 347, 348, 349, 364, 367, 383, 393, 395, 402, 403, 411, 416, 418, 423, 429, 431, 436, 439, 441, 443, 444, 447, 449, 455, 463, 464, 465, 497, 505, 519, 528, 540, 542, 546, 550, 554, 557, 559, 563, 567, 576, 586, 594, 596, 603, 616, 626, 628, 635, 636, 641, 644, 646, 652, 661, 666, 668, 669, 672, 674, 681, 682, 691, 692, 698, 705, 710, 717, 719, 720, 734, 740, 742, 744, 752, 777, 781, 790, 793, 798, 799, 808, 814, 818, 829, 835, 840, 842, 849, 855, 860, 861, 871]
[4, 24, 32, 33, 39, 42, 57, 69, 74, 81, 88, 100, 101, 103, 120, 121, 132, 140, 150, 153, 159, 168, 177, 181, 185, 189, 191, 193, 199, 218, 232, 251, 254, 261, 270, 271, 276, 290, 295, 310, 331, 335, 336, 337, 353, 357, 363, 366, 372, 376, 390, 400, 402, 403, 411, 413, 422, 423, 436, 445, 452, 456, 467, 482, 484, 491, 492, 516, 521, 522, 534, 535, 537, 540, 545, 547, 550, 555, 565, 568, 574, 589, 593, 602, 619, 626, 644, 645, 650, 655, 657, 664, 669, 674, 676, 686, 688, 690, 695, 697, 712, 720, 740, 748, 752, 756, 765, 804, 813, 815, 822, 832, 848, 850, 852, 864, 865, 870, 872, 878, 884, 889]

[0, 7, 13, 21, 24, 25, 32, 33, 35, 42, 53, 55, 56, 65, 68, 71, 75, 79, 80, 94, 108, 110, 112, 119, 120, 123, 125, 129, 135, 142, 143, 145, 149, 161, 168, 171, 173, 180, 183, 187, 193, 194, 195, 196, 200, 208, 212, 222, 223, 227, 231, 232, 233, 247, 250, 253, 254, 260, 267, 269, 270, 273, 293, 294, 301, 304, 316, 318, 322, 325, 334, 335, 340, 341, 347, 348, 349, 364, 367, 383, 393, 395, 399, 402, 403, 407, 411, 416, 418, 423, 429, 431, 436, 439, 441, 443, 444, 447, 449, 455, 457, 462, 463, 464, 465, 467, 497, 502, 505, 519, 528, 540, 542, 546, 550, 554, 557, 559, 563, 565, 567, 576, 586, 594, 596, 603, 616, 617, 626, 628, 635, 636, 641, 644, 646, 648, 652, 661, 664, 666, 668, 669, 670, 672, 674, 681, 682, 691, 692, 698, 701, 705, 710, 711, 717, 719, 720, 734, 740, 742, 744, 752, 756, 777, 781, 790, 793, 798, 799, 808, 814, 818, 829, 833, 835, 840, 842, 849, 855, 860, 861, 871]
[4, 24, 32, 33, 39, 42, 57, 69, 74, 81, 88, 100, 101, 103, 120, 121, 132, 140, 150, 153, 159, 168, 177, 181, 185, 189, 191, 193, 199, 218, 232, 251, 254, 261, 270, 271, 276, 290, 295, 310, 331, 335, 336, 337, 353, 357, 363, 366, 372, 376, 390, 400, 402, 403, 411, 413, 422, 423, 436, 445, 452, 456, 467, 482, 484, 491, 492, 516, 521, 522, 534, 535, 537, 540, 545, 547, 550, 555, 565, 568, 574, 589, 593, 602, 619, 626, 644, 645, 650, 655, 657, 664, 669, 674, 676, 686, 688, 690, 695, 697, 712, 720, 740, 748, 752, 756, 765, 804, 813, 815, 822, 832, 848, 850, 852, 864, 865, 870, 872, 878, 884, 889]

[0, 7, 13, 21, 24, 25, 32, 33, 35, 39, 42, 53, 55, 56, 63, 65, 68, 71, 75, 77, 79, 80, 94, 108, 110, 112, 119, 120, 123, 125, 129, 130, 135, 142, 143, 145, 149, 161, 168, 171, 173, 180, 183, 187, 193, 194, 195, 196, 200, 208, 212, 222, 223, 227, 231, 232, 233, 247, 250, 253, 254, 260, 267, 269, 270, 273, 277, 293, 294, 301, 304, 316, 318, 319, 321, 322, 325, 334, 335, 340, 341, 347, 348, 349, 364, 367, 383, 393, 395, 399, 402, 403, 407, 411, 416, 418, 423, 429, 431, 436, 439, 440, 441, 443, 444, 447, 449, 455, 456, 457, 460, 462, 463, 464, 465, 467, 474, 483, 486, 497, 502, 505, 517, 519, 523, 528, 540, 542, 546, 550, 552, 554, 557, 559, 563, 565, 567, 576, 586, 594, 595, 596, 603, 609, 616, 617, 626, 628, 635, 636, 641, 644, 646, 648, 652, 661, 664, 666, 668, 669, 670, 672, 674, 677, 681, 682, 691, 692, 698, 701, 705, 710, 711, 717, 719, 720, 734, 740, 742, 744, 750, 752, 756, 774, 777, 781, 790, 792, 793, 798, 799, 806, 808, 814, 818, 824, 829, 833, 835, 840, 842, 849, 855, 860, 861, 868, 871]
[4, 24, 32, 33, 39, 42, 57, 69, 74, 81, 88, 100, 101, 103, 120, 121, 132, 140, 150, 153, 159, 168, 177, 181, 185, 189, 191, 193, 199, 218, 232, 251, 254, 261, 270, 271, 276, 290, 295, 310, 331, 335, 336, 337, 353, 357, 363, 366, 372, 376, 390, 400, 402, 403, 411, 413, 422, 423, 436, 445, 452, 456, 467, 482, 484, 491, 492, 516, 521, 522, 534, 535, 537, 540, 545, 547, 550, 555, 565, 568, 574, 589, 593, 602, 619, 626, 644, 645, 650, 655, 657, 664, 669, 674, 676, 686, 688, 690, 695, 697, 712, 720, 740, 748, 752, 756, 765, 804, 813, 815, 822, 832, 848, 850, 852, 864, 865, 870, 872, 878, 884, 889]

[0, 6, 7, 13, 21, 24, 25, 27, 32, 33, 35, 39, 42, 50, 53, 55, 56, 63, 65, 68, 71, 73, 75, 77, 79, 80, 90, 94, 107, 108, 110, 112, 119, 120, 123, 125, 129, 130, 135, 139, 142, 143, 145, 149, 161, 168, 171, 173, 180, 183, 187, 192, 193, 194, 195, 196, 200, 208, 212, 222, 223, 227, 230, 231, 232, 233, 235, 247, 250, 253, 254, 260, 267, 269, 270, 273, 274, 277, 293, 294, 301, 304, 316, 318, 319, 321, 322, 325, 334, 335, 338, 340, 341, 347, 348, 349, 364, 367, 374, 383, 390, 393, 395, 399, 402, 403, 407, 411, 416, 418, 421, 423, 429, 431, 436, 439, 440, 441, 443, 444, 447, 449, 453, 455, 456, 457, 460, 462, 463, 464, 465, 467, 474, 483, 486, 497, 502, 505, 517, 519, 520, 523, 528, 540, 542, 543, 546, 550, 552, 554, 557, 559, 563, 565, 567, 576, 586, 588, 592, 594, 595, 596, 603, 609, 616, 617, 626, 628, 635, 636, 640, 641, 644, 646, 648, 652, 661, 664, 666, 668, 669, 670, 672, 674, 677, 681, 682, 687, 691, 692, 698, 701, 705, 710, 711, 717, 719, 720, 732, 734, 739, 740, 742, 744, 750, 752, 756, 771, 774, 777, 781, 790, 792, 793, 798, 799, 806, 808, 812, 814, 818, 824, 829, 833, 835, 840, 842, 849, 855, 860, 861, 868, 871, 873]
[4, 24, 32, 33, 39, 42, 57, 69, 74, 81, 88, 100, 101, 103, 120, 121, 132, 140, 150, 153, 159, 168, 177, 181, 185, 189, 191, 193, 199, 218, 232, 251, 254, 261, 270, 271, 276, 290, 295, 310, 331, 335, 336, 337, 353, 357, 363, 366, 372, 376, 390, 400, 402, 403, 411, 413, 422, 423, 436, 445, 452, 456, 467, 482, 484, 491, 492, 516, 521, 522, 534, 535, 537, 540, 545, 547, 550, 555, 565, 568, 574, 589, 593, 602, 619, 626, 644, 645, 650, 655, 657, 664, 669, 674, 676, 686, 688, 690, 695, 697, 712, 720, 740, 748, 752, 756, 765, 804, 813, 815, 822, 832, 848, 850, 852, 864, 865, 870, 872, 878, 884, 889]

[0, 6, 7, 13, 21, 24, 25, 27, 32, 33, 35, 39, 41, 42, 50, 53, 54, 55, 56, 63, 65, 66, 68, 71, 73, 75, 77, 79, 80, 90, 93, 94, 98, 107, 108, 110, 112, 119, 120, 123, 125, 129, 130, 135, 139, 142, 143, 145, 149, 161, 168, 169, 171, 173, 180, 183, 187, 192, 193, 194, 195, 196, 200, 208, 212, 222, 223, 227, 230, 231, 232, 233, 235, 244, 247, 250, 253, 254, 260, 267, 269, 270, 273, 274, 277, 284, 293, 294, 301, 304, 306, 316, 318, 319, 321, 322, 325, 327, 334, 335, 338, 340, 341, 347, 348, 349, 364, 367, 374, 383, 390, 393, 395, 399, 402, 403, 407, 411, 416, 418, 421, 423, 429, 431, 436, 439, 440, 441, 443, 444, 447, 449, 453, 455, 456, 457, 460, 462, 463, 464, 465, 467, 474, 481, 483, 486, 497, 501, 502, 505, 517, 519, 520, 523, 528, 539, 540, 542, 543, 546, 550, 552, 553, 554, 556, 557, 559, 563, 565, 567, 576, 579, 586, 588, 592, 594, 595, 596, 603, 609, 616, 617, 626, 628, 633, 635, 636, 640, 641, 642, 644, 646, 648, 652, 661, 664, 666, 668, 669, 670, 672, 674, 675, 677, 681, 682, 684, 685, 687, 691, 692, 698, 701, 705, 709, 710, 711, 717, 719, 720, 724, 732, 734, 736, 739, 740, 742, 744, 750, 752, 756, 771, 774, 776, 777, 781, 790, 792, 793, 798, 799, 806, 808, 812, 814, 818, 824, 829, 833, 835, 840, 842, 849, 855, 860, 861, 868, 871, 873]
[4, 24, 32, 33, 39, 42, 57, 69, 74, 81, 88, 100, 101, 103, 120, 121, 132, 140, 150, 153, 159, 168, 177, 181, 185, 189, 191, 193, 199, 218, 232, 251, 254, 261, 270, 271, 276, 290, 295, 310, 331, 335, 336, 337, 353, 357, 363, 366, 372, 376, 390, 400, 402, 403, 411, 413, 422, 423, 436, 445, 452, 456, 467, 482, 484, 491, 492, 516, 521, 522, 534, 535, 537, 540, 545, 547, 550, 555, 565, 568, 574, 589, 593, 602, 619, 626, 644, 645, 650, 655, 657, 664, 669, 674, 676, 686, 688, 690, 695, 697, 712, 720, 740, 748, 752, 756, 765, 804, 813, 815, 822, 832, 848, 850, 852, 864, 865, 870, 872, 878, 884, 889]

[0, 6, 7, 13, 21, 24, 25, 27, 32, 33, 35, 39, 41, 42, 50, 53, 54, 55, 56, 57, 59, 63, 65, 66, 68, 71, 73, 75, 77, 79, 80, 90, 93, 94, 98, 107, 108, 110, 112, 119, 120, 123, 125, 126, 129, 130, 135, 139, 142, 143, 145, 149, 161, 168, 169, 171, 173, 176, 180, 183, 187, 192, 193, 194, 195, 196, 200, 208, 212, 222, 223, 227, 230, 231, 232, 233, 235, 244, 247, 250, 253, 254, 260, 264, 267, 269, 270, 273, 274, 277, 284, 293, 294, 301, 304, 306, 313, 316, 318, 319, 321, 322, 325, 327, 334, 335, 338, 340, 341, 347, 348, 349, 350, 353, 364, 367, 374, 383, 390, 393, 395, 399, 401, 402, 403, 407, 411, 416, 418, 421, 423, 425, 429, 431, 436, 439, 440, 441, 443, 444, 447, 449, 453, 455, 456, 457, 460, 462, 463, 464, 465, 467, 469, 474, 481, 483, 486, 497, 501, 502, 505, 515, 517, 519, 520, 523, 528, 533, 539, 540, 542, 543, 546, 549, 550, 552, 553, 554, 556, 557, 559, 563, 565, 567, 569, 576, 579, 585, 586, 588, 592, 594, 595, 596, 603, 609, 616, 617, 626, 628, 633, 635, 636, 637, 639, 640, 641, 642, 644, 646, 648, 652, 661, 664, 666, 668, 669, 670, 671, 672, 674, 675, 677, 678, 679, 681, 682, 684, 685, 687, 691, 692, 696, 697, 698, 701, 705, 709, 710, 711, 717, 719, 720, 724, 732, 734, 736, 739, 740, 742, 744, 750, 752, 756, 771, 774, 776, 777, 781, 790, 792, 793, 798, 799, 806, 808, 812, 814, 817, 818, 824, 829, 833, 835, 840, 842, 849, 855, 856, 860, 861, 868, 871, 873]
[4, 24, 32, 33, 39, 42, 57, 69, 74, 81, 88, 100, 101, 103, 120, 121, 132, 140, 150, 153, 159, 168, 177, 181, 185, 189, 191, 193, 199, 218, 232, 251, 254, 261, 270, 271, 276, 290, 295, 310, 331, 335, 336, 337, 353, 357, 363, 366, 372, 376, 390, 400, 402, 403, 411, 413, 422, 423, 436, 445, 452, 456, 467, 482, 484, 491, 492, 516, 521, 522, 534, 535, 537, 540, 545, 547, 550, 555, 565, 568, 574, 589, 593, 602, 619, 626, 644, 645, 650, 655, 657, 664, 669, 674, 676, 686, 688, 690, 695, 697, 712, 720, 740, 748, 752, 756, 765, 804, 813, 815, 822, 832, 848, 850, 852, 864, 865, 870, 872, 878, 884, 889]

[0, 6, 7, 13, 21, 24, 25, 27, 32, 33, 35, 39, 41, 42, 50, 53, 54, 55, 56, 57, 59, 63, 65, 66, 68, 71, 73, 75, 77, 79, 80, 81, 90, 93, 94, 98, 102, 107, 108, 110, 112, 119, 120, 123, 125, 126, 129, 130, 133, 135, 136, 139, 142, 143, 145, 149, 155, 161, 164, 165, 166, 168, 169, 171, 173, 176, 180, 183, 187, 192, 193, 194, 195, 196, 197, 200, 208, 212, 221, 222, 223, 227, 230, 231, 232, 233, 235, 244, 247, 250, 253, 254, 260, 264, 267, 269, 270, 273, 274, 277, 284, 293, 294, 301, 304, 306, 313, 315, 316, 318, 319, 321, 322, 325, 326, 327, 334, 335, 338, 340, 341, 347, 348, 349, 350, 353, 364, 367, 374, 383, 390, 393, 395, 399, 401, 402, 403, 407, 411, 416, 418, 420, 421, 423, 425, 429, 431, 434, 436, 439, 440, 441, 443, 444, 447, 449, 453, 455, 456, 457, 460, 462, 463, 464, 465, 467, 469, 474, 481, 483, 486, 497, 501, 502, 505, 515, 517, 519, 520, 523, 528, 533, 539, 540, 542, 543, 546, 549, 550, 552, 553, 554, 556, 557, 559, 563, 565, 567, 569, 576, 579, 585, 586, 587, 588, 592, 594, 595, 596, 602, 603, 609, 616, 617, 621, 626, 627, 628, 633, 635, 636, 637, 639, 640, 641, 642, 644, 646, 648, 652, 655, 661, 664, 665, 666, 668, 669, 670, 671, 672, 674, 675, 677, 678, 679, 681, 682, 684, 685, 687, 691, 692, 696, 697, 698, 701, 705, 709, 710, 711, 717, 719, 720, 724, 732, 734, 736, 737, 739, 740, 742, 744, 747, 750, 752, 755, 756, 759, 771, 774, 776, 777, 781, 790, 792, 793, 798, 799, 806, 808, 812, 814, 817, 818, 824, 829, 833, 835, 840, 842, 849, 850, 855, 856, 860, 861, 868, 871, 873]
[4, 24, 32, 33, 39, 42, 57, 69, 74, 81, 88, 100, 101, 103, 120, 121, 132, 140, 150, 153, 159, 168, 177, 181, 185, 189, 191, 193, 199, 218, 232, 251, 254, 261, 270, 271, 276, 290, 295, 310, 331, 335, 336, 337, 353, 357, 363, 366, 372, 376, 390, 400, 402, 403, 411, 413, 422, 423, 436, 445, 452, 456, 467, 482, 484, 491, 492, 516, 521, 522, 534, 535, 537, 540, 545, 547, 550, 555, 565, 568, 574, 589, 593, 602, 619, 626, 644, 645, 650, 655, 657, 664, 669, 674, 676, 686, 688, 690, 695, 697, 712, 720, 740, 748, 752, 756, 765, 804, 813, 815, 822, 832, 848, 850, 852, 864, 865, 870, 872, 878, 884, 889]

[0, 5, 6, 7, 13, 19, 21, 24, 25, 27, 32, 33, 35, 39, 41, 42, 50, 53, 54, 55, 56, 57, 59, 63, 65, 66, 68, 71, 73, 75, 77, 79, 80, 81, 90, 91, 93, 94, 98, 102, 107, 108, 110, 112, 119, 120, 123, 125, 126, 129, 130, 133, 135, 136, 137, 139, 142, 143, 145, 149, 155, 161, 163, 164, 165, 166, 168, 169, 171, 173, 176, 180, 183, 187, 192, 193, 194, 195, 196, 197, 200, 208, 212, 219, 221, 222, 223, 227, 230, 231, 232, 233, 235, 244, 246, 247, 250, 253, 254, 260, 261, 263, 264, 267, 269, 270, 273, 274, 275, 277, 284, 293, 294, 301, 304, 306, 313, 315, 316, 318, 319, 321, 322, 325, 326, 327, 334, 335, 338, 340, 341, 347, 348, 349, 350, 353, 359, 364, 367, 374, 383, 384, 390, 393, 395, 396, 399, 401, 402, 403, 407, 411, 416, 418, 420, 421, 423, 425, 429, 431, 434, 436, 439, 440, 441, 443, 444, 447, 449, 453, 455, 456, 457, 460, 462, 463, 464, 465, 466, 467, 469, 471, 474, 475, 481, 483, 486, 497, 501, 502, 505, 511, 515, 516, 517, 519, 520, 521, 523, 528, 533, 539, 540, 542, 543, 546, 549, 550, 552, 553, 554, 556, 557, 559, 563, 565, 567, 569, 576, 579, 585, 586, 587, 588, 592, 594, 595, 596, 602, 603, 606, 609, 616, 617, 621, 626, 627, 628, 633, 635, 636, 637, 639, 640, 641, 642, 644, 646, 648, 652, 655, 661, 664, 665, 666, 668, 669, 670, 671, 672, 673, 674, 675, 676, 677, 678, 679, 681, 682, 684, 685, 687, 691, 692, 696, 697, 698, 701, 705, 708, 709, 710, 711, 717, 719, 720, 724, 732, 734, 736, 737, 739, 740, 742, 744, 747, 750, 752, 755, 756, 759, 771, 772, 774, 776, 777, 781, 783, 790, 792, 793, 794, 798, 799, 806, 808, 812, 814, 817, 818, 824, 829, 833, 835, 840, 842, 849, 850, 855, 856, 860, 861, 868, 871, 873]
[4, 24, 32, 33, 39, 42, 57, 69, 74, 81, 88, 100, 101, 103, 120, 121, 132, 140, 150, 153, 159, 168, 177, 181, 185, 189, 191, 193, 199, 218, 232, 251, 254, 261, 270, 271, 276, 290, 295, 310, 331, 335, 336, 337, 353, 357, 363, 366, 372, 376, 390, 400, 402, 403, 411, 413, 422, 423, 436, 445, 452, 456, 467, 482, 484, 491, 492, 516, 521, 522, 534, 535, 537, 540, 545, 547, 550, 555, 565, 568, 574, 589, 593, 602, 619, 626, 644, 645, 650, 655, 657, 664, 669, 674, 676, 686, 688, 690, 695, 697, 712, 720, 740, 748, 752, 756, 765, 804, 813, 815, 822, 832, 848, 850, 852, 864, 865, 870, 872, 878, 884, 889]

[0, 5, 6, 7, 10, 13, 19, 21, 24, 25, 27, 32, 33, 35, 39, 41, 42, 44, 50, 53, 54, 55, 56, 57, 59, 63, 65, 66, 68, 71, 73, 75, 77, 79, 80, 81, 90, 91, 93, 94, 98, 102, 107, 108, 110, 112, 119, 120, 123, 125, 126, 129, 130, 133, 135, 136, 137, 139, 142, 143, 145, 149, 155, 161, 163, 164, 165, 166, 168, 169, 171, 173, 176, 180, 183, 187, 192, 193, 194, 195, 196, 197, 200, 208, 212, 219, 221, 222, 223, 227, 230, 231, 232, 233, 235, 244, 246, 247, 250, 253, 254, 260, 261, 263, 264, 267, 269, 270, 272, 273, 274, 275, 277, 284, 293, 294, 301, 304, 306, 313, 314, 315, 316, 318, 319, 321, 322, 325, 326, 327, 329, 334, 335, 338, 340, 341, 345, 346, 347, 348, 349, 350, 351, 353, 358, 359, 364, 367, 371, 374, 381, 383, 384, 387, 390, 393, 395, 396, 399, 401, 402, 403, 407, 411, 416, 418, 420, 421, 423, 425, 429, 431, 434, 436, 439, 440, 441, 443, 444, 447, 449, 453, 455, 456, 457, 460, 462, 463, 464, 465, 466, 467, 469, 471, 474, 475, 481, 483, 486, 497, 500, 501, 502, 505, 511, 515, 516, 517, 519, 520, 521, 523, 528, 533, 539, 540, 542, 543, 546, 549, 550, 552, 553, 554, 556, 557, 559, 562, 563, 565, 567, 569, 570, 572, 576, 579, 585, 586, 587, 588, 592, 594, 595, 596, 602, 603, 606, 609, 616, 617, 621, 626, 627, 628, 633, 635, 636, 637, 639, 640, 641, 642, 644, 646, 648, 652, 655, 661, 664, 665, 666, 668, 669, 670, 671, 672, 673, 674, 675, 676, 677, 678, 679, 681, 682, 684, 685, 687, 691, 692, 696, 697, 698, 701, 705, 708, 709, 710, 711, 717, 719, 720, 724, 731, 732, 734, 736, 737, 739, 740, 742, 744, 747, 750, 752, 755, 756, 759, 766, 767, 771, 772, 774, 776, 777, 781, 783, 790, 792, 793, 794, 798, 799, 806, 808, 812, 814, 817, 818, 822, 824, 825, 829, 833, 835, 839, 840, 842, 849, 850, 855, 856, 857, 860, 861, 866, 868, 871, 873, 883]
[4, 24, 32, 33, 39, 42, 57, 69, 74, 81, 88, 100, 101, 103, 120, 121, 132, 140, 150, 153, 159, 168, 177, 181, 185, 189, 191, 193, 199, 218, 232, 251, 254, 261, 270, 271, 276, 290, 295, 310, 331, 335, 336, 337, 353, 357, 363, 366, 372, 376, 390, 400, 402, 403, 411, 413, 422, 423, 436, 445, 452, 456, 467, 482, 484, 491, 492, 516, 521, 522, 534, 535, 537, 540, 545, 547, 550, 555, 565, 568, 574, 589, 593, 602, 619, 626, 644, 645, 650, 655, 657, 664, 669, 674, 676, 686, 688, 690, 695, 697, 712, 720, 740, 748, 752, 756, 765, 804, 813, 815, 822, 832, 848, 850, 852, 864, 865, 870, 872, 878, 884, 889]

[0, 5, 6, 7, 10, 13, 19, 21, 24, 25, 27, 31, 32, 33, 35, 39, 41, 42, 44, 50, 53, 54, 55, 56, 57, 59, 61, 63, 65, 66, 68, 71, 73, 75, 76, 77, 79, 80, 81, 90, 91, 93, 94, 98, 102, 107, 108, 110, 111, 112, 119, 120, 121, 123, 125, 126, 129, 130, 133, 135, 136, 137, 139, 140, 142, 143, 145, 149, 155, 157, 161, 163, 164, 165, 166, 168, 169, 170, 171, 173, 176, 180, 183, 185, 187, 192, 193, 194, 195, 196, 197, 200, 208, 209, 212, 219, 221, 222, 223, 227, 230, 231, 232, 233, 235, 244, 246, 247, 250, 253, 254, 255, 260, 261, 263, 264, 267, 269, 270, 272, 273, 274, 275, 277, 284, 293, 294, 295, 301, 304, 306, 313, 314, 315, 316, 318, 319, 321, 322, 325, 326, 327, 329, 334, 335, 338, 340, 341, 345, 346, 347, 348, 349, 350, 351, 353, 358, 359, 364, 367, 371, 374, 375, 381, 383, 384, 386, 387, 390, 393, 395, 396, 399, 401, 402, 403, 405, 407, 411, 416, 418, 419, 420, 421, 423, 425, 429, 431, 433, 434, 436, 439, 440, 441, 443, 444, 447, 449, 453, 455, 456, 457, 460, 462, 463, 464, 465, 466, 467, 469, 471, 474, 475, 476, 481, 483, 486, 497, 500, 501, 502, 505, 511, 515, 516, 517, 519, 520, 521, 523, 528, 532, 533, 539, 540, 542, 543, 546, 549, 550, 552, 553, 554, 556, 557, 559, 562, 563, 565, 567, 569, 570, 572, 576, 579, 584, 585, 586, 587, 588, 592, 594, 595, 596, 602, 603, 606, 609, 616, 617, 621, 626, 627, 628, 633, 635, 636, 637, 639, 640, 641, 642, 644, 646, 648, 652, 655, 658, 661, 664, 665, 666, 668, 669, 670, 671, 672, 673, 674, 675, 676, 677, 678, 679, 681, 682, 684, 685, 687, 691, 692, 696, 697, 698, 701, 705, 708, 709, 710, 711, 715, 717, 719, 720, 724, 726, 731, 732, 734, 736, 737, 739, 740, 742, 744, 747, 750, 752, 755, 756, 759, 763, 766, 767, 771, 772, 774, 776, 777, 781, 783, 790, 792, 793, 794, 798, 799, 806, 808, 812, 814, 817, 818, 822, 824, 825, 829, 833, 835, 839, 840, 842, 849, 850, 855, 856, 857, 860, 861, 864, 866, 868, 871, 873, 883]
[4, 24, 32, 33, 39, 42, 57, 69, 74, 81, 88, 100, 101, 103, 120, 121, 132, 140, 150, 153, 159, 168, 177, 181, 185, 189, 191, 193, 199, 218, 232, 251, 254, 261, 270, 271, 276, 290, 295, 310, 331, 335, 336, 337, 353, 357, 363, 366, 372, 376, 390, 400, 402, 403, 411, 413, 422, 423, 436, 445, 452, 456, 467, 482, 484, 491, 492, 516, 521, 522, 534, 535, 537, 540, 545, 547, 550, 555, 565, 568, 574, 589, 593, 602, 619, 626, 644, 645, 650, 655, 657, 664, 669, 674, 676, 686, 688, 690, 695, 697, 712, 720, 740, 748, 752, 756, 765, 804, 813, 815, 822, 832, 848, 850, 852, 864, 865, 870, 872, 878, 884, 889]

[0, 5, 6, 7, 10, 13, 19, 21, 24, 25, 27, 31, 32, 33, 35, 39, 41, 42, 44, 50, 53, 54, 55, 56, 57, 58, 59, 61, 63, 65, 66, 68, 71, 73, 75, 76, 77, 79, 80, 81, 85, 90, 91, 93, 94, 98, 102, 107, 108, 110, 111, 112, 114, 119, 120, 121, 123, 125, 126, 129, 130, 133, 135, 136, 137, 139, 140, 142, 143, 145, 149, 152, 155, 157, 161, 163, 164, 165, 166, 168, 169, 170, 171, 173, 176, 180, 183, 185, 186, 187, 189, 192, 193, 194, 195, 196, 197, 199, 200, 208, 209, 212, 219, 221, 222, 223, 227, 230, 231, 232, 233, 235, 243, 244, 246, 247, 250, 253, 254, 255, 260, 261, 263, 264, 266, 267, 269, 270, 272, 273, 274, 275, 277, 284, 293, 294, 295, 301, 304, 306, 313, 314, 315, 316, 318, 319, 321, 322, 325, 326, 327, 329, 334, 335, 338, 340, 341, 345, 346, 347, 348, 349, 350, 351, 352, 353, 358, 359, 364, 365, 367, 370, 371, 374, 375, 381, 383, 384, 386, 387, 390, 393, 395, 396, 399, 401, 402, 403, 405, 407, 411, 416, 418, 419, 420, 421, 423, 425, 429, 431, 433, 434, 436, 439, 440, 441, 443, 444, 447, 449, 451, 453, 455, 456, 457, 460, 462, 463, 464, 465, 466, 467, 469, 471, 474, 475, 476, 481, 483, 484, 486, 497, 500, 501, 502, 505, 507, 511, 515, 516, 517, 519, 520, 521, 522, 523, 528, 532, 533, 539, 540, 542, 543, 546, 548, 549, 550, 552, 553, 554, 556, 557, 559, 562, 563, 565, 567, 569, 570, 572, 576, 579, 584, 585, 586, 587, 588, 592, 594, 595, 596, 602, 603, 606, 609, 613, 616, 617, 621, 626, 627, 628, 633, 635, 636, 637, 639, 640, 641, 642, 644, 646, 648, 652, 655, 658, 661, 664, 665, 666, 668, 669, 670, 671, 672, 673, 674, 675, 676, 677, 678, 679, 681, 682, 684, 685, 687, 691, 692, 696, 697, 698, 701, 704, 705, 708, 709, 710, 711, 715, 717, 719, 720, 724, 726, 731, 732, 734, 736, 737, 739, 740, 742, 744, 747, 750, 752, 755, 756, 759, 763, 766, 767, 771, 772, 774, 776, 777, 781, 783, 790, 792, 793, 794, 798, 799, 803, 806, 808, 812, 814, 817, 818, 821, 822, 824, 825, 829, 833, 835, 838, 839, 840, 842, 849, 850, 851, 855, 856, 857, 860, 861, 863, 864, 866, 868, 871, 873, 880, 883]
[4, 24, 32, 33, 39, 42, 57, 69, 74, 81, 88, 100, 101, 103, 120, 121, 132, 140, 150, 153, 159, 168, 177, 181, 185, 189, 191, 193, 199, 218, 232, 251, 254, 261, 270, 271, 276, 290, 295, 310, 331, 335, 336, 337, 353, 357, 363, 366, 372, 376, 390, 400, 402, 403, 411, 413, 422, 423, 436, 445, 452, 456, 467, 482, 484, 491, 492, 516, 521, 522, 534, 535, 537, 540, 545, 547, 550, 555, 565, 568, 574, 589, 593, 602, 619, 626, 644, 645, 650, 655, 657, 664, 669, 674, 676, 686, 688, 690, 695, 697, 712, 720, 740, 748, 752, 756, 765, 804, 813, 815, 822, 832, 848, 850, 852, 864, 865, 870, 872, 878, 884, 889]

[0, 3, 5, 6, 7, 10, 13, 19, 21, 24, 25, 26, 27, 31, 32, 33, 35, 39, 41, 42, 44, 50, 53, 54, 55, 56, 57, 58, 59, 61, 63, 65, 66, 67, 68, 71, 73, 75, 76, 77, 79, 80, 81, 85, 90, 91, 93, 94, 98, 102, 107, 108, 109, 110, 111, 112, 114, 119, 120, 121, 123, 125, 126, 129, 130, 133, 135, 136, 137, 139, 140, 142, 143, 145, 149, 152, 155, 157, 159, 161, 163, 164, 165, 166, 168, 169, 170, 171, 173, 176, 180, 183, 185, 186, 187, 189, 192, 193, 194, 195, 196, 197, 199, 200, 202, 208, 209, 211, 212, 219, 221, 222, 223, 227, 230, 231, 232, 233, 235, 243, 244, 246, 247, 250, 253, 254, 255, 260, 261, 263, 264, 266, 267, 269, 270, 272, 273, 274, 275, 277, 284, 288, 293, 294, 295, 301, 304, 306, 313, 314, 315, 316, 318, 319, 321, 322, 325, 326, 327, 329, 334, 335, 338, 340, 341, 343, 345, 346, 347, 348, 349, 350, 351, 352, 353, 358, 359, 362, 364, 365, 367, 370, 371, 374, 375, 381, 383, 384, 386, 387, 390, 393, 395, 396, 397, 399, 401, 402, 403, 405, 407, 411, 416, 418, 419, 420, 421, 423, 425, 429, 431, 433, 434, 436, 439, 440, 441, 443, 444, 446, 447, 449, 451, 453, 455, 456, 457, 460, 462, 463, 464, 465, 466, 467, 469, 471, 474, 475, 476, 481, 483, 484, 486, 497, 500, 501, 502, 505, 507, 511, 515, 516, 517, 519, 520, 521, 522, 523, 528, 532, 533, 539, 540, 542, 543, 545, 546, 548, 549, 550, 552, 553, 554, 556, 557, 559, 562, 563, 565, 567, 569, 570, 571, 572, 576, 579, 583, 584, 585, 586, 587, 588, 592, 594, 595, 596, 602, 603, 606, 609, 613, 616, 617, 621, 626, 627, 628, 633, 635, 636, 637, 639, 640, 641, 642, 644, 646, 648, 650, 652, 655, 658, 659, 661, 663, 664, 665, 666, 668, 669, 670, 671, 672, 673, 674, 675, 676, 677, 678, 679, 681, 682, 684, 685, 687, 691, 692, 696, 697, 698, 701, 704, 705, 707, 708, 709, 710, 711, 715, 717, 719, 720, 724, 726, 731, 732, 734, 736, 737, 739, 740, 742, 744, 745, 747, 749, 750, 752, 753, 755, 756, 759, 763, 766, 767, 769, 771, 772, 774, 776, 777, 781, 783, 790, 792, 793, 794, 795, 798, 799, 803, 806, 808, 812, 814, 817, 818, 821, 822, 824, 825, 829, 830, 833, 835, 838, 839, 840, 842, 849, 850, 851, 855, 856, 857, 860, 861, 863, 864, 866, 868, 871, 873, 880, 883]
[4, 24, 32, 33, 39, 42, 57, 69, 74, 81, 88, 100, 101, 103, 120, 121, 132, 140, 150, 153, 159, 168, 177, 181, 185, 189, 191, 193, 199, 218, 232, 251, 254, 261, 270, 271, 276, 290, 295, 310, 331, 335, 336, 337, 353, 357, 363, 366, 372, 376, 390, 400, 402, 403, 411, 413, 422, 423, 436, 445, 452, 456, 467, 482, 484, 491, 492, 516, 521, 522, 534, 535, 537, 540, 545, 547, 550, 555, 565, 568, 574, 589, 593, 602, 619, 626, 644, 645, 650, 655, 657, 664, 669, 674, 676, 686, 688, 690, 695, 697, 712, 720, 740, 748, 752, 756, 765, 804, 813, 815, 822, 832, 848, 850, 852, 864, 865, 870, 872, 878, 884, 889]

[0, 3, 4, 5, 6, 7, 10, 13, 14, 19, 21, 22, 24, 25, 26, 27, 31, 32, 33, 35, 39, 41, 42, 44, 50, 53, 54, 55, 56, 57, 58, 59, 61, 62, 63, 65, 66, 67, 68, 71, 73, 75, 76, 77, 79, 80, 81, 85, 90, 91, 93, 94, 97, 98, 102, 107, 108, 109, 110, 111, 112, 114, 119, 120, 121, 123, 125, 126, 129, 130, 133, 135, 136, 137, 138, 139, 140, 142, 143, 145, 149, 152, 155, 157, 159, 161, 163, 164, 165, 166, 168, 169, 170, 171, 173, 176, 180, 182, 183, 185, 186, 187, 189, 192, 193, 194, 195, 196, 197, 199, 200, 202, 207, 208, 209, 211, 212, 219, 221, 222, 223, 226, 227, 230, 231, 232, 233, 235, 243, 244, 246, 247, 250, 253, 254, 255, 260, 261, 263, 264, 266, 267, 269, 270, 272, 273, 274, 275, 277, 284, 288, 290, 293, 294, 295, 299, 301, 304, 306, 313, 314, 315, 316, 318, 319, 321, 322, 325, 326, 327, 329, 334, 335, 338, 340, 341, 343, 345, 346, 347, 348, 349, 350, 351, 352, 353, 358, 359, 362, 364, 365, 367, 370, 371, 374, 375, 381, 383, 384, 386, 387, 390, 393, 395, 396, 397, 399, 400, 401, 402, 403, 405, 407, 411, 416, 418, 419, 420, 421, 423, 425, 429, 431, 433, 434, 436, 439, 440, 441, 442, 443, 444, 446, 447, 449, 451, 453, 455, 456, 457, 460, 462, 463, 464, 465, 466, 467, 469, 471, 473, 474, 475, 476, 477, 481, 483, 484, 486, 497, 500, 501, 502, 505, 507, 511, 515, 516, 517, 519, 520, 521, 522, 523, 528, 532, 533, 534, 536, 539, 540, 542, 543, 545, 546, 548, 549, 550, 552, 553, 554, 556, 557, 559, 562, 563, 565, 567, 569, 570, 571, 572, 576, 579, 583, 584, 585, 586, 587, 588, 592, 594, 595, 596, 602, 603, 606, 609, 613, 616, 617, 621, 626, 627, 628, 633, 635, 636, 637, 639, 640, 641, 642, 644, 646, 648, 650, 652, 654, 655, 658, 659, 660, 661, 663, 664, 665, 666, 668, 669, 670, 671, 672, 673, 674, 675, 676, 677, 678, 679, 681, 682, 684, 685, 687, 689, 691, 692, 696, 697, 698, 701, 704, 705, 707, 708, 709, 710, 711, 713, 715, 717, 719, 720, 723, 724, 726, 731, 732, 734, 736, 737, 739, 740, 742, 744, 745, 747, 749, 750, 752, 753, 755, 756, 759, 763, 764, 766, 767, 769, 771, 772, 774, 776, 777, 781, 783, 786, 790, 792, 793, 794, 795, 798, 799, 803, 806, 808, 812, 814, 817, 818, 821, 822, 824, 825, 829, 830, 833, 835, 838, 839, 840, 842, 849, 850, 851, 855, 856, 857, 860, 861, 863, 864, 866, 868, 871, 873, 874, 880, 883]
[4, 24, 32, 33, 39, 42, 57, 69, 74, 81, 88, 100, 101, 103, 120, 121, 132, 140, 150, 153, 159, 168, 177, 181, 185, 189, 191, 193, 199, 218, 232, 251, 254, 261, 270, 271, 276, 290, 295, 310, 331, 335, 336, 337, 353, 357, 363, 366, 372, 376, 390, 400, 402, 403, 411, 413, 422, 423, 436, 445, 452, 456, 467, 482, 484, 491, 492, 516, 521, 522, 534, 535, 537, 540, 545, 547, 550, 555, 565, 568, 574, 589, 593, 602, 619, 626, 644, 645, 650, 655, 657, 664, 669, 674, 676, 686, 688, 690, 695, 697, 712, 720, 740, 748, 752, 756, 765, 804, 813, 815, 822, 832, 848, 850, 852, 864, 865, 870, 872, 878, 884, 889]

[0, 3, 4, 5, 6, 7, 10, 13, 14, 19, 21, 22, 24, 25, 26, 27, 29, 31, 32, 33, 35, 36, 39, 41, 42, 44, 50, 53, 54, 55, 56, 57, 58, 59, 60, 61, 62, 63, 65, 66, 67, 68, 71, 73, 74, 75, 76, 77, 79, 80, 81, 85, 90, 91, 93, 94, 97, 98, 102, 107, 108, 109, 110, 111, 112, 114, 119, 120, 121, 123, 125, 126, 129, 130, 133, 135, 136, 137, 138, 139, 140, 142, 143, 145, 149, 151, 152, 155, 157, 158, 159, 161, 163, 164, 165, 166, 168, 169, 170, 171, 172, 173, 176, 180, 181, 182, 183, 185, 186, 187, 189, 190, 192, 193, 194, 195, 196, 197, 199, 200, 202, 207, 208, 209, 211, 212, 219, 221, 222, 223, 226, 227, 230, 231, 232, 233, 234, 235, 238, 243, 244, 246, 247, 250, 253, 254, 255, 260, 261, 263, 264, 266, 267, 269, 270, 272, 273, 274, 275, 277, 284, 288, 290, 293, 294, 295, 299, 301, 304, 305, 306, 313, 314, 315, 316, 318, 319, 321, 322, 325, 326, 327, 328, 329, 334, 335, 338, 340, 341, 343, 345, 346, 347, 348, 349, 350, 351, 352, 353, 358, 359, 362, 364, 365, 367, 368, 370, 371, 374, 375, 381, 383, 384, 386, 387, 390, 393, 395, 396, 397, 399, 400, 401, 402, 403, 405, 407, 411, 416, 418, 419, 420, 421, 423, 425, 429, 431, 433, 434, 435, 436, 439, 440, 441, 442, 443, 444, 446, 447, 449, 451, 453, 455, 456, 457, 460, 462, 463, 464, 465, 466, 467, 469, 471, 473, 474, 475, 476, 477, 481, 483, 484, 486, 497, 500, 501, 502, 504, 505, 507, 508, 511, 515, 516, 517, 519, 520, 521, 522, 523, 528, 532, 533, 534, 536, 539, 540, 542, 543, 545, 546, 548, 549, 550, 552, 553, 554, 556, 557, 559, 562, 563, 565, 567, 569, 570, 571, 572, 576, 579, 582, 583, 584, 585, 586, 587, 588, 592, 594, 595, 596, 602, 603, 606, 609, 613, 616, 617, 621, 626, 627, 628, 633, 635, 636, 637, 639, 640, 641, 642, 644, 646, 648, 650, 652, 654, 655, 658, 659, 660, 661, 663, 664, 665, 666, 668, 669, 670, 671, 672, 673, 674, 675, 676, 677, 678, 679, 681, 682, 684, 685, 687, 689, 691, 692, 694, 696, 697, 698, 701, 704, 705, 707, 708, 709, 710, 711, 713, 715, 717, 719, 720, 722, 723, 724, 726, 731, 732, 734, 736, 737, 739, 740, 742, 744, 745, 747, 749, 750, 752, 753, 755, 756, 759, 763, 764, 766, 767, 769, 771, 772, 774, 775, 776, 777, 781, 783, 786, 790, 792, 793, 794, 795, 798, 799, 803, 806, 808, 812, 813, 814, 817, 818, 821, 822, 824, 825, 829, 830, 831, 833, 835, 838, 839, 840, 842, 849, 850, 851, 855, 856, 857, 860, 861, 863, 864, 866, 868, 871, 873, 874, 879, 880, 883, 888]
[4, 24, 32, 33, 39, 42, 57, 69, 74, 81, 88, 100, 101, 103, 120, 121, 132, 140, 150, 153, 159, 168, 177, 181, 185, 189, 191, 193, 199, 218, 232, 251, 254, 261, 270, 271, 276, 290, 295, 310, 331, 335, 336, 337, 353, 357, 363, 366, 372, 376, 390, 400, 402, 403, 411, 413, 422, 423, 436, 445, 452, 456, 467, 482, 484, 491, 492, 516, 521, 522, 534, 535, 537, 540, 545, 547, 550, 555, 565, 568, 574, 589, 593, 602, 619, 626, 644, 645, 650, 655, 657, 664, 669, 674, 676, 686, 688, 690, 695, 697, 712, 720, 740, 748, 752, 756, 765, 804, 813, 815, 822, 832, 848, 850, 852, 864, 865, 870, 872, 878, 884, 889]

[0, 3, 4, 5, 6, 7, 9, 10, 13, 14, 19, 21, 22, 24, 25, 26, 27, 29, 31, 32, 33, 35, 36, 38, 39, 41, 42, 44, 50, 53, 54, 55, 56, 57, 58, 59, 60, 61, 62, 63, 65, 66, 67, 68, 71, 73, 74, 75, 76, 77, 79, 80, 81, 85, 86, 90, 91, 93, 94, 97, 98, 102, 107, 108, 109, 110, 111, 112, 114, 119, 120, 121, 123, 125, 126, 129, 130, 133, 135, 136, 137, 138, 139, 140, 142, 143, 145, 149, 151, 152, 155, 157, 158, 159, 161, 163, 164, 165, 166, 168, 169, 170, 171, 172, 173, 176, 179, 180, 181, 182, 183, 185, 186, 187, 189, 190, 192, 193, 194, 195, 196, 197, 199, 200, 202, 207, 208, 209, 211, 212, 219, 221, 222, 223, 225, 226, 227, 230, 231, 232, 233, 234, 235, 238, 243, 244, 246, 247, 250, 253, 254, 255, 260, 261, 263, 264, 266, 267, 269, 270, 272, 273, 274, 275, 277, 280, 284, 288, 289, 290, 293, 294, 295, 299, 300, 301, 304, 305, 306, 313, 314, 315, 316, 318, 319, 321, 322, 325, 326, 327, 328, 329, 334, 335, 338, 340, 341, 343, 345, 346, 347, 348, 349, 350, 351, 352, 353, 358, 359, 362, 364, 365, 367, 368, 370, 371, 374, 375, 376, 380, 381, 383, 384, 386, 387, 390, 392, 393, 395, 396, 397, 399, 400, 401, 402, 403, 405, 407, 411, 413, 416, 418, 419, 420, 421, 423, 425, 429, 431, 433, 434, 435, 436, 439, 440, 441, 442, 443, 444, 446, 447, 449, 451, 453, 455, 456, 457, 460, 462, 463, 464, 465, 466, 467, 469, 471, 473, 474, 475, 476, 477, 478, 481, 483, 484, 486, 497, 500, 501, 502, 504, 505, 507, 508, 511, 515, 516, 517, 519, 520, 521, 522, 523, 528, 529, 532, 533, 534, 536, 539, 540, 542, 543, 545, 546, 548, 549, 550, 552, 553, 554, 556, 557, 559, 562, 563, 565, 567, 569, 570, 571, 572, 576, 578, 579, 582, 583, 584, 585, 586, 587, 588, 592, 594, 595, 596, 597, 602, 603, 606, 608, 609, 613, 616, 617, 621, 626, 627, 628, 633, 635, 636, 637, 639, 640, 641, 642, 644, 646, 647, 648, 650, 651, 652, 654, 655, 658, 659, 660, 661, 663, 664, 665, 666, 668, 669, 670, 671, 672, 673, 674, 675, 676, 677, 678, 679, 681, 682, 683, 684, 685, 687, 689, 691, 692, 694, 696, 697, 698, 701, 704, 705, 707, 708, 709, 710, 711, 713, 715, 717, 719, 720, 722, 723, 724, 726, 730, 731, 732, 734, 735, 736, 737, 739, 740, 742, 744, 745, 747, 749, 750, 752, 753, 755, 756, 759, 763, 764, 766, 767, 769, 771, 772, 774, 775, 776, 777, 781, 783, 786, 790, 792, 793, 794, 795, 798, 799, 803, 806, 808, 812, 813, 814, 815, 817, 818, 821, 822, 824, 825, 829, 830, 831, 833, 835, 838, 839, 840, 842, 849, 850, 851, 855, 856, 857, 859, 860, 861, 863, 864, 866, 867, 868, 871, 873, 874, 879, 880, 883, 888]
[4, 24, 32, 33, 39, 42, 57, 69, 74, 81, 88, 100, 101, 103, 120, 121, 132, 140, 150, 153, 159, 168, 177, 181, 185, 189, 191, 193, 199, 218, 232, 251, 254, 261, 270, 271, 276, 290, 295, 310, 331, 335, 336, 337, 353, 357, 363, 366, 372, 376, 390, 400, 402, 403, 411, 413, 422, 423, 436, 445, 452, 456, 467, 482, 484, 491, 492, 516, 521, 522, 534, 535, 537, 540, 545, 547, 550, 555, 565, 568, 574, 589, 593, 602, 619, 626, 644, 645, 650, 655, 657, 664, 669, 674, 676, 686, 688, 690, 695, 697, 712, 720, 740, 748, 752, 756, 765, 804, 813, 815, 822, 832, 848, 850, 852, 864, 865, 870, 872, 878, 884, 889]

[0, 3, 4, 5, 6, 7, 9, 10, 13, 14, 19, 21, 22, 24, 25, 26, 27, 29, 31, 32, 33, 35, 36, 38, 39, 41, 42, 44, 50, 53, 54, 55, 56, 57, 58, 59, 60, 61, 62, 63, 65, 66, 67, 68, 71, 73, 74, 75, 76, 77, 79, 80, 81, 85, 86, 90, 91, 93, 94, 97, 98, 100, 102, 107, 108, 109, 110, 111, 112, 114, 119, 120, 121, 123, 124, 125, 126, 127, 129, 130, 133, 135, 136, 137, 138, 139, 140, 142, 143, 145, 149, 151, 152, 155, 156, 157, 158, 159, 161, 163, 164, 165, 166, 168, 169, 170, 171, 172, 173, 176, 179, 180, 181, 182, 183, 185, 186, 187, 189, 190, 192, 193, 194, 195, 196, 197, 199, 200, 202, 206, 207, 208, 209, 211, 212, 217, 218, 219, 221, 222, 223, 225, 226, 227, 230, 231, 232, 233, 234, 235, 238, 243, 244, 246, 247, 250, 253, 254, 255, 260, 261, 263, 264, 266, 267, 269, 270, 272, 273, 274, 275, 277, 280, 284, 288, 289, 290, 293, 294, 295, 299, 300, 301, 304, 305, 306, 313, 314, 315, 316, 318, 319, 321, 322, 325, 326, 327, 328, 329, 334, 335, 338, 340, 341, 343, 345, 346, 347, 348, 349, 350, 351, 352, 353, 358, 359, 362, 364, 365, 367, 368, 370, 371, 374, 375, 376, 380, 381, 383, 384, 386, 387, 390, 392, 393, 395, 396, 397, 399, 400, 401, 402, 403, 405, 407, 411, 413, 416, 418, 419, 420, 421, 423, 425, 429, 431, 433, 434, 435, 436, 439, 440, 441, 442, 443, 444, 446, 447, 449, 451, 453, 455, 456, 457, 459, 460, 462, 463, 464, 465, 466, 467, 469, 471, 473, 474, 475, 476, 477, 478, 481, 483, 484, 486, 495, 497, 500, 501, 502, 504, 505, 507, 508, 511, 515, 516, 517, 519, 520, 521, 522, 523, 528, 529, 532, 533, 534, 536, 539, 540, 542, 543, 545, 546, 547, 548, 549, 550, 552, 553, 554, 555, 556, 557, 559, 562, 563, 565, 567, 569, 570, 571, 572, 573, 576, 578, 579, 582, 583, 584, 585, 586, 587, 588, 591, 592, 594, 595, 596, 597, 602, 603, 606, 608, 609, 612, 613, 614, 616, 617, 621, 626, 627, 628, 629, 633, 635, 636, 637, 639, 640, 641, 642, 644, 646, 647, 648, 650, 651, 652, 653, 654, 655, 658, 659, 660, 661, 663, 664, 665, 666, 668, 669, 670, 671, 672, 673, 674, 675, 676, 677, 678, 679, 681, 682, 683, 684, 685, 687, 689, 691, 692, 694, 696, 697, 698, 699, 701, 704, 705, 707, 708, 709, 710, 711, 713, 715, 717, 719, 720, 722, 723, 724, 726, 730, 731, 732, 734, 735, 736, 737, 738, 739, 740, 742, 744, 745, 746, 747, 749, 750, 752, 753, 755, 756, 757, 758, 759, 760, 763, 764, 766, 767, 769, 771, 772, 774, 775, 776, 777, 781, 783, 786, 790, 792, 793, 794, 795, 798, 799, 803, 806, 808, 812, 813, 814, 815, 817, 818, 821, 822, 824, 825, 829, 830, 831, 833, 835, 838, 839, 840, 842, 849, 850, 851, 855, 856, 857, 859, 860, 861, 863, 864, 866, 867, 868, 869, 871, 873, 874, 877, 879, 880, 883, 888]
[4, 24, 32, 33, 39, 42, 57, 69, 74, 81, 88, 100, 101, 103, 120, 121, 132, 140, 150, 153, 159, 168, 177, 181, 185, 189, 191, 193, 199, 218, 232, 251, 254, 261, 270, 271, 276, 290, 295, 310, 331, 335, 336, 337, 353, 357, 363, 366, 372, 376, 390, 400, 402, 403, 411, 413, 422, 423, 436, 445, 452, 456, 467, 482, 484, 491, 492, 516, 521, 522, 534, 535, 537, 540, 545, 547, 550, 555, 565, 568, 574, 589, 593, 602, 619, 626, 644, 645, 650, 655, 657, 664, 669, 674, 676, 686, 688, 690, 695, 697, 712, 720, 740, 748, 752, 756, 765, 804, 813, 815, 822, 832, 848, 850, 852, 864, 865, 870, 872, 878, 884, 889]

[0, 3, 4, 5, 6, 7, 9, 10, 13, 14, 19, 21, 22, 24, 25, 26, 27, 29, 31, 32, 33, 35, 36, 38, 39, 41, 42, 44, 50, 53, 54, 55, 56, 57, 58, 59, 60, 61, 62, 63, 65, 66, 67, 68, 71, 73, 74, 75, 76, 77, 79, 80, 81, 85, 86, 90, 91, 93, 94, 97, 98, 100, 101, 102, 107, 108, 109, 110, 111, 112, 114, 119, 120, 121, 123, 124, 125, 126, 127, 129, 130, 133, 135, 136, 137, 138, 139, 140, 142, 143, 145, 149, 151, 152, 155, 156, 157, 158, 159, 161, 163, 164, 165, 166, 168, 169, 170, 171, 172, 173, 176, 179, 180, 181, 182, 183, 185, 186, 187, 189, 190, 192, 193, 194, 195, 196, 197, 199, 200, 202, 206, 207, 208, 209, 211, 212, 217, 218, 219, 221, 222, 223, 225, 226, 227, 230, 231, 232, 233, 234, 235, 238, 240, 243, 244, 245, 246, 247, 250, 253, 254, 255, 260, 261, 263, 264, 266, 267, 269, 270, 272, 273, 274, 275, 277, 280, 284, 288, 289, 290, 293, 294, 295, 299, 300, 301, 304, 305, 306, 313, 314, 315, 316, 318, 319, 321, 322, 325, 326, 327, 328, 329, 331, 334, 335, 337, 338, 339, 340, 341, 343, 345, 346, 347, 348, 349, 350, 351, 352, 353, 358, 359, 362, 364, 365, 367, 368, 370, 371, 374, 375, 376, 380, 381, 383, 384, 386, 387, 390, 392, 393, 395, 396, 397, 399, 400, 401, 402, 403, 404, 405, 407, 411, 413, 416, 418, 419, 420, 421, 423, 425, 429, 431, 433, 434, 435, 436, 439, 440, 441, 442, 443, 444, 446, 447, 449, 451, 453, 455, 456, 457, 459, 460, 462, 463, 464, 465, 466, 467, 469, 471, 473, 474, 475, 476, 477, 478, 480, 481, 483, 484, 486, 490, 495, 497, 499, 500, 501, 502, 504, 505, 507, 508, 511, 512, 515, 516, 517, 519, 520, 521, 522, 523, 528, 529, 532, 533, 534, 536, 539, 540, 542, 543, 545, 546, 547, 548, 549, 550, 552, 553, 554, 555, 556, 557, 559, 562, 563, 565, 567, 569, 570, 571, 572, 573, 576, 578, 579, 582, 583, 584, 585, 586, 587, 588, 591, 592, 594, 595, 596, 597, 602, 603, 606, 608, 609, 610, 612, 613, 614, 616, 617, 621, 626, 627, 628, 629, 633, 634, 635, 636, 637, 639, 640, 641, 642, 644, 646, 647, 648, 650, 651, 652, 653, 654, 655, 658, 659, 660, 661, 663, 664, 665, 666, 668, 669, 670, 671, 672, 673, 674, 675, 676, 677, 678, 679, 681, 682, 683, 684, 685, 686, 687, 689, 691, 692, 694, 695, 696, 697, 698, 699, 701, 704, 705, 707, 708, 709, 710, 711, 713, 715, 717, 719, 720, 722, 723, 724, 725, 726, 730, 731, 732, 734, 735, 736, 737, 738, 739, 740, 742, 744, 745, 746, 747, 749, 750, 752, 753, 755, 756, 757, 758, 759, 760, 763, 764, 765, 766, 767, 769, 771, 772, 774, 775, 776, 777, 780, 781, 783, 786, 790, 791, 792, 793, 794, 795, 798, 799, 802, 803, 806, 808, 812, 813, 814, 815, 817, 818, 821, 822, 824, 825, 826, 829, 830, 831, 833, 834, 835, 838, 839, 840, 842, 849, 850, 851, 855, 856, 857, 859, 860, 861, 862, 863, 864, 866, 867, 868, 869, 871, 873, 874, 876, 877, 879, 880, 883, 884, 888]
[4, 24, 32, 33, 39, 42, 57, 69, 74, 81, 88, 100, 101, 103, 120, 121, 132, 140, 150, 153, 159, 168, 177, 181, 185, 189, 191, 193, 199, 218, 232, 251, 254, 261, 270, 271, 276, 290, 295, 310, 331, 335, 336, 337, 353, 357, 363, 366, 372, 376, 390, 400, 402, 403, 411, 413, 422, 423, 436, 445, 452, 456, 467, 482, 484, 491, 492, 516, 521, 522, 534, 535, 537, 540, 545, 547, 550, 555, 565, 568, 574, 589, 593, 602, 619, 626, 644, 645, 650, 655, 657, 664, 669, 674, 676, 686, 688, 690, 695, 697, 712, 720, 740, 748, 752, 756, 765, 804, 813, 815, 822, 832, 848, 850, 852, 864, 865, 870, 872, 878, 884, 889]

[0, 3, 4, 5, 6, 7, 9, 10, 13, 14, 18, 19, 21, 22, 24, 25, 26, 27, 29, 31, 32, 33, 35, 36, 38, 39, 41, 42, 43, 44, 50, 53, 54, 55, 56, 57, 58, 59, 60, 61, 62, 63, 65, 66, 67, 68, 71, 73, 74, 75, 76, 77, 79, 80, 81, 85, 86, 88, 90, 91, 93, 94, 97, 98, 100, 101, 102, 107, 108, 109, 110, 111, 112, 113, 114, 117, 119, 120, 121, 123, 124, 125, 126, 127, 129, 130, 133, 135, 136, 137, 138, 139, 140, 142, 143, 145, 149, 151, 152, 155, 156, 157, 158, 159, 161, 163, 164, 165, 166, 168, 169, 170, 171, 172, 173, 176, 179, 180, 181, 182, 183, 185, 186, 187, 189, 190, 192, 193, 194, 195, 196, 197, 199, 200, 202, 206, 207, 208, 209, 211, 212, 217, 218, 219, 221, 222, 223, 225, 226, 227, 230, 231, 232, 233, 234, 235, 238, 240, 243, 244, 245, 246, 247, 250, 252, 253, 254, 255, 260, 261, 263, 264, 266, 267, 269, 270, 272, 273, 274, 275, 277, 280, 284, 288, 289, 290, 293, 294, 295, 297, 299, 300, 301, 303, 304, 305, 306, 313, 314, 315, 316, 317, 318, 319, 321, 322, 325, 326, 327, 328, 329, 331, 334, 335, 337, 338, 339, 340, 341, 343, 345, 346, 347, 348, 349, 350, 351, 352, 353, 354, 358, 359, 362, 364, 365, 367, 368, 370, 371, 373, 374, 375, 376, 380, 381, 383, 384, 386, 387, 390, 392, 393, 395, 396, 397, 398, 399, 400, 401, 402, 403, 404, 405, 406, 407, 411, 413, 416, 418, 419, 420, 421, 423, 425, 429, 431, 433, 434, 435, 436, 439, 440, 441, 442, 443, 444, 446, 447, 449, 451, 453, 455, 456, 457, 459, 460, 461, 462, 463, 464, 465, 466, 467, 469, 471, 473, 474, 475, 476, 477, 478, 480, 481, 483, 484, 486, 490, 495, 497, 499, 500, 501, 502, 504, 505, 507, 508, 511, 512, 515, 516, 517, 519, 520, 521, 522, 523, 527, 528, 529, 532, 533, 534, 536, 539, 540, 542, 543, 545, 546, 547, 548, 549, 550, 552, 553, 554, 555, 556, 557, 558, 559, 562, 563, 564, 565, 567, 569, 570, 571, 572, 573, 574, 576, 578, 579, 582, 583, 584, 585, 586, 587, 588, 591, 592, 594, 595, 596, 597, 602, 603, 606, 608, 609, 610, 612, 613, 614, 616, 617, 620, 621, 626, 627, 628, 629, 633, 634, 635, 636, 637, 639, 640, 641, 642, 644, 646, 647, 648, 650, 651, 652, 653, 654, 655, 658, 659, 660, 661, 663, 664, 665, 666, 668, 669, 670, 671, 672, 673, 674, 675, 676, 677, 678, 679, 681, 682, 683, 684, 685, 686, 687, 689, 691, 692, 694, 695, 696, 697, 698, 699, 701, 704, 705, 707, 708, 709, 710, 711, 713, 715, 717, 719, 720, 722, 723, 724, 725, 726, 729, 730, 731, 732, 734, 735, 736, 737, 738, 739, 740, 742, 744, 745, 746, 747, 749, 750, 752, 753, 755, 756, 757, 758, 759, 760, 763, 764, 765, 766, 767, 769, 770, 771, 772, 774, 775, 776, 777, 780, 781, 783, 786, 787, 790, 791, 792, 793, 794, 795, 796, 798, 799, 802, 803, 806, 808, 812, 813, 814, 815, 817, 818, 821, 822, 824, 825, 826, 829, 830, 831, 833, 834, 835, 838, 839, 840, 842, 848, 849, 850, 851, 855, 856, 857, 859, 860, 861, 862, 863, 864, 866, 867, 868, 869, 871, 873, 874, 876, 877, 878, 879, 880, 883, 884, 888]
[4, 24, 32, 33, 39, 42, 57, 69, 74, 81, 88, 100, 101, 103, 120, 121, 132, 140, 150, 153, 159, 168, 177, 181, 185, 189, 191, 193, 199, 218, 232, 251, 254, 261, 270, 271, 276, 290, 295, 310, 331, 335, 336, 337, 353, 357, 363, 366, 372, 376, 390, 400, 402, 403, 411, 413, 422, 423, 436, 445, 452, 456, 467, 482, 484, 491, 492, 516, 521, 522, 534, 535, 537, 540, 545, 547, 550, 555, 565, 568, 574, 589, 593, 602, 619, 626, 644, 645, 650, 655, 657, 664, 669, 674, 676, 686, 688, 690, 695, 697, 712, 720, 740, 748, 752, 756, 765, 804, 813, 815, 822, 832, 848, 850, 852, 864, 865, 870, 872, 878, 884, 889]

[0, 3, 4, 5, 6, 7, 8, 9, 10, 12, 13, 14, 18, 19, 20, 21, 22, 24, 25, 26, 27, 29, 31, 32, 33, 35, 36, 38, 39, 41, 42, 43, 44, 50, 51, 53, 54, 55, 56, 57, 58, 59, 60, 61, 62, 63, 65, 66, 67, 68, 71, 73, 74, 75, 76, 77, 79, 80, 81, 85, 86, 88, 90, 91, 93, 94, 97, 98, 100, 101, 102, 107, 108, 109, 110, 111, 112, 113, 114, 116, 117, 118, 119, 120, 121, 123, 124, 125, 126, 127, 129, 130, 133, 135, 136, 137, 138, 139, 140, 142, 143, 145, 147, 149, 150, 151, 152, 155, 156, 157, 158, 159, 161, 163, 164, 165, 166, 168, 169, 170, 171, 172, 173, 176, 178, 179, 180, 181, 182, 183, 185, 186, 187, 189, 190, 192, 193, 194, 195, 196, 197, 199, 200, 202, 206, 207, 208, 209, 211, 212, 217, 218, 219, 221, 222, 223, 225, 226, 227, 230, 231, 232, 233, 234, 235, 237, 238, 240, 243, 244, 245, 246, 247, 250, 251, 252, 253, 254, 255, 260, 261, 263, 264, 266, 267, 269, 270, 272, 273, 274, 275, 277, 280, 284, 288, 289, 290, 293, 294, 295, 297, 299, 300, 301, 303, 304, 305, 306, 313, 314, 315, 316, 317, 318, 319, 321, 322, 324, 325, 326, 327, 328, 329, 331, 332, 334, 335, 337, 338, 339, 340, 341, 343, 345, 346, 347, 348, 349, 350, 351, 352, 353, 354, 358, 359, 362, 364, 365, 367, 368, 370, 371, 373, 374, 375, 376, 380, 381, 383, 384, 386, 387, 390, 392, 393, 395, 396, 397, 398, 399, 400, 401, 402, 403, 404, 405, 406, 407, 411, 413, 416, 417, 418, 419, 420, 421, 422, 423, 425, 429, 431, 433, 434, 435, 436, 439, 440, 441, 442, 443, 444, 446, 447, 448, 449, 451, 453, 455, 456, 457, 459, 460, 461, 462, 463, 464, 465, 466, 467, 469, 471, 473, 474, 475, 476, 477, 478, 480, 481, 483, 484, 486, 490, 495, 497, 499, 500, 501, 502, 504, 505, 507, 508, 511, 512, 515, 516, 517, 519, 520, 521, 522, 523, 527, 528, 529, 532, 533, 534, 536, 539, 540, 542, 543, 545, 546, 547, 548, 549, 550, 552, 553, 554, 555, 556, 557, 558, 559, 562, 563, 564, 565, 567, 569, 570, 571, 572, 573, 574, 576, 578, 579, 582, 583, 584, 585, 586, 587, 588, 589, 591, 592, 594, 595, 596, 597, 598, 602, 603, 604, 606, 608, 609, 610, 612, 613, 614, 616, 617, 620, 621, 626, 627, 628, 629, 633, 634, 635, 636, 637, 638, 639, 640, 641, 642, 644, 646, 647, 648, 650, 651, 652, 653, 654, 655, 658, 659, 660, 661, 663, 664, 665, 666, 668, 669, 670, 671, 672, 673, 674, 675, 676, 677, 678, 679, 681, 682, 683, 684, 685, 686, 687, 688, 689, 691, 692, 693, 694, 695, 696, 697, 698, 699, 701, 703, 704, 705, 707, 708, 709, 710, 711, 713, 715, 717, 719, 720, 722, 723, 724, 725, 726, 729, 730, 731, 732, 734, 735, 736, 737, 738, 739, 740, 742, 744, 745, 746, 747, 749, 750, 752, 753, 755, 756, 757, 758, 759, 760, 763, 764, 765, 766, 767, 769, 770, 771, 772, 774, 775, 776, 777, 780, 781, 783, 786, 787, 790, 791, 792, 793, 794, 795, 796, 798, 799, 800, 802, 803, 806, 808, 812, 813, 814, 815, 817, 818, 821, 822, 824, 825, 826, 829, 830, 831, 833, 834, 835, 838, 839, 840, 842, 848, 849, 850, 851, 852, 855, 856, 857, 859, 860, 861, 862, 863, 864, 866, 867, 868, 869, 871, 873, 874, 876, 877, 878, 879, 880, 883, 884, 888]
[4, 24, 32, 33, 39, 42, 57, 69, 74, 81, 88, 100, 101, 103, 120, 121, 132, 140, 150, 153, 159, 168, 177, 181, 185, 189, 191, 193, 199, 218, 232, 251, 254, 261, 270, 271, 276, 290, 295, 310, 331, 335, 336, 337, 353, 357, 363, 366, 372, 376, 390, 400, 402, 403, 411, 413, 422, 423, 436, 445, 452, 456, 467, 482, 484, 491, 492, 516, 521, 522, 534, 535, 537, 540, 545, 547, 550, 555, 565, 568, 574, 589, 593, 602, 619, 626, 644, 645, 650, 655, 657, 664, 669, 674, 676, 686, 688, 690, 695, 697, 712, 720, 740, 748, 752, 756, 765, 804, 813, 815, 822, 832, 848, 850, 852, 864, 865, 870, 872, 878, 884, 889]

[0, 2, 3, 4, 5, 6, 7, 8, 9, 10, 12, 13, 14, 18, 19, 20, 21, 22, 24, 25, 26, 27, 29, 31, 32, 33, 35, 36, 38, 39, 41, 42, 43, 44, 50, 51, 53, 54, 55, 56, 57, 58, 59, 60, 61, 62, 63, 65, 66, 67, 68, 71, 73, 74, 75, 76, 77, 79, 80, 81, 83, 85, 86, 88, 90, 91, 93, 94, 97, 98, 100, 101, 102, 107, 108, 109, 110, 111, 112, 113, 114, 116, 117, 118, 119, 120, 121, 123, 124, 125, 126, 127, 129, 130, 133, 135, 136, 137, 138, 139, 140, 142, 143, 145, 147, 149, 150, 151, 152, 155, 156, 157, 158, 159, 161, 163, 164, 165, 166, 168, 169, 170, 171, 172, 173, 176, 178, 179, 180, 181, 182, 183, 185, 186, 187, 188, 189, 190, 192, 193, 194, 195, 196, 197, 199, 200, 202, 206, 207, 208, 209, 211, 212, 217, 218, 219, 221, 222, 223, 225, 226, 227, 229, 230, 231, 232, 233, 234, 235, 237, 238, 240, 243, 244, 245, 246, 247, 248, 250, 251, 252, 253, 254, 255, 260, 261, 263, 264, 266, 267, 268, 269, 270, 272, 273, 274, 275, 277, 280, 284, 288, 289, 290, 293, 294, 295, 297, 299, 300, 301, 302, 303, 304, 305, 306, 309, 313, 314, 315, 316, 317, 318, 319, 321, 322, 324, 325, 326, 327, 328, 329, 331, 332, 333, 334, 335, 337, 338, 339, 340, 341, 343, 345, 346, 347, 348, 349, 350, 351, 352, 353, 354, 358, 359, 362, 364, 365, 367, 368, 370, 371, 373, 374, 375, 376, 379, 380, 381, 383, 384, 386, 387, 390, 392, 393, 395, 396, 397, 398, 399, 400, 401, 402, 403, 404, 405, 406, 407, 411, 413, 416, 417, 418, 419, 420, 421, 422, 423, 424, 425, 429, 431, 433, 434, 435, 436, 439, 440, 441, 442, 443, 444, 445, 446, 447, 448, 449, 451, 453, 455, 456, 457, 459, 460, 461, 462, 463, 464, 465, 466, 467, 469, 471, 473, 474, 475, 476, 477, 478, 480, 481, 483, 484, 486, 487, 490, 491, 495, 497, 499, 500, 501, 502, 504, 505, 507, 508, 511, 512, 515, 516, 517, 518, 519, 520, 521, 522, 523, 524, 527, 528, 529, 532, 533, 534, 536, 539, 540, 542, 543, 545, 546, 547, 548, 549, 550, 552, 553, 554, 555, 556, 557, 558, 559, 562, 563, 564, 565, 567, 569, 570, 571, 572, 573, 574, 576, 578, 579, 582, 583, 584, 585, 586, 587, 588, 589, 591, 592, 594, 595, 596, 597, 598, 601, 602, 603, 604, 606, 608, 609, 610, 612, 613, 614, 616, 617, 620, 621, 626, 627, 628, 629, 633, 634, 635, 636, 637, 638, 639, 640, 641, 642, 644, 646, 647, 648, 650, 651, 652, 653, 654, 655, 658, 659, 660, 661, 663, 664, 665, 666, 668, 669, 670, 671, 672, 673, 674, 675, 676, 677, 678, 679, 681, 682, 683, 684, 685, 686, 687, 688, 689, 691, 692, 693, 694, 695, 696, 697, 698, 699, 701, 702, 703, 704, 705, 707, 708, 709, 710, 711, 713, 715, 717, 719, 720, 721, 722, 723, 724, 725, 726, 729, 730, 731, 732, 734, 735, 736, 737, 738, 739, 740, 742, 743, 744, 745, 746, 747, 749, 750, 752, 753, 755, 756, 757, 758, 759, 760, 763, 764, 765, 766, 767, 769, 770, 771, 772, 774, 775, 776, 777, 780, 781, 783, 786, 787, 790, 791, 792, 793, 794, 795, 796, 798, 799, 800, 802, 803, 806, 807, 808, 810, 812, 813, 814, 815, 817, 818, 820, 821, 822, 824, 825, 826, 828, 829, 830, 831, 832, 833, 834, 835, 838, 839, 840, 842, 848, 849, 850, 851, 852, 855, 856, 857, 859, 860, 861, 862, 863, 864, 866, 867, 868, 869, 871, 873, 874, 876, 877, 878, 879, 880, 883, 884, 888]
[4, 24, 32, 33, 39, 42, 57, 69, 74, 81, 88, 100, 101, 103, 120, 121, 132, 140, 150, 153, 159, 168, 177, 181, 185, 189, 191, 193, 199, 218, 232, 251, 254, 261, 270, 271, 276, 290, 295, 310, 331, 335, 336, 337, 353, 357, 363, 366, 372, 376, 390, 400, 402, 403, 411, 413, 422, 423, 436, 445, 452, 456, 467, 482, 484, 491, 492, 516, 521, 522, 534, 535, 537, 540, 545, 547, 550, 555, 565, 568, 574, 589, 593, 602, 619, 626, 644, 645, 650, 655, 657, 664, 669, 674, 676, 686, 688, 690, 695, 697, 712, 720, 740, 748, 752, 756, 765, 804, 813, 815, 822, 832, 848, 850, 852, 864, 865, 870, 872, 878, 884, 889]

[0, 2, 3, 4, 5, 6, 7, 8, 9, 10, 12, 13, 14, 15, 17, 18, 19, 20, 21, 22, 24, 25, 26, 27, 29, 31, 32, 33, 35, 36, 38, 39, 41, 42, 43, 44, 50, 51, 53, 54, 55, 56, 57, 58, 59, 60, 61, 62, 63, 65, 66, 67, 68, 71, 73, 74, 75, 76, 77, 79, 80, 81, 83, 85, 86, 88, 90, 91, 93, 94, 97, 98, 100, 101, 102, 107, 108, 109, 110, 111, 112, 113, 114, 115, 116, 117, 118, 119, 120, 121, 123, 124, 125, 126, 127, 129, 130, 133, 135, 136, 137, 138, 139, 140, 142, 143, 145, 147, 149, 150, 151, 152, 154, 155, 156, 157, 158, 159, 161, 163, 164, 165, 166, 168, 169, 170, 171, 172, 173, 175, 176, 178, 179, 180, 181, 182, 183, 185, 186, 187, 188, 189, 190, 191, 192, 193, 194, 195, 196, 197, 198, 199, 200, 201, 202, 206, 207, 208, 209, 211, 212, 217, 218, 219, 221, 222, 223, 225, 226, 227, 229, 230, 231, 232, 233, 234, 235, 237, 238, 240, 243, 244, 245, 246, 247, 248, 250, 251, 252, 253, 254, 255, 260, 261, 263, 264, 266, 267, 268, 269, 270, 272, 273, 274, 275, 277, 280, 284, 288, 289, 290, 291, 293, 294, 295, 297, 299, 300, 301, 302, 303, 304, 305, 306, 309, 313, 314, 315, 316, 317, 318, 319, 320, 321, 322, 324, 325, 326, 327, 328, 329, 331, 332, 333, 334, 335, 337, 338, 339, 340, 341, 343, 345, 346, 347, 348, 349, 350, 351, 352, 353, 354, 358, 359, 362, 364, 365, 367, 368, 370, 371, 373, 374, 375, 376, 379, 380, 381, 383, 384, 386, 387, 390, 392, 393, 395, 396, 397, 398, 399, 400, 401, 402, 403, 404, 405, 406, 407, 411, 413, 416, 417, 418, 419, 420, 421, 422, 423, 424, 425, 429, 431, 433, 434, 435, 436, 439, 440, 441, 442, 443, 444, 445, 446, 447, 448, 449, 451, 453, 455, 456, 457, 459, 460, 461, 462, 463, 464, 465, 466, 467, 469, 471, 473, 474, 475, 476, 477, 478, 480, 481, 483, 484, 486, 487, 490, 491, 495, 497, 499, 500, 501, 502, 504, 505, 507, 508, 509, 511, 512, 513, 515, 516, 517, 518, 519, 520, 521, 522, 523, 524, 527, 528, 529, 532, 533, 534, 536, 537, 538, 539, 540, 542, 543, 545, 546, 547, 548, 549, 550, 552, 553, 554, 555, 556, 557, 558, 559, 562, 563, 564, 565, 567, 569, 570, 571, 572, 573, 574, 576, 578, 579, 582, 583, 584, 585, 586, 587, 588, 589, 591, 592, 594, 595, 596, 597, 598, 601, 602, 603, 604, 606, 608, 609, 610, 612, 613, 614, 616, 617, 620, 621, 626, 627, 628, 629, 631, 633, 634, 635, 636, 637, 638, 639, 640, 641, 642, 644, 646, 647, 648, 650, 651, 652, 653, 654, 655, 658, 659, 660, 661, 663, 664, 665, 666, 668, 669, 670, 671, 672, 673, 674, 675, 676, 677, 678, 679, 681, 682, 683, 684, 685, 686, 687, 688, 689, 691, 692, 693, 694, 695, 696, 697, 698, 699, 701, 702, 703, 704, 705, 706, 707, 708, 709, 710, 711, 713, 715, 717, 719, 720, 721, 722, 723, 724, 725, 726, 729, 730, 731, 732, 734, 735, 736, 737, 738, 739, 740, 742, 743, 744, 745, 746, 747, 749, 750, 752, 753, 755, 756, 757, 758, 759, 760, 763, 764, 765, 766, 767, 769, 770, 771, 772, 774, 775, 776, 777, 779, 780, 781, 783, 785, 786, 787, 790, 791, 792, 793, 794, 795, 796, 798, 799, 800, 802, 803, 804, 805, 806, 807, 808, 810, 812, 813, 814, 815, 817, 818, 819, 820, 821, 822, 823, 824, 825, 826, 827, 828, 829, 830, 831, 832, 833, 834, 835, 838, 839, 840, 842, 848, 849, 850, 851, 852, 855, 856, 857, 859, 860, 861, 862, 863, 864, 865, 866, 867, 868, 869, 871, 873, 874, 876, 877, 878, 879, 880, 881, 883, 884, 888]
[4, 24, 32, 33, 39, 42, 57, 69, 74, 81, 88, 100, 101, 103, 120, 121, 132, 140, 150, 153, 159, 168, 177, 181, 185, 189, 191, 193, 199, 218, 232, 251, 254, 261, 270, 271, 276, 290, 295, 310, 331, 335, 336, 337, 353, 357, 363, 366, 372, 376, 390, 400, 402, 403, 411, 413, 422, 423, 436, 445, 452, 456, 467, 482, 484, 491, 492, 516, 521, 522, 534, 535, 537, 540, 545, 547, 550, 555, 565, 568, 574, 589, 593, 602, 619, 626, 644, 645, 650, 655, 657, 664, 669, 674, 676, 686, 688, 690, 695, 697, 712, 720, 740, 748, 752, 756, 765, 804, 813, 815, 822, 832, 848, 850, 852, 864, 865, 870, 872, 878, 884, 889]

[0, 2, 3, 4, 5, 6, 7, 8, 9, 10, 12, 13, 14, 15, 16, 17, 18, 19, 20, 21, 22, 24, 25, 26, 27, 29, 31, 32, 33, 34, 35, 36, 38, 39, 41, 42, 43, 44, 50, 51, 52, 53, 54, 55, 56, 57, 58, 59, 60, 61, 62, 63, 65, 66, 67, 68, 69, 71, 73, 74, 75, 76, 77, 79, 80, 81, 82, 83, 85, 86, 88, 90, 91, 93, 94, 97, 98, 100, 101, 102, 107, 108, 109, 110, 111, 112, 113, 114, 115, 116, 117, 118, 119, 120, 121, 123, 124, 125, 126, 127, 129, 130, 133, 135, 136, 137, 138, 139, 140, 142, 143, 145, 147, 149, 150, 151, 152, 154, 155, 156, 157, 158, 159, 160, 161, 162, 163, 164, 165, 166, 168, 169, 170, 171, 172, 173, 175, 176, 178, 179, 180, 181, 182, 183, 185, 186, 187, 188, 189, 190, 191, 192, 193, 194, 195, 196, 197, 198, 199, 200, 201, 202, 203, 206, 207, 208, 209, 211, 212, 213, 217, 218, 219, 221, 222, 223, 224, 225, 226, 227, 229, 230, 231, 232, 233, 234, 235, 237, 238, 240, 241, 243, 244, 245, 246, 247, 248, 250, 251, 252, 253, 254, 255, 260, 261, 263, 264, 266, 267, 268, 269, 270, 272, 273, 274, 275, 277, 280, 284, 288, 289, 290, 291, 293, 294, 295, 297, 299, 300, 301, 302, 303, 304, 305, 306, 309, 313, 314, 315, 316, 317, 318, 319, 320, 321, 322, 323, 324, 325, 326, 327, 328, 329, 331, 332, 333, 334, 335, 337, 338, 339, 340, 341, 343, 345, 346, 347, 348, 349, 350, 351, 352, 353, 354, 355, 356, 358, 359, 362, 364, 365, 367, 368, 370, 371, 373, 374, 375, 376, 377, 379, 380, 381, 383, 384, 386, 387, 390, 392, 393, 395, 396, 397, 398, 399, 400, 401, 402, 403, 404, 405, 406, 407, 411, 413, 416, 417, 418, 419, 420, 421, 422, 423, 424, 425, 429, 431, 432, 433, 434, 435, 436, 439, 440, 441, 442, 443, 444, 445, 446, 447, 448, 449, 451, 452, 453, 455, 456, 457, 459, 460, 461, 462, 463, 464, 465, 466, 467, 469, 470, 471, 473, 474, 475, 476, 477, 478, 480, 481, 483, 484, 486, 487, 489, 490, 491, 495, 496, 497, 498, 499, 500, 501, 502, 504, 505, 507, 508, 509, 511, 512, 513, 515, 516, 517, 518, 519, 520, 521, 522, 523, 524, 527, 528, 529, 532, 533, 534, 536, 537, 538, 539, 540, 542, 543, 545, 546, 547, 548, 549, 550, 552, 553, 554, 555, 556, 557, 558, 559, 562, 563, 564, 565, 567, 569, 570, 571, 572, 573, 574, 576, 578, 579, 582, 583, 584, 585, 586, 587, 588, 589, 591, 592, 594, 595, 596, 597, 598, 601, 602, 603, 604, 606, 608, 609, 610, 612, 613, 614, 616, 617, 620, 621, 626, 627, 628, 629, 631, 633, 634, 635, 636, 637, 638, 639, 640, 641, 642, 644, 646, 647, 648, 650, 651, 652, 653, 654, 655, 658, 659, 660, 661, 663, 664, 665, 666, 668, 669, 670, 671, 672, 673, 674, 675, 676, 677, 678, 679, 681, 682, 683, 684, 685, 686, 687, 688, 689, 691, 692, 693, 694, 695, 696, 697, 698, 699, 701, 702, 703, 704, 705, 706, 707, 708, 709, 710, 711, 713, 715, 717, 718, 719, 720, 721, 722, 723, 724, 725, 726, 729, 730, 731, 732, 734, 735, 736, 737, 738, 739, 740, 742, 743, 744, 745, 746, 747, 749, 750, 752, 753, 755, 756, 757, 758, 759, 760, 763, 764, 765, 766, 767, 769, 770, 771, 772, 774, 775, 776, 777, 779, 780, 781, 783, 785, 786, 787, 790, 791, 792, 793, 794, 795, 796, 798, 799, 800, 802, 803, 804, 805, 806, 807, 808, 809, 810, 812, 813, 814, 815, 817, 818, 819, 820, 821, 822, 823, 824, 825, 826, 827, 828, 829, 830, 831, 832, 833, 834, 835, 838, 839, 840, 842, 843, 848, 849, 850, 851, 852, 855, 856, 857, 859, 860, 861, 862, 863, 864, 865, 866, 867, 868, 869, 870, 871, 873, 874, 876, 877, 878, 879, 880, 881, 883, 884, 888]
[4, 24, 32, 33, 39, 42, 57, 69, 74, 81, 88, 100, 101, 103, 120, 121, 132, 140, 150, 153, 159, 168, 177, 181, 185, 189, 191, 193, 199, 218, 232, 251, 254, 261, 270, 271, 276, 290, 295, 310, 331, 335, 336, 337, 353, 357, 363, 366, 372, 376, 390, 400, 402, 403, 411, 413, 422, 423, 436, 445, 452, 456, 467, 482, 484, 491, 492, 516, 521, 522, 534, 535, 537, 540, 545, 547, 550, 555, 565, 568, 574, 589, 593, 602, 619, 626, 644, 645, 650, 655, 657, 664, 669, 674, 676, 686, 688, 690, 695, 697, 712, 720, 740, 748, 752, 756, 765, 804, 813, 815, 822, 832, 848, 850, 852, 864, 865, 870, 872, 878, 884, 889]

[0, 2, 3, 4, 5, 6, 7, 8, 9, 10, 12, 13, 14, 15, 16, 17, 18, 19, 20, 21, 22, 24, 25, 26, 27, 29, 31, 32, 33, 34, 35, 36, 38, 39, 41, 42, 43, 44, 49, 50, 51, 52, 53, 54, 55, 56, 57, 58, 59, 60, 61, 62, 63, 65, 66, 67, 68, 69, 71, 73, 74, 75, 76, 77, 79, 80, 81, 82, 83, 85, 86, 88, 89, 90, 91, 93, 94, 97, 98, 100, 101, 102, 107, 108, 109, 110, 111, 112, 113, 114, 115, 116, 117, 118, 119, 120, 121, 122, 123, 124, 125, 126, 127, 129, 130, 133, 135, 136, 137, 138, 139, 140, 141, 142, 143, 145, 147, 149, 150, 151, 152, 154, 155, 156, 157, 158, 159, 160, 161, 162, 163, 164, 165, 166, 168, 169, 170, 171, 172, 173, 175, 176, 177, 178, 179, 180, 181, 182, 183, 185, 186, 187, 188, 189, 190, 191, 192, 193, 194, 195, 196, 197, 198, 199, 200, 201, 202, 203, 205, 206, 207, 208, 209, 211, 212, 213, 217, 218, 219, 221, 222, 223, 224, 225, 226, 227, 229, 230, 231, 232, 233, 234, 235, 237, 238, 239, 240, 241, 242, 243, 244, 245, 246, 247, 248, 250, 251, 252, 253, 254, 255, 259, 260, 261, 263, 264, 266, 267, 268, 269, 270, 272, 273, 274, 275, 277, 278, 280, 284, 288, 289, 290, 291, 293, 294, 295, 297, 299, 300, 301, 302, 303, 304, 305, 306, 309, 313, 314, 315, 316, 317, 318, 319, 320, 321, 322, 323, 324, 325, 326, 327, 328, 329, 331, 332, 333, 334, 335, 337, 338, 339, 340, 341, 343, 344, 345, 346, 347, 348, 349, 350, 351, 352, 353, 354, 355, 356, 358, 359, 362, 364, 365, 367, 368, 370, 371, 373, 374, 375, 376, 377, 379, 380, 381, 383, 384, 386, 387, 390, 392, 393, 395, 396, 397, 398, 399, 400, 401, 402, 403, 404, 405, 406, 407, 410, 411, 413, 416, 417, 418, 419, 420, 421, 422, 423, 424, 425, 429, 431, 432, 433, 434, 435, 436, 439, 440, 441, 442, 443, 444, 445, 446, 447, 448, 449, 451, 452, 453, 455, 456, 457, 459, 460, 461, 462, 463, 464, 465, 466, 467, 468, 469, 470, 471, 473, 474, 475, 476, 477, 478, 479, 480, 481, 483, 484, 486, 487, 489, 490, 491, 493, 495, 496, 497, 498, 499, 500, 501, 502, 504, 505, 507, 508, 509, 511, 512, 513, 515, 516, 517, 518, 519, 520, 521, 522, 523, 524, 527, 528, 529, 532, 533, 534, 536, 537, 538, 539, 540, 542, 543, 545, 546, 547, 548, 549, 550, 552, 553, 554, 555, 556, 557, 558, 559, 562, 563, 564, 565, 567, 569, 570, 571, 572, 573, 574, 575, 576, 578, 579, 582, 583, 584, 585, 586, 587, 588, 589, 591, 592, 594, 595, 596, 597, 598, 599, 601, 602, 603, 604, 606, 608, 609, 610, 612, 613, 614, 616, 617, 620, 621, 626, 627, 628, 629, 631, 633, 634, 635, 636, 637, 638, 639, 640, 641, 642, 643, 644, 646, 647, 648, 650, 651, 652, 653, 654, 655, 658, 659, 660, 661, 663, 664, 665, 666, 668, 669, 670, 671, 672, 673, 674, 675, 676, 677, 678, 679, 681, 682, 683, 684, 685, 686, 687, 688, 689, 691, 692, 693, 694, 695, 696, 697, 698, 699, 701, 702, 703, 704, 705, 706, 707, 708, 709, 710, 711, 713, 714, 715, 717, 718, 719, 720, 721, 722, 723, 724, 725, 726, 729, 730, 731, 732, 733, 734, 735, 736, 737, 738, 739, 740, 742, 743, 744, 745, 746, 747, 749, 750, 752, 753, 755, 756, 757, 758, 759, 760, 762, 763, 764, 765, 766, 767, 769, 770, 771, 772, 773, 774, 775, 776, 777, 779, 780, 781, 783, 785, 786, 787, 789, 790, 791, 792, 793, 794, 795, 796, 798, 799, 800, 802, 803, 804, 805, 806, 807, 808, 809, 810, 812, 813, 814, 815, 816, 817, 818, 819, 820, 821, 822, 823, 824, 825, 826, 827, 828, 829, 830, 831, 832, 833, 834, 835, 838, 839, 840, 842, 843, 845, 848, 849, 850, 851, 852, 855, 856, 857, 859, 860, 861, 862, 863, 864, 865, 866, 867, 868, 869, 870, 871, 873, 874, 876, 877, 878, 879, 880, 881, 883, 884, 888]
[4, 24, 32, 33, 39, 42, 57, 69, 74, 81, 88, 100, 101, 103, 120, 121, 132, 140, 150, 153, 159, 168, 177, 181, 185, 189, 191, 193, 199, 218, 232, 251, 254, 261, 270, 271, 276, 290, 295, 310, 331, 335, 336, 337, 353, 357, 363, 366, 372, 376, 390, 400, 402, 403, 411, 413, 422, 423, 436, 445, 452, 456, 467, 482, 484, 491, 492, 516, 521, 522, 534, 535, 537, 540, 545, 547, 550, 555, 565, 568, 574, 589, 593, 602, 619, 626, 644, 645, 650, 655, 657, 664, 669, 674, 676, 686, 688, 690, 695, 697, 712, 720, 740, 748, 752, 756, 765, 804, 813, 815, 822, 832, 848, 850, 852, 864, 865, 870, 872, 878, 884, 889]

[0, 2, 3, 4, 5, 6, 7, 8, 9, 10, 12, 13, 14, 15, 16, 17, 18, 19, 20, 21, 22, 24, 25, 26, 27, 29, 31, 32, 33, 34, 35, 36, 38, 39, 41, 42, 43, 44, 45, 49, 50, 51, 52, 53, 54, 55, 56, 57, 58, 59, 60, 61, 62, 63, 65, 66, 67, 68, 69, 70, 71, 73, 74, 75, 76, 77, 79, 80, 81, 82, 83, 85, 86, 88, 89, 90, 91, 93, 94, 97, 98, 100, 101, 102, 103, 107, 108, 109, 110, 111, 112, 113, 114, 115, 116, 117, 118, 119, 120, 121, 122, 123, 124, 125, 126, 127, 129, 130, 133, 135, 136, 137, 138, 139, 140, 141, 142, 143, 145, 147, 149, 150, 151, 152, 154, 155, 156, 157, 158, 159, 160, 161, 162, 163, 164, 165, 166, 168, 169, 170, 171, 172, 173, 175, 176, 177, 178, 179, 180, 181, 182, 183, 185, 186, 187, 188, 189, 190, 191, 192, 193, 194, 195, 196, 197, 198, 199, 200, 201, 202, 203, 205, 206, 207, 208, 209, 211, 212, 213, 216, 217, 218, 219, 220, 221, 222, 223, 224, 225, 226, 227, 229, 230, 231, 232, 233, 234, 235, 236, 237, 238, 239, 240, 241, 242, 243, 244, 245, 246, 247, 248, 250, 251, 252, 253, 254, 255, 256, 259, 260, 261, 263, 264, 266, 267, 268, 269, 270, 272, 273, 274, 275, 277, 278, 280, 284, 287, 288, 289, 290, 291, 293, 294, 295, 297, 299, 300, 301, 302, 303, 304, 305, 306, 309, 313, 314, 315, 316, 317, 318, 319, 320, 321, 322, 323, 324, 325, 326, 327, 328, 329, 330, 331, 332, 333, 334, 335, 337, 338, 339, 340, 341, 343, 344, 345, 346, 347, 348, 349, 350, 351, 352, 353, 354, 355, 356, 358, 359, 361, 362, 364, 365, 367, 368, 370, 371, 373, 374, 375, 376, 377, 379, 380, 381, 383, 384, 385, 386, 387, 390, 392, 393, 394, 395, 396, 397, 398, 399, 400, 401, 402, 403, 404, 405, 406, 407, 410, 411, 413, 416, 417, 418, 419, 420, 421, 422, 423, 424, 425, 429, 431, 432, 433, 434, 435, 436, 439, 440, 441, 442, 443, 444, 445, 446, 447, 448, 449, 451, 452, 453, 454, 455, 456, 457, 459, 460, 461, 462, 463, 464, 465, 466, 467, 468, 469, 470, 471, 472, 473, 474, 475, 476, 477, 478, 479, 480, 481, 482, 483, 484, 486, 487, 489, 490, 491, 493, 495, 496, 497, 498, 499, 500, 501, 502, 504, 505, 507, 508, 509, 511, 512, 513, 515, 516, 517, 518, 519, 520, 521, 522, 523, 524, 526, 527, 528, 529, 531, 532, 533, 534, 536, 537, 538, 539, 540, 542, 543, 545, 546, 547, 548, 549, 550, 552, 553, 554, 555, 556, 557, 558, 559, 562, 563, 564, 565, 567, 569, 570, 571, 572, 573, 574, 575, 576, 578, 579, 582, 583, 584, 585, 586, 587, 588, 589, 591, 592, 593, 594, 595, 596, 597, 598, 599, 601, 602, 603, 604, 606, 608, 609, 610, 611, 612, 613, 614, 616, 617, 620, 621, 626, 627, 628, 629, 631, 633, 634, 635, 636, 637, 638, 639, 640, 641, 642, 643, 644, 645, 646, 647, 648, 650, 651, 652, 653, 654, 655, 658, 659, 660, 661, 663, 664, 665, 666, 668, 669, 670, 671, 672, 673, 674, 675, 676, 677, 678, 679, 681, 682, 683, 684, 685, 686, 687, 688, 689, 691, 692, 693, 694, 695, 696, 697, 698, 699, 701, 702, 703, 704, 705, 706, 707, 708, 709, 710, 711, 713, 714, 715, 717, 718, 719, 720, 721, 722, 723, 724, 725, 726, 727, 729, 730, 731, 732, 733, 734, 735, 736, 737, 738, 739, 740, 742, 743, 744, 745, 746, 747, 748, 749, 750, 752, 753, 755, 756, 757, 758, 759, 760, 761, 762, 763, 764, 765, 766, 767, 769, 770, 771, 772, 773, 774, 775, 776, 777, 779, 780, 781, 783, 785, 786, 787, 789, 790, 791, 792, 793, 794, 795, 796, 797, 798, 799, 800, 802, 803, 804, 805, 806, 807, 808, 809, 810, 812, 813, 814, 815, 816, 817, 818, 819, 820, 821, 822, 823, 824, 825, 826, 827, 828, 829, 830, 831, 832, 833, 834, 835, 838, 839, 840, 842, 843, 845, 848, 849, 850, 851, 852, 853, 855, 856, 857, 859, 860, 861, 862, 863, 864, 865, 866, 867, 868, 869, 870, 871, 873, 874, 876, 877, 878, 879, 880, 881, 883, 884, 888]
[4, 24, 32, 33, 39, 42, 57, 69, 74, 81, 88, 100, 101, 103, 120, 121, 132, 140, 150, 153, 159, 168, 177, 181, 185, 189, 191, 193, 199, 218, 232, 251, 254, 261, 270, 271, 276, 290, 295, 310, 331, 335, 336, 337, 353, 357, 363, 366, 372, 376, 390, 400, 402, 403, 411, 413, 422, 423, 436, 445, 452, 456, 467, 482, 484, 491, 492, 516, 521, 522, 534, 535, 537, 540, 545, 547, 550, 555, 565, 568, 574, 589, 593, 602, 619, 626, 644, 645, 650, 655, 657, 664, 669, 674, 676, 686, 688, 690, 695, 697, 712, 720, 740, 748, 752, 756, 765, 804, 813, 815, 822, 832, 848, 850, 852, 864, 865, 870, 872, 878, 884, 889]

[0, 2, 3, 4, 5, 6, 7, 8, 9, 10, 12, 13, 14, 15, 16, 17, 18, 19, 20, 21, 22, 24, 25, 26, 27, 29, 31, 32, 33, 34, 35, 36, 38, 39, 40, 41, 42, 43, 44, 45, 49, 50, 51, 52, 53, 54, 55, 56, 57, 58, 59, 60, 61, 62, 63, 65, 66, 67, 68, 69, 70, 71, 73, 74, 75, 76, 77, 79, 80, 81, 82, 83, 85, 86, 88, 89, 90, 91, 93, 94, 97, 98, 99, 100, 101, 102, 103, 107, 108, 109, 110, 111, 112, 113, 114, 115, 116, 117, 118, 119, 120, 121, 122, 123, 124, 125, 126, 127, 129, 130, 131, 133, 135, 136, 137, 138, 139, 140, 141, 142, 143, 145, 147, 148, 149, 150, 151, 152, 154, 155, 156, 157, 158, 159, 160, 161, 162, 163, 164, 165, 166, 168, 169, 170, 171, 172, 173, 175, 176, 177, 178, 179, 180, 181, 182, 183, 185, 186, 187, 188, 189, 190, 191, 192, 193, 194, 195, 196, 197, 198, 199, 200, 201, 202, 203, 205, 206, 207, 208, 209, 211, 212, 213, 216, 217, 218, 219, 220, 221, 222, 223, 224, 225, 226, 227, 229, 230, 231, 232, 233, 234, 235, 236, 237, 238, 239, 240, 241, 242, 243, 244, 245, 246, 247, 248, 250, 251, 252, 253, 254, 255, 256, 257, 259, 260, 261, 263, 264, 266, 267, 268, 269, 270, 272, 273, 274, 275, 277, 278, 280, 283, 284, 287, 288, 289, 290, 291, 292, 293, 294, 295, 297, 299, 300, 301, 302, 303, 304, 305, 306, 307, 309, 312, 313, 314, 315, 316, 317, 318, 319, 320, 321, 322, 323, 324, 325, 326, 327, 328, 329, 330, 331, 332, 333, 334, 335, 337, 338, 339, 340, 341, 343, 344, 345, 346, 347, 348, 349, 350, 351, 352, 353, 354, 355, 356, 357, 358, 359, 361, 362, 364, 365, 367, 368, 369, 370, 371, 373, 374, 375, 376, 377, 378, 379, 380, 381, 383, 384, 385, 386, 387, 390, 392, 393, 394, 395, 396, 397, 398, 399, 400, 401, 402, 403, 404, 405, 406, 407, 409, 410, 411, 413, 416, 417, 418, 419, 420, 421, 422, 423, 424, 425, 429, 430, 431, 432, 433, 434, 435, 436, 439, 440, 441, 442, 443, 444, 445, 446, 447, 448, 449, 451, 452, 453, 454, 455, 456, 457, 459, 460, 461, 462, 463, 464, 465, 466, 467, 468, 469, 470, 471, 472, 473, 474, 475, 476, 477, 478, 479, 480, 481, 482, 483, 484, 486, 487, 489, 490, 491, 493, 495, 496, 497, 498, 499, 500, 501, 502, 504, 505, 506, 507, 508, 509, 511, 512, 513, 515, 516, 517, 518, 519, 520, 521, 522, 523, 524, 526, 527, 528, 529, 531, 532, 533, 534, 536, 537, 538, 539, 540, 541, 542, 543, 545, 546, 547, 548, 549, 550, 551, 552, 553, 554, 555, 556, 557, 558, 559, 562, 563, 564, 565, 567, 569, 570, 571, 572, 573, 574, 575, 576, 578, 579, 582, 583, 584, 585, 586, 587, 588, 589, 591, 592, 593, 594, 595, 596, 597, 598, 599, 601, 602, 603, 604, 606, 608, 609, 610, 611, 612, 613, 614, 616, 617, 620, 621, 624, 626, 627, 628, 629, 630, 631, 633, 634, 635, 636, 637, 638, 639, 640, 641, 642, 643, 644, 645, 646, 647, 648, 650, 651, 652, 653, 654, 655, 657, 658, 659, 660, 661, 662, 663, 664, 665, 666, 668, 669, 670, 671, 672, 673, 674, 675, 676, 677, 678, 679, 681, 682, 683, 684, 685, 686, 687, 688, 689, 690, 691, 692, 693, 694, 695, 696, 697, 698, 699, 701, 702, 703, 704, 705, 706, 707, 708, 709, 710, 711, 712, 713, 714, 715, 717, 718, 719, 720, 721, 722, 723, 724, 725, 726, 727, 729, 730, 731, 732, 733, 734, 735, 736, 737, 738, 739, 740, 742, 743, 744, 745, 746, 747, 748, 749, 750, 752, 753, 755, 756, 757, 758, 759, 760, 761, 762, 763, 764, 765, 766, 767, 769, 770, 771, 772, 773, 774, 775, 776, 777, 779, 780, 781, 783, 785, 786, 787, 789, 790, 791, 792, 793, 794, 795, 796, 797, 798, 799, 800, 801, 802, 803, 804, 805, 806, 807, 808, 809, 810, 812, 813, 814, 815, 816, 817, 818, 819, 820, 821, 822, 823, 824, 825, 826, 827, 828, 829, 830, 831, 832, 833, 834, 835, 838, 839, 840, 842, 843, 845, 846, 848, 849, 850, 851, 852, 853, 855, 856, 857, 859, 860, 861, 862, 863, 864, 865, 866, 867, 868, 869, 870, 871, 873, 874, 876, 877, 878, 879, 880, 881, 883, 884, 888]
[4, 24, 32, 33, 39, 42, 57, 69, 74, 81, 88, 100, 101, 103, 120, 121, 132, 140, 150, 153, 159, 168, 177, 181, 185, 189, 191, 193, 199, 218, 232, 251, 254, 261, 270, 271, 276, 290, 295, 310, 331, 335, 336, 337, 353, 357, 363, 366, 372, 376, 390, 400, 402, 403, 411, 413, 422, 423, 436, 445, 452, 456, 467, 482, 484, 491, 492, 516, 521, 522, 534, 535, 537, 540, 545, 547, 550, 555, 565, 568, 574, 589, 593, 602, 619, 626, 644, 645, 650, 655, 657, 664, 669, 674, 676, 686, 688, 690, 695, 697, 712, 720, 740, 748, 752, 756, 765, 804, 813, 815, 822, 832, 848, 850, 852, 864, 865, 870, 872, 878, 884, 889]

[0, 2, 3, 4, 5, 6, 7, 8, 9, 10, 12, 13, 14, 15, 16, 17, 18, 19, 20, 21, 22, 24, 25, 26, 27, 29, 31, 32, 33, 34, 35, 36, 38, 39, 40, 41, 42, 43, 44, 45, 49, 50, 51, 52, 53, 54, 55, 56, 57, 58, 59, 60, 61, 62, 63, 65, 66, 67, 68, 69, 70, 71, 73, 74, 75, 76, 77, 78, 79, 80, 81, 82, 83, 85, 86, 88, 89, 90, 91, 92, 93, 94, 96, 97, 98, 99, 100, 101, 102, 103, 107, 108, 109, 110, 111, 112, 113, 114, 115, 116, 117, 118, 119, 120, 121, 122, 123, 124, 125, 126, 127, 129, 130, 131, 133, 135, 136, 137, 138, 139, 140, 141, 142, 143, 144, 145, 147, 148, 149, 150, 151, 152, 154, 155, 156, 157, 158, 159, 160, 161, 162, 163, 164, 165, 166, 168, 169, 170, 171, 172, 173, 175, 176, 177, 178, 179, 180, 181, 182, 183, 185, 186, 187, 188, 189, 190, 191, 192, 193, 194, 195, 196, 197, 198, 199, 200, 201, 202, 203, 204, 205, 206, 207, 208, 209, 211, 212, 213, 216, 217, 218, 219, 220, 221, 222, 223, 224, 225, 226, 227, 228, 229, 230, 231, 232, 233, 234, 235, 236, 237, 238, 239, 240, 241, 242, 243, 244, 245, 246, 247, 248, 250, 251, 252, 253, 254, 255, 256, 257, 259, 260, 261, 263, 264, 266, 267, 268, 269, 270, 272, 273, 274, 275, 277, 278, 279, 280, 283, 284, 287, 288, 289, 290, 291, 292, 293, 294, 295, 296, 297, 299, 300, 301, 302, 303, 304, 305, 306, 307, 308, 309, 312, 313, 314, 315, 316, 317, 318, 319, 320, 321, 322, 323, 324, 325, 326, 327, 328, 329, 330, 331, 332, 333, 334, 335, 337, 338, 339, 340, 341, 343, 344, 345, 346, 347, 348, 349, 350, 351, 352, 353, 354, 355, 356, 357, 358, 359, 360, 361, 362, 364, 365, 366, 367, 368, 369, 370, 371, 373, 374, 375, 376, 377, 378, 379, 380, 381, 383, 384, 385, 386, 387, 388, 389, 390, 392, 393, 394, 395, 396, 397, 398, 399, 400, 401, 402, 403, 404, 405, 406, 407, 409, 410, 411, 413, 416, 417, 418, 419, 420, 421, 422, 423, 424, 425, 429, 430, 431, 432, 433, 434, 435, 436, 437, 439, 440, 441, 442, 443, 444, 445, 446, 447, 448, 449, 451, 452, 453, 454, 455, 456, 457, 458, 459, 460, 461, 462, 463, 464, 465, 466, 467, 468, 469, 470, 471, 472, 473, 474, 475, 476, 477, 478, 479, 480, 481, 482, 483, 484, 485, 486, 487, 489, 490, 491, 493, 495, 496, 497, 498, 499, 500, 501, 502, 504, 505, 506, 507, 508, 509, 511, 512, 513, 515, 516, 517, 518, 519, 520, 521, 522, 523, 524, 526, 527, 528, 529, 530, 531, 532, 533, 534, 535, 536, 537, 538, 539, 540, 541, 542, 543, 545, 546, 547, 548, 549, 550, 551, 552, 553, 554, 555, 556, 557, 558, 559, 562, 563, 564, 565, 567, 568, 569, 570, 571, 572, 573, 574, 575, 576, 578, 579, 582, 583, 584, 585, 586, 587, 588, 589, 590, 591, 592, 593, 594, 595, 596, 597, 598, 599, 601, 602, 603, 604, 606, 608, 609, 610, 611, 612, 613, 614, 616, 617, 618, 620, 621, 624, 626, 627, 628, 629, 630, 631, 633, 634, 635, 636, 637, 638, 639, 640, 641, 642, 643, 644, 645, 646, 647, 648, 650, 651, 652, 653, 654, 655, 657, 658, 659, 660, 661, 662, 663, 664, 665, 666, 668, 669, 670, 671, 672, 673, 674, 675, 676, 677, 678, 679, 681, 682, 683, 684, 685, 686, 687, 688, 689, 690, 691, 692, 693, 694, 695, 696, 697, 698, 699, 701, 702, 703, 704, 705, 706, 707, 708, 709, 710, 711, 712, 713, 714, 715, 716, 717, 718, 719, 720, 721, 722, 723, 724, 725, 726, 727, 729, 730, 731, 732, 733, 734, 735, 736, 737, 738, 739, 740, 742, 743, 744, 745, 746, 747, 748, 749, 750, 752, 753, 755, 756, 757, 758, 759, 760, 761, 762, 763, 764, 765, 766, 767, 769, 770, 771, 772, 773, 774, 775, 776, 777, 779, 780, 781, 783, 785, 786, 787, 789, 790, 791, 792, 793, 794, 795, 796, 797, 798, 799, 800, 801, 802, 803, 804, 805, 806, 807, 808, 809, 810, 812, 813, 814, 815, 816, 817, 818, 819, 820, 821, 822, 823, 824, 825, 826, 827, 828, 829, 830, 831, 832, 833, 834, 835, 838, 839, 840, 842, 843, 845, 846, 848, 849, 850, 851, 852, 853, 855, 856, 857, 859, 860, 861, 862, 863, 864, 865, 866, 867, 868, 869, 870, 871, 873, 874, 876, 877, 878, 879, 880, 881, 883, 884, 885, 888, 889]
[4, 24, 32, 33, 39, 42, 57, 69, 74, 81, 88, 100, 101, 103, 120, 121, 132, 140, 150, 153, 159, 168, 177, 181, 185, 189, 191, 193, 199, 218, 232, 251, 254, 261, 270, 271, 276, 290, 295, 310, 331, 335, 336, 337, 353, 357, 363, 366, 372, 376, 390, 400, 402, 403, 411, 413, 422, 423, 436, 445, 452, 456, 467, 482, 484, 491, 492, 516, 521, 522, 534, 535, 537, 540, 545, 547, 550, 555, 565, 568, 574, 589, 593, 602, 619, 626, 644, 645, 650, 655, 657, 664, 669, 674, 676, 686, 688, 690, 695, 697, 712, 720, 740, 748, 752, 756, 765, 804, 813, 815, 822, 832, 848, 850, 852, 864, 865, 870, 872, 878, 884, 889]

