[25, 89, 209, 335, 386, 405, 408, 412, 483, 614, 636, 676, 682, 689, 693, 703, 717, 726, 727, 756, 762, 826]
[34, 49, 59, 96, 119, 152, 205, 239, 253, 282, 311, 342, 354, 434, 456, 481, 544, 555, 599, 652, 658, 741]

[25, 89, 209, 335, 386, 405, 408, 412, 483, 614, 636, 676, 682, 689, 693, 703, 717, 726, 727, 756, 762, 826]
[11, 26, 33, 34, 42, 46, 49, 58, 59, 66, 73, 86, 92, 96, 98, 107, 112, 119, 135, 152, 167, 168, 169, 179, 184, 192, 195, 205, 206, 211, 222, 225, 234, 236, 238, 239, 244, 245, 247, 253, 259, 267, 271, 277, 281, 282, 294, 304, 311, 321, 325, 328, 339, 342, 343, 352, 354, 358, 365, 373, 390, 402, 406, 420, 425, 428, 430, 434, 435, 437, 443, 448, 456, 460, 464, 472, 477, 480, 481, 512, 522, 544, 548, 555, 556, 569, 576, 580, 587, 599, 600, 601, 617, 620, 632, 645, 649, 651, 652, 658, 663, 667, 677, 679, 691, 719, 741, 744, 757, 773, 776, 780, 803, 813, 823, 824, 827, 837, 845, 866, 878, 886]

[25, 35, 89, 131, 209, 214, 226, 244, 283, 314, 319, 335, 344, 373, 377, 386, 405, 406, 408, 412, 483, 487, 532, 579, 584, 603, 614, 636, 646, 663, 674, 676, 682, 689, 693, 702, 703, 717, 726, 727, 728, 756, 762, 788, 826, 864, 879]
[11, 26, 33, 34, 42, 46, 49, 58, 59, 66, 73, 86, 92, 96, 98, 107, 112, 119, 135, 152, 167, 168, 169, 179, 184, 192, 195, 205, 206, 211, 222, 225, 234, 236, 238, 239, 244, 245, 247, 253, 259, 267, 271, 277, 281, 282, 294, 304, 311, 321, 325, 328, 339, 342, 343, 352, 354, 358, 365, 373, 390, 402, 406, 420, 425, 428, 430, 434, 435, 437, 443, 448, 456, 460, 464, 472, 477, 480, 481, 512, 522, 544, 548, 555, 556, 569, 576, 580, 587, 599, 600, 601, 617, 620, 632, 645, 649, 651, 652, 658, 663, 667, 677, 679, 691, 719, 741, 744, 757, 773, 776, 780, 803, 813, 823, 824, 827, 837, 845, 866, 878, 886]

[25, 34, 35, 89, 131, 162, 192, 203, 207, 209, 214, 216, 218, 226, 233, 244, 248, 264, 283, 307, 314, 319, 335, 344, 373, 377, 386, 405, 406, 408, 412, 413, 451, 467, 483, 487, 532, 579, 584, 603, 614, 624, 636, 646, 663, 671, 674, 676, 681, 682, 687, 689, 693, 694, 702, 703, 717, 726, 727, 728, 753, 756, 761, 762, 764, 776, 788, 806, 810, 826, 849, 853, 864, 879]
[11, 26, 33, 34, 42, 46, 49, 58, 59, 66, 73, 86, 92, 96, 98, 107, 112, 119, 135, 152, 167, 168, 169, 179, 184, 192, 195, 205, 206, 211, 222, 225, 234, 236, 238, 239, 244, 245, 247, 253, 259, 267, 271, 277, 281, 282, 294, 304, 311, 321, 325, 328, 339, 342, 343, 352, 354, 358, 365, 373, 390, 402, 406, 420, 425, 428, 430, 434, 435, 437, 443, 448, 456, 460, 464, 472, 477, 480, 481, 512, 522, 544, 548, 555, 556, 569, 576, 580, 587, 599, 600, 601, 617, 620, 632, 645, 649, 651, 652, 658, 663, 667, 677, 679, 691, 719, 741, 744, 757, 773, 776, 780, 803, 813, 823, 824, 827, 837, 845, 866, 878, 886]

[25, 33, 34, 35, 53, 67, 89, 104, 131, 162, 190, 192, 203, 207, 209, 214, 216, 218, 226, 233, 244, 245, 248, 264, 283, 291, 307, 314, 315, 318, 319, 323, 335, 344, 373, 375, 377, 386, 392, 405, 406, 408, 412, 413, 451, 467, 483, 487, 496, 529, 532, 534, 579, 580, 584, 588, 603, 614, 620, 622, 624, 626, 636, 646, 663, 671, 674, 676, 681, 682, 687, 689, 693, 694, 702, 703, 717, 726, 727, 728, 753, 756, 761, 762, 764, 776, 779, 788, 806, 810, 826, 849, 853, 864, 866, 867, 871, 879, 889]
[11, 26, 33, 34, 42, 46, 49, 58, 59, 66, 73, 86, 92, 96, 98, 107, 112, 119, 135, 152, 167, 168, 169, 179, 184, 192, 195, 205, 206, 211, 222, 225, 234, 236, 238, 239, 244, 245, 247, 253, 259, 267, 271, 277, 281, 282, 294, 304, 311, 321, 325, 328, 339, 342, 343, 352, 354, 358, 365, 373, 390, 402, 406, 420, 425, 428, 430, 434, 435, 437, 443, 448, 456, 460, 464, 472, 477, 480, 481, 512, 522, 544, 548, 555, 556, 569, 576, 580, 587, 599, 600, 601, 617, 620, 632, 645, 649, 651, 652, 658, 663, 667, 677, 679, 691, 719, 741, 744, 757, 773, 776, 780, 803, 813, 823, 824, 827, 837, 845, 866, 878, 886]

[25, 32, 33, 34, 35, 41, 53, 58, 67, 89, 104, 131, 138, 139, 162, 190, 192, 203, 207, 209, 214, 216, 218, 222, 226, 233, 244, 245, 246, 248, 249, 251, 264, 283, 291, 307, 312, 314, 315, 317, 318, 319, 323, 335, 344, 370, 373, 375, 377, 386, 392, 405, 406, 408, 412, 413, 434, 451, 467, 470, 479, 483, 487, 496, 529, 532, 534, 579, 580, 584, 588, 603, 609, 614, 620, 622, 624, 626, 636, 646, 649, 663, 671, 674, 676, 678, 679, 681, 682, 686, 687, 689, 693, 694, 702, 703, 708, 717, 720, 726, 727, 728, 753, 756, 761, 762, 764, 776, 779, 788, 806, 810, 826, 843, 849, 853, 863, 864, 866, 867, 871, 879, 884, 889]
[11, 26, 33, 34, 42, 46, 49, 58, 59, 66, 73, 86, 92, 96, 98, 107, 112, 119, 135, 152, 167, 168, 169, 179, 184, 192, 195, 205, 206, 211, 222, 225, 234, 236, 238, 239, 244, 245, 247, 253, 259, 267, 271, 277, 281, 282, 294, 304, 311, 321, 325, 328, 339, 342, 343, 352, 354, 358, 365, 373, 390, 402, 406, 420, 425, 428, 430, 434, 435, 437, 443, 448, 456, 460, 464, 472, 477, 480, 481, 512, 522, 544, 548, 555, 556, 569, 576, 580, 587, 599, 600, 601, 617, 620, 632, 645, 649, 651, 652, 658, 663, 667, 677, 679, 691, 719, 741, 744, 757, 773, 776, 780, 803, 813, 823, 824, 827, 837, 845, 866, 878, 886]

[25, 32, 33, 34, 35, 41, 46, 53, 58, 67, 89, 104, 107, 131, 138, 139, 145, 162, 167, 176, 190, 192, 203, 205, 207, 209, 214, 216, 218, 222, 226, 232, 233, 242, 244, 245, 246, 248, 249, 251, 252, 264, 267, 272, 283, 286, 291, 297, 302, 307, 310, 312, 314, 315, 317, 318, 319, 323, 335, 344, 345, 365, 370, 373, 375, 377, 386, 392, 405, 406, 408, 412, 413, 421, 434, 451, 467, 470, 479, 482, 483, 486, 487, 496, 499, 529, 532, 534, 567, 579, 580, 584, 588, 603, 609, 614, 620, 622, 624, 626, 634, 636, 638, 646, 649, 657, 663, 671, 674, 676, 678, 679, 681, 682, 685, 686, 687, 689, 693, 694, 702, 703, 708, 717, 720, 726, 727, 728, 730, 753, 754, 756, 761, 762, 764, 767, 776, 779, 788, 796, 797, 806, 810, 826, 843, 849, 852, 853, 854, 863, 864, 866, 867, 871, 879, 884, 889]
[11, 26, 33, 34, 42, 46, 49, 58, 59, 66, 73, 86, 92, 96, 98, 107, 112, 119, 135, 152, 167, 168, 169, 179, 184, 192, 195, 205, 206, 211, 222, 225, 234, 236, 238, 239, 244, 245, 247, 253, 259, 267, 271, 277, 281, 282, 294, 304, 311, 321, 325, 328, 339, 342, 343, 352, 354, 358, 365, 373, 390, 402, 406, 420, 425, 428, 430, 434, 435, 437, 443, 448, 456, 460, 464, 472, 477, 480, 481, 512, 522, 544, 548, 555, 556, 569, 576, 580, 587, 599, 600, 601, 617, 620, 632, 645, 649, 651, 652, 658, 663, 667, 677, 679, 691, 719, 741, 744, 757, 773, 776, 780, 803, 813, 823, 824, 827, 837, 845, 866, 878, 886]

[25, 32, 33, 34, 35, 38, 41, 45, 46, 53, 58, 67, 88, 89, 104, 107, 116, 117, 131, 138, 139, 145, 158, 162, 167, 172, 175, 176, 180, 190, 192, 203, 205, 207, 209, 214, 216, 218, 222, 226, 232, 233, 242, 244, 245, 246, 248, 249, 251, 252, 264, 267, 272, 283, 286, 291, 295, 297, 302, 306, 307, 310, 312, 314, 315, 317, 318, 319, 323, 335, 344, 345, 365, 370, 373, 375, 377, 386, 392, 405, 406, 408, 412, 413, 421, 426, 431, 434, 437, 451, 467, 470, 479, 482, 483, 486, 487, 496, 499, 516, 529, 532, 534, 535, 540, 567, 573, 579, 580, 584, 588, 591, 603, 609, 614, 620, 622, 624, 626, 628, 634, 636, 638, 646, 649, 657, 663, 671, 674, 676, 678, 679, 681, 682, 685, 686, 687, 689, 693, 694, 702, 703, 705, 708, 717, 720, 726, 727, 728, 730, 737, 753, 754, 756, 761, 762, 764, 767, 770, 776, 779, 788, 796, 797, 806, 810, 812, 826, 843, 849, 852, 853, 854, 863, 864, 866, 867, 871, 879, 880, 884, 889]
[11, 26, 33, 34, 42, 46, 49, 58, 59, 66, 73, 86, 92, 96, 98, 107, 112, 119, 135, 152, 167, 168, 169, 179, 184, 192, 195, 205, 206, 211, 222, 225, 234, 236, 238, 239, 244, 245, 247, 253, 259, 267, 271, 277, 281, 282, 294, 304, 311, 321, 325, 328, 339, 342, 343, 352, 354, 358, 365, 373, 390, 402, 406, 420, 425, 428, 430, 434, 435, 437, 443, 448, 456, 460, 464, 472, 477, 480, 481, 512, 522, 544, 548, 555, 556, 569, 576, 580, 587, 599, 600, 601, 617, 620, 632, 645, 649, 651, 652, 658, 663, 667, 677, 679, 691, 719, 741, 744, 757, 773, 776, 780, 803, 813, 823, 824, 827, 837, 845, 866, 878, 886]

[25, 32, 33, 34, 35, 38, 41, 45, 46, 53, 55, 58, 67, 88, 89, 104, 107, 116, 117, 131, 138, 139, 145, 158, 162, 167, 168, 172, 175, 176, 180, 190, 192, 203, 205, 207, 209, 214, 216, 217, 218, 222, 226, 232, 233, 242, 244, 245, 246, 248, 249, 251, 252, 263, 264, 267, 272, 283, 286, 291, 295, 297, 302, 306, 307, 310, 311, 312, 313, 314, 315, 317, 318, 319, 323, 335, 338, 344, 345, 365, 369, 370, 373, 375, 377, 386, 392, 399, 405, 406, 408, 412, 413, 421, 426, 431, 434, 437, 445, 446, 451, 464, 467, 470, 479, 482, 483, 486, 487, 496, 499, 516, 529, 532, 534, 535, 538, 540, 553, 567, 568, 573, 579, 580, 584, 588, 591, 603, 609, 611, 614, 620, 622, 624, 626, 628, 634, 636, 638, 646, 649, 657, 662, 663, 664, 671, 674, 676, 678, 679, 681, 682, 685, 686, 687, 689, 690, 693, 694, 702, 703, 705, 708, 717, 718, 720, 721, 726, 727, 728, 730, 737, 741, 747, 753, 754, 756, 761, 762, 764, 767, 770, 776, 779, 788, 796, 797, 805, 806, 810, 812, 817, 826, 841, 843, 849, 852, 853, 854, 857, 863, 864, 866, 867, 871, 879, 880, 884, 889]
[11, 26, 33, 34, 42, 46, 49, 58, 59, 66, 73, 86, 92, 96, 98, 107, 112, 119, 135, 152, 167, 168, 169, 179, 184, 192, 195, 205, 206, 211, 222, 225, 234, 236, 238, 239, 244, 245, 247, 253, 259, 267, 271, 277, 281, 282, 294, 304, 311, 321, 325, 328, 339, 342, 343, 352, 354, 358, 365, 373, 390, 402, 406, 420, 425, 428, 430, 434, 435, 437, 443, 448, 456, 460, 464, 472, 477, 480, 481, 512, 522, 544, 548, 555, 556, 569, 576, 580, 587, 599, 600, 601, 617, 620, 632, 645, 649, 651, 652, 658, 663, 667, 677, 679, 691, 719, 741, 744, 757, 773, 776, 780, 803, 813, 823, 824, 827, 837, 845, 866, 878, 886]

[15, 25, 32, 33, 34, 35, 38, 41, 45, 46, 51, 52, 53, 55, 58, 67, 74, 88, 89, 102, 104, 107, 116, 117, 119, 122, 131, 132, 138, 139, 145, 158, 160, 162, 165, 167, 168, 172, 175, 176, 180, 190, 191, 192, 203, 205, 207, 209, 214, 216, 217, 218, 222, 226, 232, 233, 242, 244, 245, 246, 248, 249, 251, 252, 263, 264, 267, 269, 272, 283, 286, 290, 291, 295, 297, 302, 306, 307, 310, 311, 312, 313, 314, 315, 317, 318, 319, 323, 333, 335, 337, 338, 339, 344, 345, 365, 369, 370, 373, 375, 377, 386, 392, 399, 405, 406, 408, 412, 413, 421, 426, 431, 434, 436, 437, 445, 446, 451, 464, 465, 467, 470, 479, 482, 483, 486, 487, 495, 496, 499, 516, 529, 532, 534, 535, 538, 540, 553, 567, 568, 573, 577, 579, 580, 584, 588, 591, 603, 609, 611, 614, 620, 622, 624, 626, 628, 630, 634, 636, 638, 646, 649, 654, 657, 662, 663, 664, 671, 674, 675, 676, 678, 679, 681, 682, 685, 686, 687, 689, 690, 693, 694, 702, 703, 705, 708, 717, 718, 720, 721, 726, 727, 728, 730, 737, 741, 747, 750, 753, 754, 756, 761, 762, 764, 767, 770, 773, 776, 779, 788, 795, 796, 797, 805, 806, 810, 812, 817, 826, 841, 843, 849, 852, 853, 854, 857, 863, 864, 866, 867, 871, 879, 880, 884, 889]
[11, 26, 33, 34, 42, 46, 49, 58, 59, 66, 73, 86, 92, 96, 98, 107, 112, 119, 135, 152, 167, 168, 169, 179, 184, 192, 195, 205, 206, 211, 222, 225, 234, 236, 238, 239, 244, 245, 247, 253, 259, 267, 271, 277, 281, 282, 294, 304, 311, 321, 325, 328, 339, 342, 343, 352, 354, 358, 365, 373, 390, 402, 406, 420, 425, 428, 430, 434, 435, 437, 443, 448, 456, 460, 464, 472, 477, 480, 481, 512, 522, 544, 548, 555, 556, 569, 576, 580, 587, 599, 600, 601, 617, 620, 632, 645, 649, 651, 652, 658, 663, 667, 677, 679, 691, 719, 741, 744, 757, 773, 776, 780, 803, 813, 823, 824, 827, 837, 845, 866, 878, 886]

[15, 17, 25, 32, 33, 34, 35, 38, 41, 45, 46, 51, 52, 53, 55, 58, 67, 74, 88, 89, 102, 104, 107, 116, 117, 119, 122, 131, 132, 138, 139, 145, 158, 160, 162, 165, 167, 168, 172, 175, 176, 180, 190, 191, 192, 203, 205, 207, 209, 214, 216, 217, 218, 222, 226, 232, 233, 237, 242, 244, 245, 246, 248, 249, 251, 252, 263, 264, 267, 269, 272, 283, 286, 290, 291, 295, 297, 302, 306, 307, 310, 311, 312, 313, 314, 315, 317, 318, 319, 323, 333, 335, 337, 338, 339, 344, 345, 365, 369, 370, 373, 375, 376, 377, 381, 386, 392, 399, 405, 406, 408, 412, 413, 421, 426, 431, 434, 436, 437, 438, 445, 446, 451, 460, 464, 465, 467, 470, 478, 479, 482, 483, 486, 487, 488, 491, 495, 496, 499, 501, 516, 529, 532, 534, 535, 538, 540, 553, 567, 568, 573, 577, 579, 580, 584, 588, 591, 603, 606, 609, 611, 614, 618, 620, 622, 624, 626, 628, 630, 634, 635, 636, 638, 642, 646, 649, 650, 654, 657, 662, 663, 664, 671, 674, 675, 676, 678, 679, 681, 682, 685, 686, 687, 689, 690, 693, 694, 699, 702, 703, 705, 708, 717, 718, 720, 721, 726, 727, 728, 730, 733, 734, 737, 741, 747, 750, 753, 754, 756, 761, 762, 764, 767, 769, 770, 773, 776, 779, 786, 788, 794, 795, 796, 797, 805, 806, 810, 812, 817, 826, 841, 843, 849, 850, 852, 853, 854, 855, 857, 859, 863, 864, 866, 867, 871, 874, 879, 880, 884, 889]
[11, 26, 33, 34, 42, 46, 49, 58, 59, 66, 73, 86, 92, 96, 98, 107, 112, 119, 135, 152, 167, 168, 169, 179, 184, 192, 195, 205, 206, 211, 222, 225, 234, 236, 238, 239, 244, 245, 247, 253, 259, 267, 271, 277, 281, 282, 294, 304, 311, 321, 325, 328, 339, 342, 343, 352, 354, 358, 365, 373, 390, 402, 406, 420, 425, 428, 430, 434, 435, 437, 443, 448, 456, 460, 464, 472, 477, 480, 481, 512, 522, 544, 548, 555, 556, 569, 576, 580, 587, 599, 600, 601, 617, 620, 632, 645, 649, 651, 652, 658, 663, 667, 677, 679, 691, 719, 741, 744, 757, 773, 776, 780, 803, 813, 823, 824, 827, 837, 845, 866, 878, 886]

[15, 17, 25, 32, 33, 34, 35, 38, 41, 45, 46, 51, 52, 53, 55, 58, 67, 68, 74, 88, 89, 97, 102, 104, 107, 116, 117, 119, 122, 131, 132, 138, 139, 145, 158, 160, 162, 165, 167, 168, 169, 172, 175, 176, 180, 190, 191, 192, 203, 205, 207, 209, 214, 216, 217, 218, 222, 226, 232, 233, 237, 242, 244, 245, 246, 248, 249, 251, 252, 263, 264, 266, 267, 269, 272, 281, 283, 286, 289, 290, 291, 295, 297, 302, 306, 307, 308, 310, 311, 312, 313, 314, 315, 317, 318, 319, 323, 333, 335, 337, 338, 339, 344, 345, 365, 369, 370, 373, 375, 376, 377, 378, 381, 386, 392, 395, 399, 403, 405, 406, 408, 412, 413, 421, 426, 431, 433, 434, 436, 437, 438, 440, 445, 446, 451, 460, 464, 465, 467, 470, 478, 479, 482, 483, 486, 487, 488, 491, 495, 496, 499, 501, 508, 516, 529, 532, 534, 535, 538, 540, 553, 561, 567, 568, 573, 577, 579, 580, 584, 588, 591, 598, 603, 606, 607, 609, 611, 612, 614, 618, 620, 622, 624, 626, 628, 630, 634, 635, 636, 638, 642, 646, 649, 650, 651, 654, 657, 660, 662, 663, 664, 669, 671, 674, 675, 676, 678, 679, 681, 682, 685, 686, 687, 689, 690, 693, 694, 699, 701, 702, 703, 705, 708, 717, 718, 720, 721, 726, 727, 728, 730, 733, 734, 737, 741, 747, 750, 753, 754, 756, 761, 762, 764, 767, 769, 770, 773, 776, 779, 786, 788, 794, 795, 796, 797, 805, 806, 810, 812, 817, 826, 841, 843, 849, 850, 852, 853, 854, 855, 857, 859, 863, 864, 865, 866, 867, 868, 870, 871, 874, 879, 880, 884, 888, 889]
[11, 26, 33, 34, 42, 46, 49, 58, 59, 66, 73, 86, 92, 96, 98, 107, 112, 119, 135, 152, 167, 168, 169, 179, 184, 192, 195, 205, 206, 211, 222, 225, 234, 236, 238, 239, 244, 245, 247, 253, 259, 267, 271, 277, 281, 282, 294, 304, 311, 321, 325, 328, 339, 342, 343, 352, 354, 358, 365, 373, 390, 402, 406, 420, 425, 428, 430, 434, 435, 437, 443, 448, 456, 460, 464, 472, 477, 480, 481, 512, 522, 544, 548, 555, 556, 569, 576, 580, 587, 599, 600, 601, 617, 620, 632, 645, 649, 651, 652, 658, 663, 667, 677, 679, 691, 719, 741, 744, 757, 773, 776, 780, 803, 813, 823, 824, 827, 837, 845, 866, 878, 886]

[0, 2, 8, 15, 17, 25, 32, 33, 34, 35, 38, 41, 45, 46, 51, 52, 53, 55, 58, 66, 67, 68, 74, 88, 89, 97, 102, 104, 107, 116, 117, 119, 122, 130, 131, 132, 138, 139, 145, 158, 159, 160, 162, 165, 167, 168, 169, 172, 175, 176, 180, 188, 190, 191, 192, 201, 203, 205, 207, 209, 214, 216, 217, 218, 222, 226, 228, 232, 233, 237, 242, 244, 245, 246, 248, 249, 251, 252, 263, 264, 266, 267, 269, 272, 281, 283, 286, 289, 290, 291, 295, 297, 302, 306, 307, 308, 310, 311, 312, 313, 314, 315, 317, 318, 319, 323, 331, 333, 335, 337, 338, 339, 344, 345, 354, 365, 369, 370, 373, 375, 376, 377, 378, 381, 386, 389, 392, 395, 399, 403, 405, 406, 408, 409, 412, 413, 421, 426, 431, 433, 434, 436, 437, 438, 440, 442, 445, 446, 451, 460, 464, 465, 467, 470, 478, 479, 482, 483, 486, 487, 488, 491, 495, 496, 499, 501, 508, 516, 529, 532, 534, 535, 538, 539, 540, 553, 561, 567, 568, 573, 577, 579, 580, 584, 588, 591, 598, 603, 606, 607, 609, 611, 612, 614, 618, 620, 622, 624, 626, 628, 629, 630, 634, 635, 636, 638, 642, 646, 648, 649, 650, 651, 654, 657, 660, 662, 663, 664, 669, 671, 674, 675, 676, 678, 679, 681, 682, 685, 686, 687, 688, 689, 690, 693, 694, 699, 701, 702, 703, 705, 708, 714, 717, 718, 720, 721, 726, 727, 728, 730, 733, 734, 737, 741, 747, 750, 752, 753, 754, 756, 761, 762, 764, 767, 769, 770, 772, 773, 776, 779, 786, 788, 794, 795, 796, 797, 805, 806, 810, 812, 817, 818, 826, 841, 843, 849, 850, 851, 852, 853, 854, 855, 857, 859, 863, 864, 865, 866, 867, 868, 869, 870, 871, 874, 879, 880, 884, 886, 888, 889]
[11, 26, 33, 34, 42, 46, 49, 58, 59, 66, 73, 86, 92, 96, 98, 107, 112, 119, 135, 152, 167, 168, 169, 179, 184, 192, 195, 205, 206, 211, 222, 225, 234, 236, 238, 239, 244, 245, 247, 253, 259, 267, 271, 277, 281, 282, 294, 304, 311, 321, 325, 328, 339, 342, 343, 352, 354, 358, 365, 373, 390, 402, 406, 420, 425, 428, 430, 434, 435, 437, 443, 448, 456, 460, 464, 472, 477, 480, 481, 512, 522, 544, 548, 555, 556, 569, 576, 580, 587, 599, 600, 601, 617, 620, 632, 645, 649, 651, 652, 658, 663, 667, 677, 679, 691, 719, 741, 744, 757, 773, 776, 780, 803, 813, 823, 824, 827, 837, 845, 866, 878, 886]

[0, 1, 2, 8, 10, 15, 17, 25, 32, 33, 34, 35, 38, 41, 42, 44, 45, 46, 51, 52, 53, 55, 58, 62, 66, 67, 68, 74, 88, 89, 95, 97, 99, 102, 104, 107, 116, 117, 119, 122, 130, 131, 132, 138, 139, 145, 158, 159, 160, 162, 165, 167, 168, 169, 172, 175, 176, 180, 183, 188, 190, 191, 192, 196, 201, 203, 205, 207, 209, 212, 214, 216, 217, 218, 222, 226, 228, 232, 233, 237, 242, 244, 245, 246, 248, 249, 251, 252, 263, 264, 266, 267, 269, 272, 281, 283, 286, 289, 290, 291, 294, 295, 297, 302, 306, 307, 308, 310, 311, 312, 313, 314, 315, 317, 318, 319, 323, 331, 333, 334, 335, 337, 338, 339, 344, 345, 354, 358, 365, 369, 370, 373, 375, 376, 377, 378, 381, 386, 389, 392, 393, 395, 399, 403, 405, 406, 408, 409, 412, 413, 421, 424, 426, 431, 433, 434, 436, 437, 438, 440, 442, 445, 446, 451, 460, 461, 464, 465, 467, 470, 478, 479, 482, 483, 486, 487, 488, 491, 495, 496, 499, 501, 508, 510, 516, 518, 529, 532, 534, 535, 538, 539, 540, 553, 556, 557, 561, 566, 567, 568, 573, 577, 579, 580, 584, 588, 591, 598, 603, 606, 607, 609, 611, 612, 614, 618, 620, 622, 624, 626, 628, 629, 630, 634, 635, 636, 638, 642, 646, 648, 649, 650, 651, 654, 657, 660, 662, 663, 664, 669, 671, 674, 675, 676, 678, 679, 681, 682, 685, 686, 687, 688, 689, 690, 691, 693, 694, 699, 701, 702, 703, 705, 708, 714, 717, 718, 720, 721, 726, 727, 728, 730, 733, 734, 737, 741, 747, 750, 752, 753, 754, 756, 761, 762, 764, 767, 769, 770, 771, 772, 773, 776, 779, 786, 788, 794, 795, 796, 797, 805, 806, 810, 812, 817, 818, 826, 841, 843, 848, 849, 850, 851, 852, 853, 854, 855, 857, 859, 863, 864, 865, 866, 867, 868, 869, 870, 871, 873, 874, 879, 880, 884, 886, 888, 889]
[11, 26, 33, 34, 42, 46, 49, 58, 59, 66, 73, 86, 92, 96, 98, 107, 112, 119, 135, 152, 167, 168, 169, 179, 184, 192, 195, 205, 206, 211, 222, 225, 234, 236, 238, 239, 244, 245, 247, 253, 259, 267, 271, 277, 281, 282, 294, 304, 311, 321, 325, 328, 339, 342, 343, 352, 354, 358, 365, 373, 390, 402, 406, 420, 425, 428, 430, 434, 435, 437, 443, 448, 456, 460, 464, 472, 477, 480, 481, 512, 522, 544, 548, 555, 556, 569, 576, 580, 587, 599, 600, 601, 617, 620, 632, 645, 649, 651, 652, 658, 663, 667, 677, 679, 691, 719, 741, 744, 757, 773, 776, 780, 803, 813, 823, 824, 827, 837, 845, 866, 878, 886]

[0, 1, 2, 8, 10, 15, 17, 18, 23, 25, 26, 32, 33, 34, 35, 38, 40, 41, 42, 44, 45, 46, 51, 52, 53, 55, 58, 62, 65, 66, 67, 68, 74, 88, 89, 90, 95, 97, 99, 102, 104, 107, 116, 117, 119, 122, 130, 131, 132, 138, 139, 145, 158, 159, 160, 162, 165, 167, 168, 169, 172, 175, 176, 180, 183, 188, 190, 191, 192, 196, 201, 203, 205, 207, 209, 212, 214, 216, 217, 218, 222, 226, 228, 232, 233, 237, 242, 244, 245, 246, 248, 249, 251, 252, 263, 264, 266, 267, 269, 272, 279, 281, 283, 286, 289, 290, 291, 294, 295, 297, 302, 306, 307, 308, 310, 311, 312, 313, 314, 315, 316, 317, 318, 319, 323, 331, 333, 334, 335, 337, 338, 339, 344, 345, 354, 358, 365, 369, 370, 373, 375, 376, 377, 378, 381, 386, 389, 390, 392, 393, 395, 399, 403, 405, 406, 408, 409, 412, 413, 415, 418, 421, 422, 424, 426, 431, 433, 434, 436, 437, 438, 440, 442, 443, 445, 446, 451, 456, 460, 461, 464, 465, 467, 470, 478, 479, 481, 482, 483, 486, 487, 488, 491, 495, 496, 499, 501, 508, 510, 516, 518, 529, 532, 534, 535, 538, 539, 540, 553, 556, 557, 558, 561, 566, 567, 568, 573, 577, 578, 579, 580, 584, 588, 591, 598, 603, 606, 607, 609, 611, 612, 614, 618, 620, 622, 624, 625, 626, 628, 629, 630, 633, 634, 635, 636, 638, 642, 643, 646, 648, 649, 650, 651, 654, 657, 660, 662, 663, 664, 669, 671, 674, 675, 676, 678, 679, 681, 682, 685, 686, 687, 688, 689, 690, 691, 693, 694, 699, 701, 702, 703, 705, 706, 708, 709, 711, 714, 717, 718, 720, 721, 726, 727, 728, 730, 733, 734, 737, 741, 744, 747, 750, 752, 753, 754, 756, 761, 762, 764, 767, 769, 770, 771, 772, 773, 776, 779, 786, 788, 794, 795, 796, 797, 805, 806, 810, 812, 817, 818, 826, 841, 843, 846, 848, 849, 850, 851, 852, 853, 854, 855, 857, 859, 863, 864, 865, 866, 867, 868, 869, 870, 871, 873, 874, 879, 880, 884, 886, 888, 889]
[11, 26, 33, 34, 42, 46, 49, 58, 59, 66, 73, 86, 92, 96, 98, 107, 112, 119, 135, 152, 167, 168, 169, 179, 184, 192, 195, 205, 206, 211, 222, 225, 234, 236, 238, 239, 244, 245, 247, 253, 259, 267, 271, 277, 281, 282, 294, 304, 311, 321, 325, 328, 339, 342, 343, 352, 354, 358, 365, 373, 390, 402, 406, 420, 425, 428, 430, 434, 435, 437, 443, 448, 456, 460, 464, 472, 477, 480, 481, 512, 522, 544, 548, 555, 556, 569, 576, 580, 587, 599, 600, 601, 617, 620, 632, 645, 649, 651, 652, 658, 663, 667, 677, 679, 691, 719, 741, 744, 757, 773, 776, 780, 803, 813, 823, 824, 827, 837, 845, 866, 878, 886]

[0, 1, 2, 8, 10, 15, 17, 18, 23, 25, 26, 32, 33, 34, 35, 38, 40, 41, 42, 44, 45, 46, 49, 51, 52, 53, 55, 58, 62, 65, 66, 67, 68, 74, 88, 89, 90, 95, 97, 99, 102, 104, 107, 116, 117, 119, 122, 128, 130, 131, 132, 138, 139, 145, 147, 156, 158, 159, 160, 162, 165, 167, 168, 169, 172, 175, 176, 180, 183, 188, 190, 191, 192, 196, 198, 201, 203, 205, 207, 209, 210, 211, 212, 213, 214, 216, 217, 218, 219, 222, 226, 228, 232, 233, 237, 242, 244, 245, 246, 248, 249, 251, 252, 259, 263, 264, 266, 267, 269, 272, 279, 281, 282, 283, 286, 289, 290, 291, 294, 295, 296, 297, 302, 306, 307, 308, 310, 311, 312, 313, 314, 315, 316, 317, 318, 319, 323, 331, 333, 334, 335, 337, 338, 339, 344, 345, 351, 354, 358, 363, 365, 369, 370, 371, 373, 375, 376, 377, 378, 381, 386, 389, 390, 392, 393, 394, 395, 399, 403, 405, 406, 408, 409, 412, 413, 415, 418, 421, 422, 424, 426, 431, 433, 434, 436, 437, 438, 440, 442, 443, 445, 446, 451, 456, 460, 461, 464, 465, 467, 469, 470, 477, 478, 479, 481, 482, 483, 486, 487, 488, 491, 495, 496, 499, 501, 508, 510, 516, 518, 529, 532, 534, 535, 538, 539, 540, 546, 553, 556, 557, 558, 561, 566, 567, 568, 573, 577, 578, 579, 580, 584, 588, 590, 591, 598, 603, 606, 607, 609, 611, 612, 614, 618, 619, 620, 622, 624, 625, 626, 628, 629, 630, 633, 634, 635, 636, 638, 642, 643, 646, 648, 649, 650, 651, 654, 657, 660, 662, 663, 664, 667, 669, 671, 674, 675, 676, 678, 679, 681, 682, 685, 686, 687, 688, 689, 690, 691, 693, 694, 699, 701, 702, 703, 705, 706, 708, 709, 711, 714, 717, 718, 720, 721, 726, 727, 728, 730, 732, 733, 734, 737, 741, 744, 747, 750, 752, 753, 754, 756, 761, 762, 764, 767, 769, 770, 771, 772, 773, 776, 779, 780, 786, 788, 794, 795, 796, 797, 805, 806, 810, 812, 817, 818, 826, 841, 843, 846, 848, 849, 850, 851, 852, 853, 854, 855, 857, 859, 860, 863, 864, 865, 866, 867, 868, 869, 870, 871, 873, 874, 879, 880, 884, 886, 888, 889]
[11, 26, 33, 34, 42, 46, 49, 58, 59, 66, 73, 86, 92, 96, 98, 107, 112, 119, 135, 152, 167, 168, 169, 179, 184, 192, 195, 205, 206, 211, 222, 225, 234, 236, 238, 239, 244, 245, 247, 253, 259, 267, 271, 277, 281, 282, 294, 304, 311, 321, 325, 328, 339, 342, 343, 352, 354, 358, 365, 373, 390, 402, 406, 420, 425, 428, 430, 434, 435, 437, 443, 448, 456, 460, 464, 472, 477, 480, 481, 512, 522, 544, 548, 555, 556, 569, 576, 580, 587, 599, 600, 601, 617, 620, 632, 645, 649, 651, 652, 658, 663, 667, 677, 679, 691, 719, 741, 744, 757, 773, 776, 780, 803, 813, 823, 824, 827, 837, 845, 866, 878, 886]

[0, 1, 2, 8, 10, 12, 15, 17, 18, 20, 23, 25, 26, 32, 33, 34, 35, 38, 40, 41, 42, 44, 45, 46, 49, 51, 52, 53, 55, 58, 62, 64, 65, 66, 67, 68, 74, 88, 89, 90, 95, 97, 99, 102, 104, 107, 116, 117, 119, 122, 128, 130, 131, 132, 138, 139, 145, 147, 156, 158, 159, 160, 162, 163, 165, 167, 168, 169, 172, 175, 176, 180, 183, 188, 190, 191, 192, 196, 198, 201, 203, 205, 207, 209, 210, 211, 212, 213, 214, 216, 217, 218, 219, 222, 226, 228, 232, 233, 237, 242, 244, 245, 246, 248, 249, 251, 252, 259, 263, 264, 266, 267, 269, 272, 273, 279, 281, 282, 283, 286, 289, 290, 291, 294, 295, 296, 297, 302, 306, 307, 308, 310, 311, 312, 313, 314, 315, 316, 317, 318, 319, 323, 327, 331, 333, 334, 335, 337, 338, 339, 340, 344, 345, 351, 352, 354, 355, 358, 363, 365, 369, 370, 371, 373, 375, 376, 377, 378, 381, 386, 389, 390, 392, 393, 394, 395, 399, 403, 405, 406, 408, 409, 412, 413, 415, 418, 421, 422, 424, 426, 430, 431, 433, 434, 436, 437, 438, 440, 442, 443, 445, 446, 451, 456, 460, 461, 464, 465, 467, 469, 470, 472, 476, 477, 478, 479, 481, 482, 483, 486, 487, 488, 491, 495, 496, 498, 499, 501, 508, 510, 516, 518, 529, 532, 534, 535, 538, 539, 540, 546, 547, 553, 556, 557, 558, 561, 566, 567, 568, 573, 577, 578, 579, 580, 584, 588, 590, 591, 598, 600, 603, 606, 607, 609, 611, 612, 614, 618, 619, 620, 622, 624, 625, 626, 628, 629, 630, 633, 634, 635, 636, 638, 642, 643, 646, 648, 649, 650, 651, 653, 654, 657, 660, 662, 663, 664, 667, 668, 669, 671, 674, 675, 676, 678, 679, 681, 682, 685, 686, 687, 688, 689, 690, 691, 692, 693, 694, 699, 701, 702, 703, 705, 706, 707, 708, 709, 711, 714, 715, 717, 718, 719, 720, 721, 726, 727, 728, 730, 732, 733, 734, 737, 741, 744, 747, 750, 752, 753, 754, 756, 761, 762, 764, 767, 769, 770, 771, 772, 773, 776, 779, 780, 786, 788, 794, 795, 796, 797, 800, 801, 805, 806, 810, 812, 817, 818, 826, 841, 843, 844, 846, 848, 849, 850, 851, 852, 853, 854, 855, 857, 859, 860, 861, 863, 864, 865, 866, 867, 868, 869, 870, 871, 873, 874, 879, 880, 884, 886, 888, 889]
[11, 26, 33, 34, 42, 46, 49, 58, 59, 66, 73, 86, 92, 96, 98, 107, 112, 119, 135, 152, 167, 168, 169, 179, 184, 192, 195, 205, 206, 211, 222, 225, 234, 236, 238, 239, 244, 245, 247, 253, 259, 267, 271, 277, 281, 282, 294, 304, 311, 321, 325, 328, 339, 342, 343, 352, 354, 358, 365, 373, 390, 402, 406, 420, 425, 428, 430, 434, 435, 437, 443, 448, 456, 460, 464, 472, 477, 480, 481, 512, 522, 544, 548, 555, 556, 569, 576, 580, 587, 599, 600, 601, 617, 620, 632, 645, 649, 651, 652, 658, 663, 667, 677, 679, 691, 719, 741, 744, 757, 773, 776, 780, 803, 813, 823, 824, 827, 837, 845, 866, 878, 886]

[0, 1, 2, 8, 10, 12, 15, 17, 18, 20, 23, 25, 26, 27, 32, 33, 34, 35, 38, 40, 41, 42, 44, 45, 46, 49, 51, 52, 53, 55, 58, 62, 63, 64, 65, 66, 67, 68, 74, 88, 89, 90, 95, 97, 99, 102, 104, 107, 110, 116, 117, 119, 122, 124, 128, 130, 131, 132, 138, 139, 145, 147, 156, 158, 159, 160, 162, 163, 165, 167, 168, 169, 172, 175, 176, 180, 183, 188, 190, 191, 192, 196, 198, 201, 203, 205, 207, 209, 210, 211, 212, 213, 214, 216, 217, 218, 219, 220, 222, 226, 227, 228, 232, 233, 237, 242, 243, 244, 245, 246, 248, 249, 251, 252, 255, 259, 263, 264, 266, 267, 269, 272, 273, 279, 280, 281, 282, 283, 286, 289, 290, 291, 294, 295, 296, 297, 302, 306, 307, 308, 310, 311, 312, 313, 314, 315, 316, 317, 318, 319, 323, 325, 327, 331, 333, 334, 335, 337, 338, 339, 340, 342, 344, 345, 351, 352, 354, 355, 358, 363, 365, 369, 370, 371, 373, 375, 376, 377, 378, 381, 386, 388, 389, 390, 392, 393, 394, 395, 396, 399, 403, 405, 406, 408, 409, 412, 413, 415, 418, 421, 422, 424, 426, 429, 430, 431, 433, 434, 436, 437, 438, 440, 442, 443, 445, 446, 447, 448, 451, 456, 460, 461, 464, 465, 467, 469, 470, 472, 476, 477, 478, 479, 481, 482, 483, 486, 487, 488, 491, 495, 496, 498, 499, 501, 508, 510, 512, 516, 518, 519, 524, 529, 532, 534, 535, 538, 539, 540, 541, 546, 547, 553, 556, 557, 558, 561, 566, 567, 568, 573, 577, 578, 579, 580, 584, 588, 590, 591, 598, 600, 603, 606, 607, 609, 611, 612, 614, 618, 619, 620, 622, 624, 625, 626, 628, 629, 630, 633, 634, 635, 636, 638, 642, 643, 646, 648, 649, 650, 651, 653, 654, 657, 660, 661, 662, 663, 664, 667, 668, 669, 671, 674, 675, 676, 678, 679, 680, 681, 682, 685, 686, 687, 688, 689, 690, 691, 692, 693, 694, 699, 701, 702, 703, 705, 706, 707, 708, 709, 711, 714, 715, 717, 718, 719, 720, 721, 726, 727, 728, 730, 732, 733, 734, 737, 741, 744, 747, 750, 752, 753, 754, 756, 761, 762, 764, 767, 769, 770, 771, 772, 773, 776, 779, 780, 786, 788, 793, 794, 795, 796, 797, 800, 801, 805, 806, 810, 812, 817, 818, 826, 827, 841, 843, 844, 846, 848, 849, 850, 851, 852, 853, 854, 855, 857, 859, 860, 861, 863, 864, 865, 866, 867, 868, 869, 870, 871, 873, 874, 879, 880, 881, 884, 886, 888, 889]
[11, 26, 33, 34, 42, 46, 49, 58, 59, 66, 73, 86, 92, 96, 98, 107, 112, 119, 135, 152, 167, 168, 169, 179, 184, 192, 195, 205, 206, 211, 222, 225, 234, 236, 238, 239, 244, 245, 247, 253, 259, 267, 271, 277, 281, 282, 294, 304, 311, 321, 325, 328, 339, 342, 343, 352, 354, 358, 365, 373, 390, 402, 406, 420, 425, 428, 430, 434, 435, 437, 443, 448, 456, 460, 464, 472, 477, 480, 481, 512, 522, 544, 548, 555, 556, 569, 576, 580, 587, 599, 600, 601, 617, 620, 632, 645, 649, 651, 652, 658, 663, 667, 677, 679, 691, 719, 741, 744, 757, 773, 776, 780, 803, 813, 823, 824, 827, 837, 845, 866, 878, 886]

[0, 1, 2, 6, 8, 10, 12, 15, 17, 18, 20, 23, 25, 26, 27, 32, 33, 34, 35, 38, 40, 41, 42, 44, 45, 46, 47, 49, 51, 52, 53, 55, 58, 59, 62, 63, 64, 65, 66, 67, 68, 74, 88, 89, 90, 95, 96, 97, 99, 102, 104, 107, 110, 116, 117, 119, 122, 124, 128, 130, 131, 132, 138, 139, 145, 147, 155, 156, 158, 159, 160, 162, 163, 164, 165, 167, 168, 169, 171, 172, 175, 176, 180, 183, 188, 190, 191, 192, 196, 197, 198, 200, 201, 203, 205, 207, 209, 210, 211, 212, 213, 214, 216, 217, 218, 219, 220, 222, 226, 227, 228, 229, 232, 233, 237, 242, 243, 244, 245, 246, 248, 249, 250, 251, 252, 253, 255, 259, 262, 263, 264, 266, 267, 269, 272, 273, 279, 280, 281, 282, 283, 286, 289, 290, 291, 294, 295, 296, 297, 302, 306, 307, 308, 310, 311, 312, 313, 314, 315, 316, 317, 318, 319, 323, 325, 327, 331, 333, 334, 335, 337, 338, 339, 340, 342, 344, 345, 351, 352, 354, 355, 358, 363, 365, 369, 370, 371, 373, 375, 376, 377, 378, 381, 386, 388, 389, 390, 392, 393, 394, 395, 396, 399, 403, 405, 406, 408, 409, 410, 412, 413, 415, 418, 421, 422, 424, 426, 429, 430, 431, 433, 434, 436, 437, 438, 440, 442, 443, 445, 446, 447, 448, 451, 456, 458, 460, 461, 464, 465, 467, 469, 470, 472, 476, 477, 478, 479, 481, 482, 483, 485, 486, 487, 488, 491, 495, 496, 498, 499, 501, 508, 510, 512, 516, 518, 519, 524, 529, 532, 534, 535, 538, 539, 540, 541, 546, 547, 550, 552, 553, 556, 557, 558, 561, 566, 567, 568, 573, 577, 578, 579, 580, 584, 588, 590, 591, 598, 600, 603, 606, 607, 609, 611, 612, 613, 614, 618, 619, 620, 622, 624, 625, 626, 628, 629, 630, 633, 634, 635, 636, 638, 642, 643, 646, 648, 649, 650, 651, 653, 654, 655, 657, 660, 661, 662, 663, 664, 667, 668, 669, 671, 674, 675, 676, 678, 679, 680, 681, 682, 685, 686, 687, 688, 689, 690, 691, 692, 693, 694, 699, 701, 702, 703, 705, 706, 707, 708, 709, 711, 714, 715, 717, 718, 719, 720, 721, 726, 727, 728, 730, 732, 733, 734, 737, 741, 744, 747, 750, 752, 753, 754, 756, 758, 761, 762, 764, 767, 769, 770, 771, 772, 773, 776, 779, 780, 783, 786, 788, 793, 794, 795, 796, 797, 800, 801, 805, 806, 810, 812, 817, 818, 826, 827, 831, 841, 843, 844, 846, 848, 849, 850, 851, 852, 853, 854, 855, 857, 859, 860, 861, 863, 864, 865, 866, 867, 868, 869, 870, 871, 873, 874, 879, 880, 881, 884, 885, 886, 887, 888, 889]
[11, 26, 33, 34, 42, 46, 49, 58, 59, 66, 73, 86, 92, 96, 98, 107, 112, 119, 135, 152, 167, 168, 169, 179, 184, 192, 195, 205, 206, 211, 222, 225, 234, 236, 238, 239, 244, 245, 247, 253, 259, 267, 271, 277, 281, 282, 294, 304, 311, 321, 325, 328, 339, 342, 343, 352, 354, 358, 365, 373, 390, 402, 406, 420, 425, 428, 430, 434, 435, 437, 443, 448, 456, 460, 464, 472, 477, 480, 481, 512, 522, 544, 548, 555, 556, 569, 576, 580, 587, 599, 600, 601, 617, 620, 632, 645, 649, 651, 652, 658, 663, 667, 677, 679, 691, 719, 741, 744, 757, 773, 776, 780, 803, 813, 823, 824, 827, 837, 845, 866, 878, 886]

[0, 1, 2, 5, 6, 7, 8, 10, 11, 12, 15, 17, 18, 20, 23, 25, 26, 27, 31, 32, 33, 34, 35, 38, 40, 41, 42, 44, 45, 46, 47, 49, 51, 52, 53, 55, 58, 59, 62, 63, 64, 65, 66, 67, 68, 74, 83, 84, 88, 89, 90, 95, 96, 97, 99, 102, 104, 107, 110, 112, 116, 117, 119, 122, 124, 128, 130, 131, 132, 138, 139, 140, 145, 147, 155, 156, 157, 158, 159, 160, 162, 163, 164, 165, 167, 168, 169, 171, 172, 175, 176, 180, 183, 188, 190, 191, 192, 196, 197, 198, 200, 201, 203, 205, 207, 209, 210, 211, 212, 213, 214, 216, 217, 218, 219, 220, 222, 226, 227, 228, 229, 232, 233, 237, 241, 242, 243, 244, 245, 246, 248, 249, 250, 251, 252, 253, 255, 259, 262, 263, 264, 266, 267, 269, 272, 273, 279, 280, 281, 282, 283, 286, 289, 290, 291, 294, 295, 296, 297, 302, 306, 307, 308, 310, 311, 312, 313, 314, 315, 316, 317, 318, 319, 323, 325, 327, 331, 333, 334, 335, 337, 338, 339, 340, 341, 342, 344, 345, 351, 352, 354, 355, 358, 363, 365, 369, 370, 371, 373, 374, 375, 376, 377, 378, 381, 384, 386, 388, 389, 390, 392, 393, 394, 395, 396, 399, 403, 405, 406, 408, 409, 410, 412, 413, 415, 418, 421, 422, 424, 426, 429, 430, 431, 433, 434, 435, 436, 437, 438, 440, 442, 443, 445, 446, 447, 448, 451, 456, 458, 460, 461, 464, 465, 466, 467, 469, 470, 472, 476, 477, 478, 479, 481, 482, 483, 485, 486, 487, 488, 491, 495, 496, 498, 499, 501, 508, 510, 511, 512, 516, 518, 519, 524, 529, 532, 534, 535, 538, 539, 540, 541, 546, 547, 550, 552, 553, 556, 557, 558, 561, 566, 567, 568, 573, 577, 578, 579, 580, 584, 588, 590, 591, 594, 598, 600, 603, 606, 607, 609, 611, 612, 613, 614, 618, 619, 620, 622, 624, 625, 626, 628, 629, 630, 633, 634, 635, 636, 638, 642, 643, 646, 647, 648, 649, 650, 651, 653, 654, 655, 657, 660, 661, 662, 663, 664, 667, 668, 669, 671, 674, 675, 676, 678, 679, 680, 681, 682, 685, 686, 687, 688, 689, 690, 691, 692, 693, 694, 699, 701, 702, 703, 704, 705, 706, 707, 708, 709, 711, 714, 715, 717, 718, 719, 720, 721, 726, 727, 728, 730, 732, 733, 734, 737, 741, 744, 746, 747, 750, 752, 753, 754, 756, 758, 761, 762, 764, 767, 769, 770, 771, 772, 773, 776, 779, 780, 783, 786, 788, 793, 794, 795, 796, 797, 800, 801, 805, 806, 810, 811, 812, 813, 817, 818, 822, 826, 827, 831, 833, 841, 843, 844, 845, 846, 848, 849, 850, 851, 852, 853, 854, 855, 857, 859, 860, 861, 863, 864, 865, 866, 867, 868, 869, 870, 871, 873, 874, 879, 880, 881, 884, 885, 886, 887, 888, 889]
[11, 26, 33, 34, 42, 46, 49, 58, 59, 66, 73, 86, 92, 96, 98, 107, 112, 119, 135, 152, 167, 168, 169, 179, 184, 192, 195, 205, 206, 211, 222, 225, 234, 236, 238, 239, 244, 245, 247, 253, 259, 267, 271, 277, 281, 282, 294, 304, 311, 321, 325, 328, 339, 342, 343, 352, 354, 358, 365, 373, 390, 402, 406, 420, 425, 428, 430, 434, 435, 437, 443, 448, 456, 460, 464, 472, 477, 480, 481, 512, 522, 544, 548, 555, 556, 569, 576, 580, 587, 599, 600, 601, 617, 620, 632, 645, 649, 651, 652, 658, 663, 667, 677, 679, 691, 719, 741, 744, 757, 773, 776, 780, 803, 813, 823, 824, 827, 837, 845, 866, 878, 886]

[0, 1, 2, 5, 6, 7, 8, 10, 11, 12, 13, 15, 17, 18, 20, 23, 25, 26, 27, 28, 31, 32, 33, 34, 35, 38, 40, 41, 42, 44, 45, 46, 47, 49, 51, 52, 53, 55, 58, 59, 62, 63, 64, 65, 66, 67, 68, 74, 83, 84, 88, 89, 90, 95, 96, 97, 99, 102, 104, 105, 106, 107, 110, 112, 116, 117, 119, 122, 124, 127, 128, 130, 131, 132, 133, 138, 139, 140, 143, 145, 147, 150, 155, 156, 157, 158, 159, 160, 162, 163, 164, 165, 167, 168, 169, 171, 172, 175, 176, 180, 183, 188, 190, 191, 192, 196, 197, 198, 200, 201, 203, 205, 207, 209, 210, 211, 212, 213, 214, 216, 217, 218, 219, 220, 222, 226, 227, 228, 229, 232, 233, 237, 241, 242, 243, 244, 245, 246, 248, 249, 250, 251, 252, 253, 255, 259, 261, 262, 263, 264, 266, 267, 269, 272, 273, 276, 279, 280, 281, 282, 283, 286, 289, 290, 291, 294, 295, 296, 297, 302, 306, 307, 308, 310, 311, 312, 313, 314, 315, 316, 317, 318, 319, 321, 323, 325, 327, 328, 331, 333, 334, 335, 337, 338, 339, 340, 341, 342, 343, 344, 345, 351, 352, 354, 355, 358, 363, 365, 367, 369, 370, 371, 373, 374, 375, 376, 377, 378, 381, 384, 386, 388, 389, 390, 392, 393, 394, 395, 396, 399, 403, 405, 406, 408, 409, 410, 412, 413, 415, 418, 421, 422, 424, 426, 429, 430, 431, 433, 434, 435, 436, 437, 438, 440, 442, 443, 445, 446, 447, 448, 451, 456, 458, 460, 461, 464, 465, 466, 467, 468, 469, 470, 472, 476, 477, 478, 479, 481, 482, 483, 485, 486, 487, 488, 491, 495, 496, 498, 499, 501, 508, 510, 511, 512, 516, 518, 519, 524, 526, 529, 532, 534, 535, 538, 539, 540, 541, 546, 547, 548, 550, 552, 553, 556, 557, 558, 561, 566, 567, 568, 573, 577, 578, 579, 580, 584, 588, 590, 591, 594, 598, 600, 603, 606, 607, 609, 611, 612, 613, 614, 618, 619, 620, 622, 624, 625, 626, 628, 629, 630, 633, 634, 635, 636, 638, 642, 643, 646, 647, 648, 649, 650, 651, 652, 653, 654, 655, 657, 660, 661, 662, 663, 664, 667, 668, 669, 671, 674, 675, 676, 678, 679, 680, 681, 682, 685, 686, 687, 688, 689, 690, 691, 692, 693, 694, 699, 701, 702, 703, 704, 705, 706, 707, 708, 709, 711, 712, 714, 715, 717, 718, 719, 720, 721, 726, 727, 728, 730, 732, 733, 734, 737, 741, 742, 744, 746, 747, 750, 752, 753, 754, 756, 758, 761, 762, 763, 764, 767, 769, 770, 771, 772, 773, 776, 779, 780, 782, 783, 786, 788, 793, 794, 795, 796, 797, 800, 801, 805, 806, 810, 811, 812, 813, 817, 818, 822, 823, 826, 827, 831, 833, 841, 842, 843, 844, 845, 846, 848, 849, 850, 851, 852, 853, 854, 855, 857, 859, 860, 861, 863, 864, 865, 866, 867, 868, 869, 870, 871, 873, 874, 875, 879, 880, 881, 884, 885, 886, 887, 888, 889]
[11, 26, 33, 34, 42, 46, 49, 58, 59, 66, 73, 86, 92, 96, 98, 107, 112, 119, 135, 152, 167, 168, 169, 179, 184, 192, 195, 205, 206, 211, 222, 225, 234, 236, 238, 239, 244, 245, 247, 253, 259, 267, 271, 277, 281, 282, 294, 304, 311, 321, 325, 328, 339, 342, 343, 352, 354, 358, 365, 373, 390, 402, 406, 420, 425, 428, 430, 434, 435, 437, 443, 448, 456, 460, 464, 472, 477, 480, 481, 512, 522, 544, 548, 555, 556, 569, 576, 580, 587, 599, 600, 601, 617, 620, 632, 645, 649, 651, 652, 658, 663, 667, 677, 679, 691, 719, 741, 744, 757, 773, 776, 780, 803, 813, 823, 824, 827, 837, 845, 866, 878, 886]

[0, 1, 2, 5, 6, 7, 8, 9, 10, 11, 12, 13, 15, 17, 18, 20, 21, 23, 25, 26, 27, 28, 31, 32, 33, 34, 35, 38, 40, 41, 42, 44, 45, 46, 47, 49, 51, 52, 53, 55, 58, 59, 62, 63, 64, 65, 66, 67, 68, 74, 83, 84, 88, 89, 90, 95, 96, 97, 99, 102, 104, 105, 106, 107, 110, 112, 116, 117, 119, 122, 124, 127, 128, 130, 131, 132, 133, 138, 139, 140, 143, 145, 146, 147, 150, 155, 156, 157, 158, 159, 160, 162, 163, 164, 165, 167, 168, 169, 171, 172, 175, 176, 180, 183, 188, 190, 191, 192, 196, 197, 198, 199, 200, 201, 203, 205, 207, 209, 210, 211, 212, 213, 214, 216, 217, 218, 219, 220, 222, 223, 226, 227, 228, 229, 232, 233, 236, 237, 239, 241, 242, 243, 244, 245, 246, 248, 249, 250, 251, 252, 253, 255, 259, 261, 262, 263, 264, 266, 267, 269, 272, 273, 276, 279, 280, 281, 282, 283, 286, 289, 290, 291, 294, 295, 296, 297, 302, 306, 307, 308, 310, 311, 312, 313, 314, 315, 316, 317, 318, 319, 321, 323, 325, 327, 328, 331, 333, 334, 335, 337, 338, 339, 340, 341, 342, 343, 344, 345, 348, 351, 352, 354, 355, 358, 361, 363, 365, 367, 369, 370, 371, 373, 374, 375, 376, 377, 378, 381, 384, 386, 388, 389, 390, 392, 393, 394, 395, 396, 399, 403, 405, 406, 408, 409, 410, 412, 413, 415, 418, 421, 422, 424, 426, 429, 430, 431, 433, 434, 435, 436, 437, 438, 440, 442, 443, 445, 446, 447, 448, 451, 454, 456, 458, 460, 461, 464, 465, 466, 467, 468, 469, 470, 472, 476, 477, 478, 479, 481, 482, 483, 485, 486, 487, 488, 491, 495, 496, 498, 499, 500, 501, 506, 508, 510, 511, 512, 513, 516, 518, 519, 524, 526, 529, 531, 532, 534, 535, 538, 539, 540, 541, 544, 546, 547, 548, 550, 552, 553, 556, 557, 558, 559, 561, 566, 567, 568, 573, 577, 578, 579, 580, 584, 588, 590, 591, 594, 598, 600, 603, 606, 607, 609, 611, 612, 613, 614, 618, 619, 620, 621, 622, 624, 625, 626, 628, 629, 630, 632, 633, 634, 635, 636, 638, 642, 643, 646, 647, 648, 649, 650, 651, 652, 653, 654, 655, 657, 660, 661, 662, 663, 664, 667, 668, 669, 671, 674, 675, 676, 678, 679, 680, 681, 682, 685, 686, 687, 688, 689, 690, 691, 692, 693, 694, 699, 701, 702, 703, 704, 705, 706, 707, 708, 709, 710, 711, 712, 714, 715, 717, 718, 719, 720, 721, 726, 727, 728, 730, 732, 733, 734, 737, 740, 741, 742, 743, 744, 746, 747, 750, 752, 753, 754, 756, 758, 759, 761, 762, 763, 764, 767, 768, 769, 770, 771, 772, 773, 776, 779, 780, 782, 783, 786, 788, 793, 794, 795, 796, 797, 800, 801, 805, 806, 810, 811, 812, 813, 817, 818, 820, 822, 823, 826, 827, 831, 833, 840, 841, 842, 843, 844, 845, 846, 848, 849, 850, 851, 852, 853, 854, 855, 857, 859, 860, 861, 863, 864, 865, 866, 867, 868, 869, 870, 871, 873, 874, 875, 879, 880, 881, 884, 885, 886, 887, 888, 889]
[11, 26, 33, 34, 42, 46, 49, 58, 59, 66, 73, 86, 92, 96, 98, 107, 112, 119, 135, 152, 167, 168, 169, 179, 184, 192, 195, 205, 206, 211, 222, 225, 234, 236, 238, 239, 244, 245, 247, 253, 259, 267, 271, 277, 281, 282, 294, 304, 311, 321, 325, 328, 339, 342, 343, 352, 354, 358, 365, 373, 390, 402, 406, 420, 425, 428, 430, 434, 435, 437, 443, 448, 456, 460, 464, 472, 477, 480, 481, 512, 522, 544, 548, 555, 556, 569, 576, 580, 587, 599, 600, 601, 617, 620, 632, 645, 649, 651, 652, 658, 663, 667, 677, 679, 691, 719, 741, 744, 757, 773, 776, 780, 803, 813, 823, 824, 827, 837, 845, 866, 878, 886]

[0, 1, 2, 5, 6, 7, 8, 9, 10, 11, 12, 13, 15, 17, 18, 20, 21, 23, 25, 26, 27, 28, 31, 32, 33, 34, 35, 38, 40, 41, 42, 44, 45, 46, 47, 48, 49, 51, 52, 53, 55, 58, 59, 62, 63, 64, 65, 66, 67, 68, 74, 78, 83, 84, 88, 89, 90, 95, 96, 97, 99, 102, 104, 105, 106, 107, 110, 112, 116, 117, 119, 122, 124, 127, 128, 130, 131, 132, 133, 138, 139, 140, 143, 145, 146, 147, 150, 151, 155, 156, 157, 158, 159, 160, 162, 163, 164, 165, 167, 168, 169, 171, 172, 175, 176, 180, 181, 183, 188, 190, 191, 192, 196, 197, 198, 199, 200, 201, 203, 205, 207, 209, 210, 211, 212, 213, 214, 216, 217, 218, 219, 220, 222, 223, 226, 227, 228, 229, 232, 233, 234, 235, 236, 237, 239, 241, 242, 243, 244, 245, 246, 248, 249, 250, 251, 252, 253, 255, 259, 261, 262, 263, 264, 266, 267, 269, 272, 273, 276, 279, 280, 281, 282, 283, 286, 289, 290, 291, 294, 295, 296, 297, 302, 306, 307, 308, 310, 311, 312, 313, 314, 315, 316, 317, 318, 319, 321, 323, 325, 327, 328, 331, 333, 334, 335, 337, 338, 339, 340, 341, 342, 343, 344, 345, 348, 351, 352, 354, 355, 358, 361, 363, 364, 365, 367, 369, 370, 371, 373, 374, 375, 376, 377, 378, 381, 384, 386, 388, 389, 390, 392, 393, 394, 395, 396, 399, 403, 404, 405, 406, 408, 409, 410, 412, 413, 415, 417, 418, 421, 422, 423, 424, 426, 429, 430, 431, 433, 434, 435, 436, 437, 438, 440, 442, 443, 445, 446, 447, 448, 451, 453, 454, 456, 458, 460, 461, 464, 465, 466, 467, 468, 469, 470, 472, 476, 477, 478, 479, 481, 482, 483, 485, 486, 487, 488, 489, 491, 495, 496, 498, 499, 500, 501, 506, 507, 508, 510, 511, 512, 513, 516, 518, 519, 522, 524, 526, 529, 530, 531, 532, 534, 535, 538, 539, 540, 541, 544, 546, 547, 548, 550, 552, 553, 556, 557, 558, 559, 561, 563, 566, 567, 568, 573, 577, 578, 579, 580, 584, 587, 588, 590, 591, 594, 596, 598, 600, 603, 606, 607, 609, 611, 612, 613, 614, 618, 619, 620, 621, 622, 624, 625, 626, 628, 629, 630, 632, 633, 634, 635, 636, 638, 642, 643, 646, 647, 648, 649, 650, 651, 652, 653, 654, 655, 657, 660, 661, 662, 663, 664, 667, 668, 669, 671, 674, 675, 676, 678, 679, 680, 681, 682, 684, 685, 686, 687, 688, 689, 690, 691, 692, 693, 694, 699, 701, 702, 703, 704, 705, 706, 707, 708, 709, 710, 711, 712, 714, 715, 717, 718, 719, 720, 721, 726, 727, 728, 730, 732, 733, 734, 735, 737, 738, 739, 740, 741, 742, 743, 744, 746, 747, 750, 752, 753, 754, 756, 758, 759, 761, 762, 763, 764, 767, 768, 769, 770, 771, 772, 773, 776, 779, 780, 782, 783, 786, 788, 793, 794, 795, 796, 797, 800, 801, 805, 806, 808, 810, 811, 812, 813, 817, 818, 820, 822, 823, 826, 827, 831, 832, 833, 839, 840, 841, 842, 843, 844, 845, 846, 848, 849, 850, 851, 852, 853, 854, 855, 857, 859, 860, 861, 863, 864, 865, 866, 867, 868, 869, 870, 871, 873, 874, 875, 879, 880, 881, 884, 885, 886, 887, 888, 889]
[11, 26, 33, 34, 42, 46, 49, 58, 59, 66, 73, 86, 92, 96, 98, 107, 112, 119, 135, 152, 167, 168, 169, 179, 184, 192, 195, 205, 206, 211, 222, 225, 234, 236, 238, 239, 244, 245, 247, 253, 259, 267, 271, 277, 281, 282, 294, 304, 311, 321, 325, 328, 339, 342, 343, 352, 354, 358, 365, 373, 390, 402, 406, 420, 425, 428, 430, 434, 435, 437, 443, 448, 456, 460, 464, 472, 477, 480, 481, 512, 522, 544, 548, 555, 556, 569, 576, 580, 587, 599, 600, 601, 617, 620, 632, 645, 649, 651, 652, 658, 663, 667, 677, 679, 691, 719, 741, 744, 757, 773, 776, 780, 803, 813, 823, 824, 827, 837, 845, 866, 878, 886]

[0, 1, 2, 5, 6, 7, 8, 9, 10, 11, 12, 13, 15, 17, 18, 20, 21, 23, 24, 25, 26, 27, 28, 31, 32, 33, 34, 35, 38, 39, 40, 41, 42, 44, 45, 46, 47, 48, 49, 51, 52, 53, 55, 58, 59, 62, 63, 64, 65, 66, 67, 68, 74, 78, 83, 84, 88, 89, 90, 95, 96, 97, 99, 101, 102, 104, 105, 106, 107, 110, 112, 113, 116, 117, 119, 122, 124, 127, 128, 130, 131, 132, 133, 138, 139, 140, 143, 145, 146, 147, 150, 151, 153, 155, 156, 157, 158, 159, 160, 162, 163, 164, 165, 166, 167, 168, 169, 171, 172, 175, 176, 180, 181, 182, 183, 188, 190, 191, 192, 196, 197, 198, 199, 200, 201, 203, 204, 205, 207, 209, 210, 211, 212, 213, 214, 216, 217, 218, 219, 220, 222, 223, 226, 227, 228, 229, 232, 233, 234, 235, 236, 237, 238, 239, 241, 242, 243, 244, 245, 246, 248, 249, 250, 251, 252, 253, 255, 259, 261, 262, 263, 264, 266, 267, 269, 272, 273, 276, 279, 280, 281, 282, 283, 286, 289, 290, 291, 294, 295, 296, 297, 302, 306, 307, 308, 310, 311, 312, 313, 314, 315, 316, 317, 318, 319, 321, 323, 325, 327, 328, 331, 333, 334, 335, 337, 338, 339, 340, 341, 342, 343, 344, 345, 348, 351, 352, 354, 355, 358, 361, 363, 364, 365, 367, 369, 370, 371, 373, 374, 375, 376, 377, 378, 381, 384, 386, 388, 389, 390, 391, 392, 393, 394, 395, 396, 399, 403, 404, 405, 406, 408, 409, 410, 412, 413, 414, 415, 417, 418, 421, 422, 423, 424, 425, 426, 429, 430, 431, 433, 434, 435, 436, 437, 438, 439, 440, 442, 443, 445, 446, 447, 448, 451, 453, 454, 456, 458, 460, 461, 464, 465, 466, 467, 468, 469, 470, 472, 476, 477, 478, 479, 481, 482, 483, 485, 486, 487, 488, 489, 491, 495, 496, 498, 499, 500, 501, 506, 507, 508, 510, 511, 512, 513, 516, 518, 519, 522, 524, 526, 529, 530, 531, 532, 534, 535, 538, 539, 540, 541, 542, 544, 546, 547, 548, 550, 552, 553, 556, 557, 558, 559, 561, 563, 565, 566, 567, 568, 573, 577, 578, 579, 580, 584, 586, 587, 588, 590, 591, 594, 596, 598, 600, 603, 606, 607, 609, 611, 612, 613, 614, 618, 619, 620, 621, 622, 624, 625, 626, 628, 629, 630, 632, 633, 634, 635, 636, 638, 641, 642, 643, 646, 647, 648, 649, 650, 651, 652, 653, 654, 655, 657, 660, 661, 662, 663, 664, 665, 667, 668, 669, 671, 674, 675, 676, 678, 679, 680, 681, 682, 684, 685, 686, 687, 688, 689, 690, 691, 692, 693, 694, 697, 699, 701, 702, 703, 704, 705, 706, 707, 708, 709, 710, 711, 712, 714, 715, 717, 718, 719, 720, 721, 726, 727, 728, 730, 732, 733, 734, 735, 737, 738, 739, 740, 741, 742, 743, 744, 745, 746, 747, 750, 752, 753, 754, 756, 758, 759, 761, 762, 763, 764, 767, 768, 769, 770, 771, 772, 773, 776, 779, 780, 782, 783, 786, 788, 791, 793, 794, 795, 796, 797, 800, 801, 805, 806, 808, 809, 810, 811, 812, 813, 817, 818, 820, 822, 823, 826, 827, 830, 831, 832, 833, 836, 839, 840, 841, 842, 843, 844, 845, 846, 848, 849, 850, 851, 852, 853, 854, 855, 856, 857, 859, 860, 861, 863, 864, 865, 866, 867, 868, 869, 870, 871, 873, 874, 875, 879, 880, 881, 884, 885, 886, 887, 888, 889]
[11, 26, 33, 34, 42, 46, 49, 58, 59, 66, 73, 86, 92, 96, 98, 107, 112, 119, 135, 152, 167, 168, 169, 179, 184, 192, 195, 205, 206, 211, 222, 225, 234, 236, 238, 239, 244, 245, 247, 253, 259, 267, 271, 277, 281, 282, 294, 304, 311, 321, 325, 328, 339, 342, 343, 352, 354, 358, 365, 373, 390, 402, 406, 420, 425, 428, 430, 434, 435, 437, 443, 448, 456, 460, 464, 472, 477, 480, 481, 512, 522, 544, 548, 555, 556, 569, 576, 580, 587, 599, 600, 601, 617, 620, 632, 645, 649, 651, 652, 658, 663, 667, 677, 679, 691, 719, 741, 744, 757, 773, 776, 780, 803, 813, 823, 824, 827, 837, 845, 866, 878, 886]

[0, 1, 2, 5, 6, 7, 8, 9, 10, 11, 12, 13, 14, 15, 17, 18, 20, 21, 23, 24, 25, 26, 27, 28, 31, 32, 33, 34, 35, 37, 38, 39, 40, 41, 42, 44, 45, 46, 47, 48, 49, 51, 52, 53, 55, 58, 59, 62, 63, 64, 65, 66, 67, 68, 74, 78, 80, 83, 84, 88, 89, 90, 92, 95, 96, 97, 99, 101, 102, 104, 105, 106, 107, 110, 112, 113, 115, 116, 117, 119, 122, 124, 127, 128, 129, 130, 131, 132, 133, 138, 139, 140, 143, 144, 145, 146, 147, 150, 151, 153, 155, 156, 157, 158, 159, 160, 161, 162, 163, 164, 165, 166, 167, 168, 169, 171, 172, 175, 176, 180, 181, 182, 183, 188, 190, 191, 192, 196, 197, 198, 199, 200, 201, 203, 204, 205, 207, 209, 210, 211, 212, 213, 214, 215, 216, 217, 218, 219, 220, 222, 223, 226, 227, 228, 229, 232, 233, 234, 235, 236, 237, 238, 239, 241, 242, 243, 244, 245, 246, 248, 249, 250, 251, 252, 253, 255, 259, 261, 262, 263, 264, 266, 267, 269, 272, 273, 276, 279, 280, 281, 282, 283, 284, 286, 289, 290, 291, 294, 295, 296, 297, 302, 303, 306, 307, 308, 310, 311, 312, 313, 314, 315, 316, 317, 318, 319, 321, 323, 325, 327, 328, 331, 333, 334, 335, 337, 338, 339, 340, 341, 342, 343, 344, 345, 348, 351, 352, 354, 355, 358, 361, 363, 364, 365, 367, 369, 370, 371, 373, 374, 375, 376, 377, 378, 381, 384, 385, 386, 388, 389, 390, 391, 392, 393, 394, 395, 396, 399, 403, 404, 405, 406, 407, 408, 409, 410, 412, 413, 414, 415, 417, 418, 421, 422, 423, 424, 425, 426, 429, 430, 431, 433, 434, 435, 436, 437, 438, 439, 440, 442, 443, 445, 446, 447, 448, 451, 453, 454, 456, 458, 460, 461, 463, 464, 465, 466, 467, 468, 469, 470, 472, 473, 476, 477, 478, 479, 481, 482, 483, 485, 486, 487, 488, 489, 491, 495, 496, 498, 499, 500, 501, 506, 507, 508, 510, 511, 512, 513, 516, 518, 519, 522, 524, 526, 527, 529, 530, 531, 532, 534, 535, 538, 539, 540, 541, 542, 544, 546, 547, 548, 550, 552, 553, 556, 557, 558, 559, 561, 562, 563, 565, 566, 567, 568, 573, 577, 578, 579, 580, 581, 584, 586, 587, 588, 590, 591, 594, 596, 598, 600, 603, 606, 607, 609, 611, 612, 613, 614, 615, 616, 618, 619, 620, 621, 622, 624, 625, 626, 628, 629, 630, 632, 633, 634, 635, 636, 637, 638, 641, 642, 643, 646, 647, 648, 649, 650, 651, 652, 653, 654, 655, 657, 660, 661, 662, 663, 664, 665, 667, 668, 669, 671, 674, 675, 676, 678, 679, 680, 681, 682, 684, 685, 686, 687, 688, 689, 690, 691, 692, 693, 694, 697, 699, 701, 702, 703, 704, 705, 706, 707, 708, 709, 710, 711, 712, 714, 715, 716, 717, 718, 719, 720, 721, 723, 726, 727, 728, 730, 732, 733, 734, 735, 737, 738, 739, 740, 741, 742, 743, 744, 745, 746, 747, 750, 752, 753, 754, 756, 758, 759, 761, 762, 763, 764, 767, 768, 769, 770, 771, 772, 773, 776, 779, 780, 782, 783, 786, 788, 789, 791, 793, 794, 795, 796, 797, 800, 801, 805, 806, 808, 809, 810, 811, 812, 813, 817, 818, 820, 822, 823, 826, 827, 830, 831, 832, 833, 836, 839, 840, 841, 842, 843, 844, 845, 846, 848, 849, 850, 851, 852, 853, 854, 855, 856, 857, 858, 859, 860, 861, 863, 864, 865, 866, 867, 868, 869, 870, 871, 873, 874, 875, 879, 880, 881, 884, 885, 886, 887, 888, 889]
[11, 26, 33, 34, 42, 46, 49, 58, 59, 66, 73, 86, 92, 96, 98, 107, 112, 119, 135, 152, 167, 168, 169, 179, 184, 192, 195, 205, 206, 211, 222, 225, 234, 236, 238, 239, 244, 245, 247, 253, 259, 267, 271, 277, 281, 282, 294, 304, 311, 321, 325, 328, 339, 342, 343, 352, 354, 358, 365, 373, 390, 402, 406, 420, 425, 428, 430, 434, 435, 437, 443, 448, 456, 460, 464, 472, 477, 480, 481, 512, 522, 544, 548, 555, 556, 569, 576, 580, 587, 599, 600, 601, 617, 620, 632, 645, 649, 651, 652, 658, 663, 667, 677, 679, 691, 719, 741, 744, 757, 773, 776, 780, 803, 813, 823, 824, 827, 837, 845, 866, 878, 886]

[0, 1, 2, 5, 6, 7, 8, 9, 10, 11, 12, 13, 14, 15, 17, 18, 20, 21, 23, 24, 25, 26, 27, 28, 31, 32, 33, 34, 35, 37, 38, 39, 40, 41, 42, 44, 45, 46, 47, 48, 49, 51, 52, 53, 55, 58, 59, 62, 63, 64, 65, 66, 67, 68, 70, 74, 78, 80, 83, 84, 88, 89, 90, 91, 92, 95, 96, 97, 99, 101, 102, 104, 105, 106, 107, 109, 110, 112, 113, 114, 115, 116, 117, 119, 122, 123, 124, 127, 128, 129, 130, 131, 132, 133, 137, 138, 139, 140, 143, 144, 145, 146, 147, 150, 151, 153, 155, 156, 157, 158, 159, 160, 161, 162, 163, 164, 165, 166, 167, 168, 169, 171, 172, 174, 175, 176, 180, 181, 182, 183, 188, 190, 191, 192, 196, 197, 198, 199, 200, 201, 203, 204, 205, 207, 209, 210, 211, 212, 213, 214, 215, 216, 217, 218, 219, 220, 222, 223, 226, 227, 228, 229, 232, 233, 234, 235, 236, 237, 238, 239, 240, 241, 242, 243, 244, 245, 246, 248, 249, 250, 251, 252, 253, 255, 259, 261, 262, 263, 264, 266, 267, 269, 272, 273, 274, 276, 279, 280, 281, 282, 283, 284, 286, 289, 290, 291, 294, 295, 296, 297, 302, 303, 306, 307, 308, 309, 310, 311, 312, 313, 314, 315, 316, 317, 318, 319, 321, 323, 325, 327, 328, 331, 333, 334, 335, 337, 338, 339, 340, 341, 342, 343, 344, 345, 348, 351, 352, 354, 355, 358, 359, 361, 363, 364, 365, 367, 369, 370, 371, 373, 374, 375, 376, 377, 378, 379, 381, 384, 385, 386, 388, 389, 390, 391, 392, 393, 394, 395, 396, 399, 403, 404, 405, 406, 407, 408, 409, 410, 412, 413, 414, 415, 417, 418, 421, 422, 423, 424, 425, 426, 427, 429, 430, 431, 433, 434, 435, 436, 437, 438, 439, 440, 442, 443, 445, 446, 447, 448, 451, 453, 454, 456, 458, 460, 461, 463, 464, 465, 466, 467, 468, 469, 470, 472, 473, 476, 477, 478, 479, 481, 482, 483, 485, 486, 487, 488, 489, 491, 493, 495, 496, 498, 499, 500, 501, 506, 507, 508, 510, 511, 512, 513, 516, 518, 519, 522, 524, 526, 527, 529, 530, 531, 532, 534, 535, 538, 539, 540, 541, 542, 544, 546, 547, 548, 550, 552, 553, 556, 557, 558, 559, 561, 562, 563, 565, 566, 567, 568, 573, 577, 578, 579, 580, 581, 583, 584, 586, 587, 588, 589, 590, 591, 594, 596, 597, 598, 600, 603, 606, 607, 609, 610, 611, 612, 613, 614, 615, 616, 618, 619, 620, 621, 622, 624, 625, 626, 628, 629, 630, 632, 633, 634, 635, 636, 637, 638, 641, 642, 643, 646, 647, 648, 649, 650, 651, 652, 653, 654, 655, 657, 660, 661, 662, 663, 664, 665, 667, 668, 669, 671, 674, 675, 676, 678, 679, 680, 681, 682, 684, 685, 686, 687, 688, 689, 690, 691, 692, 693, 694, 697, 699, 701, 702, 703, 704, 705, 706, 707, 708, 709, 710, 711, 712, 714, 715, 716, 717, 718, 719, 720, 721, 722, 723, 726, 727, 728, 730, 732, 733, 734, 735, 737, 738, 739, 740, 741, 742, 743, 744, 745, 746, 747, 750, 751, 752, 753, 754, 756, 758, 759, 761, 762, 763, 764, 767, 768, 769, 770, 771, 772, 773, 776, 779, 780, 782, 783, 786, 787, 788, 789, 790, 791, 793, 794, 795, 796, 797, 800, 801, 803, 805, 806, 808, 809, 810, 811, 812, 813, 817, 818, 819, 820, 822, 823, 826, 827, 830, 831, 832, 833, 835, 836, 839, 840, 841, 842, 843, 844, 845, 846, 848, 849, 850, 851, 852, 853, 854, 855, 856, 857, 858, 859, 860, 861, 863, 864, 865, 866, 867, 868, 869, 870, 871, 873, 874, 875, 879, 880, 881, 884, 885, 886, 887, 888, 889]
[11, 26, 33, 34, 42, 46, 49, 58, 59, 66, 73, 86, 92, 96, 98, 107, 112, 119, 135, 152, 167, 168, 169, 179, 184, 192, 195, 205, 206, 211, 222, 225, 234, 236, 238, 239, 244, 245, 247, 253, 259, 267, 271, 277, 281, 282, 294, 304, 311, 321, 325, 328, 339, 342, 343, 352, 354, 358, 365, 373, 390, 402, 406, 420, 425, 428, 430, 434, 435, 437, 443, 448, 456, 460, 464, 472, 477, 480, 481, 512, 522, 544, 548, 555, 556, 569, 576, 580, 587, 599, 600, 601, 617, 620, 632, 645, 649, 651, 652, 658, 663, 667, 677, 679, 691, 719, 741, 744, 757, 773, 776, 780, 803, 813, 823, 824, 827, 837, 845, 866, 878, 886]

[0, 1, 2, 5, 6, 7, 8, 9, 10, 11, 12, 13, 14, 15, 17, 18, 20, 21, 23, 24, 25, 26, 27, 28, 31, 32, 33, 34, 35, 37, 38, 39, 40, 41, 42, 44, 45, 46, 47, 48, 49, 50, 51, 52, 53, 55, 57, 58, 59, 62, 63, 64, 65, 66, 67, 68, 70, 72, 74, 78, 80, 83, 84, 86, 88, 89, 90, 91, 92, 95, 96, 97, 99, 101, 102, 104, 105, 106, 107, 109, 110, 112, 113, 114, 115, 116, 117, 119, 121, 122, 123, 124, 127, 128, 129, 130, 131, 132, 133, 137, 138, 139, 140, 143, 144, 145, 146, 147, 150, 151, 153, 155, 156, 157, 158, 159, 160, 161, 162, 163, 164, 165, 166, 167, 168, 169, 171, 172, 174, 175, 176, 180, 181, 182, 183, 188, 190, 191, 192, 196, 197, 198, 199, 200, 201, 203, 204, 205, 206, 207, 209, 210, 211, 212, 213, 214, 215, 216, 217, 218, 219, 220, 222, 223, 226, 227, 228, 229, 230, 232, 233, 234, 235, 236, 237, 238, 239, 240, 241, 242, 243, 244, 245, 246, 248, 249, 250, 251, 252, 253, 255, 256, 257, 258, 259, 261, 262, 263, 264, 266, 267, 269, 272, 273, 274, 276, 279, 280, 281, 282, 283, 284, 286, 289, 290, 291, 294, 295, 296, 297, 299, 302, 303, 305, 306, 307, 308, 309, 310, 311, 312, 313, 314, 315, 316, 317, 318, 319, 321, 323, 324, 325, 327, 328, 331, 333, 334, 335, 337, 338, 339, 340, 341, 342, 343, 344, 345, 348, 351, 352, 353, 354, 355, 358, 359, 360, 361, 363, 364, 365, 367, 369, 370, 371, 373, 374, 375, 376, 377, 378, 379, 381, 384, 385, 386, 388, 389, 390, 391, 392, 393, 394, 395, 396, 399, 403, 404, 405, 406, 407, 408, 409, 410, 412, 413, 414, 415, 417, 418, 421, 422, 423, 424, 425, 426, 427, 429, 430, 431, 433, 434, 435, 436, 437, 438, 439, 440, 442, 443, 445, 446, 447, 448, 451, 453, 454, 456, 458, 460, 461, 463, 464, 465, 466, 467, 468, 469, 470, 472, 473, 476, 477, 478, 479, 481, 482, 483, 485, 486, 487, 488, 489, 491, 493, 495, 496, 498, 499, 500, 501, 506, 507, 508, 510, 511, 512, 513, 515, 516, 518, 519, 522, 524, 526, 527, 528, 529, 530, 531, 532, 534, 535, 538, 539, 540, 541, 542, 544, 546, 547, 548, 550, 552, 553, 555, 556, 557, 558, 559, 560, 561, 562, 563, 565, 566, 567, 568, 573, 576, 577, 578, 579, 580, 581, 583, 584, 586, 587, 588, 589, 590, 591, 594, 596, 597, 598, 600, 603, 606, 607, 609, 610, 611, 612, 613, 614, 615, 616, 618, 619, 620, 621, 622, 624, 625, 626, 628, 629, 630, 632, 633, 634, 635, 636, 637, 638, 640, 641, 642, 643, 646, 647, 648, 649, 650, 651, 652, 653, 654, 655, 657, 660, 661, 662, 663, 664, 665, 667, 668, 669, 671, 674, 675, 676, 678, 679, 680, 681, 682, 684, 685, 686, 687, 688, 689, 690, 691, 692, 693, 694, 697, 699, 701, 702, 703, 704, 705, 706, 707, 708, 709, 710, 711, 712, 714, 715, 716, 717, 718, 719, 720, 721, 722, 723, 724, 726, 727, 728, 730, 732, 733, 734, 735, 737, 738, 739, 740, 741, 742, 743, 744, 745, 746, 747, 750, 751, 752, 753, 754, 756, 758, 759, 761, 762, 763, 764, 765, 767, 768, 769, 770, 771, 772, 773, 774, 776, 779, 780, 782, 783, 786, 787, 788, 789, 790, 791, 793, 794, 795, 796, 797, 800, 801, 802, 803, 805, 806, 808, 809, 810, 811, 812, 813, 817, 818, 819, 820, 822, 823, 826, 827, 830, 831, 832, 833, 835, 836, 839, 840, 841, 842, 843, 844, 845, 846, 848, 849, 850, 851, 852, 853, 854, 855, 856, 857, 858, 859, 860, 861, 863, 864, 865, 866, 867, 868, 869, 870, 871, 873, 874, 875, 879, 880, 881, 884, 885, 886, 887, 888, 889]
[11, 26, 33, 34, 42, 46, 49, 58, 59, 66, 73, 86, 92, 96, 98, 107, 112, 119, 135, 152, 167, 168, 169, 179, 184, 192, 195, 205, 206, 211, 222, 225, 234, 236, 238, 239, 244, 245, 247, 253, 259, 267, 271, 277, 281, 282, 294, 304, 311, 321, 325, 328, 339, 342, 343, 352, 354, 358, 365, 373, 390, 402, 406, 420, 425, 428, 430, 434, 435, 437, 443, 448, 456, 460, 464, 472, 477, 480, 481, 512, 522, 544, 548, 555, 556, 569, 576, 580, 587, 599, 600, 601, 617, 620, 632, 645, 649, 651, 652, 658, 663, 667, 677, 679, 691, 719, 741, 744, 757, 773, 776, 780, 803, 813, 823, 824, 827, 837, 845, 866, 878, 886]

[0, 1, 2, 5, 6, 7, 8, 9, 10, 11, 12, 13, 14, 15, 17, 18, 20, 21, 23, 24, 25, 26, 27, 28, 31, 32, 33, 34, 35, 37, 38, 39, 40, 41, 42, 44, 45, 46, 47, 48, 49, 50, 51, 52, 53, 54, 55, 57, 58, 59, 62, 63, 64, 65, 66, 67, 68, 70, 72, 74, 78, 80, 83, 84, 86, 88, 89, 90, 91, 92, 95, 96, 97, 99, 101, 102, 103, 104, 105, 106, 107, 109, 110, 112, 113, 114, 115, 116, 117, 119, 121, 122, 123, 124, 126, 127, 128, 129, 130, 131, 132, 133, 135, 137, 138, 139, 140, 143, 144, 145, 146, 147, 150, 151, 153, 155, 156, 157, 158, 159, 160, 161, 162, 163, 164, 165, 166, 167, 168, 169, 171, 172, 174, 175, 176, 180, 181, 182, 183, 188, 190, 191, 192, 196, 197, 198, 199, 200, 201, 203, 204, 205, 206, 207, 209, 210, 211, 212, 213, 214, 215, 216, 217, 218, 219, 220, 221, 222, 223, 226, 227, 228, 229, 230, 231, 232, 233, 234, 235, 236, 237, 238, 239, 240, 241, 242, 243, 244, 245, 246, 248, 249, 250, 251, 252, 253, 255, 256, 257, 258, 259, 261, 262, 263, 264, 266, 267, 269, 272, 273, 274, 276, 279, 280, 281, 282, 283, 284, 286, 289, 290, 291, 294, 295, 296, 297, 299, 302, 303, 305, 306, 307, 308, 309, 310, 311, 312, 313, 314, 315, 316, 317, 318, 319, 321, 323, 324, 325, 327, 328, 331, 333, 334, 335, 337, 338, 339, 340, 341, 342, 343, 344, 345, 348, 351, 352, 353, 354, 355, 358, 359, 360, 361, 363, 364, 365, 367, 369, 370, 371, 372, 373, 374, 375, 376, 377, 378, 379, 381, 384, 385, 386, 388, 389, 390, 391, 392, 393, 394, 395, 396, 397, 399, 403, 404, 405, 406, 407, 408, 409, 410, 412, 413, 414, 415, 416, 417, 418, 421, 422, 423, 424, 425, 426, 427, 429, 430, 431, 433, 434, 435, 436, 437, 438, 439, 440, 442, 443, 445, 446, 447, 448, 451, 453, 454, 456, 457, 458, 460, 461, 463, 464, 465, 466, 467, 468, 469, 470, 471, 472, 473, 476, 477, 478, 479, 481, 482, 483, 485, 486, 487, 488, 489, 491, 493, 495, 496, 498, 499, 500, 501, 506, 507, 508, 510, 511, 512, 513, 515, 516, 518, 519, 522, 524, 526, 527, 528, 529, 530, 531, 532, 534, 535, 538, 539, 540, 541, 542, 544, 546, 547, 548, 550, 551, 552, 553, 555, 556, 557, 558, 559, 560, 561, 562, 563, 565, 566, 567, 568, 573, 576, 577, 578, 579, 580, 581, 583, 584, 585, 586, 587, 588, 589, 590, 591, 592, 594, 596, 597, 598, 600, 603, 606, 607, 609, 610, 611, 612, 613, 614, 615, 616, 618, 619, 620, 621, 622, 624, 625, 626, 627, 628, 629, 630, 632, 633, 634, 635, 636, 637, 638, 639, 640, 641, 642, 643, 646, 647, 648, 649, 650, 651, 652, 653, 654, 655, 657, 660, 661, 662, 663, 664, 665, 667, 668, 669, 670, 671, 674, 675, 676, 678, 679, 680, 681, 682, 684, 685, 686, 687, 688, 689, 690, 691, 692, 693, 694, 697, 699, 701, 702, 703, 704, 705, 706, 707, 708, 709, 710, 711, 712, 714, 715, 716, 717, 718, 719, 720, 721, 722, 723, 724, 726, 727, 728, 730, 732, 733, 734, 735, 736, 737, 738, 739, 740, 741, 742, 743, 744, 745, 746, 747, 748, 750, 751, 752, 753, 754, 756, 757, 758, 759, 760, 761, 762, 763, 764, 765, 767, 768, 769, 770, 771, 772, 773, 774, 776, 778, 779, 780, 782, 783, 786, 787, 788, 789, 790, 791, 793, 794, 795, 796, 797, 800, 801, 802, 803, 805, 806, 808, 809, 810, 811, 812, 813, 817, 818, 819, 820, 822, 823, 826, 827, 830, 831, 832, 833, 835, 836, 839, 840, 841, 842, 843, 844, 845, 846, 847, 848, 849, 850, 851, 852, 853, 854, 855, 856, 857, 858, 859, 860, 861, 863, 864, 865, 866, 867, 868, 869, 870, 871, 873, 874, 875, 877, 879, 880, 881, 882, 884, 885, 886, 887, 888, 889]
[11, 26, 33, 34, 42, 46, 49, 58, 59, 66, 73, 86, 92, 96, 98, 107, 112, 119, 135, 152, 167, 168, 169, 179, 184, 192, 195, 205, 206, 211, 222, 225, 234, 236, 238, 239, 244, 245, 247, 253, 259, 267, 271, 277, 281, 282, 294, 304, 311, 321, 325, 328, 339, 342, 343, 352, 354, 358, 365, 373, 390, 402, 406, 420, 425, 428, 430, 434, 435, 437, 443, 448, 456, 460, 464, 472, 477, 480, 481, 512, 522, 544, 548, 555, 556, 569, 576, 580, 587, 599, 600, 601, 617, 620, 632, 645, 649, 651, 652, 658, 663, 667, 677, 679, 691, 719, 741, 744, 757, 773, 776, 780, 803, 813, 823, 824, 827, 837, 845, 866, 878, 886]

[0, 1, 2, 4, 5, 6, 7, 8, 9, 10, 11, 12, 13, 14, 15, 16, 17, 18, 20, 21, 22, 23, 24, 25, 26, 27, 28, 30, 31, 32, 33, 34, 35, 37, 38, 39, 40, 41, 42, 44, 45, 46, 47, 48, 49, 50, 51, 52, 53, 54, 55, 57, 58, 59, 62, 63, 64, 65, 66, 67, 68, 70, 72, 73, 74, 78, 80, 83, 84, 86, 88, 89, 90, 91, 92, 95, 96, 97, 99, 101, 102, 103, 104, 105, 106, 107, 109, 110, 112, 113, 114, 115, 116, 117, 119, 121, 122, 123, 124, 126, 127, 128, 129, 130, 131, 132, 133, 134, 135, 137, 138, 139, 140, 143, 144, 145, 146, 147, 150, 151, 153, 155, 156, 157, 158, 159, 160, 161, 162, 163, 164, 165, 166, 167, 168, 169, 171, 172, 174, 175, 176, 177, 180, 181, 182, 183, 188, 190, 191, 192, 196, 197, 198, 199, 200, 201, 203, 204, 205, 206, 207, 209, 210, 211, 212, 213, 214, 215, 216, 217, 218, 219, 220, 221, 222, 223, 225, 226, 227, 228, 229, 230, 231, 232, 233, 234, 235, 236, 237, 238, 239, 240, 241, 242, 243, 244, 245, 246, 248, 249, 250, 251, 252, 253, 255, 256, 257, 258, 259, 261, 262, 263, 264, 266, 267, 269, 272, 273, 274, 276, 279, 280, 281, 282, 283, 284, 286, 287, 289, 290, 291, 292, 293, 294, 295, 296, 297, 299, 302, 303, 305, 306, 307, 308, 309, 310, 311, 312, 313, 314, 315, 316, 317, 318, 319, 321, 323, 324, 325, 327, 328, 331, 333, 334, 335, 337, 338, 339, 340, 341, 342, 343, 344, 345, 348, 349, 351, 352, 353, 354, 355, 358, 359, 360, 361, 363, 364, 365, 367, 369, 370, 371, 372, 373, 374, 375, 376, 377, 378, 379, 381, 384, 385, 386, 387, 388, 389, 390, 391, 392, 393, 394, 395, 396, 397, 399, 403, 404, 405, 406, 407, 408, 409, 410, 412, 413, 414, 415, 416, 417, 418, 421, 422, 423, 424, 425, 426, 427, 429, 430, 431, 432, 433, 434, 435, 436, 437, 438, 439, 440, 442, 443, 445, 446, 447, 448, 451, 453, 454, 456, 457, 458, 459, 460, 461, 463, 464, 465, 466, 467, 468, 469, 470, 471, 472, 473, 476, 477, 478, 479, 481, 482, 483, 485, 486, 487, 488, 489, 491, 493, 494, 495, 496, 498, 499, 500, 501, 506, 507, 508, 510, 511, 512, 513, 515, 516, 518, 519, 522, 524, 526, 527, 528, 529, 530, 531, 532, 534, 535, 536, 538, 539, 540, 541, 542, 544, 546, 547, 548, 550, 551, 552, 553, 555, 556, 557, 558, 559, 560, 561, 562, 563, 565, 566, 567, 568, 571, 573, 576, 577, 578, 579, 580, 581, 583, 584, 585, 586, 587, 588, 589, 590, 591, 592, 594, 596, 597, 598, 600, 602, 603, 606, 607, 609, 610, 611, 612, 613, 614, 615, 616, 618, 619, 620, 621, 622, 623, 624, 625, 626, 627, 628, 629, 630, 632, 633, 634, 635, 636, 637, 638, 639, 640, 641, 642, 643, 646, 647, 648, 649, 650, 651, 652, 653, 654, 655, 657, 660, 661, 662, 663, 664, 665, 667, 668, 669, 670, 671, 674, 675, 676, 678, 679, 680, 681, 682, 684, 685, 686, 687, 688, 689, 690, 691, 692, 693, 694, 695, 697, 699, 701, 702, 703, 704, 705, 706, 707, 708, 709, 710, 711, 712, 714, 715, 716, 717, 718, 719, 720, 721, 722, 723, 724, 726, 727, 728, 730, 732, 733, 734, 735, 736, 737, 738, 739, 740, 741, 742, 743, 744, 745, 746, 747, 748, 750, 751, 752, 753, 754, 756, 757, 758, 759, 760, 761, 762, 763, 764, 765, 767, 768, 769, 770, 771, 772, 773, 774, 776, 778, 779, 780, 781, 782, 783, 786, 787, 788, 789, 790, 791, 793, 794, 795, 796, 797, 798, 799, 800, 801, 802, 803, 805, 806, 808, 809, 810, 811, 812, 813, 817, 818, 819, 820, 822, 823, 826, 827, 829, 830, 831, 832, 833, 835, 836, 839, 840, 841, 842, 843, 844, 845, 846, 847, 848, 849, 850, 851, 852, 853, 854, 855, 856, 857, 858, 859, 860, 861, 863, 864, 865, 866, 867, 868, 869, 870, 871, 873, 874, 875, 877, 879, 880, 881, 882, 884, 885, 886, 887, 888, 889]
[11, 26, 33, 34, 42, 46, 49, 58, 59, 66, 73, 86, 92, 96, 98, 107, 112, 119, 135, 152, 167, 168, 169, 179, 184, 192, 195, 205, 206, 211, 222, 225, 234, 236, 238, 239, 244, 245, 247, 253, 259, 267, 271, 277, 281, 282, 294, 304, 311, 321, 325, 328, 339, 342, 343, 352, 354, 358, 365, 373, 390, 402, 406, 420, 425, 428, 430, 434, 435, 437, 443, 448, 456, 460, 464, 472, 477, 480, 481, 512, 522, 544, 548, 555, 556, 569, 576, 580, 587, 599, 600, 601, 617, 620, 632, 645, 649, 651, 652, 658, 663, 667, 677, 679, 691, 719, 741, 744, 757, 773, 776, 780, 803, 813, 823, 824, 827, 837, 845, 866, 878, 886]

[0, 1, 2, 4, 5, 6, 7, 8, 9, 10, 11, 12, 13, 14, 15, 16, 17, 18, 20, 21, 22, 23, 24, 25, 26, 27, 28, 29, 30, 31, 32, 33, 34, 35, 37, 38, 39, 40, 41, 42, 44, 45, 46, 47, 48, 49, 50, 51, 52, 53, 54, 55, 57, 58, 59, 62, 63, 64, 65, 66, 67, 68, 70, 72, 73, 74, 77, 78, 80, 83, 84, 86, 88, 89, 90, 91, 92, 95, 96, 97, 99, 101, 102, 103, 104, 105, 106, 107, 108, 109, 110, 112, 113, 114, 115, 116, 117, 119, 121, 122, 123, 124, 126, 127, 128, 129, 130, 131, 132, 133, 134, 135, 137, 138, 139, 140, 143, 144, 145, 146, 147, 150, 151, 153, 155, 156, 157, 158, 159, 160, 161, 162, 163, 164, 165, 166, 167, 168, 169, 171, 172, 174, 175, 176, 177, 180, 181, 182, 183, 188, 190, 191, 192, 196, 197, 198, 199, 200, 201, 202, 203, 204, 205, 206, 207, 208, 209, 210, 211, 212, 213, 214, 215, 216, 217, 218, 219, 220, 221, 222, 223, 225, 226, 227, 228, 229, 230, 231, 232, 233, 234, 235, 236, 237, 238, 239, 240, 241, 242, 243, 244, 245, 246, 248, 249, 250, 251, 252, 253, 255, 256, 257, 258, 259, 260, 261, 262, 263, 264, 266, 267, 269, 272, 273, 274, 276, 277, 279, 280, 281, 282, 283, 284, 286, 287, 289, 290, 291, 292, 293, 294, 295, 296, 297, 298, 299, 302, 303, 305, 306, 307, 308, 309, 310, 311, 312, 313, 314, 315, 316, 317, 318, 319, 321, 323, 324, 325, 327, 328, 331, 333, 334, 335, 337, 338, 339, 340, 341, 342, 343, 344, 345, 347, 348, 349, 351, 352, 353, 354, 355, 358, 359, 360, 361, 363, 364, 365, 367, 369, 370, 371, 372, 373, 374, 375, 376, 377, 378, 379, 381, 384, 385, 386, 387, 388, 389, 390, 391, 392, 393, 394, 395, 396, 397, 399, 402, 403, 404, 405, 406, 407, 408, 409, 410, 412, 413, 414, 415, 416, 417, 418, 421, 422, 423, 424, 425, 426, 427, 429, 430, 431, 432, 433, 434, 435, 436, 437, 438, 439, 440, 441, 442, 443, 444, 445, 446, 447, 448, 451, 452, 453, 454, 456, 457, 458, 459, 460, 461, 462, 463, 464, 465, 466, 467, 468, 469, 470, 471, 472, 473, 476, 477, 478, 479, 481, 482, 483, 485, 486, 487, 488, 489, 491, 493, 494, 495, 496, 498, 499, 500, 501, 502, 506, 507, 508, 510, 511, 512, 513, 515, 516, 518, 519, 522, 524, 526, 527, 528, 529, 530, 531, 532, 534, 535, 536, 538, 539, 540, 541, 542, 544, 546, 547, 548, 550, 551, 552, 553, 555, 556, 557, 558, 559, 560, 561, 562, 563, 565, 566, 567, 568, 571, 573, 576, 577, 578, 579, 580, 581, 582, 583, 584, 585, 586, 587, 588, 589, 590, 591, 592, 593, 594, 596, 597, 598, 600, 602, 603, 606, 607, 609, 610, 611, 612, 613, 614, 615, 616, 617, 618, 619, 620, 621, 622, 623, 624, 625, 626, 627, 628, 629, 630, 632, 633, 634, 635, 636, 637, 638, 639, 640, 641, 642, 643, 646, 647, 648, 649, 650, 651, 652, 653, 654, 655, 657, 660, 661, 662, 663, 664, 665, 667, 668, 669, 670, 671, 674, 675, 676, 678, 679, 680, 681, 682, 684, 685, 686, 687, 688, 689, 690, 691, 692, 693, 694, 695, 697, 699, 700, 701, 702, 703, 704, 705, 706, 707, 708, 709, 710, 711, 712, 713, 714, 715, 716, 717, 718, 719, 720, 721, 722, 723, 724, 725, 726, 727, 728, 730, 731, 732, 733, 734, 735, 736, 737, 738, 739, 740, 741, 742, 743, 744, 745, 746, 747, 748, 749, 750, 751, 752, 753, 754, 756, 757, 758, 759, 760, 761, 762, 763, 764, 765, 767, 768, 769, 770, 771, 772, 773, 774, 776, 778, 779, 780, 781, 782, 783, 786, 787, 788, 789, 790, 791, 793, 794, 795, 796, 797, 798, 799, 800, 801, 802, 803, 805, 806, 808, 809, 810, 811, 812, 813, 815, 817, 818, 819, 820, 822, 823, 826, 827, 828, 829, 830, 831, 832, 833, 835, 836, 839, 840, 841, 842, 843, 844, 845, 846, 847, 848, 849, 850, 851, 852, 853, 854, 855, 856, 857, 858, 859, 860, 861, 863, 864, 865, 866, 867, 868, 869, 870, 871, 873, 874, 875, 877, 879, 880, 881, 882, 884, 885, 886, 887, 888, 889]
[11, 26, 33, 34, 42, 46, 49, 58, 59, 66, 73, 86, 92, 96, 98, 107, 112, 119, 135, 152, 167, 168, 169, 179, 184, 192, 195, 205, 206, 211, 222, 225, 234, 236, 238, 239, 244, 245, 247, 253, 259, 267, 271, 277, 281, 282, 294, 304, 311, 321, 325, 328, 339, 342, 343, 352, 354, 358, 365, 373, 390, 402, 406, 420, 425, 428, 430, 434, 435, 437, 443, 448, 456, 460, 464, 472, 477, 480, 481, 512, 522, 544, 548, 555, 556, 569, 576, 580, 587, 599, 600, 601, 617, 620, 632, 645, 649, 651, 652, 658, 663, 667, 677, 679, 691, 719, 741, 744, 757, 773, 776, 780, 803, 813, 823, 824, 827, 837, 845, 866, 878, 886]

[0, 1, 2, 4, 5, 6, 7, 8, 9, 10, 11, 12, 13, 14, 15, 16, 17, 18, 20, 21, 22, 23, 24, 25, 26, 27, 28, 29, 30, 31, 32, 33, 34, 35, 37, 38, 39, 40, 41, 42, 43, 44, 45, 46, 47, 48, 49, 50, 51, 52, 53, 54, 55, 57, 58, 59, 62, 63, 64, 65, 66, 67, 68, 69, 70, 72, 73, 74, 77, 78, 80, 82, 83, 84, 85, 86, 88, 89, 90, 91, 92, 95, 96, 97, 98, 99, 101, 102, 103, 104, 105, 106, 107, 108, 109, 110, 112, 113, 114, 115, 116, 117, 119, 121, 122, 123, 124, 126, 127, 128, 129, 130, 131, 132, 133, 134, 135, 137, 138, 139, 140, 143, 144, 145, 146, 147, 150, 151, 153, 155, 156, 157, 158, 159, 160, 161, 162, 163, 164, 165, 166, 167, 168, 169, 171, 172, 174, 175, 176, 177, 178, 180, 181, 182, 183, 188, 190, 191, 192, 196, 197, 198, 199, 200, 201, 202, 203, 204, 205, 206, 207, 208, 209, 210, 211, 212, 213, 214, 215, 216, 217, 218, 219, 220, 221, 222, 223, 225, 226, 227, 228, 229, 230, 231, 232, 233, 234, 235, 236, 237, 238, 239, 240, 241, 242, 243, 244, 245, 246, 248, 249, 250, 251, 252, 253, 255, 256, 257, 258, 259, 260, 261, 262, 263, 264, 266, 267, 269, 272, 273, 274, 276, 277, 279, 280, 281, 282, 283, 284, 286, 287, 288, 289, 290, 291, 292, 293, 294, 295, 296, 297, 298, 299, 300, 301, 302, 303, 305, 306, 307, 308, 309, 310, 311, 312, 313, 314, 315, 316, 317, 318, 319, 321, 323, 324, 325, 327, 328, 331, 333, 334, 335, 337, 338, 339, 340, 341, 342, 343, 344, 345, 347, 348, 349, 351, 352, 353, 354, 355, 356, 358, 359, 360, 361, 363, 364, 365, 367, 369, 370, 371, 372, 373, 374, 375, 376, 377, 378, 379, 381, 384, 385, 386, 387, 388, 389, 390, 391, 392, 393, 394, 395, 396, 397, 398, 399, 402, 403, 404, 405, 406, 407, 408, 409, 410, 411, 412, 413, 414, 415, 416, 417, 418, 419, 420, 421, 422, 423, 424, 425, 426, 427, 429, 430, 431, 432, 433, 434, 435, 436, 437, 438, 439, 440, 441, 442, 443, 444, 445, 446, 447, 448, 449, 451, 452, 453, 454, 456, 457, 458, 459, 460, 461, 462, 463, 464, 465, 466, 467, 468, 469, 470, 471, 472, 473, 476, 477, 478, 479, 481, 482, 483, 484, 485, 486, 487, 488, 489, 491, 493, 494, 495, 496, 498, 499, 500, 501, 502, 506, 507, 508, 510, 511, 512, 513, 515, 516, 517, 518, 519, 520, 522, 524, 526, 527, 528, 529, 530, 531, 532, 534, 535, 536, 538, 539, 540, 541, 542, 544, 546, 547, 548, 550, 551, 552, 553, 555, 556, 557, 558, 559, 560, 561, 562, 563, 565, 566, 567, 568, 569, 571, 573, 575, 576, 577, 578, 579, 580, 581, 582, 583, 584, 585, 586, 587, 588, 589, 590, 591, 592, 593, 594, 596, 597, 598, 600, 601, 602, 603, 606, 607, 609, 610, 611, 612, 613, 614, 615, 616, 617, 618, 619, 620, 621, 622, 623, 624, 625, 626, 627, 628, 629, 630, 632, 633, 634, 635, 636, 637, 638, 639, 640, 641, 642, 643, 645, 646, 647, 648, 649, 650, 651, 652, 653, 654, 655, 657, 660, 661, 662, 663, 664, 665, 667, 668, 669, 670, 671, 674, 675, 676, 678, 679, 680, 681, 682, 684, 685, 686, 687, 688, 689, 690, 691, 692, 693, 694, 695, 697, 699, 700, 701, 702, 703, 704, 705, 706, 707, 708, 709, 710, 711, 712, 713, 714, 715, 716, 717, 718, 719, 720, 721, 722, 723, 724, 725, 726, 727, 728, 730, 731, 732, 733, 734, 735, 736, 737, 738, 739, 740, 741, 742, 743, 744, 745, 746, 747, 748, 749, 750, 751, 752, 753, 754, 756, 757, 758, 759, 760, 761, 762, 763, 764, 765, 766, 767, 768, 769, 770, 771, 772, 773, 774, 776, 778, 779, 780, 781, 782, 783, 786, 787, 788, 789, 790, 791, 793, 794, 795, 796, 797, 798, 799, 800, 801, 802, 803, 805, 806, 808, 809, 810, 811, 812, 813, 815, 817, 818, 819, 820, 822, 823, 824, 826, 827, 828, 829, 830, 831, 832, 833, 835, 836, 838, 839, 840, 841, 842, 843, 844, 845, 846, 847, 848, 849, 850, 851, 852, 853, 854, 855, 856, 857, 858, 859, 860, 861, 863, 864, 865, 866, 867, 868, 869, 870, 871, 873, 874, 875, 877, 879, 880, 881, 882, 884, 885, 886, 887, 888, 889]
[11, 26, 33, 34, 42, 46, 49, 58, 59, 66, 73, 86, 92, 96, 98, 107, 112, 119, 135, 152, 167, 168, 169, 179, 184, 192, 195, 205, 206, 211, 222, 225, 234, 236, 238, 239, 244, 245, 247, 253, 259, 267, 271, 277, 281, 282, 294, 304, 311, 321, 325, 328, 339, 342, 343, 352, 354, 358, 365, 373, 390, 402, 406, 420, 425, 428, 430, 434, 435, 437, 443, 448, 456, 460, 464, 472, 477, 480, 481, 512, 522, 544, 548, 555, 556, 569, 576, 580, 587, 599, 600, 601, 617, 620, 632, 645, 649, 651, 652, 658, 663, 667, 677, 679, 691, 719, 741, 744, 757, 773, 776, 780, 803, 813, 823, 824, 827, 837, 845, 866, 878, 886]

[0, 1, 2, 3, 4, 5, 6, 7, 8, 9, 10, 11, 12, 13, 14, 15, 16, 17, 18, 20, 21, 22, 23, 24, 25, 26, 27, 28, 29, 30, 31, 32, 33, 34, 35, 37, 38, 39, 40, 41, 42, 43, 44, 45, 46, 47, 48, 49, 50, 51, 52, 53, 54, 55, 57, 58, 59, 62, 63, 64, 65, 66, 67, 68, 69, 70, 72, 73, 74, 77, 78, 79, 80, 82, 83, 84, 85, 86, 87, 88, 89, 90, 91, 92, 95, 96, 97, 98, 99, 101, 102, 103, 104, 105, 106, 107, 108, 109, 110, 112, 113, 114, 115, 116, 117, 119, 121, 122, 123, 124, 126, 127, 128, 129, 130, 131, 132, 133, 134, 135, 137, 138, 139, 140, 143, 144, 145, 146, 147, 148, 150, 151, 153, 155, 156, 157, 158, 159, 160, 161, 162, 163, 164, 165, 166, 167, 168, 169, 171, 172, 174, 175, 176, 177, 178, 179, 180, 181, 182, 183, 186, 188, 190, 191, 192, 196, 197, 198, 199, 200, 201, 202, 203, 204, 205, 206, 207, 208, 209, 210, 211, 212, 213, 214, 215, 216, 217, 218, 219, 220, 221, 222, 223, 224, 225, 226, 227, 228, 229, 230, 231, 232, 233, 234, 235, 236, 237, 238, 239, 240, 241, 242, 243, 244, 245, 246, 247, 248, 249, 250, 251, 252, 253, 255, 256, 257, 258, 259, 260, 261, 262, 263, 264, 266, 267, 269, 272, 273, 274, 275, 276, 277, 278, 279, 280, 281, 282, 283, 284, 286, 287, 288, 289, 290, 291, 292, 293, 294, 295, 296, 297, 298, 299, 300, 301, 302, 303, 305, 306, 307, 308, 309, 310, 311, 312, 313, 314, 315, 316, 317, 318, 319, 321, 323, 324, 325, 326, 327, 328, 330, 331, 333, 334, 335, 337, 338, 339, 340, 341, 342, 343, 344, 345, 347, 348, 349, 351, 352, 353, 354, 355, 356, 357, 358, 359, 360, 361, 362, 363, 364, 365, 367, 369, 370, 371, 372, 373, 374, 375, 376, 377, 378, 379, 381, 384, 385, 386, 387, 388, 389, 390, 391, 392, 393, 394, 395, 396, 397, 398, 399, 402, 403, 404, 405, 406, 407, 408, 409, 410, 411, 412, 413, 414, 415, 416, 417, 418, 419, 420, 421, 422, 423, 424, 425, 426, 427, 429, 430, 431, 432, 433, 434, 435, 436, 437, 438, 439, 440, 441, 442, 443, 444, 445, 446, 447, 448, 449, 451, 452, 453, 454, 456, 457, 458, 459, 460, 461, 462, 463, 464, 465, 466, 467, 468, 469, 470, 471, 472, 473, 476, 477, 478, 479, 480, 481, 482, 483, 484, 485, 486, 487, 488, 489, 491, 493, 494, 495, 496, 498, 499, 500, 501, 502, 506, 507, 508, 510, 511, 512, 513, 515, 516, 517, 518, 519, 520, 521, 522, 524, 525, 526, 527, 528, 529, 530, 531, 532, 534, 535, 536, 538, 539, 540, 541, 542, 544, 546, 547, 548, 549, 550, 551, 552, 553, 554, 555, 556, 557, 558, 559, 560, 561, 562, 563, 565, 566, 567, 568, 569, 570, 571, 573, 574, 575, 576, 577, 578, 579, 580, 581, 582, 583, 584, 585, 586, 587, 588, 589, 590, 591, 592, 593, 594, 596, 597, 598, 600, 601, 602, 603, 606, 607, 609, 610, 611, 612, 613, 614, 615, 616, 617, 618, 619, 620, 621, 622, 623, 624, 625, 626, 627, 628, 629, 630, 632, 633, 634, 635, 636, 637, 638, 639, 640, 641, 642, 643, 645, 646, 647, 648, 649, 650, 651, 652, 653, 654, 655, 656, 657, 660, 661, 662, 663, 664, 665, 667, 668, 669, 670, 671, 674, 675, 676, 678, 679, 680, 681, 682, 684, 685, 686, 687, 688, 689, 690, 691, 692, 693, 694, 695, 696, 697, 699, 700, 701, 702, 703, 704, 705, 706, 707, 708, 709, 710, 711, 712, 713, 714, 715, 716, 717, 718, 719, 720, 721, 722, 723, 724, 725, 726, 727, 728, 730, 731, 732, 733, 734, 735, 736, 737, 738, 739, 740, 741, 742, 743, 744, 745, 746, 747, 748, 749, 750, 751, 752, 753, 754, 756, 757, 758, 759, 760, 761, 762, 763, 764, 765, 766, 767, 768, 769, 770, 771, 772, 773, 774, 776, 778, 779, 780, 781, 782, 783, 786, 787, 788, 789, 790, 791, 793, 794, 795, 796, 797, 798, 799, 800, 801, 802, 803, 805, 806, 808, 809, 810, 811, 812, 813, 815, 817, 818, 819, 820, 822, 823, 824, 826, 827, 828, 829, 830, 831, 832, 833, 835, 836, 838, 839, 840, 841, 842, 843, 844, 845, 846, 847, 848, 849, 850, 851, 852, 853, 854, 855, 856, 857, 858, 859, 860, 861, 862, 863, 864, 865, 866, 867, 868, 869, 870, 871, 873, 874, 875, 877, 879, 880, 881, 882, 884, 885, 886, 887, 888, 889]
[11, 26, 33, 34, 42, 46, 49, 58, 59, 66, 73, 86, 92, 96, 98, 107, 112, 119, 135, 152, 167, 168, 169, 179, 184, 192, 195, 205, 206, 211, 222, 225, 234, 236, 238, 239, 244, 245, 247, 253, 259, 267, 271, 277, 281, 282, 294, 304, 311, 321, 325, 328, 339, 342, 343, 352, 354, 358, 365, 373, 390, 402, 406, 420, 425, 428, 430, 434, 435, 437, 443, 448, 456, 460, 464, 472, 477, 480, 481, 512, 522, 544, 548, 555, 556, 569, 576, 580, 587, 599, 600, 601, 617, 620, 632, 645, 649, 651, 652, 658, 663, 667, 677, 679, 691, 719, 741, 744, 757, 773, 776, 780, 803, 813, 823, 824, 827, 837, 845, 866, 878, 886]

