[19, 83, 84, 87, 127, 143, 311, 318, 322, 458, 482, 651, 677, 683, 767, 796, 809, 838, 841, 845, 866, 877]
[140, 174, 196, 221, 295, 297, 299, 345, 362, 409, 439, 467, 485, 488, 522, 648, 733, 742, 762, 774, 779, 839]

[19, 83, 84, 87, 127, 143, 311, 318, 322, 458, 482, 651, 677, 683, 767, 796, 809, 838, 841, 845, 866, 877]
[3, 10, 17, 21, 29, 39, 44, 48, 54, 55, 118, 122, 129, 133, 137, 140, 145, 147, 159, 160, 166, 167, 174, 190, 191, 194, 196, 202, 212, 221, 234, 237, 238, 249, 252, 254, 255, 262, 276, 279, 291, 295, 297, 299, 305, 307, 310, 319, 323, 345, 352, 362, 365, 394, 407, 409, 411, 412, 423, 426, 439, 444, 448, 451, 454, 461, 467, 473, 485, 487, 488, 521, 522, 526, 530, 535, 547, 550, 553, 577, 585, 586, 610, 615, 616, 620, 628, 632, 633, 636, 638, 639, 648, 663, 669, 672, 695, 712, 717, 725, 730, 733, 742, 751, 754, 761, 762, 774, 776, 779, 785, 813, 815, 821, 822, 827, 835, 839, 855, 870, 876, 884]

[19, 83, 84, 87, 127, 143, 205, 225, 226, 252, 255, 294, 311, 318, 322, 351, 352, 355, 424, 454, 458, 469, 470, 482, 514, 515, 519, 635, 651, 666, 670, 677, 678, 683, 710, 731, 758, 766, 767, 769, 796, 809, 838, 841, 845, 866, 877]
[3, 10, 17, 21, 29, 39, 44, 48, 54, 55, 118, 122, 129, 133, 137, 140, 145, 147, 159, 160, 166, 167, 174, 190, 191, 194, 196, 202, 212, 221, 234, 237, 238, 249, 252, 254, 255, 262, 276, 279, 291, 295, 297, 299, 305, 307, 310, 319, 323, 345, 352, 362, 365, 394, 407, 409, 411, 412, 423, 426, 439, 444, 448, 451, 454, 461, 467, 473, 485, 487, 488, 521, 522, 526, 530, 535, 547, 550, 553, 577, 585, 586, 610, 615, 616, 620, 628, 632, 633, 636, 638, 639, 648, 663, 669, 672, 695, 712, 717, 725, 730, 733, 742, 751, 754, 761, 762, 774, 776, 779, 785, 813, 815, 821, 822, 827, 835, 839, 855, 870, 876, 884]

[19, 47, 63, 70, 74, 83, 84, 87, 88, 126, 127, 143, 144, 205, 207, 214, 225, 226, 252, 255, 294, 301, 311, 318, 322, 323, 334, 351, 352, 355, 368, 376, 386, 391, 404, 424, 454, 457, 458, 467, 469, 470, 482, 514, 515, 519, 591, 601, 635, 651, 666, 670, 675, 677, 678, 683, 710, 731, 734, 750, 758, 761, 766, 767, 769, 773, 796, 805, 809, 838, 841, 845, 862, 866, 877, 881]
[3, 10, 17, 21, 29, 39, 44, 48, 54, 55, 118, 122, 129, 133, 137, 140, 145, 147, 159, 160, 166, 167, 174, 190, 191, 194, 196, 202, 212, 221, 234, 237, 238, 249, 252, 254, 255, 262, 276, 279, 291, 295, 297, 299, 305, 307, 310, 319, 323, 345, 352, 362, 365, 394, 407, 409, 411, 412, 423, 426, 439, 444, 448, 451, 454, 461, 467, 473, 485, 487, 488, 521, 522, 526, 530, 535, 547, 550, 553, 577, 585, 586, 610, 615, 616, 620, 628, 632, 633, 636, 638, 639, 648, 663, 669, 672, 695, 712, 717, 725, 730, 733, 742, 751, 754, 761, 762, 774, 776, 779, 785, 813, 815, 821, 822, 827, 835, 839, 855, 870, 876, 884]

[1, 19, 47, 63, 70, 74, 83, 84, 87, 88, 126, 127, 143, 144, 195, 205, 207, 208, 214, 224, 225, 226, 252, 255, 265, 272, 275, 294, 301, 311, 318, 322, 323, 334, 351, 352, 355, 361, 368, 369, 376, 383, 386, 391, 394, 404, 410, 424, 446, 454, 457, 458, 460, 461, 467, 469, 470, 482, 492, 493, 507, 514, 515, 519, 543, 548, 561, 591, 601, 604, 615, 620, 635, 651, 666, 670, 675, 677, 678, 683, 687, 704, 710, 731, 734, 736, 750, 758, 761, 766, 767, 768, 769, 773, 796, 805, 809, 838, 841, 845, 848, 862, 866, 877, 881]
[3, 10, 17, 21, 29, 39, 44, 48, 54, 55, 118, 122, 129, 133, 137, 140, 145, 147, 159, 160, 166, 167, 174, 190, 191, 194, 196, 202, 212, 221, 234, 237, 238, 249, 252, 254, 255, 262, 276, 279, 291, 295, 297, 299, 305, 307, 310, 319, 323, 345, 352, 362, 365, 394, 407, 409, 411, 412, 423, 426, 439, 444, 448, 451, 454, 461, 467, 473, 485, 487, 488, 521, 522, 526, 530, 535, 547, 550, 553, 577, 585, 586, 610, 615, 616, 620, 628, 632, 633, 636, 638, 639, 648, 663, 669, 672, 695, 712, 717, 725, 730, 733, 742, 751, 754, 761, 762, 774, 776, 779, 785, 813, 815, 821, 822, 827, 835, 839, 855, 870, 876, 884]

[1, 7, 19, 47, 54, 56, 63, 70, 74, 83, 84, 87, 88, 125, 126, 127, 143, 144, 172, 179, 195, 205, 207, 208, 209, 213, 214, 224, 225, 226, 252, 255, 265, 268, 272, 275, 294, 301, 303, 306, 311, 318, 322, 323, 334, 351, 352, 355, 361, 362, 368, 369, 376, 383, 386, 391, 394, 401, 404, 410, 418, 424, 446, 454, 457, 458, 460, 461, 464, 466, 467, 469, 470, 481, 482, 492, 493, 496, 507, 514, 515, 519, 542, 543, 548, 561, 591, 601, 604, 612, 615, 620, 635, 651, 666, 670, 675, 677, 678, 683, 687, 689, 691, 697, 704, 708, 710, 713, 731, 734, 736, 750, 758, 761, 766, 767, 768, 769, 773, 781, 796, 805, 809, 832, 838, 841, 845, 848, 861, 862, 866, 877, 881, 884]
[3, 10, 17, 21, 29, 39, 44, 48, 54, 55, 118, 122, 129, 133, 137, 140, 145, 147, 159, 160, 166, 167, 174, 190, 191, 194, 196, 202, 212, 221, 234, 237, 238, 249, 252, 254, 255, 262, 276, 279, 291, 295, 297, 299, 305, 307, 310, 319, 323, 345, 352, 362, 365, 394, 407, 409, 411, 412, 423, 426, 439, 444, 448, 451, 454, 461, 467, 473, 485, 487, 488, 521, 522, 526, 530, 535, 547, 550, 553, 577, 585, 586, 610, 615, 616, 620, 628, 632, 633, 636, 638, 639, 648, 663, 669, 672, 695, 712, 717, 725, 730, 733, 742, 751, 754, 761, 762, 774, 776, 779, 785, 813, 815, 821, 822, 827, 835, 839, 855, 870, 876, 884]

[1, 7, 12, 19, 47, 50, 54, 56, 63, 70, 74, 83, 84, 87, 88, 125, 126, 127, 143, 144, 172, 179, 195, 205, 207, 208, 209, 213, 214, 221, 222, 224, 225, 226, 252, 255, 258, 261, 263, 265, 268, 272, 275, 282, 294, 301, 303, 304, 306, 311, 318, 322, 323, 334, 351, 352, 355, 361, 362, 368, 369, 376, 383, 386, 391, 392, 394, 401, 404, 409, 410, 418, 420, 424, 428, 431, 444, 446, 454, 457, 458, 460, 461, 464, 466, 467, 469, 470, 472, 481, 482, 492, 493, 496, 507, 514, 515, 519, 531, 537, 538, 542, 543, 548, 561, 590, 591, 601, 604, 612, 615, 620, 635, 651, 654, 666, 670, 675, 677, 678, 683, 685, 687, 689, 691, 697, 704, 708, 710, 713, 729, 731, 734, 736, 749, 750, 758, 761, 766, 767, 768, 769, 773, 781, 796, 805, 809, 832, 837, 838, 841, 845, 848, 861, 862, 866, 877, 881, 884, 887]
[3, 10, 17, 21, 29, 39, 44, 48, 54, 55, 118, 122, 129, 133, 137, 140, 145, 147, 159, 160, 166, 167, 174, 190, 191, 194, 196, 202, 212, 221, 234, 237, 238, 249, 252, 254, 255, 262, 276, 279, 291, 295, 297, 299, 305, 307, 310, 319, 323, 345, 352, 362, 365, 394, 407, 409, 411, 412, 423, 426, 439, 444, 448, 451, 454, 461, 467, 473, 485, 487, 488, 521, 522, 526, 530, 535, 547, 550, 553, 577, 585, 586, 610, 615, 616, 620, 628, 632, 633, 636, 638, 639, 648, 663, 669, 672, 695, 712, 717, 725, 730, 733, 742, 751, 754, 761, 762, 774, 776, 779, 785, 813, 815, 821, 822, 827, 835, 839, 855, 870, 876, 884]

[1, 7, 12, 19, 47, 50, 54, 56, 63, 70, 74, 83, 84, 85, 87, 88, 105, 125, 126, 127, 128, 129, 143, 144, 152, 172, 176, 179, 187, 188, 194, 195, 205, 207, 208, 209, 213, 214, 221, 222, 224, 225, 226, 229, 238, 243, 252, 254, 255, 258, 261, 263, 265, 268, 272, 275, 282, 294, 301, 303, 304, 306, 311, 318, 322, 323, 334, 351, 352, 354, 355, 358, 361, 362, 368, 369, 376, 379, 381, 383, 386, 391, 392, 394, 401, 404, 409, 410, 418, 420, 421, 423, 424, 428, 431, 442, 444, 446, 454, 457, 458, 460, 461, 464, 466, 467, 469, 470, 472, 481, 482, 492, 493, 496, 507, 514, 515, 519, 531, 537, 538, 542, 543, 548, 561, 586, 590, 591, 601, 604, 611, 612, 615, 620, 634, 635, 651, 654, 666, 670, 675, 677, 678, 683, 685, 687, 689, 691, 697, 704, 708, 710, 713, 729, 731, 734, 736, 749, 750, 758, 761, 766, 767, 768, 769, 773, 781, 796, 805, 809, 820, 832, 837, 838, 841, 845, 848, 857, 861, 862, 866, 877, 881, 884, 887]
[3, 10, 17, 21, 29, 39, 44, 48, 54, 55, 118, 122, 129, 133, 137, 140, 145, 147, 159, 160, 166, 167, 174, 190, 191, 194, 196, 202, 212, 221, 234, 237, 238, 249, 252, 254, 255, 262, 276, 279, 291, 295, 297, 299, 305, 307, 310, 319, 323, 345, 352, 362, 365, 394, 407, 409, 411, 412, 423, 426, 439, 444, 448, 451, 454, 461, 467, 473, 485, 487, 488, 521, 522, 526, 530, 535, 547, 550, 553, 577, 585, 586, 610, 615, 616, 620, 628, 632, 633, 636, 638, 639, 648, 663, 669, 672, 695, 712, 717, 725, 730, 733, 742, 751, 754, 761, 762, 774, 776, 779, 785, 813, 815, 821, 822, 827, 835, 839, 855, 870, 876, 884]

[1, 4, 7, 12, 19, 30, 45, 47, 50, 54, 55, 56, 57, 63, 70, 74, 83, 84, 85, 87, 88, 90, 94, 105, 110, 125, 126, 127, 128, 129, 143, 144, 152, 172, 176, 179, 187, 188, 194, 195, 204, 205, 207, 208, 209, 211, 213, 214, 221, 222, 224, 225, 226, 229, 238, 243, 252, 254, 255, 258, 261, 263, 265, 268, 272, 275, 276, 282, 284, 294, 301, 303, 304, 306, 311, 318, 322, 323, 334, 351, 352, 354, 355, 356, 358, 361, 362, 367, 368, 369, 376, 379, 381, 383, 386, 391, 392, 394, 401, 404, 409, 410, 418, 420, 421, 423, 424, 425, 428, 431, 442, 444, 446, 451, 454, 457, 458, 460, 461, 464, 466, 467, 469, 470, 472, 481, 482, 492, 493, 496, 507, 514, 515, 519, 531, 537, 538, 542, 543, 548, 561, 586, 590, 591, 600, 601, 604, 607, 611, 612, 615, 620, 634, 635, 636, 651, 654, 666, 667, 670, 675, 677, 678, 679, 683, 685, 687, 689, 691, 697, 704, 708, 710, 713, 726, 729, 731, 734, 736, 748, 749, 750, 758, 761, 766, 767, 768, 769, 773, 781, 796, 799, 805, 809, 820, 832, 837, 838, 841, 845, 848, 857, 861, 862, 866, 876, 877, 881, 884, 887]
[3, 10, 17, 21, 29, 39, 44, 48, 54, 55, 118, 122, 129, 133, 137, 140, 145, 147, 159, 160, 166, 167, 174, 190, 191, 194, 196, 202, 212, 221, 234, 237, 238, 249, 252, 254, 255, 262, 276, 279, 291, 295, 297, 299, 305, 307, 310, 319, 323, 345, 352, 362, 365, 394, 407, 409, 411, 412, 423, 426, 439, 444, 448, 451, 454, 461, 467, 473, 485, 487, 488, 521, 522, 526, 530, 535, 547, 550, 553, 577, 585, 586, 610, 615, 616, 620, 628, 632, 633, 636, 638, 639, 648, 663, 669, 672, 695, 712, 717, 725, 730, 733, 742, 751, 754, 761, 762, 774, 776, 779, 785, 813, 815, 821, 822, 827, 835, 839, 855, 870, 876, 884]

[1, 4, 7, 10, 12, 19, 25, 30, 45, 47, 50, 54, 55, 56, 57, 61, 63, 70, 74, 83, 84, 85, 87, 88, 90, 94, 105, 110, 125, 126, 127, 128, 129, 130, 143, 144, 152, 172, 176, 179, 181, 187, 188, 194, 195, 204, 205, 207, 208, 209, 211, 213, 214, 217, 221, 222, 224, 225, 226, 229, 238, 243, 252, 254, 255, 258, 261, 263, 265, 268, 272, 275, 276, 282, 284, 286, 291, 294, 301, 303, 304, 306, 311, 314, 318, 322, 323, 334, 339, 344, 351, 352, 354, 355, 356, 358, 361, 362, 367, 368, 369, 376, 379, 381, 383, 386, 388, 391, 392, 394, 401, 404, 407, 409, 410, 418, 420, 421, 423, 424, 425, 426, 428, 431, 433, 442, 444, 446, 447, 451, 454, 457, 458, 460, 461, 464, 466, 467, 469, 470, 472, 481, 482, 483, 492, 493, 496, 507, 514, 515, 519, 527, 531, 537, 538, 542, 543, 548, 561, 569, 586, 590, 591, 600, 601, 604, 607, 611, 612, 615, 619, 620, 623, 634, 635, 636, 651, 654, 666, 667, 670, 675, 677, 678, 679, 683, 685, 687, 689, 691, 697, 698, 704, 708, 710, 713, 716, 726, 729, 731, 734, 736, 748, 749, 750, 758, 761, 766, 767, 768, 769, 773, 781, 793, 796, 799, 805, 809, 820, 832, 837, 838, 841, 845, 848, 850, 857, 861, 862, 866, 876, 877, 881, 884, 887]
[3, 10, 17, 21, 29, 39, 44, 48, 54, 55, 118, 122, 129, 133, 137, 140, 145, 147, 159, 160, 166, 167, 174, 190, 191, 194, 196, 202, 212, 221, 234, 237, 238, 249, 252, 254, 255, 262, 276, 279, 291, 295, 297, 299, 305, 307, 310, 319, 323, 345, 352, 362, 365, 394, 407, 409, 411, 412, 423, 426, 439, 444, 448, 451, 454, 461, 467, 473, 485, 487, 488, 521, 522, 526, 530, 535, 547, 550, 553, 577, 585, 586, 610, 615, 616, 620, 628, 632, 633, 636, 638, 639, 648, 663, 669, 672, 695, 712, 717, 725, 730, 733, 742, 751, 754, 761, 762, 774, 776, 779, 785, 813, 815, 821, 822, 827, 835, 839, 855, 870, 876, 884]

[1, 4, 7, 10, 11, 12, 19, 24, 25, 27, 30, 45, 47, 50, 53, 54, 55, 56, 57, 61, 63, 70, 74, 83, 84, 85, 86, 87, 88, 89, 90, 94, 105, 108, 110, 122, 125, 126, 127, 128, 129, 130, 143, 144, 152, 172, 176, 179, 181, 183, 187, 188, 194, 195, 204, 205, 207, 208, 209, 211, 213, 214, 217, 221, 222, 224, 225, 226, 229, 238, 243, 252, 254, 255, 258, 261, 263, 265, 268, 272, 274, 275, 276, 282, 284, 286, 291, 294, 301, 303, 304, 306, 311, 314, 318, 322, 323, 331, 334, 335, 339, 344, 351, 352, 354, 355, 356, 358, 359, 361, 362, 367, 368, 369, 376, 379, 381, 383, 386, 388, 391, 392, 394, 401, 404, 407, 409, 410, 411, 418, 420, 421, 423, 424, 425, 426, 428, 431, 433, 442, 444, 446, 447, 451, 454, 457, 458, 460, 461, 464, 466, 467, 469, 470, 472, 481, 482, 483, 492, 493, 496, 498, 507, 514, 515, 519, 527, 531, 537, 538, 541, 542, 543, 548, 561, 569, 571, 586, 590, 591, 594, 600, 601, 604, 607, 611, 612, 615, 619, 620, 622, 623, 634, 635, 636, 651, 654, 656, 666, 667, 670, 675, 677, 678, 679, 683, 685, 687, 689, 691, 697, 698, 704, 708, 710, 713, 716, 719, 726, 729, 731, 734, 736, 746, 748, 749, 750, 758, 761, 766, 767, 768, 769, 773, 781, 793, 796, 799, 805, 809, 820, 830, 832, 835, 837, 838, 841, 844, 845, 848, 850, 857, 861, 862, 866, 876, 877, 881, 884, 887]
[3, 10, 17, 21, 29, 39, 44, 48, 54, 55, 118, 122, 129, 133, 137, 140, 145, 147, 159, 160, 166, 167, 174, 190, 191, 194, 196, 202, 212, 221, 234, 237, 238, 249, 252, 254, 255, 262, 276, 279, 291, 295, 297, 299, 305, 307, 310, 319, 323, 345, 352, 362, 365, 394, 407, 409, 411, 412, 423, 426, 439, 444, 448, 451, 454, 461, 467, 473, 485, 487, 488, 521, 522, 526, 530, 535, 547, 550, 553, 577, 585, 586, 610, 615, 616, 620, 628, 632, 633, 636, 638, 639, 648, 663, 669, 672, 695, 712, 717, 725, 730, 733, 742, 751, 754, 761, 762, 774, 776, 779, 785, 813, 815, 821, 822, 827, 835, 839, 855, 870, 876, 884]

[1, 4, 7, 10, 11, 12, 19, 24, 25, 27, 30, 45, 47, 50, 53, 54, 55, 56, 57, 61, 63, 70, 71, 74, 83, 84, 85, 86, 87, 88, 89, 90, 94, 105, 108, 110, 122, 125, 126, 127, 128, 129, 130, 142, 143, 144, 152, 162, 172, 176, 178, 179, 181, 183, 187, 188, 194, 195, 204, 205, 207, 208, 209, 211, 213, 214, 217, 221, 222, 224, 225, 226, 229, 238, 239, 243, 252, 253, 254, 255, 258, 261, 263, 265, 268, 272, 274, 275, 276, 279, 282, 284, 286, 291, 294, 301, 303, 304, 306, 311, 314, 318, 322, 323, 331, 334, 335, 339, 344, 351, 352, 354, 355, 356, 358, 359, 361, 362, 367, 368, 369, 371, 376, 379, 381, 383, 386, 388, 391, 392, 393, 394, 396, 401, 404, 407, 409, 410, 411, 418, 420, 421, 423, 424, 425, 426, 428, 431, 433, 442, 444, 446, 447, 451, 452, 454, 456, 457, 458, 460, 461, 464, 466, 467, 469, 470, 472, 481, 482, 483, 492, 493, 494, 496, 498, 507, 514, 515, 519, 527, 531, 535, 537, 538, 541, 542, 543, 548, 549, 556, 558, 561, 569, 571, 586, 590, 591, 594, 600, 601, 604, 607, 611, 612, 615, 616, 619, 620, 622, 623, 631, 634, 635, 636, 651, 654, 656, 666, 667, 670, 672, 675, 677, 678, 679, 683, 685, 687, 689, 691, 697, 698, 704, 708, 710, 711, 713, 716, 719, 726, 729, 731, 734, 736, 746, 748, 749, 750, 758, 761, 766, 767, 768, 769, 773, 781, 793, 796, 799, 805, 807, 809, 820, 830, 832, 835, 837, 838, 841, 844, 845, 848, 850, 855, 857, 861, 862, 864, 866, 871, 876, 877, 881, 884, 887]
[3, 10, 17, 21, 29, 39, 44, 48, 54, 55, 118, 122, 129, 133, 137, 140, 145, 147, 159, 160, 166, 167, 174, 190, 191, 194, 196, 202, 212, 221, 234, 237, 238, 249, 252, 254, 255, 262, 276, 279, 291, 295, 297, 299, 305, 307, 310, 319, 323, 345, 352, 362, 365, 394, 407, 409, 411, 412, 423, 426, 439, 444, 448, 451, 454, 461, 467, 473, 485, 487, 488, 521, 522, 526, 530, 535, 547, 550, 553, 577, 585, 586, 610, 615, 616, 620, 628, 632, 633, 636, 638, 639, 648, 663, 669, 672, 695, 712, 717, 725, 730, 733, 742, 751, 754, 761, 762, 774, 776, 779, 785, 813, 815, 821, 822, 827, 835, 839, 855, 870, 876, 884]

[1, 4, 7, 10, 11, 12, 18, 19, 24, 25, 27, 30, 45, 47, 50, 53, 54, 55, 56, 57, 61, 63, 70, 71, 74, 76, 83, 84, 85, 86, 87, 88, 89, 90, 94, 98, 105, 108, 110, 122, 125, 126, 127, 128, 129, 130, 142, 143, 144, 152, 161, 162, 166, 172, 176, 178, 179, 181, 183, 187, 188, 191, 194, 195, 203, 204, 205, 207, 208, 209, 211, 213, 214, 216, 217, 221, 222, 224, 225, 226, 229, 238, 239, 243, 252, 253, 254, 255, 258, 261, 263, 265, 268, 272, 274, 275, 276, 279, 282, 284, 286, 291, 294, 301, 303, 304, 306, 309, 311, 314, 317, 318, 322, 323, 331, 334, 335, 339, 344, 351, 352, 354, 355, 356, 358, 359, 361, 362, 363, 366, 367, 368, 369, 371, 376, 379, 381, 383, 386, 388, 391, 392, 393, 394, 396, 401, 402, 404, 406, 407, 409, 410, 411, 418, 420, 421, 423, 424, 425, 426, 428, 431, 433, 442, 444, 446, 447, 451, 452, 454, 456, 457, 458, 460, 461, 464, 466, 467, 469, 470, 472, 473, 481, 482, 483, 491, 492, 493, 494, 496, 498, 501, 507, 514, 515, 519, 527, 531, 532, 535, 537, 538, 541, 542, 543, 548, 549, 556, 557, 558, 561, 569, 571, 586, 590, 591, 594, 600, 601, 604, 607, 611, 612, 613, 615, 616, 619, 620, 622, 623, 631, 634, 635, 636, 651, 654, 656, 666, 667, 670, 672, 675, 677, 678, 679, 683, 685, 686, 687, 689, 691, 697, 698, 704, 708, 710, 711, 713, 716, 719, 726, 729, 731, 734, 736, 746, 748, 749, 750, 758, 761, 763, 766, 767, 768, 769, 773, 774, 781, 793, 796, 799, 805, 807, 809, 815, 820, 830, 832, 835, 837, 838, 841, 844, 845, 848, 850, 855, 857, 861, 862, 864, 865, 866, 871, 876, 877, 881, 884, 887]
[3, 10, 17, 21, 29, 39, 44, 48, 54, 55, 118, 122, 129, 133, 137, 140, 145, 147, 159, 160, 166, 167, 174, 190, 191, 194, 196, 202, 212, 221, 234, 237, 238, 249, 252, 254, 255, 262, 276, 279, 291, 295, 297, 299, 305, 307, 310, 319, 323, 345, 352, 362, 365, 394, 407, 409, 411, 412, 423, 426, 439, 444, 448, 451, 454, 461, 467, 473, 485, 487, 488, 521, 522, 526, 530, 535, 547, 550, 553, 577, 585, 586, 610, 615, 616, 620, 628, 632, 633, 636, 638, 639, 648, 663, 669, 672, 695, 712, 717, 725, 730, 733, 742, 751, 754, 761, 762, 774, 776, 779, 785, 813, 815, 821, 822, 827, 835, 839, 855, 870, 876, 884]

[1, 4, 6, 7, 10, 11, 12, 18, 19, 24, 25, 27, 30, 45, 47, 50, 53, 54, 55, 56, 57, 61, 63, 70, 71, 74, 76, 83, 84, 85, 86, 87, 88, 89, 90, 94, 96, 98, 105, 108, 110, 122, 125, 126, 127, 128, 129, 130, 142, 143, 144, 146, 152, 153, 161, 162, 166, 168, 172, 176, 177, 178, 179, 181, 183, 184, 187, 188, 191, 194, 195, 202, 203, 204, 205, 206, 207, 208, 209, 211, 213, 214, 216, 217, 220, 221, 222, 224, 225, 226, 229, 236, 238, 239, 243, 251, 252, 253, 254, 255, 256, 258, 260, 261, 263, 264, 265, 268, 272, 274, 275, 276, 279, 280, 282, 284, 286, 290, 291, 294, 301, 303, 304, 306, 309, 311, 314, 317, 318, 322, 323, 324, 331, 334, 335, 339, 344, 351, 352, 354, 355, 356, 358, 359, 361, 362, 363, 366, 367, 368, 369, 371, 376, 379, 381, 383, 386, 388, 391, 392, 393, 394, 396, 401, 402, 404, 406, 407, 409, 410, 411, 418, 420, 421, 423, 424, 425, 426, 428, 431, 433, 442, 444, 446, 447, 451, 452, 454, 456, 457, 458, 460, 461, 462, 464, 466, 467, 469, 470, 472, 473, 481, 482, 483, 491, 492, 493, 494, 496, 498, 501, 507, 514, 515, 519, 527, 531, 532, 535, 537, 538, 541, 542, 543, 548, 549, 556, 557, 558, 561, 569, 571, 586, 590, 591, 594, 600, 601, 604, 607, 611, 612, 613, 615, 616, 619, 620, 622, 623, 631, 634, 635, 636, 651, 654, 656, 666, 667, 670, 671, 672, 675, 677, 678, 679, 683, 685, 686, 687, 689, 691, 697, 698, 704, 708, 710, 711, 713, 716, 719, 726, 729, 731, 734, 736, 746, 748, 749, 750, 758, 761, 763, 766, 767, 768, 769, 773, 774, 775, 781, 790, 793, 796, 799, 805, 807, 809, 813, 815, 820, 830, 832, 834, 835, 837, 838, 841, 844, 845, 848, 850, 855, 857, 861, 862, 864, 865, 866, 871, 876, 877, 879, 881, 884, 887]
[3, 10, 17, 21, 29, 39, 44, 48, 54, 55, 118, 122, 129, 133, 137, 140, 145, 147, 159, 160, 166, 167, 174, 190, 191, 194, 196, 202, 212, 221, 234, 237, 238, 249, 252, 254, 255, 262, 276, 279, 291, 295, 297, 299, 305, 307, 310, 319, 323, 345, 352, 362, 365, 394, 407, 409, 411, 412, 423, 426, 439, 444, 448, 451, 454, 461, 467, 473, 485, 487, 488, 521, 522, 526, 530, 535, 547, 550, 553, 577, 585, 586, 610, 615, 616, 620, 628, 632, 633, 636, 638, 639, 648, 663, 669, 672, 695, 712, 717, 725, 730, 733, 742, 751, 754, 761, 762, 774, 776, 779, 785, 813, 815, 821, 822, 827, 835, 839, 855, 870, 876, 884]

[0, 1, 4, 6, 7, 10, 11, 12, 18, 19, 24, 25, 27, 30, 45, 47, 50, 53, 54, 55, 56, 57, 61, 63, 64, 70, 71, 74, 76, 77, 83, 84, 85, 86, 87, 88, 89, 90, 94, 96, 98, 103, 105, 108, 110, 115, 122, 125, 126, 127, 128, 129, 130, 142, 143, 144, 146, 149, 152, 153, 161, 162, 166, 168, 172, 176, 177, 178, 179, 181, 182, 183, 184, 187, 188, 191, 194, 195, 202, 203, 204, 205, 206, 207, 208, 209, 211, 213, 214, 216, 217, 220, 221, 222, 224, 225, 226, 229, 236, 238, 239, 243, 248, 251, 252, 253, 254, 255, 256, 258, 260, 261, 263, 264, 265, 267, 268, 272, 274, 275, 276, 277, 279, 280, 282, 284, 286, 290, 291, 294, 301, 303, 304, 306, 309, 311, 314, 317, 318, 322, 323, 324, 331, 334, 335, 339, 344, 350, 351, 352, 354, 355, 356, 358, 359, 361, 362, 363, 366, 367, 368, 369, 371, 376, 379, 381, 383, 386, 388, 391, 392, 393, 394, 396, 401, 402, 404, 406, 407, 409, 410, 411, 418, 420, 421, 423, 424, 425, 426, 428, 431, 433, 438, 442, 444, 446, 447, 451, 452, 454, 455, 456, 457, 458, 460, 461, 462, 464, 466, 467, 469, 470, 472, 473, 475, 481, 482, 483, 491, 492, 493, 494, 496, 498, 501, 507, 514, 515, 519, 527, 529, 531, 532, 535, 537, 538, 541, 542, 543, 548, 549, 556, 557, 558, 560, 561, 569, 571, 583, 586, 587, 590, 591, 594, 600, 601, 604, 607, 611, 612, 613, 615, 616, 619, 620, 622, 623, 631, 634, 635, 636, 637, 643, 651, 654, 656, 666, 667, 670, 671, 672, 675, 677, 678, 679, 680, 683, 685, 686, 687, 689, 691, 697, 698, 704, 708, 710, 711, 713, 716, 719, 726, 729, 731, 734, 736, 746, 748, 749, 750, 758, 761, 763, 766, 767, 768, 769, 773, 774, 775, 781, 788, 790, 793, 796, 799, 804, 805, 807, 809, 813, 815, 820, 823, 827, 830, 832, 834, 835, 837, 838, 841, 844, 845, 848, 850, 855, 857, 861, 862, 864, 865, 866, 871, 876, 877, 879, 881, 884, 887]
[3, 10, 17, 21, 29, 39, 44, 48, 54, 55, 118, 122, 129, 133, 137, 140, 145, 147, 159, 160, 166, 167, 174, 190, 191, 194, 196, 202, 212, 221, 234, 237, 238, 249, 252, 254, 255, 262, 276, 279, 291, 295, 297, 299, 305, 307, 310, 319, 323, 345, 352, 362, 365, 394, 407, 409, 411, 412, 423, 426, 439, 444, 448, 451, 454, 461, 467, 473, 485, 487, 488, 521, 522, 526, 530, 535, 547, 550, 553, 577, 585, 586, 610, 615, 616, 620, 628, 632, 633, 636, 638, 639, 648, 663, 669, 672, 695, 712, 717, 725, 730, 733, 742, 751, 754, 761, 762, 774, 776, 779, 785, 813, 815, 821, 822, 827, 835, 839, 855, 870, 876, 884]

[0, 1, 4, 6, 7, 10, 11, 12, 18, 19, 24, 25, 27, 30, 34, 35, 45, 47, 48, 50, 53, 54, 55, 56, 57, 61, 63, 64, 70, 71, 74, 76, 77, 83, 84, 85, 86, 87, 88, 89, 90, 94, 96, 98, 100, 103, 105, 108, 110, 115, 122, 125, 126, 127, 128, 129, 130, 142, 143, 144, 146, 149, 152, 153, 155, 157, 161, 162, 166, 168, 172, 175, 176, 177, 178, 179, 181, 182, 183, 184, 186, 187, 188, 191, 194, 195, 202, 203, 204, 205, 206, 207, 208, 209, 211, 213, 214, 216, 217, 220, 221, 222, 224, 225, 226, 229, 236, 237, 238, 239, 243, 248, 251, 252, 253, 254, 255, 256, 258, 260, 261, 263, 264, 265, 267, 268, 272, 274, 275, 276, 277, 279, 280, 282, 284, 286, 290, 291, 294, 301, 302, 303, 304, 306, 309, 311, 314, 317, 318, 322, 323, 324, 331, 334, 335, 339, 344, 350, 351, 352, 354, 355, 356, 358, 359, 361, 362, 363, 366, 367, 368, 369, 371, 376, 379, 381, 383, 386, 388, 391, 392, 393, 394, 396, 401, 402, 404, 406, 407, 409, 410, 411, 418, 420, 421, 423, 424, 425, 426, 427, 428, 431, 433, 435, 438, 442, 444, 446, 447, 451, 452, 454, 455, 456, 457, 458, 460, 461, 462, 464, 466, 467, 469, 470, 472, 473, 475, 481, 482, 483, 491, 492, 493, 494, 496, 498, 501, 507, 514, 515, 519, 527, 529, 531, 532, 535, 537, 538, 541, 542, 543, 548, 549, 556, 557, 558, 560, 561, 569, 570, 571, 583, 586, 587, 590, 591, 594, 600, 601, 604, 607, 611, 612, 613, 614, 615, 616, 619, 620, 622, 623, 628, 631, 634, 635, 636, 637, 643, 647, 651, 654, 656, 666, 667, 670, 671, 672, 675, 677, 678, 679, 680, 683, 685, 686, 687, 689, 691, 694, 696, 697, 698, 704, 708, 710, 711, 713, 716, 718, 719, 726, 727, 729, 730, 731, 734, 736, 741, 746, 748, 749, 750, 758, 761, 763, 766, 767, 768, 769, 773, 774, 775, 777, 781, 788, 790, 792, 793, 796, 799, 803, 804, 805, 807, 809, 813, 815, 820, 823, 827, 830, 832, 834, 835, 837, 838, 841, 844, 845, 848, 850, 855, 857, 861, 862, 864, 865, 866, 871, 876, 877, 879, 881, 884, 887]
[3, 10, 17, 21, 29, 39, 44, 48, 54, 55, 118, 122, 129, 133, 137, 140, 145, 147, 159, 160, 166, 167, 174, 190, 191, 194, 196, 202, 212, 221, 234, 237, 238, 249, 252, 254, 255, 262, 276, 279, 291, 295, 297, 299, 305, 307, 310, 319, 323, 345, 352, 362, 365, 394, 407, 409, 411, 412, 423, 426, 439, 444, 448, 451, 454, 461, 467, 473, 485, 487, 488, 521, 522, 526, 530, 535, 547, 550, 553, 577, 585, 586, 610, 615, 616, 620, 628, 632, 633, 636, 638, 639, 648, 663, 669, 672, 695, 712, 717, 725, 730, 733, 742, 751, 754, 761, 762, 774, 776, 779, 785, 813, 815, 821, 822, 827, 835, 839, 855, 870, 876, 884]

[0, 1, 4, 6, 7, 10, 11, 12, 18, 19, 24, 25, 27, 30, 34, 35, 45, 47, 48, 50, 53, 54, 55, 56, 57, 61, 63, 64, 70, 71, 74, 76, 77, 83, 84, 85, 86, 87, 88, 89, 90, 94, 96, 98, 100, 101, 103, 104, 105, 108, 110, 115, 122, 125, 126, 127, 128, 129, 130, 142, 143, 144, 146, 149, 152, 153, 155, 157, 161, 162, 166, 168, 172, 175, 176, 177, 178, 179, 181, 182, 183, 184, 186, 187, 188, 191, 194, 195, 202, 203, 204, 205, 206, 207, 208, 209, 210, 211, 213, 214, 216, 217, 220, 221, 222, 224, 225, 226, 229, 231, 233, 236, 237, 238, 239, 243, 248, 251, 252, 253, 254, 255, 256, 258, 259, 260, 261, 263, 264, 265, 267, 268, 272, 274, 275, 276, 277, 279, 280, 282, 284, 286, 290, 291, 294, 301, 302, 303, 304, 306, 309, 311, 314, 316, 317, 318, 322, 323, 324, 327, 331, 334, 335, 339, 344, 348, 350, 351, 352, 354, 355, 356, 358, 359, 361, 362, 363, 366, 367, 368, 369, 371, 376, 379, 381, 383, 386, 388, 391, 392, 393, 394, 396, 400, 401, 402, 404, 406, 407, 409, 410, 411, 418, 420, 421, 423, 424, 425, 426, 427, 428, 429, 431, 433, 435, 437, 438, 442, 444, 446, 447, 451, 452, 454, 455, 456, 457, 458, 460, 461, 462, 464, 466, 467, 469, 470, 472, 473, 475, 481, 482, 483, 491, 492, 493, 494, 496, 497, 498, 499, 501, 507, 514, 515, 519, 520, 521, 527, 529, 531, 532, 535, 537, 538, 541, 542, 543, 545, 547, 548, 549, 554, 556, 557, 558, 560, 561, 569, 570, 571, 583, 586, 587, 590, 591, 594, 600, 601, 604, 607, 611, 612, 613, 614, 615, 616, 619, 620, 622, 623, 628, 631, 634, 635, 636, 637, 643, 647, 651, 654, 656, 663, 666, 667, 670, 671, 672, 675, 677, 678, 679, 680, 683, 685, 686, 687, 689, 691, 693, 694, 696, 697, 698, 704, 708, 710, 711, 713, 716, 718, 719, 726, 727, 729, 730, 731, 734, 736, 741, 746, 748, 749, 750, 758, 761, 763, 766, 767, 768, 769, 772, 773, 774, 775, 777, 778, 781, 788, 790, 792, 793, 796, 798, 799, 803, 804, 805, 806, 807, 809, 813, 815, 820, 823, 827, 830, 832, 834, 835, 837, 838, 841, 844, 845, 848, 850, 855, 857, 861, 862, 864, 865, 866, 871, 876, 877, 879, 881, 884, 887]
[3, 10, 17, 21, 29, 39, 44, 48, 54, 55, 118, 122, 129, 133, 137, 140, 145, 147, 159, 160, 166, 167, 174, 190, 191, 194, 196, 202, 212, 221, 234, 237, 238, 249, 252, 254, 255, 262, 276, 279, 291, 295, 297, 299, 305, 307, 310, 319, 323, 345, 352, 362, 365, 394, 407, 409, 411, 412, 423, 426, 439, 444, 448, 451, 454, 461, 467, 473, 485, 487, 488, 521, 522, 526, 530, 535, 547, 550, 553, 577, 585, 586, 610, 615, 616, 620, 628, 632, 633, 636, 638, 639, 648, 663, 669, 672, 695, 712, 717, 725, 730, 733, 742, 751, 754, 761, 762, 774, 776, 779, 785, 813, 815, 821, 822, 827, 835, 839, 855, 870, 876, 884]

[0, 1, 4, 6, 7, 10, 11, 12, 18, 19, 24, 25, 26, 27, 30, 34, 35, 43, 45, 47, 48, 50, 53, 54, 55, 56, 57, 61, 63, 64, 70, 71, 74, 76, 77, 83, 84, 85, 86, 87, 88, 89, 90, 94, 96, 98, 100, 101, 103, 104, 105, 108, 110, 115, 122, 124, 125, 126, 127, 128, 129, 130, 142, 143, 144, 146, 149, 152, 153, 155, 157, 161, 162, 166, 168, 171, 172, 175, 176, 177, 178, 179, 181, 182, 183, 184, 186, 187, 188, 191, 194, 195, 202, 203, 204, 205, 206, 207, 208, 209, 210, 211, 213, 214, 216, 217, 220, 221, 222, 224, 225, 226, 229, 231, 233, 236, 237, 238, 239, 240, 243, 245, 248, 250, 251, 252, 253, 254, 255, 256, 258, 259, 260, 261, 263, 264, 265, 267, 268, 272, 274, 275, 276, 277, 279, 280, 282, 284, 286, 290, 291, 294, 301, 302, 303, 304, 305, 306, 309, 311, 313, 314, 315, 316, 317, 318, 322, 323, 324, 327, 331, 334, 335, 339, 344, 348, 350, 351, 352, 354, 355, 356, 358, 359, 361, 362, 363, 366, 367, 368, 369, 371, 376, 379, 381, 383, 386, 388, 391, 392, 393, 394, 396, 400, 401, 402, 404, 406, 407, 409, 410, 411, 418, 420, 421, 423, 424, 425, 426, 427, 428, 429, 431, 433, 434, 435, 437, 438, 442, 444, 446, 447, 451, 452, 454, 455, 456, 457, 458, 460, 461, 462, 464, 466, 467, 469, 470, 472, 473, 475, 481, 482, 483, 491, 492, 493, 494, 496, 497, 498, 499, 501, 507, 514, 515, 516, 519, 520, 521, 527, 529, 531, 532, 535, 537, 538, 541, 542, 543, 545, 547, 548, 549, 554, 556, 557, 558, 560, 561, 569, 570, 571, 583, 586, 587, 590, 591, 594, 600, 601, 604, 607, 611, 612, 613, 614, 615, 616, 618, 619, 620, 622, 623, 628, 631, 634, 635, 636, 637, 643, 646, 647, 651, 654, 655, 656, 663, 666, 667, 669, 670, 671, 672, 675, 676, 677, 678, 679, 680, 683, 685, 686, 687, 689, 691, 693, 694, 696, 697, 698, 704, 708, 710, 711, 713, 716, 718, 719, 726, 727, 729, 730, 731, 734, 736, 741, 746, 748, 749, 750, 758, 761, 763, 766, 767, 768, 769, 772, 773, 774, 775, 777, 778, 781, 783, 788, 790, 792, 793, 796, 798, 799, 800, 803, 804, 805, 806, 807, 809, 811, 813, 815, 819, 820, 823, 827, 830, 832, 834, 835, 837, 838, 841, 844, 845, 848, 850, 855, 857, 861, 862, 864, 865, 866, 869, 871, 874, 876, 877, 879, 881, 883, 884, 887, 889]
[3, 10, 17, 21, 29, 39, 44, 48, 54, 55, 118, 122, 129, 133, 137, 140, 145, 147, 159, 160, 166, 167, 174, 190, 191, 194, 196, 202, 212, 221, 234, 237, 238, 249, 252, 254, 255, 262, 276, 279, 291, 295, 297, 299, 305, 307, 310, 319, 323, 345, 352, 362, 365, 394, 407, 409, 411, 412, 423, 426, 439, 444, 448, 451, 454, 461, 467, 473, 485, 487, 488, 521, 522, 526, 530, 535, 547, 550, 553, 577, 585, 586, 610, 615, 616, 620, 628, 632, 633, 636, 638, 639, 648, 663, 669, 672, 695, 712, 717, 725, 730, 733, 742, 751, 754, 761, 762, 774, 776, 779, 785, 813, 815, 821, 822, 827, 835, 839, 855, 870, 876, 884]

[0, 1, 4, 6, 7, 10, 11, 12, 18, 19, 24, 25, 26, 27, 30, 34, 35, 43, 45, 47, 48, 50, 53, 54, 55, 56, 57, 61, 63, 64, 70, 71, 74, 76, 77, 83, 84, 85, 86, 87, 88, 89, 90, 94, 96, 98, 100, 101, 103, 104, 105, 108, 110, 115, 122, 124, 125, 126, 127, 128, 129, 130, 134, 136, 142, 143, 144, 145, 146, 149, 152, 153, 155, 157, 161, 162, 166, 168, 171, 172, 175, 176, 177, 178, 179, 181, 182, 183, 184, 186, 187, 188, 191, 194, 195, 202, 203, 204, 205, 206, 207, 208, 209, 210, 211, 213, 214, 216, 217, 220, 221, 222, 223, 224, 225, 226, 227, 229, 231, 233, 236, 237, 238, 239, 240, 243, 245, 248, 250, 251, 252, 253, 254, 255, 256, 258, 259, 260, 261, 263, 264, 265, 267, 268, 269, 272, 274, 275, 276, 277, 279, 280, 281, 282, 284, 286, 289, 290, 291, 294, 301, 302, 303, 304, 305, 306, 309, 311, 313, 314, 315, 316, 317, 318, 322, 323, 324, 327, 331, 333, 334, 335, 339, 344, 348, 350, 351, 352, 354, 355, 356, 358, 359, 361, 362, 363, 364, 366, 367, 368, 369, 371, 372, 373, 376, 379, 381, 383, 386, 388, 391, 392, 393, 394, 396, 400, 401, 402, 404, 406, 407, 409, 410, 411, 418, 420, 421, 423, 424, 425, 426, 427, 428, 429, 431, 433, 434, 435, 437, 438, 442, 444, 446, 447, 451, 452, 454, 455, 456, 457, 458, 460, 461, 462, 464, 466, 467, 469, 470, 472, 473, 475, 481, 482, 483, 491, 492, 493, 494, 496, 497, 498, 499, 501, 507, 514, 515, 516, 519, 520, 521, 527, 529, 531, 532, 535, 537, 538, 541, 542, 543, 545, 547, 548, 549, 554, 556, 557, 558, 560, 561, 569, 570, 571, 574, 583, 586, 587, 590, 591, 594, 596, 600, 601, 604, 607, 610, 611, 612, 613, 614, 615, 616, 618, 619, 620, 622, 623, 624, 628, 631, 634, 635, 636, 637, 643, 646, 647, 649, 651, 654, 655, 656, 660, 663, 666, 667, 669, 670, 671, 672, 675, 676, 677, 678, 679, 680, 683, 685, 686, 687, 688, 689, 691, 693, 694, 696, 697, 698, 704, 708, 710, 711, 713, 715, 716, 718, 719, 726, 727, 729, 730, 731, 732, 734, 736, 741, 746, 748, 749, 750, 758, 761, 763, 766, 767, 768, 769, 772, 773, 774, 775, 777, 778, 779, 781, 783, 788, 790, 792, 793, 796, 797, 798, 799, 800, 803, 804, 805, 806, 807, 809, 811, 813, 815, 819, 820, 823, 826, 827, 830, 832, 834, 835, 837, 838, 841, 844, 845, 848, 850, 855, 857, 861, 862, 864, 865, 866, 869, 871, 874, 876, 877, 879, 881, 882, 883, 884, 887, 889]
[3, 10, 17, 21, 29, 39, 44, 48, 54, 55, 118, 122, 129, 133, 137, 140, 145, 147, 159, 160, 166, 167, 174, 190, 191, 194, 196, 202, 212, 221, 234, 237, 238, 249, 252, 254, 255, 262, 276, 279, 291, 295, 297, 299, 305, 307, 310, 319, 323, 345, 352, 362, 365, 394, 407, 409, 411, 412, 423, 426, 439, 444, 448, 451, 454, 461, 467, 473, 485, 487, 488, 521, 522, 526, 530, 535, 547, 550, 553, 577, 585, 586, 610, 615, 616, 620, 628, 632, 633, 636, 638, 639, 648, 663, 669, 672, 695, 712, 717, 725, 730, 733, 742, 751, 754, 761, 762, 774, 776, 779, 785, 813, 815, 821, 822, 827, 835, 839, 855, 870, 876, 884]

[0, 1, 4, 6, 7, 10, 11, 12, 18, 19, 24, 25, 26, 27, 30, 34, 35, 43, 45, 47, 48, 50, 53, 54, 55, 56, 57, 61, 63, 64, 70, 71, 74, 76, 77, 78, 83, 84, 85, 86, 87, 88, 89, 90, 94, 95, 96, 98, 100, 101, 103, 104, 105, 107, 108, 110, 115, 122, 124, 125, 126, 127, 128, 129, 130, 133, 134, 136, 142, 143, 144, 145, 146, 149, 152, 153, 155, 156, 157, 161, 162, 166, 168, 171, 172, 175, 176, 177, 178, 179, 181, 182, 183, 184, 186, 187, 188, 189, 191, 194, 195, 202, 203, 204, 205, 206, 207, 208, 209, 210, 211, 213, 214, 216, 217, 219, 220, 221, 222, 223, 224, 225, 226, 227, 229, 231, 232, 233, 236, 237, 238, 239, 240, 242, 243, 245, 248, 250, 251, 252, 253, 254, 255, 256, 258, 259, 260, 261, 263, 264, 265, 267, 268, 269, 272, 274, 275, 276, 277, 279, 280, 281, 282, 284, 286, 289, 290, 291, 294, 301, 302, 303, 304, 305, 306, 309, 311, 313, 314, 315, 316, 317, 318, 322, 323, 324, 325, 327, 331, 333, 334, 335, 339, 344, 348, 349, 350, 351, 352, 354, 355, 356, 357, 358, 359, 361, 362, 363, 364, 366, 367, 368, 369, 370, 371, 372, 373, 376, 379, 381, 383, 386, 388, 391, 392, 393, 394, 396, 400, 401, 402, 404, 406, 407, 409, 410, 411, 418, 420, 421, 423, 424, 425, 426, 427, 428, 429, 431, 433, 434, 435, 437, 438, 441, 442, 444, 446, 447, 451, 452, 454, 455, 456, 457, 458, 460, 461, 462, 464, 466, 467, 469, 470, 472, 473, 475, 481, 482, 483, 491, 492, 493, 494, 495, 496, 497, 498, 499, 501, 507, 514, 515, 516, 519, 520, 521, 522, 527, 529, 531, 532, 535, 537, 538, 541, 542, 543, 545, 547, 548, 549, 554, 556, 557, 558, 560, 561, 567, 569, 570, 571, 574, 583, 586, 587, 590, 591, 594, 596, 600, 601, 604, 607, 610, 611, 612, 613, 614, 615, 616, 617, 618, 619, 620, 622, 623, 624, 628, 631, 633, 634, 635, 636, 637, 638, 643, 646, 647, 649, 651, 654, 655, 656, 660, 663, 666, 667, 669, 670, 671, 672, 673, 675, 676, 677, 678, 679, 680, 683, 685, 686, 687, 688, 689, 691, 693, 694, 696, 697, 698, 704, 708, 710, 711, 713, 715, 716, 718, 719, 726, 727, 729, 730, 731, 732, 734, 736, 741, 746, 748, 749, 750, 751, 758, 761, 763, 766, 767, 768, 769, 770, 772, 773, 774, 775, 777, 778, 779, 781, 783, 788, 790, 792, 793, 796, 797, 798, 799, 800, 802, 803, 804, 805, 806, 807, 809, 811, 813, 815, 819, 820, 823, 826, 827, 830, 832, 833, 834, 835, 837, 838, 841, 844, 845, 848, 850, 855, 857, 861, 862, 864, 865, 866, 869, 871, 874, 876, 877, 879, 881, 882, 883, 884, 887, 889]
[3, 10, 17, 21, 29, 39, 44, 48, 54, 55, 118, 122, 129, 133, 137, 140, 145, 147, 159, 160, 166, 167, 174, 190, 191, 194, 196, 202, 212, 221, 234, 237, 238, 249, 252, 254, 255, 262, 276, 279, 291, 295, 297, 299, 305, 307, 310, 319, 323, 345, 352, 362, 365, 394, 407, 409, 411, 412, 423, 426, 439, 444, 448, 451, 454, 461, 467, 473, 485, 487, 488, 521, 522, 526, 530, 535, 547, 550, 553, 577, 585, 586, 610, 615, 616, 620, 628, 632, 633, 636, 638, 639, 648, 663, 669, 672, 695, 712, 717, 725, 730, 733, 742, 751, 754, 761, 762, 774, 776, 779, 785, 813, 815, 821, 822, 827, 835, 839, 855, 870, 876, 884]

[0, 1, 4, 6, 7, 10, 11, 12, 18, 19, 23, 24, 25, 26, 27, 30, 34, 35, 42, 43, 45, 47, 48, 50, 53, 54, 55, 56, 57, 61, 63, 64, 70, 71, 73, 74, 76, 77, 78, 83, 84, 85, 86, 87, 88, 89, 90, 94, 95, 96, 98, 100, 101, 103, 104, 105, 106, 107, 108, 110, 115, 122, 124, 125, 126, 127, 128, 129, 130, 133, 134, 136, 142, 143, 144, 145, 146, 149, 152, 153, 155, 156, 157, 161, 162, 166, 168, 171, 172, 175, 176, 177, 178, 179, 181, 182, 183, 184, 186, 187, 188, 189, 191, 194, 195, 198, 202, 203, 204, 205, 206, 207, 208, 209, 210, 211, 213, 214, 216, 217, 219, 220, 221, 222, 223, 224, 225, 226, 227, 229, 231, 232, 233, 236, 237, 238, 239, 240, 242, 243, 245, 248, 250, 251, 252, 253, 254, 255, 256, 258, 259, 260, 261, 263, 264, 265, 267, 268, 269, 271, 272, 274, 275, 276, 277, 279, 280, 281, 282, 284, 285, 286, 288, 289, 290, 291, 294, 301, 302, 303, 304, 305, 306, 309, 311, 313, 314, 315, 316, 317, 318, 322, 323, 324, 325, 327, 329, 331, 333, 334, 335, 339, 342, 344, 348, 349, 350, 351, 352, 354, 355, 356, 357, 358, 359, 361, 362, 363, 364, 366, 367, 368, 369, 370, 371, 372, 373, 376, 377, 379, 381, 383, 386, 387, 388, 391, 392, 393, 394, 395, 396, 400, 401, 402, 404, 406, 407, 409, 410, 411, 418, 420, 421, 423, 424, 425, 426, 427, 428, 429, 431, 433, 434, 435, 437, 438, 441, 442, 444, 445, 446, 447, 451, 452, 454, 455, 456, 457, 458, 460, 461, 462, 464, 466, 467, 469, 470, 472, 473, 475, 481, 482, 483, 491, 492, 493, 494, 495, 496, 497, 498, 499, 501, 507, 514, 515, 516, 519, 520, 521, 522, 527, 529, 531, 532, 535, 537, 538, 541, 542, 543, 545, 547, 548, 549, 554, 556, 557, 558, 560, 561, 567, 569, 570, 571, 574, 583, 585, 586, 587, 588, 590, 591, 594, 596, 598, 600, 601, 604, 607, 610, 611, 612, 613, 614, 615, 616, 617, 618, 619, 620, 622, 623, 624, 628, 631, 633, 634, 635, 636, 637, 638, 643, 646, 647, 649, 651, 653, 654, 655, 656, 660, 663, 666, 667, 669, 670, 671, 672, 673, 675, 676, 677, 678, 679, 680, 683, 685, 686, 687, 688, 689, 691, 692, 693, 694, 696, 697, 698, 704, 708, 710, 711, 713, 715, 716, 718, 719, 726, 727, 729, 730, 731, 732, 734, 735, 736, 741, 743, 746, 748, 749, 750, 751, 758, 761, 763, 766, 767, 768, 769, 770, 772, 773, 774, 775, 776, 777, 778, 779, 781, 783, 788, 790, 792, 793, 796, 797, 798, 799, 800, 802, 803, 804, 805, 806, 807, 809, 811, 812, 813, 815, 819, 820, 823, 826, 827, 830, 832, 833, 834, 835, 837, 838, 840, 841, 844, 845, 848, 850, 855, 857, 861, 862, 863, 864, 865, 866, 869, 871, 874, 876, 877, 879, 881, 882, 883, 884, 887, 889]
[3, 10, 17, 21, 29, 39, 44, 48, 54, 55, 118, 122, 129, 133, 137, 140, 145, 147, 159, 160, 166, 167, 174, 190, 191, 194, 196, 202, 212, 221, 234, 237, 238, 249, 252, 254, 255, 262, 276, 279, 291, 295, 297, 299, 305, 307, 310, 319, 323, 345, 352, 362, 365, 394, 407, 409, 411, 412, 423, 426, 439, 444, 448, 451, 454, 461, 467, 473, 485, 487, 488, 521, 522, 526, 530, 535, 547, 550, 553, 577, 585, 586, 610, 615, 616, 620, 628, 632, 633, 636, 638, 639, 648, 663, 669, 672, 695, 712, 717, 725, 730, 733, 742, 751, 754, 761, 762, 774, 776, 779, 785, 813, 815, 821, 822, 827, 835, 839, 855, 870, 876, 884]

[0, 1, 4, 6, 7, 10, 11, 12, 18, 19, 23, 24, 25, 26, 27, 30, 34, 35, 42, 43, 45, 47, 48, 50, 53, 54, 55, 56, 57, 61, 63, 64, 70, 71, 73, 74, 76, 77, 78, 83, 84, 85, 86, 87, 88, 89, 90, 93, 94, 95, 96, 98, 100, 101, 103, 104, 105, 106, 107, 108, 109, 110, 115, 122, 124, 125, 126, 127, 128, 129, 130, 131, 133, 134, 136, 142, 143, 144, 145, 146, 149, 152, 153, 154, 155, 156, 157, 161, 162, 166, 168, 171, 172, 175, 176, 177, 178, 179, 181, 182, 183, 184, 186, 187, 188, 189, 191, 194, 195, 196, 198, 202, 203, 204, 205, 206, 207, 208, 209, 210, 211, 213, 214, 216, 217, 219, 220, 221, 222, 223, 224, 225, 226, 227, 229, 231, 232, 233, 236, 237, 238, 239, 240, 242, 243, 245, 248, 249, 250, 251, 252, 253, 254, 255, 256, 258, 259, 260, 261, 263, 264, 265, 267, 268, 269, 271, 272, 274, 275, 276, 277, 279, 280, 281, 282, 283, 284, 285, 286, 287, 288, 289, 290, 291, 294, 301, 302, 303, 304, 305, 306, 309, 311, 313, 314, 315, 316, 317, 318, 322, 323, 324, 325, 326, 327, 329, 331, 333, 334, 335, 338, 339, 342, 344, 348, 349, 350, 351, 352, 354, 355, 356, 357, 358, 359, 361, 362, 363, 364, 366, 367, 368, 369, 370, 371, 372, 373, 376, 377, 379, 381, 383, 384, 386, 387, 388, 391, 392, 393, 394, 395, 396, 400, 401, 402, 403, 404, 406, 407, 409, 410, 411, 418, 420, 421, 423, 424, 425, 426, 427, 428, 429, 431, 433, 434, 435, 437, 438, 441, 442, 444, 445, 446, 447, 450, 451, 452, 454, 455, 456, 457, 458, 460, 461, 462, 464, 466, 467, 469, 470, 472, 473, 475, 481, 482, 483, 491, 492, 493, 494, 495, 496, 497, 498, 499, 501, 507, 510, 514, 515, 516, 519, 520, 521, 522, 523, 527, 529, 531, 532, 535, 537, 538, 541, 542, 543, 545, 547, 548, 549, 554, 556, 557, 558, 559, 560, 561, 567, 569, 570, 571, 574, 578, 583, 585, 586, 587, 588, 589, 590, 591, 594, 596, 598, 600, 601, 604, 607, 610, 611, 612, 613, 614, 615, 616, 617, 618, 619, 620, 622, 623, 624, 625, 627, 628, 630, 631, 633, 634, 635, 636, 637, 638, 643, 646, 647, 649, 651, 653, 654, 655, 656, 660, 663, 666, 667, 669, 670, 671, 672, 673, 675, 676, 677, 678, 679, 680, 683, 685, 686, 687, 688, 689, 691, 692, 693, 694, 696, 697, 698, 704, 708, 710, 711, 713, 715, 716, 718, 719, 726, 727, 729, 730, 731, 732, 734, 735, 736, 741, 743, 746, 748, 749, 750, 751, 756, 758, 761, 763, 765, 766, 767, 768, 769, 770, 772, 773, 774, 775, 776, 777, 778, 779, 781, 783, 788, 790, 792, 793, 794, 796, 797, 798, 799, 800, 802, 803, 804, 805, 806, 807, 809, 811, 812, 813, 815, 819, 820, 823, 826, 827, 830, 832, 833, 834, 835, 837, 838, 840, 841, 844, 845, 848, 850, 855, 857, 861, 862, 863, 864, 865, 866, 869, 871, 874, 876, 877, 879, 881, 882, 883, 884, 885, 887, 889]
[3, 10, 17, 21, 29, 39, 44, 48, 54, 55, 118, 122, 129, 133, 137, 140, 145, 147, 159, 160, 166, 167, 174, 190, 191, 194, 196, 202, 212, 221, 234, 237, 238, 249, 252, 254, 255, 262, 276, 279, 291, 295, 297, 299, 305, 307, 310, 319, 323, 345, 352, 362, 365, 394, 407, 409, 411, 412, 423, 426, 439, 444, 448, 451, 454, 461, 467, 473, 485, 487, 488, 521, 522, 526, 530, 535, 547, 550, 553, 577, 585, 586, 610, 615, 616, 620, 628, 632, 633, 636, 638, 639, 648, 663, 669, 672, 695, 712, 717, 725, 730, 733, 742, 751, 754, 761, 762, 774, 776, 779, 785, 813, 815, 821, 822, 827, 835, 839, 855, 870, 876, 884]

[0, 1, 4, 6, 7, 10, 11, 12, 15, 18, 19, 23, 24, 25, 26, 27, 30, 34, 35, 42, 43, 45, 47, 48, 50, 53, 54, 55, 56, 57, 61, 63, 64, 70, 71, 73, 74, 76, 77, 78, 83, 84, 85, 86, 87, 88, 89, 90, 93, 94, 95, 96, 98, 100, 101, 103, 104, 105, 106, 107, 108, 109, 110, 114, 115, 119, 122, 124, 125, 126, 127, 128, 129, 130, 131, 133, 134, 136, 137, 142, 143, 144, 145, 146, 149, 150, 151, 152, 153, 154, 155, 156, 157, 161, 162, 163, 166, 168, 171, 172, 175, 176, 177, 178, 179, 181, 182, 183, 184, 186, 187, 188, 189, 191, 194, 195, 196, 198, 202, 203, 204, 205, 206, 207, 208, 209, 210, 211, 213, 214, 216, 217, 219, 220, 221, 222, 223, 224, 225, 226, 227, 229, 231, 232, 233, 236, 237, 238, 239, 240, 242, 243, 245, 248, 249, 250, 251, 252, 253, 254, 255, 256, 258, 259, 260, 261, 263, 264, 265, 267, 268, 269, 270, 271, 272, 274, 275, 276, 277, 279, 280, 281, 282, 283, 284, 285, 286, 287, 288, 289, 290, 291, 294, 301, 302, 303, 304, 305, 306, 309, 311, 313, 314, 315, 316, 317, 318, 322, 323, 324, 325, 326, 327, 329, 331, 333, 334, 335, 338, 339, 340, 342, 344, 348, 349, 350, 351, 352, 354, 355, 356, 357, 358, 359, 361, 362, 363, 364, 366, 367, 368, 369, 370, 371, 372, 373, 376, 377, 379, 381, 383, 384, 386, 387, 388, 391, 392, 393, 394, 395, 396, 397, 400, 401, 402, 403, 404, 406, 407, 409, 410, 411, 413, 418, 420, 421, 423, 424, 425, 426, 427, 428, 429, 431, 433, 434, 435, 437, 438, 441, 442, 444, 445, 446, 447, 450, 451, 452, 454, 455, 456, 457, 458, 460, 461, 462, 464, 466, 467, 469, 470, 472, 473, 475, 476, 481, 482, 483, 491, 492, 493, 494, 495, 496, 497, 498, 499, 501, 507, 510, 514, 515, 516, 519, 520, 521, 522, 523, 525, 527, 529, 531, 532, 535, 537, 538, 541, 542, 543, 545, 547, 548, 549, 554, 556, 557, 558, 559, 560, 561, 567, 569, 570, 571, 574, 575, 578, 583, 585, 586, 587, 588, 589, 590, 591, 594, 596, 598, 600, 601, 604, 606, 607, 610, 611, 612, 613, 614, 615, 616, 617, 618, 619, 620, 622, 623, 624, 625, 627, 628, 630, 631, 633, 634, 635, 636, 637, 638, 643, 646, 647, 649, 651, 653, 654, 655, 656, 658, 660, 663, 666, 667, 669, 670, 671, 672, 673, 674, 675, 676, 677, 678, 679, 680, 683, 685, 686, 687, 688, 689, 691, 692, 693, 694, 695, 696, 697, 698, 704, 708, 710, 711, 713, 714, 715, 716, 718, 719, 726, 727, 729, 730, 731, 732, 734, 735, 736, 741, 743, 746, 748, 749, 750, 751, 754, 756, 758, 761, 763, 765, 766, 767, 768, 769, 770, 772, 773, 774, 775, 776, 777, 778, 779, 781, 783, 788, 790, 792, 793, 794, 796, 797, 798, 799, 800, 802, 803, 804, 805, 806, 807, 808, 809, 811, 812, 813, 815, 819, 820, 823, 826, 827, 830, 832, 833, 834, 835, 837, 838, 840, 841, 843, 844, 845, 848, 850, 852, 855, 857, 861, 862, 863, 864, 865, 866, 868, 869, 871, 873, 874, 876, 877, 879, 881, 882, 883, 884, 885, 887, 889]
[3, 10, 17, 21, 29, 39, 44, 48, 54, 55, 118, 122, 129, 133, 137, 140, 145, 147, 159, 160, 166, 167, 174, 190, 191, 194, 196, 202, 212, 221, 234, 237, 238, 249, 252, 254, 255, 262, 276, 279, 291, 295, 297, 299, 305, 307, 310, 319, 323, 345, 352, 362, 365, 394, 407, 409, 411, 412, 423, 426, 439, 444, 448, 451, 454, 461, 467, 473, 485, 487, 488, 521, 522, 526, 530, 535, 547, 550, 553, 577, 585, 586, 610, 615, 616, 620, 628, 632, 633, 636, 638, 639, 648, 663, 669, 672, 695, 712, 717, 725, 730, 733, 742, 751, 754, 761, 762, 774, 776, 779, 785, 813, 815, 821, 822, 827, 835, 839, 855, 870, 876, 884]

[0, 1, 4, 6, 7, 10, 11, 12, 15, 18, 19, 23, 24, 25, 26, 27, 30, 34, 35, 41, 42, 43, 45, 47, 48, 50, 53, 54, 55, 56, 57, 61, 63, 64, 70, 71, 73, 74, 76, 77, 78, 83, 84, 85, 86, 87, 88, 89, 90, 93, 94, 95, 96, 98, 100, 101, 103, 104, 105, 106, 107, 108, 109, 110, 114, 115, 119, 122, 124, 125, 126, 127, 128, 129, 130, 131, 133, 134, 136, 137, 142, 143, 144, 145, 146, 149, 150, 151, 152, 153, 154, 155, 156, 157, 161, 162, 163, 166, 168, 170, 171, 172, 175, 176, 177, 178, 179, 181, 182, 183, 184, 186, 187, 188, 189, 191, 194, 195, 196, 198, 202, 203, 204, 205, 206, 207, 208, 209, 210, 211, 213, 214, 216, 217, 219, 220, 221, 222, 223, 224, 225, 226, 227, 228, 229, 231, 232, 233, 236, 237, 238, 239, 240, 242, 243, 245, 248, 249, 250, 251, 252, 253, 254, 255, 256, 258, 259, 260, 261, 263, 264, 265, 267, 268, 269, 270, 271, 272, 273, 274, 275, 276, 277, 279, 280, 281, 282, 283, 284, 285, 286, 287, 288, 289, 290, 291, 294, 301, 302, 303, 304, 305, 306, 307, 309, 311, 313, 314, 315, 316, 317, 318, 319, 320, 322, 323, 324, 325, 326, 327, 329, 331, 333, 334, 335, 338, 339, 340, 342, 344, 348, 349, 350, 351, 352, 354, 355, 356, 357, 358, 359, 361, 362, 363, 364, 366, 367, 368, 369, 370, 371, 372, 373, 376, 377, 379, 381, 383, 384, 385, 386, 387, 388, 390, 391, 392, 393, 394, 395, 396, 397, 399, 400, 401, 402, 403, 404, 406, 407, 409, 410, 411, 413, 418, 420, 421, 423, 424, 425, 426, 427, 428, 429, 430, 431, 433, 434, 435, 437, 438, 441, 442, 444, 445, 446, 447, 450, 451, 452, 454, 455, 456, 457, 458, 460, 461, 462, 464, 466, 467, 469, 470, 472, 473, 475, 476, 481, 482, 483, 491, 492, 493, 494, 495, 496, 497, 498, 499, 501, 507, 510, 514, 515, 516, 519, 520, 521, 522, 523, 525, 527, 529, 531, 532, 535, 537, 538, 541, 542, 543, 545, 547, 548, 549, 553, 554, 556, 557, 558, 559, 560, 561, 564, 565, 567, 569, 570, 571, 572, 574, 575, 578, 579, 583, 585, 586, 587, 588, 589, 590, 591, 594, 596, 598, 600, 601, 604, 606, 607, 610, 611, 612, 613, 614, 615, 616, 617, 618, 619, 620, 622, 623, 624, 625, 627, 628, 630, 631, 633, 634, 635, 636, 637, 638, 643, 646, 647, 649, 651, 653, 654, 655, 656, 658, 660, 663, 666, 667, 668, 669, 670, 671, 672, 673, 674, 675, 676, 677, 678, 679, 680, 683, 685, 686, 687, 688, 689, 691, 692, 693, 694, 695, 696, 697, 698, 700, 701, 704, 708, 710, 711, 713, 714, 715, 716, 718, 719, 726, 727, 729, 730, 731, 732, 734, 735, 736, 741, 743, 744, 746, 748, 749, 750, 751, 754, 756, 758, 760, 761, 762, 763, 765, 766, 767, 768, 769, 770, 772, 773, 774, 775, 776, 777, 778, 779, 781, 783, 784, 788, 790, 792, 793, 794, 796, 797, 798, 799, 800, 802, 803, 804, 805, 806, 807, 808, 809, 811, 812, 813, 814, 815, 819, 820, 822, 823, 826, 827, 830, 832, 833, 834, 835, 837, 838, 840, 841, 843, 844, 845, 848, 850, 852, 855, 857, 861, 862, 863, 864, 865, 866, 868, 869, 871, 873, 874, 876, 877, 879, 881, 882, 883, 884, 885, 887, 889]
[3, 10, 17, 21, 29, 39, 44, 48, 54, 55, 118, 122, 129, 133, 137, 140, 145, 147, 159, 160, 166, 167, 174, 190, 191, 194, 196, 202, 212, 221, 234, 237, 238, 249, 252, 254, 255, 262, 276, 279, 291, 295, 297, 299, 305, 307, 310, 319, 323, 345, 352, 362, 365, 394, 407, 409, 411, 412, 423, 426, 439, 444, 448, 451, 454, 461, 467, 473, 485, 487, 488, 521, 522, 526, 530, 535, 547, 550, 553, 577, 585, 586, 610, 615, 616, 620, 628, 632, 633, 636, 638, 639, 648, 663, 669, 672, 695, 712, 717, 725, 730, 733, 742, 751, 754, 761, 762, 774, 776, 779, 785, 813, 815, 821, 822, 827, 835, 839, 855, 870, 876, 884]

[0, 1, 4, 5, 6, 7, 10, 11, 12, 15, 18, 19, 23, 24, 25, 26, 27, 30, 34, 35, 41, 42, 43, 45, 47, 48, 50, 53, 54, 55, 56, 57, 60, 61, 63, 64, 70, 71, 73, 74, 75, 76, 77, 78, 83, 84, 85, 86, 87, 88, 89, 90, 93, 94, 95, 96, 98, 100, 101, 103, 104, 105, 106, 107, 108, 109, 110, 114, 115, 119, 122, 124, 125, 126, 127, 128, 129, 130, 131, 133, 134, 136, 137, 142, 143, 144, 145, 146, 149, 150, 151, 152, 153, 154, 155, 156, 157, 161, 162, 163, 165, 166, 168, 170, 171, 172, 175, 176, 177, 178, 179, 181, 182, 183, 184, 186, 187, 188, 189, 191, 194, 195, 196, 198, 202, 203, 204, 205, 206, 207, 208, 209, 210, 211, 213, 214, 216, 217, 219, 220, 221, 222, 223, 224, 225, 226, 227, 228, 229, 231, 232, 233, 236, 237, 238, 239, 240, 242, 243, 245, 248, 249, 250, 251, 252, 253, 254, 255, 256, 258, 259, 260, 261, 263, 264, 265, 267, 268, 269, 270, 271, 272, 273, 274, 275, 276, 277, 279, 280, 281, 282, 283, 284, 285, 286, 287, 288, 289, 290, 291, 294, 301, 302, 303, 304, 305, 306, 307, 309, 311, 313, 314, 315, 316, 317, 318, 319, 320, 322, 323, 324, 325, 326, 327, 329, 331, 333, 334, 335, 338, 339, 340, 342, 344, 348, 349, 350, 351, 352, 354, 355, 356, 357, 358, 359, 360, 361, 362, 363, 364, 366, 367, 368, 369, 370, 371, 372, 373, 376, 377, 379, 381, 382, 383, 384, 385, 386, 387, 388, 390, 391, 392, 393, 394, 395, 396, 397, 399, 400, 401, 402, 403, 404, 406, 407, 409, 410, 411, 413, 418, 419, 420, 421, 423, 424, 425, 426, 427, 428, 429, 430, 431, 433, 434, 435, 437, 438, 441, 442, 444, 445, 446, 447, 450, 451, 452, 454, 455, 456, 457, 458, 460, 461, 462, 464, 466, 467, 468, 469, 470, 472, 473, 475, 476, 481, 482, 483, 491, 492, 493, 494, 495, 496, 497, 498, 499, 500, 501, 507, 510, 514, 515, 516, 519, 520, 521, 522, 523, 525, 527, 529, 531, 532, 535, 537, 538, 541, 542, 543, 545, 547, 548, 549, 551, 553, 554, 556, 557, 558, 559, 560, 561, 564, 565, 567, 569, 570, 571, 572, 573, 574, 575, 578, 579, 583, 585, 586, 587, 588, 589, 590, 591, 594, 596, 598, 599, 600, 601, 602, 603, 604, 606, 607, 610, 611, 612, 613, 614, 615, 616, 617, 618, 619, 620, 622, 623, 624, 625, 627, 628, 629, 630, 631, 633, 634, 635, 636, 637, 638, 640, 643, 646, 647, 649, 651, 653, 654, 655, 656, 658, 660, 662, 663, 666, 667, 668, 669, 670, 671, 672, 673, 674, 675, 676, 677, 678, 679, 680, 682, 683, 685, 686, 687, 688, 689, 691, 692, 693, 694, 695, 696, 697, 698, 700, 701, 704, 708, 710, 711, 713, 714, 715, 716, 718, 719, 726, 727, 729, 730, 731, 732, 734, 735, 736, 737, 741, 743, 744, 746, 747, 748, 749, 750, 751, 754, 756, 758, 760, 761, 762, 763, 765, 766, 767, 768, 769, 770, 772, 773, 774, 775, 776, 777, 778, 779, 780, 781, 783, 784, 785, 788, 790, 792, 793, 794, 796, 797, 798, 799, 800, 802, 803, 804, 805, 806, 807, 808, 809, 811, 812, 813, 814, 815, 819, 820, 822, 823, 826, 827, 830, 832, 833, 834, 835, 837, 838, 840, 841, 842, 843, 844, 845, 848, 850, 852, 855, 857, 859, 861, 862, 863, 864, 865, 866, 868, 869, 871, 873, 874, 876, 877, 879, 880, 881, 882, 883, 884, 885, 887, 889]
[3, 10, 17, 21, 29, 39, 44, 48, 54, 55, 118, 122, 129, 133, 137, 140, 145, 147, 159, 160, 166, 167, 174, 190, 191, 194, 196, 202, 212, 221, 234, 237, 238, 249, 252, 254, 255, 262, 276, 279, 291, 295, 297, 299, 305, 307, 310, 319, 323, 345, 352, 362, 365, 394, 407, 409, 411, 412, 423, 426, 439, 444, 448, 451, 454, 461, 467, 473, 485, 487, 488, 521, 522, 526, 530, 535, 547, 550, 553, 577, 585, 586, 610, 615, 616, 620, 628, 632, 633, 636, 638, 639, 648, 663, 669, 672, 695, 712, 717, 725, 730, 733, 742, 751, 754, 761, 762, 774, 776, 779, 785, 813, 815, 821, 822, 827, 835, 839, 855, 870, 876, 884]

[0, 1, 2, 4, 5, 6, 7, 10, 11, 12, 15, 18, 19, 20, 23, 24, 25, 26, 27, 30, 31, 34, 35, 41, 42, 43, 45, 47, 48, 50, 53, 54, 55, 56, 57, 60, 61, 63, 64, 70, 71, 73, 74, 75, 76, 77, 78, 83, 84, 85, 86, 87, 88, 89, 90, 93, 94, 95, 96, 98, 100, 101, 103, 104, 105, 106, 107, 108, 109, 110, 114, 115, 119, 122, 124, 125, 126, 127, 128, 129, 130, 131, 132, 133, 134, 136, 137, 142, 143, 144, 145, 146, 149, 150, 151, 152, 153, 154, 155, 156, 157, 161, 162, 163, 165, 166, 168, 170, 171, 172, 175, 176, 177, 178, 179, 181, 182, 183, 184, 186, 187, 188, 189, 191, 194, 195, 196, 198, 202, 203, 204, 205, 206, 207, 208, 209, 210, 211, 213, 214, 216, 217, 219, 220, 221, 222, 223, 224, 225, 226, 227, 228, 229, 231, 232, 233, 236, 237, 238, 239, 240, 242, 243, 245, 248, 249, 250, 251, 252, 253, 254, 255, 256, 258, 259, 260, 261, 263, 264, 265, 267, 268, 269, 270, 271, 272, 273, 274, 275, 276, 277, 279, 280, 281, 282, 283, 284, 285, 286, 287, 288, 289, 290, 291, 293, 294, 301, 302, 303, 304, 305, 306, 307, 309, 311, 313, 314, 315, 316, 317, 318, 319, 320, 322, 323, 324, 325, 326, 327, 329, 331, 333, 334, 335, 338, 339, 340, 342, 344, 348, 349, 350, 351, 352, 354, 355, 356, 357, 358, 359, 360, 361, 362, 363, 364, 366, 367, 368, 369, 370, 371, 372, 373, 376, 377, 379, 380, 381, 382, 383, 384, 385, 386, 387, 388, 390, 391, 392, 393, 394, 395, 396, 397, 399, 400, 401, 402, 403, 404, 405, 406, 407, 409, 410, 411, 413, 418, 419, 420, 421, 423, 424, 425, 426, 427, 428, 429, 430, 431, 433, 434, 435, 436, 437, 438, 441, 442, 444, 445, 446, 447, 450, 451, 452, 454, 455, 456, 457, 458, 460, 461, 462, 464, 466, 467, 468, 469, 470, 472, 473, 475, 476, 479, 481, 482, 483, 487, 491, 492, 493, 494, 495, 496, 497, 498, 499, 500, 501, 507, 510, 513, 514, 515, 516, 519, 520, 521, 522, 523, 525, 527, 529, 531, 532, 534, 535, 537, 538, 541, 542, 543, 545, 546, 547, 548, 549, 551, 553, 554, 556, 557, 558, 559, 560, 561, 564, 565, 567, 569, 570, 571, 572, 573, 574, 575, 576, 577, 578, 579, 583, 585, 586, 587, 588, 589, 590, 591, 594, 596, 598, 599, 600, 601, 602, 603, 604, 606, 607, 610, 611, 612, 613, 614, 615, 616, 617, 618, 619, 620, 622, 623, 624, 625, 627, 628, 629, 630, 631, 632, 633, 634, 635, 636, 637, 638, 640, 641, 643, 646, 647, 649, 651, 653, 654, 655, 656, 658, 660, 662, 663, 666, 667, 668, 669, 670, 671, 672, 673, 674, 675, 676, 677, 678, 679, 680, 682, 683, 685, 686, 687, 688, 689, 690, 691, 692, 693, 694, 695, 696, 697, 698, 700, 701, 704, 708, 710, 711, 713, 714, 715, 716, 717, 718, 719, 726, 727, 729, 730, 731, 732, 734, 735, 736, 737, 740, 741, 743, 744, 746, 747, 748, 749, 750, 751, 753, 754, 756, 758, 760, 761, 762, 763, 765, 766, 767, 768, 769, 770, 772, 773, 774, 775, 776, 777, 778, 779, 780, 781, 783, 784, 785, 788, 790, 792, 793, 794, 796, 797, 798, 799, 800, 802, 803, 804, 805, 806, 807, 808, 809, 811, 812, 813, 814, 815, 819, 820, 821, 822, 823, 826, 827, 830, 832, 833, 834, 835, 837, 838, 840, 841, 842, 843, 844, 845, 848, 850, 851, 852, 854, 855, 856, 857, 859, 861, 862, 863, 864, 865, 866, 868, 869, 871, 873, 874, 876, 877, 879, 880, 881, 882, 883, 884, 885, 887, 889]
[3, 10, 17, 21, 29, 39, 44, 48, 54, 55, 118, 122, 129, 133, 137, 140, 145, 147, 159, 160, 166, 167, 174, 190, 191, 194, 196, 202, 212, 221, 234, 237, 238, 249, 252, 254, 255, 262, 276, 279, 291, 295, 297, 299, 305, 307, 310, 319, 323, 345, 352, 362, 365, 394, 407, 409, 411, 412, 423, 426, 439, 444, 448, 451, 454, 461, 467, 473, 485, 487, 488, 521, 522, 526, 530, 535, 547, 550, 553, 577, 585, 586, 610, 615, 616, 620, 628, 632, 633, 636, 638, 639, 648, 663, 669, 672, 695, 712, 717, 725, 730, 733, 742, 751, 754, 761, 762, 774, 776, 779, 785, 813, 815, 821, 822, 827, 835, 839, 855, 870, 876, 884]

[0, 1, 2, 3, 4, 5, 6, 7, 10, 11, 12, 14, 15, 18, 19, 20, 23, 24, 25, 26, 27, 28, 30, 31, 32, 34, 35, 41, 42, 43, 45, 47, 48, 50, 53, 54, 55, 56, 57, 59, 60, 61, 63, 64, 65, 70, 71, 73, 74, 75, 76, 77, 78, 79, 83, 84, 85, 86, 87, 88, 89, 90, 93, 94, 95, 96, 98, 100, 101, 103, 104, 105, 106, 107, 108, 109, 110, 112, 114, 115, 119, 122, 124, 125, 126, 127, 128, 129, 130, 131, 132, 133, 134, 136, 137, 142, 143, 144, 145, 146, 149, 150, 151, 152, 153, 154, 155, 156, 157, 161, 162, 163, 165, 166, 168, 170, 171, 172, 175, 176, 177, 178, 179, 181, 182, 183, 184, 185, 186, 187, 188, 189, 191, 194, 195, 196, 198, 202, 203, 204, 205, 206, 207, 208, 209, 210, 211, 213, 214, 216, 217, 219, 220, 221, 222, 223, 224, 225, 226, 227, 228, 229, 231, 232, 233, 235, 236, 237, 238, 239, 240, 242, 243, 245, 248, 249, 250, 251, 252, 253, 254, 255, 256, 258, 259, 260, 261, 263, 264, 265, 267, 268, 269, 270, 271, 272, 273, 274, 275, 276, 277, 279, 280, 281, 282, 283, 284, 285, 286, 287, 288, 289, 290, 291, 293, 294, 296, 301, 302, 303, 304, 305, 306, 307, 308, 309, 311, 313, 314, 315, 316, 317, 318, 319, 320, 322, 323, 324, 325, 326, 327, 329, 330, 331, 333, 334, 335, 338, 339, 340, 342, 344, 348, 349, 350, 351, 352, 354, 355, 356, 357, 358, 359, 360, 361, 362, 363, 364, 366, 367, 368, 369, 370, 371, 372, 373, 376, 377, 379, 380, 381, 382, 383, 384, 385, 386, 387, 388, 390, 391, 392, 393, 394, 395, 396, 397, 399, 400, 401, 402, 403, 404, 405, 406, 407, 409, 410, 411, 413, 418, 419, 420, 421, 423, 424, 425, 426, 427, 428, 429, 430, 431, 432, 433, 434, 435, 436, 437, 438, 441, 442, 444, 445, 446, 447, 450, 451, 452, 454, 455, 456, 457, 458, 460, 461, 462, 464, 466, 467, 468, 469, 470, 472, 473, 475, 476, 477, 479, 481, 482, 483, 487, 489, 491, 492, 493, 494, 495, 496, 497, 498, 499, 500, 501, 503, 505, 507, 510, 513, 514, 515, 516, 517, 519, 520, 521, 522, 523, 525, 527, 529, 531, 532, 534, 535, 537, 538, 541, 542, 543, 545, 546, 547, 548, 549, 551, 553, 554, 556, 557, 558, 559, 560, 561, 562, 564, 565, 567, 569, 570, 571, 572, 573, 574, 575, 576, 577, 578, 579, 583, 585, 586, 587, 588, 589, 590, 591, 594, 596, 598, 599, 600, 601, 602, 603, 604, 606, 607, 608, 610, 611, 612, 613, 614, 615, 616, 617, 618, 619, 620, 621, 622, 623, 624, 625, 627, 628, 629, 630, 631, 632, 633, 634, 635, 636, 637, 638, 640, 641, 643, 646, 647, 649, 651, 653, 654, 655, 656, 658, 660, 662, 663, 664, 666, 667, 668, 669, 670, 671, 672, 673, 674, 675, 676, 677, 678, 679, 680, 682, 683, 685, 686, 687, 688, 689, 690, 691, 692, 693, 694, 695, 696, 697, 698, 700, 701, 704, 708, 710, 711, 713, 714, 715, 716, 717, 718, 719, 726, 727, 729, 730, 731, 732, 734, 735, 736, 737, 740, 741, 743, 744, 746, 747, 748, 749, 750, 751, 753, 754, 756, 758, 760, 761, 762, 763, 765, 766, 767, 768, 769, 770, 772, 773, 774, 775, 776, 777, 778, 779, 780, 781, 783, 784, 785, 788, 790, 792, 793, 794, 796, 797, 798, 799, 800, 802, 803, 804, 805, 806, 807, 808, 809, 811, 812, 813, 814, 815, 819, 820, 821, 822, 823, 826, 827, 830, 832, 833, 834, 835, 837, 838, 840, 841, 842, 843, 844, 845, 848, 850, 851, 852, 853, 854, 855, 856, 857, 859, 861, 862, 863, 864, 865, 866, 868, 869, 871, 873, 874, 875, 876, 877, 879, 880, 881, 882, 883, 884, 885, 887, 889]
[3, 10, 17, 21, 29, 39, 44, 48, 54, 55, 118, 122, 129, 133, 137, 140, 145, 147, 159, 160, 166, 167, 174, 190, 191, 194, 196, 202, 212, 221, 234, 237, 238, 249, 252, 254, 255, 262, 276, 279, 291, 295, 297, 299, 305, 307, 310, 319, 323, 345, 352, 362, 365, 394, 407, 409, 411, 412, 423, 426, 439, 444, 448, 451, 454, 461, 467, 473, 485, 487, 488, 521, 522, 526, 530, 535, 547, 550, 553, 577, 585, 586, 610, 615, 616, 620, 628, 632, 633, 636, 638, 639, 648, 663, 669, 672, 695, 712, 717, 725, 730, 733, 742, 751, 754, 761, 762, 774, 776, 779, 785, 813, 815, 821, 822, 827, 835, 839, 855, 870, 876, 884]

[0, 1, 2, 3, 4, 5, 6, 7, 9, 10, 11, 12, 14, 15, 18, 19, 20, 23, 24, 25, 26, 27, 28, 30, 31, 32, 34, 35, 41, 42, 43, 45, 46, 47, 48, 50, 53, 54, 55, 56, 57, 59, 60, 61, 63, 64, 65, 70, 71, 73, 74, 75, 76, 77, 78, 79, 83, 84, 85, 86, 87, 88, 89, 90, 92, 93, 94, 95, 96, 97, 98, 99, 100, 101, 103, 104, 105, 106, 107, 108, 109, 110, 112, 114, 115, 119, 122, 124, 125, 126, 127, 128, 129, 130, 131, 132, 133, 134, 136, 137, 142, 143, 144, 145, 146, 149, 150, 151, 152, 153, 154, 155, 156, 157, 161, 162, 163, 164, 165, 166, 168, 170, 171, 172, 175, 176, 177, 178, 179, 181, 182, 183, 184, 185, 186, 187, 188, 189, 191, 194, 195, 196, 198, 202, 203, 204, 205, 206, 207, 208, 209, 210, 211, 213, 214, 216, 217, 219, 220, 221, 222, 223, 224, 225, 226, 227, 228, 229, 231, 232, 233, 235, 236, 237, 238, 239, 240, 241, 242, 243, 245, 248, 249, 250, 251, 252, 253, 254, 255, 256, 257, 258, 259, 260, 261, 263, 264, 265, 267, 268, 269, 270, 271, 272, 273, 274, 275, 276, 277, 279, 280, 281, 282, 283, 284, 285, 286, 287, 288, 289, 290, 291, 293, 294, 296, 301, 302, 303, 304, 305, 306, 307, 308, 309, 311, 313, 314, 315, 316, 317, 318, 319, 320, 322, 323, 324, 325, 326, 327, 329, 330, 331, 333, 334, 335, 338, 339, 340, 342, 344, 348, 349, 350, 351, 352, 354, 355, 356, 357, 358, 359, 360, 361, 362, 363, 364, 366, 367, 368, 369, 370, 371, 372, 373, 376, 377, 379, 380, 381, 382, 383, 384, 385, 386, 387, 388, 390, 391, 392, 393, 394, 395, 396, 397, 399, 400, 401, 402, 403, 404, 405, 406, 407, 409, 410, 411, 413, 414, 416, 418, 419, 420, 421, 422, 423, 424, 425, 426, 427, 428, 429, 430, 431, 432, 433, 434, 435, 436, 437, 438, 441, 442, 444, 445, 446, 447, 450, 451, 452, 453, 454, 455, 456, 457, 458, 460, 461, 462, 464, 466, 467, 468, 469, 470, 472, 473, 475, 476, 477, 479, 481, 482, 483, 487, 489, 491, 492, 493, 494, 495, 496, 497, 498, 499, 500, 501, 503, 505, 507, 510, 513, 514, 515, 516, 517, 518, 519, 520, 521, 522, 523, 525, 527, 529, 530, 531, 532, 533, 534, 535, 537, 538, 541, 542, 543, 545, 546, 547, 548, 549, 551, 553, 554, 556, 557, 558, 559, 560, 561, 562, 564, 565, 567, 569, 570, 571, 572, 573, 574, 575, 576, 577, 578, 579, 583, 585, 586, 587, 588, 589, 590, 591, 594, 595, 596, 598, 599, 600, 601, 602, 603, 604, 606, 607, 608, 610, 611, 612, 613, 614, 615, 616, 617, 618, 619, 620, 621, 622, 623, 624, 625, 627, 628, 629, 630, 631, 632, 633, 634, 635, 636, 637, 638, 640, 641, 643, 646, 647, 649, 651, 653, 654, 655, 656, 658, 660, 662, 663, 664, 666, 667, 668, 669, 670, 671, 672, 673, 674, 675, 676, 677, 678, 679, 680, 682, 683, 685, 686, 687, 688, 689, 690, 691, 692, 693, 694, 695, 696, 697, 698, 700, 701, 704, 706, 708, 710, 711, 713, 714, 715, 716, 717, 718, 719, 726, 727, 729, 730, 731, 732, 734, 735, 736, 737, 740, 741, 743, 744, 746, 747, 748, 749, 750, 751, 752, 753, 754, 756, 758, 760, 761, 762, 763, 765, 766, 767, 768, 769, 770, 772, 773, 774, 775, 776, 777, 778, 779, 780, 781, 783, 784, 785, 786, 788, 789, 790, 792, 793, 794, 796, 797, 798, 799, 800, 802, 803, 804, 805, 806, 807, 808, 809, 811, 812, 813, 814, 815, 817, 819, 820, 821, 822, 823, 826, 827, 829, 830, 832, 833, 834, 835, 837, 838, 840, 841, 842, 843, 844, 845, 847, 848, 849, 850, 851, 852, 853, 854, 855, 856, 857, 858, 859, 861, 862, 863, 864, 865, 866, 868, 869, 871, 873, 874, 875, 876, 877, 879, 880, 881, 882, 883, 884, 885, 887, 889]
[3, 10, 17, 21, 29, 39, 44, 48, 54, 55, 118, 122, 129, 133, 137, 140, 145, 147, 159, 160, 166, 167, 174, 190, 191, 194, 196, 202, 212, 221, 234, 237, 238, 249, 252, 254, 255, 262, 276, 279, 291, 295, 297, 299, 305, 307, 310, 319, 323, 345, 352, 362, 365, 394, 407, 409, 411, 412, 423, 426, 439, 444, 448, 451, 454, 461, 467, 473, 485, 487, 488, 521, 522, 526, 530, 535, 547, 550, 553, 577, 585, 586, 610, 615, 616, 620, 628, 632, 633, 636, 638, 639, 648, 663, 669, 672, 695, 712, 717, 725, 730, 733, 742, 751, 754, 761, 762, 774, 776, 779, 785, 813, 815, 821, 822, 827, 835, 839, 855, 870, 876, 884]

[0, 1, 2, 3, 4, 5, 6, 7, 9, 10, 11, 12, 13, 14, 15, 18, 19, 20, 23, 24, 25, 26, 27, 28, 30, 31, 32, 34, 35, 41, 42, 43, 45, 46, 47, 48, 50, 53, 54, 55, 56, 57, 59, 60, 61, 63, 64, 65, 70, 71, 73, 74, 75, 76, 77, 78, 79, 83, 84, 85, 86, 87, 88, 89, 90, 92, 93, 94, 95, 96, 97, 98, 99, 100, 101, 103, 104, 105, 106, 107, 108, 109, 110, 112, 114, 115, 118, 119, 122, 124, 125, 126, 127, 128, 129, 130, 131, 132, 133, 134, 135, 136, 137, 139, 142, 143, 144, 145, 146, 149, 150, 151, 152, 153, 154, 155, 156, 157, 161, 162, 163, 164, 165, 166, 168, 170, 171, 172, 175, 176, 177, 178, 179, 181, 182, 183, 184, 185, 186, 187, 188, 189, 191, 194, 195, 196, 197, 198, 202, 203, 204, 205, 206, 207, 208, 209, 210, 211, 213, 214, 216, 217, 219, 220, 221, 222, 223, 224, 225, 226, 227, 228, 229, 231, 232, 233, 234, 235, 236, 237, 238, 239, 240, 241, 242, 243, 245, 248, 249, 250, 251, 252, 253, 254, 255, 256, 257, 258, 259, 260, 261, 263, 264, 265, 267, 268, 269, 270, 271, 272, 273, 274, 275, 276, 277, 279, 280, 281, 282, 283, 284, 285, 286, 287, 288, 289, 290, 291, 293, 294, 296, 300, 301, 302, 303, 304, 305, 306, 307, 308, 309, 311, 313, 314, 315, 316, 317, 318, 319, 320, 322, 323, 324, 325, 326, 327, 329, 330, 331, 333, 334, 335, 336, 338, 339, 340, 342, 344, 348, 349, 350, 351, 352, 354, 355, 356, 357, 358, 359, 360, 361, 362, 363, 364, 366, 367, 368, 369, 370, 371, 372, 373, 376, 377, 378, 379, 380, 381, 382, 383, 384, 385, 386, 387, 388, 390, 391, 392, 393, 394, 395, 396, 397, 399, 400, 401, 402, 403, 404, 405, 406, 407, 409, 410, 411, 413, 414, 415, 416, 418, 419, 420, 421, 422, 423, 424, 425, 426, 427, 428, 429, 430, 431, 432, 433, 434, 435, 436, 437, 438, 441, 442, 444, 445, 446, 447, 448, 450, 451, 452, 453, 454, 455, 456, 457, 458, 460, 461, 462, 464, 466, 467, 468, 469, 470, 472, 473, 475, 476, 477, 479, 481, 482, 483, 487, 489, 490, 491, 492, 493, 494, 495, 496, 497, 498, 499, 500, 501, 503, 505, 507, 508, 509, 510, 513, 514, 515, 516, 517, 518, 519, 520, 521, 522, 523, 525, 527, 528, 529, 530, 531, 532, 533, 534, 535, 537, 538, 541, 542, 543, 545, 546, 547, 548, 549, 551, 553, 554, 556, 557, 558, 559, 560, 561, 562, 564, 565, 567, 569, 570, 571, 572, 573, 574, 575, 576, 577, 578, 579, 583, 585, 586, 587, 588, 589, 590, 591, 594, 595, 596, 597, 598, 599, 600, 601, 602, 603, 604, 606, 607, 608, 610, 611, 612, 613, 614, 615, 616, 617, 618, 619, 620, 621, 622, 623, 624, 625, 626, 627, 628, 629, 630, 631, 632, 633, 634, 635, 636, 637, 638, 639, 640, 641, 643, 646, 647, 648, 649, 651, 653, 654, 655, 656, 658, 660, 662, 663, 664, 665, 666, 667, 668, 669, 670, 671, 672, 673, 674, 675, 676, 677, 678, 679, 680, 681, 682, 683, 684, 685, 686, 687, 688, 689, 690, 691, 692, 693, 694, 695, 696, 697, 698, 700, 701, 704, 706, 708, 710, 711, 713, 714, 715, 716, 717, 718, 719, 726, 727, 729, 730, 731, 732, 733, 734, 735, 736, 737, 740, 741, 742, 743, 744, 746, 747, 748, 749, 750, 751, 752, 753, 754, 756, 758, 760, 761, 762, 763, 765, 766, 767, 768, 769, 770, 772, 773, 774, 775, 776, 777, 778, 779, 780, 781, 783, 784, 785, 786, 788, 789, 790, 792, 793, 794, 795, 796, 797, 798, 799, 800, 802, 803, 804, 805, 806, 807, 808, 809, 811, 812, 813, 814, 815, 817, 819, 820, 821, 822, 823, 826, 827, 829, 830, 832, 833, 834, 835, 837, 838, 840, 841, 842, 843, 844, 845, 847, 848, 849, 850, 851, 852, 853, 854, 855, 856, 857, 858, 859, 861, 862, 863, 864, 865, 866, 868, 869, 871, 873, 874, 875, 876, 877, 879, 880, 881, 882, 883, 884, 885, 887, 889]
[3, 10, 17, 21, 29, 39, 44, 48, 54, 55, 118, 122, 129, 133, 137, 140, 145, 147, 159, 160, 166, 167, 174, 190, 191, 194, 196, 202, 212, 221, 234, 237, 238, 249, 252, 254, 255, 262, 276, 279, 291, 295, 297, 299, 305, 307, 310, 319, 323, 345, 352, 362, 365, 394, 407, 409, 411, 412, 423, 426, 439, 444, 448, 451, 454, 461, 467, 473, 485, 487, 488, 521, 522, 526, 530, 535, 547, 550, 553, 577, 585, 586, 610, 615, 616, 620, 628, 632, 633, 636, 638, 639, 648, 663, 669, 672, 695, 712, 717, 725, 730, 733, 742, 751, 754, 761, 762, 774, 776, 779, 785, 813, 815, 821, 822, 827, 835, 839, 855, 870, 876, 884]

[0, 1, 2, 3, 4, 5, 6, 7, 9, 10, 11, 12, 13, 14, 15, 16, 17, 18, 19, 20, 23, 24, 25, 26, 27, 28, 30, 31, 32, 34, 35, 41, 42, 43, 45, 46, 47, 48, 50, 53, 54, 55, 56, 57, 59, 60, 61, 63, 64, 65, 70, 71, 73, 74, 75, 76, 77, 78, 79, 83, 84, 85, 86, 87, 88, 89, 90, 92, 93, 94, 95, 96, 97, 98, 99, 100, 101, 102, 103, 104, 105, 106, 107, 108, 109, 110, 112, 114, 115, 117, 118, 119, 122, 124, 125, 126, 127, 128, 129, 130, 131, 132, 133, 134, 135, 136, 137, 139, 140, 142, 143, 144, 145, 146, 149, 150, 151, 152, 153, 154, 155, 156, 157, 161, 162, 163, 164, 165, 166, 168, 170, 171, 172, 174, 175, 176, 177, 178, 179, 181, 182, 183, 184, 185, 186, 187, 188, 189, 191, 194, 195, 196, 197, 198, 202, 203, 204, 205, 206, 207, 208, 209, 210, 211, 213, 214, 216, 217, 219, 220, 221, 222, 223, 224, 225, 226, 227, 228, 229, 231, 232, 233, 234, 235, 236, 237, 238, 239, 240, 241, 242, 243, 245, 247, 248, 249, 250, 251, 252, 253, 254, 255, 256, 257, 258, 259, 260, 261, 263, 264, 265, 267, 268, 269, 270, 271, 272, 273, 274, 275, 276, 277, 279, 280, 281, 282, 283, 284, 285, 286, 287, 288, 289, 290, 291, 293, 294, 296, 300, 301, 302, 303, 304, 305, 306, 307, 308, 309, 311, 313, 314, 315, 316, 317, 318, 319, 320, 322, 323, 324, 325, 326, 327, 329, 330, 331, 333, 334, 335, 336, 337, 338, 339, 340, 342, 344, 348, 349, 350, 351, 352, 354, 355, 356, 357, 358, 359, 360, 361, 362, 363, 364, 366, 367, 368, 369, 370, 371, 372, 373, 374, 376, 377, 378, 379, 380, 381, 382, 383, 384, 385, 386, 387, 388, 390, 391, 392, 393, 394, 395, 396, 397, 399, 400, 401, 402, 403, 404, 405, 406, 407, 409, 410, 411, 413, 414, 415, 416, 418, 419, 420, 421, 422, 423, 424, 425, 426, 427, 428, 429, 430, 431, 432, 433, 434, 435, 436, 437, 438, 441, 442, 444, 445, 446, 447, 448, 450, 451, 452, 453, 454, 455, 456, 457, 458, 460, 461, 462, 464, 465, 466, 467, 468, 469, 470, 472, 473, 475, 476, 477, 479, 481, 482, 483, 485, 487, 489, 490, 491, 492, 493, 494, 495, 496, 497, 498, 499, 500, 501, 502, 503, 505, 507, 508, 509, 510, 513, 514, 515, 516, 517, 518, 519, 520, 521, 522, 523, 525, 527, 528, 529, 530, 531, 532, 533, 534, 535, 537, 538, 539, 541, 542, 543, 545, 546, 547, 548, 549, 551, 553, 554, 556, 557, 558, 559, 560, 561, 562, 564, 565, 566, 567, 569, 570, 571, 572, 573, 574, 575, 576, 577, 578, 579, 583, 585, 586, 587, 588, 589, 590, 591, 592, 594, 595, 596, 597, 598, 599, 600, 601, 602, 603, 604, 606, 607, 608, 610, 611, 612, 613, 614, 615, 616, 617, 618, 619, 620, 621, 622, 623, 624, 625, 626, 627, 628, 629, 630, 631, 632, 633, 634, 635, 636, 637, 638, 639, 640, 641, 643, 646, 647, 648, 649, 651, 653, 654, 655, 656, 658, 660, 662, 663, 664, 665, 666, 667, 668, 669, 670, 671, 672, 673, 674, 675, 676, 677, 678, 679, 680, 681, 682, 683, 684, 685, 686, 687, 688, 689, 690, 691, 692, 693, 694, 695, 696, 697, 698, 700, 701, 704, 705, 706, 707, 708, 710, 711, 712, 713, 714, 715, 716, 717, 718, 719, 723, 726, 727, 729, 730, 731, 732, 733, 734, 735, 736, 737, 739, 740, 741, 742, 743, 744, 745, 746, 747, 748, 749, 750, 751, 752, 753, 754, 756, 758, 760, 761, 762, 763, 765, 766, 767, 768, 769, 770, 772, 773, 774, 775, 776, 777, 778, 779, 780, 781, 783, 784, 785, 786, 788, 789, 790, 792, 793, 794, 795, 796, 797, 798, 799, 800, 802, 803, 804, 805, 806, 807, 808, 809, 811, 812, 813, 814, 815, 816, 817, 819, 820, 821, 822, 823, 824, 826, 827, 828, 829, 830, 832, 833, 834, 835, 837, 838, 840, 841, 842, 843, 844, 845, 847, 848, 849, 850, 851, 852, 853, 854, 855, 856, 857, 858, 859, 861, 862, 863, 864, 865, 866, 868, 869, 871, 873, 874, 875, 876, 877, 879, 880, 881, 882, 883, 884, 885, 887, 889]
[3, 10, 17, 21, 29, 39, 44, 48, 54, 55, 118, 122, 129, 133, 137, 140, 145, 147, 159, 160, 166, 167, 174, 190, 191, 194, 196, 202, 212, 221, 234, 237, 238, 249, 252, 254, 255, 262, 276, 279, 291, 295, 297, 299, 305, 307, 310, 319, 323, 345, 352, 362, 365, 394, 407, 409, 411, 412, 423, 426, 439, 444, 448, 451, 454, 461, 467, 473, 485, 487, 488, 521, 522, 526, 530, 535, 547, 550, 553, 577, 585, 586, 610, 615, 616, 620, 628, 632, 633, 636, 638, 639, 648, 663, 669, 672, 695, 712, 717, 725, 730, 733, 742, 751, 754, 761, 762, 774, 776, 779, 785, 813, 815, 821, 822, 827, 835, 839, 855, 870, 876, 884]

[0, 1, 2, 3, 4, 5, 6, 7, 8, 9, 10, 11, 12, 13, 14, 15, 16, 17, 18, 19, 20, 21, 22, 23, 24, 25, 26, 27, 28, 29, 30, 31, 32, 34, 35, 41, 42, 43, 45, 46, 47, 48, 49, 50, 53, 54, 55, 56, 57, 59, 60, 61, 63, 64, 65, 70, 71, 73, 74, 75, 76, 77, 78, 79, 81, 83, 84, 85, 86, 87, 88, 89, 90, 92, 93, 94, 95, 96, 97, 98, 99, 100, 101, 102, 103, 104, 105, 106, 107, 108, 109, 110, 112, 114, 115, 117, 118, 119, 122, 124, 125, 126, 127, 128, 129, 130, 131, 132, 133, 134, 135, 136, 137, 139, 140, 142, 143, 144, 145, 146, 149, 150, 151, 152, 153, 154, 155, 156, 157, 161, 162, 163, 164, 165, 166, 168, 170, 171, 172, 174, 175, 176, 177, 178, 179, 181, 182, 183, 184, 185, 186, 187, 188, 189, 190, 191, 194, 195, 196, 197, 198, 200, 202, 203, 204, 205, 206, 207, 208, 209, 210, 211, 213, 214, 216, 217, 219, 220, 221, 222, 223, 224, 225, 226, 227, 228, 229, 231, 232, 233, 234, 235, 236, 237, 238, 239, 240, 241, 242, 243, 245, 247, 248, 249, 250, 251, 252, 253, 254, 255, 256, 257, 258, 259, 260, 261, 263, 264, 265, 267, 268, 269, 270, 271, 272, 273, 274, 275, 276, 277, 279, 280, 281, 282, 283, 284, 285, 286, 287, 288, 289, 290, 291, 292, 293, 294, 296, 297, 300, 301, 302, 303, 304, 305, 306, 307, 308, 309, 311, 313, 314, 315, 316, 317, 318, 319, 320, 322, 323, 324, 325, 326, 327, 329, 330, 331, 333, 334, 335, 336, 337, 338, 339, 340, 342, 344, 345, 348, 349, 350, 351, 352, 354, 355, 356, 357, 358, 359, 360, 361, 362, 363, 364, 366, 367, 368, 369, 370, 371, 372, 373, 374, 376, 377, 378, 379, 380, 381, 382, 383, 384, 385, 386, 387, 388, 390, 391, 392, 393, 394, 395, 396, 397, 399, 400, 401, 402, 403, 404, 405, 406, 407, 409, 410, 411, 413, 414, 415, 416, 418, 419, 420, 421, 422, 423, 424, 425, 426, 427, 428, 429, 430, 431, 432, 433, 434, 435, 436, 437, 438, 441, 442, 444, 445, 446, 447, 448, 450, 451, 452, 453, 454, 455, 456, 457, 458, 460, 461, 462, 464, 465, 466, 467, 468, 469, 470, 472, 473, 475, 476, 477, 479, 481, 482, 483, 485, 487, 488, 489, 490, 491, 492, 493, 494, 495, 496, 497, 498, 499, 500, 501, 502, 503, 505, 507, 508, 509, 510, 513, 514, 515, 516, 517, 518, 519, 520, 521, 522, 523, 525, 527, 528, 529, 530, 531, 532, 533, 534, 535, 537, 538, 539, 541, 542, 543, 545, 546, 547, 548, 549, 550, 551, 553, 554, 555, 556, 557, 558, 559, 560, 561, 562, 564, 565, 566, 567, 568, 569, 570, 571, 572, 573, 574, 575, 576, 577, 578, 579, 583, 585, 586, 587, 588, 589, 590, 591, 592, 594, 595, 596, 597, 598, 599, 600, 601, 602, 603, 604, 606, 607, 608, 609, 610, 611, 612, 613, 614, 615, 616, 617, 618, 619, 620, 621, 622, 623, 624, 625, 626, 627, 628, 629, 630, 631, 632, 633, 634, 635, 636, 637, 638, 639, 640, 641, 643, 646, 647, 648, 649, 651, 652, 653, 654, 655, 656, 658, 659, 660, 662, 663, 664, 665, 666, 667, 668, 669, 670, 671, 672, 673, 674, 675, 676, 677, 678, 679, 680, 681, 682, 683, 684, 685, 686, 687, 688, 689, 690, 691, 692, 693, 694, 695, 696, 697, 698, 700, 701, 704, 705, 706, 707, 708, 710, 711, 712, 713, 714, 715, 716, 717, 718, 719, 720, 721, 723, 726, 727, 729, 730, 731, 732, 733, 734, 735, 736, 737, 739, 740, 741, 742, 743, 744, 745, 746, 747, 748, 749, 750, 751, 752, 753, 754, 755, 756, 758, 759, 760, 761, 762, 763, 764, 765, 766, 767, 768, 769, 770, 771, 772, 773, 774, 775, 776, 777, 778, 779, 780, 781, 783, 784, 785, 786, 788, 789, 790, 792, 793, 794, 795, 796, 797, 798, 799, 800, 802, 803, 804, 805, 806, 807, 808, 809, 811, 812, 813, 814, 815, 816, 817, 819, 820, 821, 822, 823, 824, 826, 827, 828, 829, 830, 832, 833, 834, 835, 837, 838, 840, 841, 842, 843, 844, 845, 847, 848, 849, 850, 851, 852, 853, 854, 855, 856, 857, 858, 859, 861, 862, 863, 864, 865, 866, 867, 868, 869, 871, 873, 874, 875, 876, 877, 879, 880, 881, 882, 883, 884, 885, 887, 889]
[3, 10, 17, 21, 29, 39, 44, 48, 54, 55, 118, 122, 129, 133, 137, 140, 145, 147, 159, 160, 166, 167, 174, 190, 191, 194, 196, 202, 212, 221, 234, 237, 238, 249, 252, 254, 255, 262, 276, 279, 291, 295, 297, 299, 305, 307, 310, 319, 323, 345, 352, 362, 365, 394, 407, 409, 411, 412, 423, 426, 439, 444, 448, 451, 454, 461, 467, 473, 485, 487, 488, 521, 522, 526, 530, 535, 547, 550, 553, 577, 585, 586, 610, 615, 616, 620, 628, 632, 633, 636, 638, 639, 648, 663, 669, 672, 695, 712, 717, 725, 730, 733, 742, 751, 754, 761, 762, 774, 776, 779, 785, 813, 815, 821, 822, 827, 835, 839, 855, 870, 876, 884]

[0, 1, 2, 3, 4, 5, 6, 7, 8, 9, 10, 11, 12, 13, 14, 15, 16, 17, 18, 19, 20, 21, 22, 23, 24, 25, 26, 27, 28, 29, 30, 31, 32, 34, 35, 39, 40, 41, 42, 43, 45, 46, 47, 48, 49, 50, 53, 54, 55, 56, 57, 59, 60, 61, 63, 64, 65, 67, 70, 71, 72, 73, 74, 75, 76, 77, 78, 79, 81, 83, 84, 85, 86, 87, 88, 89, 90, 92, 93, 94, 95, 96, 97, 98, 99, 100, 101, 102, 103, 104, 105, 106, 107, 108, 109, 110, 112, 113, 114, 115, 117, 118, 119, 122, 124, 125, 126, 127, 128, 129, 130, 131, 132, 133, 134, 135, 136, 137, 139, 140, 142, 143, 144, 145, 146, 149, 150, 151, 152, 153, 154, 155, 156, 157, 161, 162, 163, 164, 165, 166, 168, 170, 171, 172, 174, 175, 176, 177, 178, 179, 180, 181, 182, 183, 184, 185, 186, 187, 188, 189, 190, 191, 194, 195, 196, 197, 198, 200, 201, 202, 203, 204, 205, 206, 207, 208, 209, 210, 211, 212, 213, 214, 216, 217, 219, 220, 221, 222, 223, 224, 225, 226, 227, 228, 229, 231, 232, 233, 234, 235, 236, 237, 238, 239, 240, 241, 242, 243, 245, 247, 248, 249, 250, 251, 252, 253, 254, 255, 256, 257, 258, 259, 260, 261, 263, 264, 265, 267, 268, 269, 270, 271, 272, 273, 274, 275, 276, 277, 279, 280, 281, 282, 283, 284, 285, 286, 287, 288, 289, 290, 291, 292, 293, 294, 295, 296, 297, 299, 300, 301, 302, 303, 304, 305, 306, 307, 308, 309, 311, 313, 314, 315, 316, 317, 318, 319, 320, 322, 323, 324, 325, 326, 327, 328, 329, 330, 331, 333, 334, 335, 336, 337, 338, 339, 340, 342, 344, 345, 348, 349, 350, 351, 352, 354, 355, 356, 357, 358, 359, 360, 361, 362, 363, 364, 365, 366, 367, 368, 369, 370, 371, 372, 373, 374, 376, 377, 378, 379, 380, 381, 382, 383, 384, 385, 386, 387, 388, 390, 391, 392, 393, 394, 395, 396, 397, 398, 399, 400, 401, 402, 403, 404, 405, 406, 407, 409, 410, 411, 413, 414, 415, 416, 418, 419, 420, 421, 422, 423, 424, 425, 426, 427, 428, 429, 430, 431, 432, 433, 434, 435, 436, 437, 438, 441, 442, 444, 445, 446, 447, 448, 450, 451, 452, 453, 454, 455, 456, 457, 458, 459, 460, 461, 462, 464, 465, 466, 467, 468, 469, 470, 471, 472, 473, 475, 476, 477, 479, 480, 481, 482, 483, 485, 487, 488, 489, 490, 491, 492, 493, 494, 495, 496, 497, 498, 499, 500, 501, 502, 503, 505, 507, 508, 509, 510, 511, 513, 514, 515, 516, 517, 518, 519, 520, 521, 522, 523, 525, 527, 528, 529, 530, 531, 532, 533, 534, 535, 536, 537, 538, 539, 541, 542, 543, 545, 546, 547, 548, 549, 550, 551, 552, 553, 554, 555, 556, 557, 558, 559, 560, 561, 562, 564, 565, 566, 567, 568, 569, 570, 571, 572, 573, 574, 575, 576, 577, 578, 579, 581, 583, 585, 586, 587, 588, 589, 590, 591, 592, 594, 595, 596, 597, 598, 599, 600, 601, 602, 603, 604, 606, 607, 608, 609, 610, 611, 612, 613, 614, 615, 616, 617, 618, 619, 620, 621, 622, 623, 624, 625, 626, 627, 628, 629, 630, 631, 632, 633, 634, 635, 636, 637, 638, 639, 640, 641, 643, 646, 647, 648, 649, 651, 652, 653, 654, 655, 656, 658, 659, 660, 662, 663, 664, 665, 666, 667, 668, 669, 670, 671, 672, 673, 674, 675, 676, 677, 678, 679, 680, 681, 682, 683, 684, 685, 686, 687, 688, 689, 690, 691, 692, 693, 694, 695, 696, 697, 698, 700, 701, 704, 705, 706, 707, 708, 709, 710, 711, 712, 713, 714, 715, 716, 717, 718, 719, 720, 721, 723, 726, 727, 729, 730, 731, 732, 733, 734, 735, 736, 737, 739, 740, 741, 742, 743, 744, 745, 746, 747, 748, 749, 750, 751, 752, 753, 754, 755, 756, 757, 758, 759, 760, 761, 762, 763, 764, 765, 766, 767, 768, 769, 770, 771, 772, 773, 774, 775, 776, 777, 778, 779, 780, 781, 783, 784, 785, 786, 788, 789, 790, 792, 793, 794, 795, 796, 797, 798, 799, 800, 802, 803, 804, 805, 806, 807, 808, 809, 811, 812, 813, 814, 815, 816, 817, 819, 820, 821, 822, 823, 824, 826, 827, 828, 829, 830, 832, 833, 834, 835, 837, 838, 839, 840, 841, 842, 843, 844, 845, 846, 847, 848, 849, 850, 851, 852, 853, 854, 855, 856, 857, 858, 859, 861, 862, 863, 864, 865, 866, 867, 868, 869, 871, 873, 874, 875, 876, 877, 879, 880, 881, 882, 883, 884, 885, 886, 887, 889]
[3, 10, 17, 21, 29, 39, 44, 48, 54, 55, 118, 122, 129, 133, 137, 140, 145, 147, 159, 160, 166, 167, 174, 190, 191, 194, 196, 202, 212, 221, 234, 237, 238, 249, 252, 254, 255, 262, 276, 279, 291, 295, 297, 299, 305, 307, 310, 319, 323, 345, 352, 362, 365, 394, 407, 409, 411, 412, 423, 426, 439, 444, 448, 451, 454, 461, 467, 473, 485, 487, 488, 521, 522, 526, 530, 535, 547, 550, 553, 577, 585, 586, 610, 615, 616, 620, 628, 632, 633, 636, 638, 639, 648, 663, 669, 672, 695, 712, 717, 725, 730, 733, 742, 751, 754, 761, 762, 774, 776, 779, 785, 813, 815, 821, 822, 827, 835, 839, 855, 870, 876, 884]

