[38, 64, 98, 108, 110, 119, 135, 177, 333, 340, 353, 374, 409, 435, 490, 539, 579, 628, 714, 727, 813, 852]
[57, 137, 310, 339, 369, 424, 561, 570, 572, 586, 593, 598, 614, 640, 670, 723, 724, 765, 772, 790, 796, 823]

[38, 64, 98, 108, 110, 119, 135, 177, 333, 340, 353, 374, 409, 435, 490, 539, 579, 628, 714, 727, 813, 852]
[14, 17, 28, 37, 39, 40, 53, 57, 59, 63, 70, 80, 97, 99, 104, 111, 112, 126, 133, 137, 149, 153, 159, 160, 163, 165, 170, 174, 189, 199, 215, 225, 229, 239, 252, 281, 306, 310, 311, 316, 319, 335, 339, 345, 350, 354, 369, 372, 380, 393, 400, 403, 407, 417, 424, 429, 454, 460, 469, 491, 492, 495, 517, 522, 543, 547, 549, 561, 562, 567, 570, 572, 576, 583, 586, 593, 597, 598, 599, 610, 612, 614, 615, 618, 627, 640, 649, 666, 670, 677, 686, 697, 706, 715, 716, 717, 723, 724, 739, 747, 749, 756, 759, 760, 765, 772, 786, 787, 790, 795, 796, 808, 809, 816, 818, 823, 832, 837, 840, 863, 880, 881]

[12, 38, 64, 96, 98, 108, 110, 119, 135, 158, 177, 215, 272, 286, 333, 340, 352, 353, 374, 409, 417, 430, 435, 444, 447, 461, 468, 476, 490, 494, 537, 539, 579, 591, 628, 675, 683, 714, 719, 727, 743, 801, 813, 820, 842, 844, 852]
[14, 17, 28, 37, 39, 40, 53, 57, 59, 63, 70, 80, 97, 99, 104, 111, 112, 126, 133, 137, 149, 153, 159, 160, 163, 165, 170, 174, 189, 199, 215, 225, 229, 239, 252, 281, 306, 310, 311, 316, 319, 335, 339, 345, 350, 354, 369, 372, 380, 393, 400, 403, 407, 417, 424, 429, 454, 460, 469, 491, 492, 495, 517, 522, 543, 547, 549, 561, 562, 567, 570, 572, 576, 583, 586, 593, 597, 598, 599, 610, 612, 614, 615, 618, 627, 640, 649, 666, 670, 677, 686, 697, 706, 715, 716, 717, 723, 724, 739, 747, 749, 756, 759, 760, 765, 772, 786, 787, 790, 795, 796, 808, 809, 816, 818, 823, 832, 837, 840, 863, 880, 881]

[0, 12, 30, 38, 44, 50, 51, 64, 69, 96, 98, 100, 108, 110, 113, 119, 121, 135, 158, 177, 215, 272, 286, 329, 333, 340, 352, 353, 368, 374, 402, 409, 417, 430, 435, 444, 447, 461, 468, 475, 476, 490, 494, 504, 537, 539, 579, 591, 612, 628, 634, 636, 644, 660, 675, 683, 706, 708, 714, 719, 727, 743, 770, 780, 801, 802, 809, 813, 820, 842, 844, 852]
[14, 17, 28, 37, 39, 40, 53, 57, 59, 63, 70, 80, 97, 99, 104, 111, 112, 126, 133, 137, 149, 153, 159, 160, 163, 165, 170, 174, 189, 199, 215, 225, 229, 239, 252, 281, 306, 310, 311, 316, 319, 335, 339, 345, 350, 354, 369, 372, 380, 393, 400, 403, 407, 417, 424, 429, 454, 460, 469, 491, 492, 495, 517, 522, 543, 547, 549, 561, 562, 567, 570, 572, 576, 583, 586, 593, 597, 598, 599, 610, 612, 614, 615, 618, 627, 640, 649, 666, 670, 677, 686, 697, 706, 715, 716, 717, 723, 724, 739, 747, 749, 756, 759, 760, 765, 772, 786, 787, 790, 795, 796, 808, 809, 816, 818, 823, 832, 837, 840, 863, 880, 881]

[0, 5, 8, 12, 30, 38, 39, 40, 44, 48, 50, 51, 64, 69, 96, 98, 100, 108, 110, 113, 119, 121, 135, 145, 156, 158, 170, 173, 174, 177, 215, 272, 286, 288, 293, 326, 329, 333, 340, 349, 352, 353, 361, 368, 374, 401, 402, 409, 417, 425, 430, 435, 441, 444, 447, 461, 463, 468, 475, 476, 478, 488, 490, 494, 504, 516, 532, 537, 539, 548, 579, 589, 591, 593, 612, 628, 634, 636, 644, 658, 660, 675, 683, 706, 708, 714, 719, 727, 734, 743, 748, 754, 770, 780, 801, 802, 809, 813, 820, 835, 842, 844, 852, 853, 855]
[14, 17, 28, 37, 39, 40, 53, 57, 59, 63, 70, 80, 97, 99, 104, 111, 112, 126, 133, 137, 149, 153, 159, 160, 163, 165, 170, 174, 189, 199, 215, 225, 229, 239, 252, 281, 306, 310, 311, 316, 319, 335, 339, 345, 350, 354, 369, 372, 380, 393, 400, 403, 407, 417, 424, 429, 454, 460, 469, 491, 492, 495, 517, 522, 543, 547, 549, 561, 562, 567, 570, 572, 576, 583, 586, 593, 597, 598, 599, 610, 612, 614, 615, 618, 627, 640, 649, 666, 670, 677, 686, 697, 706, 715, 716, 717, 723, 724, 739, 747, 749, 756, 759, 760, 765, 772, 786, 787, 790, 795, 796, 808, 809, 816, 818, 823, 832, 837, 840, 863, 880, 881]

[0, 5, 8, 12, 25, 30, 32, 36, 38, 39, 40, 44, 47, 48, 50, 51, 64, 65, 69, 96, 98, 100, 108, 110, 113, 119, 121, 135, 145, 148, 156, 158, 170, 172, 173, 174, 177, 189, 215, 267, 272, 286, 288, 293, 300, 326, 329, 332, 333, 340, 348, 349, 352, 353, 361, 368, 374, 379, 396, 401, 402, 409, 417, 425, 430, 435, 441, 444, 447, 461, 463, 468, 471, 475, 476, 478, 488, 490, 494, 497, 504, 516, 531, 532, 537, 539, 548, 556, 559, 567, 578, 579, 589, 591, 593, 612, 628, 634, 636, 644, 658, 660, 675, 683, 684, 706, 708, 714, 719, 727, 731, 734, 737, 743, 748, 754, 762, 770, 773, 780, 801, 802, 804, 809, 813, 820, 823, 833, 835, 842, 844, 852, 853, 855]
[14, 17, 28, 37, 39, 40, 53, 57, 59, 63, 70, 80, 97, 99, 104, 111, 112, 126, 133, 137, 149, 153, 159, 160, 163, 165, 170, 174, 189, 199, 215, 225, 229, 239, 252, 281, 306, 310, 311, 316, 319, 335, 339, 345, 350, 354, 369, 372, 380, 393, 400, 403, 407, 417, 424, 429, 454, 460, 469, 491, 492, 495, 517, 522, 543, 547, 549, 561, 562, 567, 570, 572, 576, 583, 586, 593, 597, 598, 599, 610, 612, 614, 615, 618, 627, 640, 649, 666, 670, 677, 686, 697, 706, 715, 716, 717, 723, 724, 739, 747, 749, 756, 759, 760, 765, 772, 786, 787, 790, 795, 796, 808, 809, 816, 818, 823, 832, 837, 840, 863, 880, 881]

[0, 5, 8, 12, 25, 27, 30, 32, 36, 38, 39, 40, 41, 44, 47, 48, 50, 51, 64, 65, 68, 69, 96, 98, 100, 108, 110, 113, 119, 121, 135, 145, 148, 156, 158, 170, 172, 173, 174, 177, 181, 182, 189, 208, 215, 237, 264, 267, 272, 286, 288, 292, 293, 300, 301, 314, 319, 326, 329, 332, 333, 340, 348, 349, 352, 353, 361, 368, 374, 379, 392, 396, 401, 402, 409, 417, 425, 430, 435, 438, 441, 444, 447, 461, 463, 465, 468, 471, 475, 476, 477, 478, 488, 490, 494, 497, 504, 516, 518, 531, 532, 537, 539, 548, 556, 559, 567, 575, 578, 579, 589, 591, 593, 612, 616, 628, 634, 636, 644, 648, 658, 660, 675, 683, 684, 706, 708, 714, 719, 723, 727, 731, 734, 737, 743, 748, 754, 762, 770, 773, 779, 780, 788, 801, 802, 803, 804, 809, 813, 820, 823, 826, 833, 835, 842, 844, 852, 853, 855, 879]
[14, 17, 28, 37, 39, 40, 53, 57, 59, 63, 70, 80, 97, 99, 104, 111, 112, 126, 133, 137, 149, 153, 159, 160, 163, 165, 170, 174, 189, 199, 215, 225, 229, 239, 252, 281, 306, 310, 311, 316, 319, 335, 339, 345, 350, 354, 369, 372, 380, 393, 400, 403, 407, 417, 424, 429, 454, 460, 469, 491, 492, 495, 517, 522, 543, 547, 549, 561, 562, 567, 570, 572, 576, 583, 586, 593, 597, 598, 599, 610, 612, 614, 615, 618, 627, 640, 649, 666, 670, 677, 686, 697, 706, 715, 716, 717, 723, 724, 739, 747, 749, 756, 759, 760, 765, 772, 786, 787, 790, 795, 796, 808, 809, 816, 818, 823, 832, 837, 840, 863, 880, 881]

[0, 3, 5, 8, 12, 13, 25, 27, 30, 32, 36, 38, 39, 40, 41, 44, 46, 47, 48, 50, 51, 64, 65, 68, 69, 96, 98, 99, 100, 108, 110, 113, 119, 121, 135, 145, 148, 150, 156, 158, 168, 170, 172, 173, 174, 177, 180, 181, 182, 183, 189, 208, 215, 237, 251, 264, 267, 272, 286, 288, 292, 293, 300, 301, 314, 319, 324, 326, 329, 332, 333, 340, 348, 349, 352, 353, 361, 367, 368, 374, 379, 392, 396, 398, 401, 402, 409, 417, 425, 430, 435, 438, 441, 444, 447, 461, 463, 465, 468, 471, 475, 476, 477, 478, 488, 490, 494, 497, 504, 516, 518, 521, 531, 532, 537, 539, 548, 550, 556, 559, 567, 575, 576, 578, 579, 585, 589, 591, 593, 612, 616, 621, 628, 634, 636, 637, 638, 639, 644, 645, 648, 658, 660, 675, 683, 684, 694, 705, 706, 708, 714, 719, 723, 727, 731, 733, 734, 737, 743, 748, 754, 762, 770, 773, 779, 780, 788, 801, 802, 803, 804, 809, 812, 813, 820, 823, 826, 833, 835, 842, 844, 852, 853, 855, 879]
[14, 17, 28, 37, 39, 40, 53, 57, 59, 63, 70, 80, 97, 99, 104, 111, 112, 126, 133, 137, 149, 153, 159, 160, 163, 165, 170, 174, 189, 199, 215, 225, 229, 239, 252, 281, 306, 310, 311, 316, 319, 335, 339, 345, 350, 354, 369, 372, 380, 393, 400, 403, 407, 417, 424, 429, 454, 460, 469, 491, 492, 495, 517, 522, 543, 547, 549, 561, 562, 567, 570, 572, 576, 583, 586, 593, 597, 598, 599, 610, 612, 614, 615, 618, 627, 640, 649, 666, 670, 677, 686, 697, 706, 715, 716, 717, 723, 724, 739, 747, 749, 756, 759, 760, 765, 772, 786, 787, 790, 795, 796, 808, 809, 816, 818, 823, 832, 837, 840, 863, 880, 881]

[0, 3, 5, 8, 12, 13, 25, 27, 30, 32, 35, 36, 38, 39, 40, 41, 44, 46, 47, 48, 50, 51, 56, 64, 65, 67, 68, 69, 96, 98, 99, 100, 108, 110, 113, 115, 119, 121, 135, 145, 148, 150, 156, 158, 168, 170, 172, 173, 174, 177, 180, 181, 182, 183, 189, 198, 200, 206, 208, 215, 234, 237, 251, 264, 267, 272, 286, 288, 292, 293, 300, 301, 311, 314, 319, 324, 326, 329, 332, 333, 340, 344, 348, 349, 352, 353, 361, 367, 368, 374, 379, 392, 396, 398, 401, 402, 408, 409, 417, 425, 430, 435, 438, 441, 444, 447, 457, 461, 463, 465, 467, 468, 471, 475, 476, 477, 478, 488, 490, 494, 497, 504, 516, 518, 521, 529, 531, 532, 537, 538, 539, 548, 550, 556, 559, 567, 575, 576, 578, 579, 581, 585, 589, 591, 593, 610, 612, 613, 616, 621, 628, 634, 636, 637, 638, 639, 644, 645, 648, 655, 657, 658, 660, 663, 675, 683, 684, 694, 705, 706, 708, 714, 719, 723, 727, 728, 731, 733, 734, 737, 743, 748, 754, 762, 770, 773, 779, 780, 788, 791, 801, 802, 803, 804, 809, 812, 813, 814, 820, 823, 826, 833, 835, 842, 844, 852, 853, 855, 879, 889]
[14, 17, 28, 37, 39, 40, 53, 57, 59, 63, 70, 80, 97, 99, 104, 111, 112, 126, 133, 137, 149, 153, 159, 160, 163, 165, 170, 174, 189, 199, 215, 225, 229, 239, 252, 281, 306, 310, 311, 316, 319, 335, 339, 345, 350, 354, 369, 372, 380, 393, 400, 403, 407, 417, 424, 429, 454, 460, 469, 491, 492, 495, 517, 522, 543, 547, 549, 561, 562, 567, 570, 572, 576, 583, 586, 593, 597, 598, 599, 610, 612, 614, 615, 618, 627, 640, 649, 666, 670, 677, 686, 697, 706, 715, 716, 717, 723, 724, 739, 747, 749, 756, 759, 760, 765, 772, 786, 787, 790, 795, 796, 808, 809, 816, 818, 823, 832, 837, 840, 863, 880, 881]

[0, 3, 5, 8, 12, 13, 22, 25, 27, 30, 32, 35, 36, 38, 39, 40, 41, 44, 46, 47, 48, 50, 51, 55, 56, 59, 64, 65, 67, 68, 69, 86, 92, 96, 98, 99, 100, 108, 110, 113, 115, 119, 121, 123, 135, 137, 145, 148, 150, 156, 158, 168, 170, 172, 173, 174, 177, 180, 181, 182, 183, 189, 198, 200, 206, 208, 215, 226, 234, 237, 251, 260, 264, 267, 272, 285, 286, 288, 291, 292, 293, 300, 301, 311, 314, 319, 320, 324, 326, 329, 332, 333, 340, 344, 348, 349, 352, 353, 361, 367, 368, 374, 379, 392, 396, 398, 401, 402, 408, 409, 411, 417, 418, 421, 425, 430, 435, 438, 441, 444, 447, 457, 461, 463, 465, 467, 468, 471, 475, 476, 477, 478, 488, 490, 492, 494, 497, 504, 516, 518, 521, 529, 531, 532, 537, 538, 539, 541, 548, 550, 556, 559, 567, 575, 576, 578, 579, 581, 583, 585, 589, 591, 593, 610, 612, 613, 616, 621, 628, 634, 636, 637, 638, 639, 644, 645, 648, 651, 655, 657, 658, 660, 663, 675, 683, 684, 694, 705, 706, 708, 714, 719, 723, 727, 728, 731, 733, 734, 737, 743, 748, 754, 762, 770, 773, 774, 779, 780, 788, 791, 793, 801, 802, 803, 804, 809, 812, 813, 814, 820, 823, 826, 833, 834, 835, 840, 842, 844, 852, 853, 855, 862, 867, 879, 889]
[14, 17, 28, 37, 39, 40, 53, 57, 59, 63, 70, 80, 97, 99, 104, 111, 112, 126, 133, 137, 149, 153, 159, 160, 163, 165, 170, 174, 189, 199, 215, 225, 229, 239, 252, 281, 306, 310, 311, 316, 319, 335, 339, 345, 350, 354, 369, 372, 380, 393, 400, 403, 407, 417, 424, 429, 454, 460, 469, 491, 492, 495, 517, 522, 543, 547, 549, 561, 562, 567, 570, 572, 576, 583, 586, 593, 597, 598, 599, 610, 612, 614, 615, 618, 627, 640, 649, 666, 670, 677, 686, 697, 706, 715, 716, 717, 723, 724, 739, 747, 749, 756, 759, 760, 765, 772, 786, 787, 790, 795, 796, 808, 809, 816, 818, 823, 832, 837, 840, 863, 880, 881]

[0, 3, 5, 8, 12, 13, 22, 25, 27, 30, 32, 35, 36, 38, 39, 40, 41, 44, 46, 47, 48, 50, 51, 55, 56, 59, 64, 65, 67, 68, 69, 86, 92, 96, 98, 99, 100, 108, 110, 113, 115, 119, 121, 123, 135, 137, 145, 146, 148, 150, 156, 158, 167, 168, 170, 172, 173, 174, 177, 180, 181, 182, 183, 187, 189, 196, 198, 200, 206, 208, 215, 226, 231, 234, 237, 251, 260, 264, 267, 272, 285, 286, 288, 291, 292, 293, 300, 301, 311, 314, 319, 320, 324, 326, 329, 330, 332, 333, 334, 340, 344, 348, 349, 352, 353, 361, 367, 368, 374, 379, 392, 396, 398, 401, 402, 403, 408, 409, 411, 417, 418, 421, 425, 430, 435, 438, 441, 444, 447, 457, 461, 463, 465, 467, 468, 471, 475, 476, 477, 478, 488, 490, 492, 494, 497, 504, 516, 518, 521, 529, 531, 532, 537, 538, 539, 541, 542, 544, 548, 550, 556, 559, 566, 567, 570, 571, 575, 576, 578, 579, 581, 583, 585, 589, 591, 593, 608, 610, 612, 613, 616, 621, 628, 634, 636, 637, 638, 639, 644, 645, 648, 651, 655, 657, 658, 660, 663, 675, 677, 683, 684, 694, 705, 706, 708, 713, 714, 719, 723, 727, 728, 731, 733, 734, 737, 743, 748, 754, 762, 764, 770, 773, 774, 779, 780, 788, 791, 793, 801, 802, 803, 804, 807, 808, 809, 812, 813, 814, 820, 822, 823, 826, 833, 834, 835, 840, 842, 844, 850, 852, 853, 855, 857, 862, 867, 877, 879, 880, 887, 889]
[14, 17, 28, 37, 39, 40, 53, 57, 59, 63, 70, 80, 97, 99, 104, 111, 112, 126, 133, 137, 149, 153, 159, 160, 163, 165, 170, 174, 189, 199, 215, 225, 229, 239, 252, 281, 306, 310, 311, 316, 319, 335, 339, 345, 350, 354, 369, 372, 380, 393, 400, 403, 407, 417, 424, 429, 454, 460, 469, 491, 492, 495, 517, 522, 543, 547, 549, 561, 562, 567, 570, 572, 576, 583, 586, 593, 597, 598, 599, 610, 612, 614, 615, 618, 627, 640, 649, 666, 670, 677, 686, 697, 706, 715, 716, 717, 723, 724, 739, 747, 749, 756, 759, 760, 765, 772, 786, 787, 790, 795, 796, 808, 809, 816, 818, 823, 832, 837, 840, 863, 880, 881]

[0, 3, 5, 8, 12, 13, 16, 22, 25, 27, 30, 32, 35, 36, 38, 39, 40, 41, 44, 46, 47, 48, 50, 51, 55, 56, 59, 64, 65, 67, 68, 69, 71, 86, 92, 96, 98, 99, 100, 107, 108, 110, 113, 115, 119, 121, 123, 125, 135, 137, 145, 146, 148, 150, 156, 158, 167, 168, 170, 172, 173, 174, 177, 180, 181, 182, 183, 184, 187, 189, 190, 196, 198, 200, 206, 208, 215, 226, 231, 233, 234, 237, 251, 255, 260, 264, 267, 272, 277, 285, 286, 288, 291, 292, 293, 300, 301, 308, 309, 311, 314, 315, 319, 320, 324, 326, 329, 330, 332, 333, 334, 340, 344, 348, 349, 352, 353, 361, 367, 368, 374, 379, 392, 396, 398, 401, 402, 403, 408, 409, 411, 414, 417, 418, 421, 425, 426, 430, 435, 438, 441, 444, 447, 457, 461, 463, 465, 467, 468, 471, 473, 475, 476, 477, 478, 488, 490, 492, 494, 497, 504, 513, 516, 518, 521, 529, 531, 532, 537, 538, 539, 541, 542, 544, 548, 550, 556, 559, 566, 567, 570, 571, 575, 576, 578, 579, 581, 583, 585, 589, 591, 593, 601, 608, 610, 612, 613, 616, 621, 628, 634, 636, 637, 638, 639, 644, 645, 648, 649, 651, 655, 657, 658, 660, 663, 675, 677, 683, 684, 686, 694, 705, 706, 708, 713, 714, 719, 723, 727, 728, 731, 733, 734, 736, 737, 739, 743, 748, 752, 754, 762, 764, 766, 770, 773, 774, 779, 780, 788, 791, 793, 801, 802, 803, 804, 807, 808, 809, 812, 813, 814, 820, 822, 823, 826, 833, 834, 835, 840, 842, 844, 850, 852, 853, 855, 857, 859, 862, 864, 867, 877, 879, 880, 887, 889]
[14, 17, 28, 37, 39, 40, 53, 57, 59, 63, 70, 80, 97, 99, 104, 111, 112, 126, 133, 137, 149, 153, 159, 160, 163, 165, 170, 174, 189, 199, 215, 225, 229, 239, 252, 281, 306, 310, 311, 316, 319, 335, 339, 345, 350, 354, 369, 372, 380, 393, 400, 403, 407, 417, 424, 429, 454, 460, 469, 491, 492, 495, 517, 522, 543, 547, 549, 561, 562, 567, 570, 572, 576, 583, 586, 593, 597, 598, 599, 610, 612, 614, 615, 618, 627, 640, 649, 666, 670, 677, 686, 697, 706, 715, 716, 717, 723, 724, 739, 747, 749, 756, 759, 760, 765, 772, 786, 787, 790, 795, 796, 808, 809, 816, 818, 823, 832, 837, 840, 863, 880, 881]

[0, 3, 5, 8, 12, 13, 16, 18, 22, 25, 27, 28, 30, 32, 35, 36, 38, 39, 40, 41, 44, 46, 47, 48, 50, 51, 55, 56, 59, 64, 65, 67, 68, 69, 71, 75, 86, 92, 96, 98, 99, 100, 106, 107, 108, 110, 113, 115, 119, 121, 123, 125, 135, 137, 145, 146, 148, 150, 156, 158, 167, 168, 170, 172, 173, 174, 177, 180, 181, 182, 183, 184, 187, 189, 190, 196, 198, 200, 201, 206, 208, 213, 215, 226, 231, 233, 234, 237, 251, 255, 260, 264, 267, 272, 277, 285, 286, 288, 291, 292, 293, 300, 301, 308, 309, 311, 314, 315, 319, 320, 324, 326, 329, 330, 332, 333, 334, 338, 340, 342, 344, 348, 349, 352, 353, 361, 362, 367, 368, 374, 378, 379, 386, 392, 396, 398, 401, 402, 403, 404, 408, 409, 411, 414, 417, 418, 421, 425, 426, 430, 435, 437, 438, 441, 444, 447, 457, 461, 463, 465, 467, 468, 471, 473, 475, 476, 477, 478, 484, 488, 489, 490, 492, 494, 495, 497, 504, 513, 516, 518, 521, 529, 531, 532, 537, 538, 539, 541, 542, 544, 548, 550, 556, 559, 564, 566, 567, 570, 571, 575, 576, 578, 579, 581, 583, 585, 589, 591, 593, 601, 608, 610, 612, 613, 616, 621, 623, 628, 634, 636, 637, 638, 639, 644, 645, 648, 649, 650, 651, 655, 657, 658, 660, 663, 664, 666, 675, 677, 679, 683, 684, 686, 693, 694, 705, 706, 708, 713, 714, 719, 723, 727, 728, 731, 733, 734, 736, 737, 739, 743, 748, 752, 754, 761, 762, 764, 766, 770, 773, 774, 779, 780, 788, 791, 793, 801, 802, 803, 804, 807, 808, 809, 812, 813, 814, 815, 820, 822, 823, 826, 833, 834, 835, 840, 842, 844, 850, 852, 853, 855, 857, 859, 862, 864, 867, 877, 879, 880, 887, 889]
[14, 17, 28, 37, 39, 40, 53, 57, 59, 63, 70, 80, 97, 99, 104, 111, 112, 126, 133, 137, 149, 153, 159, 160, 163, 165, 170, 174, 189, 199, 215, 225, 229, 239, 252, 281, 306, 310, 311, 316, 319, 335, 339, 345, 350, 354, 369, 372, 380, 393, 400, 403, 407, 417, 424, 429, 454, 460, 469, 491, 492, 495, 517, 522, 543, 547, 549, 561, 562, 567, 570, 572, 576, 583, 586, 593, 597, 598, 599, 610, 612, 614, 615, 618, 627, 640, 649, 666, 670, 677, 686, 697, 706, 715, 716, 717, 723, 724, 739, 747, 749, 756, 759, 760, 765, 772, 786, 787, 790, 795, 796, 808, 809, 816, 818, 823, 832, 837, 840, 863, 880, 881]

[0, 3, 4, 5, 8, 11, 12, 13, 16, 18, 22, 25, 27, 28, 30, 32, 35, 36, 38, 39, 40, 41, 44, 46, 47, 48, 50, 51, 53, 55, 56, 59, 64, 65, 67, 68, 69, 70, 71, 75, 82, 86, 92, 96, 98, 99, 100, 106, 107, 108, 110, 113, 115, 119, 121, 123, 125, 133, 135, 137, 145, 146, 148, 150, 156, 158, 167, 168, 170, 172, 173, 174, 175, 177, 180, 181, 182, 183, 184, 187, 189, 190, 196, 198, 200, 201, 206, 208, 213, 215, 226, 229, 231, 233, 234, 235, 237, 244, 251, 255, 260, 264, 267, 272, 277, 285, 286, 288, 291, 292, 293, 300, 301, 308, 309, 311, 314, 315, 319, 320, 324, 326, 329, 330, 332, 333, 334, 338, 340, 342, 344, 348, 349, 350, 352, 353, 361, 362, 367, 368, 374, 378, 379, 386, 392, 396, 398, 401, 402, 403, 404, 408, 409, 411, 414, 417, 418, 419, 421, 425, 426, 430, 435, 437, 438, 441, 443, 444, 447, 452, 457, 461, 463, 464, 465, 467, 468, 471, 473, 475, 476, 477, 478, 484, 485, 487, 488, 489, 490, 492, 494, 495, 497, 504, 513, 516, 517, 518, 521, 529, 531, 532, 537, 538, 539, 541, 542, 544, 548, 550, 556, 559, 564, 566, 567, 570, 571, 575, 576, 578, 579, 581, 583, 585, 589, 591, 593, 601, 608, 610, 612, 613, 616, 621, 623, 626, 628, 634, 636, 637, 638, 639, 644, 645, 648, 649, 650, 651, 655, 657, 658, 660, 663, 664, 666, 675, 677, 678, 679, 683, 684, 686, 693, 694, 705, 706, 708, 713, 714, 719, 723, 725, 727, 728, 731, 733, 734, 736, 737, 739, 743, 748, 752, 754, 757, 761, 762, 764, 766, 770, 773, 774, 777, 779, 780, 788, 791, 793, 801, 802, 803, 804, 807, 808, 809, 812, 813, 814, 815, 818, 820, 822, 823, 824, 826, 833, 834, 835, 840, 842, 844, 850, 852, 853, 855, 857, 859, 862, 864, 867, 877, 879, 880, 887, 889]
[14, 17, 28, 37, 39, 40, 53, 57, 59, 63, 70, 80, 97, 99, 104, 111, 112, 126, 133, 137, 149, 153, 159, 160, 163, 165, 170, 174, 189, 199, 215, 225, 229, 239, 252, 281, 306, 310, 311, 316, 319, 335, 339, 345, 350, 354, 369, 372, 380, 393, 400, 403, 407, 417, 424, 429, 454, 460, 469, 491, 492, 495, 517, 522, 543, 547, 549, 561, 562, 567, 570, 572, 576, 583, 586, 593, 597, 598, 599, 610, 612, 614, 615, 618, 627, 640, 649, 666, 670, 677, 686, 697, 706, 715, 716, 717, 723, 724, 739, 747, 749, 756, 759, 760, 765, 772, 786, 787, 790, 795, 796, 808, 809, 816, 818, 823, 832, 837, 840, 863, 880, 881]

[0, 3, 4, 5, 8, 11, 12, 13, 16, 18, 22, 25, 27, 28, 30, 32, 35, 36, 38, 39, 40, 41, 44, 46, 47, 48, 50, 51, 53, 55, 56, 59, 64, 65, 67, 68, 69, 70, 71, 75, 82, 86, 92, 96, 98, 99, 100, 101, 106, 107, 108, 110, 113, 115, 119, 120, 121, 123, 125, 133, 135, 137, 138, 145, 146, 148, 150, 151, 156, 157, 158, 167, 168, 170, 172, 173, 174, 175, 177, 180, 181, 182, 183, 184, 187, 189, 190, 196, 198, 200, 201, 206, 208, 213, 215, 226, 229, 231, 233, 234, 235, 237, 244, 245, 251, 255, 256, 260, 264, 266, 267, 272, 277, 285, 286, 288, 291, 292, 293, 300, 301, 308, 309, 311, 314, 315, 319, 320, 324, 326, 329, 330, 332, 333, 334, 338, 340, 342, 344, 348, 349, 350, 352, 353, 361, 362, 367, 368, 374, 378, 379, 386, 389, 392, 396, 398, 401, 402, 403, 404, 408, 409, 411, 414, 417, 418, 419, 421, 425, 426, 430, 435, 437, 438, 441, 443, 444, 447, 452, 456, 457, 461, 463, 464, 465, 467, 468, 471, 473, 475, 476, 477, 478, 484, 485, 487, 488, 489, 490, 492, 494, 495, 497, 498, 504, 513, 516, 517, 518, 521, 529, 531, 532, 537, 538, 539, 541, 542, 544, 548, 550, 556, 559, 564, 566, 567, 570, 571, 575, 576, 578, 579, 581, 583, 585, 587, 589, 591, 593, 601, 608, 610, 612, 613, 616, 621, 623, 626, 628, 631, 634, 636, 637, 638, 639, 643, 644, 645, 648, 649, 650, 651, 653, 655, 657, 658, 660, 663, 664, 666, 674, 675, 677, 678, 679, 683, 684, 686, 693, 694, 705, 706, 708, 713, 714, 719, 720, 722, 723, 725, 727, 728, 731, 733, 734, 735, 736, 737, 739, 741, 743, 748, 752, 754, 757, 761, 762, 764, 766, 770, 773, 774, 777, 779, 780, 786, 788, 791, 793, 801, 802, 803, 804, 807, 808, 809, 812, 813, 814, 815, 818, 820, 822, 823, 824, 826, 833, 834, 835, 840, 842, 844, 848, 850, 852, 853, 854, 855, 857, 859, 861, 862, 864, 867, 868, 877, 879, 880, 887, 889]
[14, 17, 28, 37, 39, 40, 53, 57, 59, 63, 70, 80, 97, 99, 104, 111, 112, 126, 133, 137, 149, 153, 159, 160, 163, 165, 170, 174, 189, 199, 215, 225, 229, 239, 252, 281, 306, 310, 311, 316, 319, 335, 339, 345, 350, 354, 369, 372, 380, 393, 400, 403, 407, 417, 424, 429, 454, 460, 469, 491, 492, 495, 517, 522, 543, 547, 549, 561, 562, 567, 570, 572, 576, 583, 586, 593, 597, 598, 599, 610, 612, 614, 615, 618, 627, 640, 649, 666, 670, 677, 686, 697, 706, 715, 716, 717, 723, 724, 739, 747, 749, 756, 759, 760, 765, 772, 786, 787, 790, 795, 796, 808, 809, 816, 818, 823, 832, 837, 840, 863, 880, 881]

[0, 3, 4, 5, 8, 11, 12, 13, 16, 18, 22, 25, 27, 28, 30, 32, 35, 36, 38, 39, 40, 41, 44, 46, 47, 48, 50, 51, 53, 54, 55, 56, 59, 61, 64, 65, 66, 67, 68, 69, 70, 71, 75, 82, 86, 92, 96, 98, 99, 100, 101, 106, 107, 108, 110, 113, 115, 119, 120, 121, 123, 125, 133, 135, 137, 138, 145, 146, 148, 150, 151, 156, 157, 158, 167, 168, 170, 172, 173, 174, 175, 177, 180, 181, 182, 183, 184, 187, 189, 190, 196, 198, 200, 201, 202, 206, 208, 213, 215, 216, 219, 224, 226, 229, 231, 233, 234, 235, 237, 244, 245, 251, 255, 256, 260, 264, 266, 267, 272, 277, 278, 283, 285, 286, 288, 291, 292, 293, 300, 301, 304, 308, 309, 311, 314, 315, 317, 319, 320, 324, 326, 329, 330, 332, 333, 334, 338, 340, 342, 344, 348, 349, 350, 352, 353, 361, 362, 367, 368, 369, 374, 378, 379, 380, 386, 389, 392, 396, 398, 401, 402, 403, 404, 408, 409, 411, 414, 417, 418, 419, 421, 422, 425, 426, 430, 435, 437, 438, 440, 441, 443, 444, 446, 447, 452, 456, 457, 459, 461, 463, 464, 465, 467, 468, 471, 473, 475, 476, 477, 478, 484, 485, 487, 488, 489, 490, 492, 494, 495, 497, 498, 504, 513, 516, 517, 518, 521, 529, 531, 532, 537, 538, 539, 541, 542, 544, 548, 550, 556, 559, 564, 566, 567, 570, 571, 575, 576, 578, 579, 581, 583, 585, 587, 589, 591, 593, 601, 608, 610, 612, 613, 616, 621, 622, 623, 626, 628, 629, 631, 634, 636, 637, 638, 639, 643, 644, 645, 648, 649, 650, 651, 653, 655, 657, 658, 660, 663, 664, 666, 671, 674, 675, 677, 678, 679, 681, 683, 684, 686, 688, 693, 694, 705, 706, 708, 713, 714, 719, 720, 722, 723, 725, 727, 728, 731, 733, 734, 735, 736, 737, 739, 740, 741, 743, 744, 748, 752, 754, 757, 761, 762, 764, 766, 768, 770, 773, 774, 777, 779, 780, 786, 788, 791, 793, 801, 802, 803, 804, 807, 808, 809, 812, 813, 814, 815, 818, 820, 822, 823, 824, 826, 833, 834, 835, 840, 842, 844, 848, 850, 852, 853, 854, 855, 857, 859, 861, 862, 864, 867, 868, 877, 879, 880, 887, 889]
[14, 17, 28, 37, 39, 40, 53, 57, 59, 63, 70, 80, 97, 99, 104, 111, 112, 126, 133, 137, 149, 153, 159, 160, 163, 165, 170, 174, 189, 199, 215, 225, 229, 239, 252, 281, 306, 310, 311, 316, 319, 335, 339, 345, 350, 354, 369, 372, 380, 393, 400, 403, 407, 417, 424, 429, 454, 460, 469, 491, 492, 495, 517, 522, 543, 547, 549, 561, 562, 567, 570, 572, 576, 583, 586, 593, 597, 598, 599, 610, 612, 614, 615, 618, 627, 640, 649, 666, 670, 677, 686, 697, 706, 715, 716, 717, 723, 724, 739, 747, 749, 756, 759, 760, 765, 772, 786, 787, 790, 795, 796, 808, 809, 816, 818, 823, 832, 837, 840, 863, 880, 881]

[0, 3, 4, 5, 8, 11, 12, 13, 16, 18, 22, 23, 25, 27, 28, 30, 32, 35, 36, 38, 39, 40, 41, 44, 46, 47, 48, 50, 51, 53, 54, 55, 56, 59, 61, 64, 65, 66, 67, 68, 69, 70, 71, 75, 82, 86, 87, 92, 96, 98, 99, 100, 101, 106, 107, 108, 110, 113, 115, 119, 120, 121, 123, 125, 133, 135, 137, 138, 145, 146, 148, 150, 151, 156, 157, 158, 167, 168, 170, 172, 173, 174, 175, 177, 180, 181, 182, 183, 184, 187, 189, 190, 193, 196, 198, 200, 201, 202, 206, 208, 213, 215, 216, 219, 224, 226, 229, 231, 233, 234, 235, 237, 244, 245, 251, 255, 256, 260, 264, 266, 267, 268, 272, 273, 277, 278, 283, 285, 286, 288, 291, 292, 293, 300, 301, 304, 307, 308, 309, 310, 311, 314, 315, 317, 319, 320, 324, 326, 327, 329, 330, 332, 333, 334, 338, 340, 342, 344, 345, 348, 349, 350, 352, 353, 361, 362, 367, 368, 369, 371, 374, 378, 379, 380, 386, 389, 392, 396, 398, 401, 402, 403, 404, 408, 409, 411, 414, 417, 418, 419, 421, 422, 425, 426, 430, 435, 437, 438, 440, 441, 442, 443, 444, 446, 447, 452, 456, 457, 459, 461, 462, 463, 464, 465, 467, 468, 471, 473, 475, 476, 477, 478, 484, 485, 487, 488, 489, 490, 492, 494, 495, 497, 498, 504, 505, 508, 513, 515, 516, 517, 518, 521, 526, 529, 531, 532, 537, 538, 539, 541, 542, 544, 548, 550, 555, 556, 559, 564, 566, 567, 570, 571, 575, 576, 578, 579, 581, 583, 585, 587, 589, 591, 593, 601, 607, 608, 609, 610, 612, 613, 616, 621, 622, 623, 626, 628, 629, 631, 634, 636, 637, 638, 639, 643, 644, 645, 648, 649, 650, 651, 653, 655, 657, 658, 660, 663, 664, 666, 671, 674, 675, 677, 678, 679, 681, 683, 684, 686, 688, 693, 694, 695, 701, 705, 706, 707, 708, 711, 713, 714, 719, 720, 722, 723, 725, 727, 728, 731, 733, 734, 735, 736, 737, 739, 740, 741, 743, 744, 748, 752, 754, 757, 760, 761, 762, 764, 766, 768, 770, 773, 774, 777, 779, 780, 786, 788, 791, 793, 801, 802, 803, 804, 807, 808, 809, 812, 813, 814, 815, 818, 820, 822, 823, 824, 826, 833, 834, 835, 840, 842, 844, 848, 850, 852, 853, 854, 855, 857, 859, 861, 862, 863, 864, 867, 868, 877, 879, 880, 887, 889]
[14, 17, 28, 37, 39, 40, 53, 57, 59, 63, 70, 80, 97, 99, 104, 111, 112, 126, 133, 137, 149, 153, 159, 160, 163, 165, 170, 174, 189, 199, 215, 225, 229, 239, 252, 281, 306, 310, 311, 316, 319, 335, 339, 345, 350, 354, 369, 372, 380, 393, 400, 403, 407, 417, 424, 429, 454, 460, 469, 491, 492, 495, 517, 522, 543, 547, 549, 561, 562, 567, 570, 572, 576, 583, 586, 593, 597, 598, 599, 610, 612, 614, 615, 618, 627, 640, 649, 666, 670, 677, 686, 697, 706, 715, 716, 717, 723, 724, 739, 747, 749, 756, 759, 760, 765, 772, 786, 787, 790, 795, 796, 808, 809, 816, 818, 823, 832, 837, 840, 863, 880, 881]

[0, 3, 4, 5, 8, 11, 12, 13, 16, 18, 20, 22, 23, 24, 25, 27, 28, 30, 31, 32, 35, 36, 38, 39, 40, 41, 44, 46, 47, 48, 50, 51, 53, 54, 55, 56, 58, 59, 61, 64, 65, 66, 67, 68, 69, 70, 71, 75, 76, 82, 86, 87, 92, 96, 98, 99, 100, 101, 103, 106, 107, 108, 110, 113, 115, 119, 120, 121, 123, 125, 133, 135, 137, 138, 145, 146, 148, 150, 151, 152, 156, 157, 158, 167, 168, 170, 172, 173, 174, 175, 177, 180, 181, 182, 183, 184, 187, 189, 190, 191, 193, 194, 196, 198, 200, 201, 202, 206, 208, 213, 215, 216, 219, 224, 226, 229, 231, 233, 234, 235, 237, 242, 244, 245, 251, 255, 256, 260, 264, 266, 267, 268, 272, 273, 274, 277, 278, 283, 284, 285, 286, 288, 290, 291, 292, 293, 297, 300, 301, 304, 307, 308, 309, 310, 311, 314, 315, 317, 319, 320, 324, 326, 327, 329, 330, 332, 333, 334, 335, 338, 340, 342, 344, 345, 348, 349, 350, 351, 352, 353, 360, 361, 362, 367, 368, 369, 371, 374, 378, 379, 380, 386, 387, 389, 392, 396, 398, 401, 402, 403, 404, 408, 409, 411, 414, 417, 418, 419, 421, 422, 425, 426, 430, 435, 437, 438, 440, 441, 442, 443, 444, 446, 447, 452, 456, 457, 459, 461, 462, 463, 464, 465, 467, 468, 471, 473, 475, 476, 477, 478, 484, 485, 487, 488, 489, 490, 492, 493, 494, 495, 497, 498, 499, 504, 505, 508, 510, 513, 515, 516, 517, 518, 521, 526, 529, 531, 532, 534, 537, 538, 539, 541, 542, 544, 548, 550, 555, 556, 559, 564, 566, 567, 570, 571, 575, 576, 578, 579, 581, 583, 585, 586, 587, 589, 591, 593, 601, 607, 608, 609, 610, 612, 613, 616, 621, 622, 623, 626, 628, 629, 631, 634, 636, 637, 638, 639, 643, 644, 645, 648, 649, 650, 651, 653, 655, 657, 658, 660, 663, 664, 666, 671, 674, 675, 677, 678, 679, 681, 683, 684, 686, 688, 693, 694, 695, 701, 705, 706, 707, 708, 711, 713, 714, 719, 720, 722, 723, 725, 726, 727, 728, 731, 733, 734, 735, 736, 737, 739, 740, 741, 743, 744, 748, 752, 754, 757, 760, 761, 762, 764, 766, 768, 770, 773, 774, 777, 779, 780, 786, 788, 791, 793, 801, 802, 803, 804, 807, 808, 809, 812, 813, 814, 815, 818, 820, 822, 823, 824, 826, 833, 834, 835, 840, 842, 844, 848, 850, 852, 853, 854, 855, 857, 859, 861, 862, 863, 864, 867, 868, 872, 877, 879, 880, 887, 889]
[14, 17, 28, 37, 39, 40, 53, 57, 59, 63, 70, 80, 97, 99, 104, 111, 112, 126, 133, 137, 149, 153, 159, 160, 163, 165, 170, 174, 189, 199, 215, 225, 229, 239, 252, 281, 306, 310, 311, 316, 319, 335, 339, 345, 350, 354, 369, 372, 380, 393, 400, 403, 407, 417, 424, 429, 454, 460, 469, 491, 492, 495, 517, 522, 543, 547, 549, 561, 562, 567, 570, 572, 576, 583, 586, 593, 597, 598, 599, 610, 612, 614, 615, 618, 627, 640, 649, 666, 670, 677, 686, 697, 706, 715, 716, 717, 723, 724, 739, 747, 749, 756, 759, 760, 765, 772, 786, 787, 790, 795, 796, 808, 809, 816, 818, 823, 832, 837, 840, 863, 880, 881]

[0, 3, 4, 5, 8, 9, 11, 12, 13, 16, 18, 20, 22, 23, 24, 25, 27, 28, 30, 31, 32, 34, 35, 36, 38, 39, 40, 41, 44, 46, 47, 48, 50, 51, 53, 54, 55, 56, 58, 59, 61, 64, 65, 66, 67, 68, 69, 70, 71, 75, 76, 82, 86, 87, 92, 96, 98, 99, 100, 101, 102, 103, 106, 107, 108, 110, 113, 115, 119, 120, 121, 123, 124, 125, 133, 134, 135, 137, 138, 141, 145, 146, 148, 150, 151, 152, 156, 157, 158, 167, 168, 170, 172, 173, 174, 175, 177, 178, 180, 181, 182, 183, 184, 187, 189, 190, 191, 193, 194, 196, 198, 200, 201, 202, 206, 208, 213, 215, 216, 219, 224, 226, 229, 231, 233, 234, 235, 237, 242, 244, 245, 251, 254, 255, 256, 260, 264, 266, 267, 268, 272, 273, 274, 277, 278, 283, 284, 285, 286, 288, 290, 291, 292, 293, 297, 300, 301, 304, 306, 307, 308, 309, 310, 311, 314, 315, 317, 319, 320, 324, 326, 327, 329, 330, 332, 333, 334, 335, 338, 340, 342, 344, 345, 348, 349, 350, 351, 352, 353, 355, 358, 360, 361, 362, 367, 368, 369, 371, 374, 378, 379, 380, 386, 387, 389, 392, 396, 398, 401, 402, 403, 404, 408, 409, 411, 414, 417, 418, 419, 421, 422, 423, 425, 426, 430, 435, 437, 438, 439, 440, 441, 442, 443, 444, 446, 447, 452, 456, 457, 459, 461, 462, 463, 464, 465, 467, 468, 471, 473, 475, 476, 477, 478, 481, 484, 485, 487, 488, 489, 490, 492, 493, 494, 495, 497, 498, 499, 504, 505, 508, 510, 513, 515, 516, 517, 518, 519, 521, 526, 529, 531, 532, 534, 537, 538, 539, 541, 542, 544, 548, 550, 555, 556, 559, 564, 566, 567, 570, 571, 573, 575, 576, 578, 579, 581, 583, 585, 586, 587, 589, 591, 593, 594, 601, 607, 608, 609, 610, 612, 613, 616, 618, 621, 622, 623, 624, 626, 628, 629, 631, 634, 636, 637, 638, 639, 643, 644, 645, 647, 648, 649, 650, 651, 653, 655, 657, 658, 660, 663, 664, 666, 671, 673, 674, 675, 677, 678, 679, 681, 683, 684, 686, 688, 693, 694, 695, 700, 701, 705, 706, 707, 708, 711, 713, 714, 715, 719, 720, 722, 723, 725, 726, 727, 728, 731, 733, 734, 735, 736, 737, 739, 740, 741, 743, 744, 748, 752, 754, 757, 760, 761, 762, 764, 766, 767, 768, 770, 773, 774, 777, 779, 780, 786, 788, 791, 793, 801, 802, 803, 804, 807, 808, 809, 811, 812, 813, 814, 815, 818, 820, 822, 823, 824, 826, 833, 834, 835, 840, 842, 844, 848, 850, 852, 853, 854, 855, 857, 859, 861, 862, 863, 864, 867, 868, 872, 877, 879, 880, 887, 889]
[14, 17, 28, 37, 39, 40, 53, 57, 59, 63, 70, 80, 97, 99, 104, 111, 112, 126, 133, 137, 149, 153, 159, 160, 163, 165, 170, 174, 189, 199, 215, 225, 229, 239, 252, 281, 306, 310, 311, 316, 319, 335, 339, 345, 350, 354, 369, 372, 380, 393, 400, 403, 407, 417, 424, 429, 454, 460, 469, 491, 492, 495, 517, 522, 543, 547, 549, 561, 562, 567, 570, 572, 576, 583, 586, 593, 597, 598, 599, 610, 612, 614, 615, 618, 627, 640, 649, 666, 670, 677, 686, 697, 706, 715, 716, 717, 723, 724, 739, 747, 749, 756, 759, 760, 765, 772, 786, 787, 790, 795, 796, 808, 809, 816, 818, 823, 832, 837, 840, 863, 880, 881]

[0, 1, 3, 4, 5, 8, 9, 11, 12, 13, 16, 18, 20, 22, 23, 24, 25, 27, 28, 30, 31, 32, 34, 35, 36, 38, 39, 40, 41, 43, 44, 46, 47, 48, 50, 51, 53, 54, 55, 56, 58, 59, 61, 64, 65, 66, 67, 68, 69, 70, 71, 75, 76, 82, 85, 86, 87, 92, 96, 98, 99, 100, 101, 102, 103, 104, 106, 107, 108, 110, 113, 115, 119, 120, 121, 123, 124, 125, 133, 134, 135, 137, 138, 141, 145, 146, 147, 148, 150, 151, 152, 156, 157, 158, 166, 167, 168, 170, 172, 173, 174, 175, 177, 178, 180, 181, 182, 183, 184, 187, 189, 190, 191, 193, 194, 196, 198, 200, 201, 202, 206, 208, 213, 215, 216, 217, 219, 224, 226, 228, 229, 231, 233, 234, 235, 237, 240, 242, 244, 245, 251, 254, 255, 256, 260, 263, 264, 266, 267, 268, 272, 273, 274, 275, 277, 278, 283, 284, 285, 286, 288, 290, 291, 292, 293, 297, 300, 301, 304, 306, 307, 308, 309, 310, 311, 314, 315, 317, 319, 320, 324, 326, 327, 329, 330, 332, 333, 334, 335, 338, 340, 341, 342, 344, 345, 348, 349, 350, 351, 352, 353, 355, 356, 358, 360, 361, 362, 367, 368, 369, 371, 374, 378, 379, 380, 384, 386, 387, 389, 391, 392, 396, 398, 400, 401, 402, 403, 404, 408, 409, 410, 411, 414, 417, 418, 419, 421, 422, 423, 425, 426, 430, 435, 437, 438, 439, 440, 441, 442, 443, 444, 446, 447, 452, 456, 457, 459, 461, 462, 463, 464, 465, 467, 468, 471, 473, 475, 476, 477, 478, 481, 484, 485, 487, 488, 489, 490, 492, 493, 494, 495, 497, 498, 499, 504, 505, 508, 510, 513, 515, 516, 517, 518, 519, 521, 526, 529, 531, 532, 534, 537, 538, 539, 541, 542, 544, 548, 550, 555, 556, 559, 564, 566, 567, 570, 571, 573, 575, 576, 578, 579, 581, 583, 585, 586, 587, 589, 591, 592, 593, 594, 601, 607, 608, 609, 610, 612, 613, 616, 618, 621, 622, 623, 624, 626, 627, 628, 629, 631, 634, 636, 637, 638, 639, 643, 644, 645, 647, 648, 649, 650, 651, 653, 655, 657, 658, 660, 663, 664, 666, 671, 673, 674, 675, 677, 678, 679, 681, 683, 684, 686, 688, 690, 691, 693, 694, 695, 700, 701, 705, 706, 707, 708, 711, 713, 714, 715, 719, 720, 722, 723, 725, 726, 727, 728, 730, 731, 733, 734, 735, 736, 737, 739, 740, 741, 742, 743, 744, 748, 752, 754, 755, 757, 760, 761, 762, 764, 766, 767, 768, 770, 773, 774, 777, 779, 780, 786, 788, 791, 793, 801, 802, 803, 804, 807, 808, 809, 811, 812, 813, 814, 815, 818, 820, 822, 823, 824, 826, 833, 834, 835, 840, 842, 844, 847, 848, 850, 852, 853, 854, 855, 857, 859, 861, 862, 863, 864, 867, 868, 872, 877, 879, 880, 887, 889]
[14, 17, 28, 37, 39, 40, 53, 57, 59, 63, 70, 80, 97, 99, 104, 111, 112, 126, 133, 137, 149, 153, 159, 160, 163, 165, 170, 174, 189, 199, 215, 225, 229, 239, 252, 281, 306, 310, 311, 316, 319, 335, 339, 345, 350, 354, 369, 372, 380, 393, 400, 403, 407, 417, 424, 429, 454, 460, 469, 491, 492, 495, 517, 522, 543, 547, 549, 561, 562, 567, 570, 572, 576, 583, 586, 593, 597, 598, 599, 610, 612, 614, 615, 618, 627, 640, 649, 666, 670, 677, 686, 697, 706, 715, 716, 717, 723, 724, 739, 747, 749, 756, 759, 760, 765, 772, 786, 787, 790, 795, 796, 808, 809, 816, 818, 823, 832, 837, 840, 863, 880, 881]

[0, 1, 3, 4, 5, 8, 9, 11, 12, 13, 16, 18, 20, 22, 23, 24, 25, 27, 28, 30, 31, 32, 34, 35, 36, 38, 39, 40, 41, 43, 44, 46, 47, 48, 50, 51, 53, 54, 55, 56, 58, 59, 61, 64, 65, 66, 67, 68, 69, 70, 71, 75, 76, 77, 79, 82, 85, 86, 87, 92, 96, 98, 99, 100, 101, 102, 103, 104, 106, 107, 108, 110, 113, 115, 119, 120, 121, 123, 124, 125, 129, 131, 133, 134, 135, 137, 138, 141, 145, 146, 147, 148, 150, 151, 152, 156, 157, 158, 166, 167, 168, 170, 172, 173, 174, 175, 177, 178, 180, 181, 182, 183, 184, 187, 189, 190, 191, 193, 194, 195, 196, 198, 200, 201, 202, 206, 208, 211, 213, 215, 216, 217, 219, 222, 224, 226, 228, 229, 231, 233, 234, 235, 237, 240, 242, 244, 245, 250, 251, 254, 255, 256, 260, 263, 264, 266, 267, 268, 272, 273, 274, 275, 277, 278, 283, 284, 285, 286, 288, 290, 291, 292, 293, 297, 300, 301, 304, 306, 307, 308, 309, 310, 311, 314, 315, 317, 319, 320, 324, 326, 327, 329, 330, 332, 333, 334, 335, 337, 338, 340, 341, 342, 344, 345, 348, 349, 350, 351, 352, 353, 355, 356, 358, 360, 361, 362, 367, 368, 369, 371, 374, 378, 379, 380, 382, 384, 386, 387, 389, 390, 391, 392, 396, 398, 400, 401, 402, 403, 404, 408, 409, 410, 411, 412, 414, 417, 418, 419, 421, 422, 423, 425, 426, 430, 435, 437, 438, 439, 440, 441, 442, 443, 444, 446, 447, 452, 454, 456, 457, 459, 461, 462, 463, 464, 465, 467, 468, 471, 473, 475, 476, 477, 478, 481, 484, 485, 487, 488, 489, 490, 492, 493, 494, 495, 497, 498, 499, 504, 505, 508, 510, 513, 515, 516, 517, 518, 519, 521, 526, 529, 531, 532, 534, 537, 538, 539, 541, 542, 544, 548, 550, 555, 556, 559, 564, 566, 567, 570, 571, 573, 575, 576, 578, 579, 580, 581, 583, 584, 585, 586, 587, 589, 591, 592, 593, 594, 601, 607, 608, 609, 610, 612, 613, 616, 618, 621, 622, 623, 624, 626, 627, 628, 629, 631, 633, 634, 636, 637, 638, 639, 643, 644, 645, 647, 648, 649, 650, 651, 653, 655, 657, 658, 660, 663, 664, 666, 671, 673, 674, 675, 676, 677, 678, 679, 681, 683, 684, 686, 687, 688, 690, 691, 693, 694, 695, 700, 701, 705, 706, 707, 708, 711, 713, 714, 715, 719, 720, 722, 723, 725, 726, 727, 728, 730, 731, 733, 734, 735, 736, 737, 739, 740, 741, 742, 743, 744, 747, 748, 750, 752, 754, 755, 757, 760, 761, 762, 764, 766, 767, 768, 770, 773, 774, 777, 779, 780, 786, 788, 791, 793, 797, 801, 802, 803, 804, 807, 808, 809, 811, 812, 813, 814, 815, 818, 820, 822, 823, 824, 826, 828, 833, 834, 835, 836, 839, 840, 842, 844, 847, 848, 850, 852, 853, 854, 855, 857, 859, 861, 862, 863, 864, 867, 868, 871, 872, 877, 879, 880, 887, 889]
[14, 17, 28, 37, 39, 40, 53, 57, 59, 63, 70, 80, 97, 99, 104, 111, 112, 126, 133, 137, 149, 153, 159, 160, 163, 165, 170, 174, 189, 199, 215, 225, 229, 239, 252, 281, 306, 310, 311, 316, 319, 335, 339, 345, 350, 354, 369, 372, 380, 393, 400, 403, 407, 417, 424, 429, 454, 460, 469, 491, 492, 495, 517, 522, 543, 547, 549, 561, 562, 567, 570, 572, 576, 583, 586, 593, 597, 598, 599, 610, 612, 614, 615, 618, 627, 640, 649, 666, 670, 677, 686, 697, 706, 715, 716, 717, 723, 724, 739, 747, 749, 756, 759, 760, 765, 772, 786, 787, 790, 795, 796, 808, 809, 816, 818, 823, 832, 837, 840, 863, 880, 881]

[0, 1, 3, 4, 5, 6, 8, 9, 11, 12, 13, 15, 16, 18, 20, 22, 23, 24, 25, 27, 28, 30, 31, 32, 34, 35, 36, 38, 39, 40, 41, 43, 44, 45, 46, 47, 48, 50, 51, 53, 54, 55, 56, 58, 59, 61, 64, 65, 66, 67, 68, 69, 70, 71, 75, 76, 77, 79, 82, 85, 86, 87, 92, 96, 98, 99, 100, 101, 102, 103, 104, 106, 107, 108, 109, 110, 113, 115, 119, 120, 121, 122, 123, 124, 125, 127, 129, 131, 133, 134, 135, 137, 138, 141, 145, 146, 147, 148, 150, 151, 152, 155, 156, 157, 158, 160, 166, 167, 168, 170, 172, 173, 174, 175, 177, 178, 180, 181, 182, 183, 184, 187, 189, 190, 191, 193, 194, 195, 196, 198, 200, 201, 202, 206, 208, 209, 211, 213, 215, 216, 217, 219, 222, 224, 226, 228, 229, 231, 233, 234, 235, 237, 240, 242, 244, 245, 250, 251, 254, 255, 256, 260, 263, 264, 266, 267, 268, 272, 273, 274, 275, 277, 278, 279, 283, 284, 285, 286, 288, 290, 291, 292, 293, 294, 297, 300, 301, 304, 306, 307, 308, 309, 310, 311, 313, 314, 315, 317, 319, 320, 324, 326, 327, 329, 330, 332, 333, 334, 335, 337, 338, 340, 341, 342, 344, 345, 348, 349, 350, 351, 352, 353, 355, 356, 358, 360, 361, 362, 367, 368, 369, 371, 374, 378, 379, 380, 382, 384, 386, 387, 389, 390, 391, 392, 396, 398, 400, 401, 402, 403, 404, 408, 409, 410, 411, 412, 414, 417, 418, 419, 421, 422, 423, 425, 426, 429, 430, 432, 435, 437, 438, 439, 440, 441, 442, 443, 444, 446, 447, 452, 454, 455, 456, 457, 459, 461, 462, 463, 464, 465, 467, 468, 471, 473, 475, 476, 477, 478, 481, 484, 485, 486, 487, 488, 489, 490, 492, 493, 494, 495, 497, 498, 499, 504, 505, 508, 510, 513, 515, 516, 517, 518, 519, 521, 526, 528, 529, 531, 532, 533, 534, 537, 538, 539, 541, 542, 544, 548, 550, 555, 556, 559, 564, 566, 567, 570, 571, 573, 575, 576, 578, 579, 580, 581, 583, 584, 585, 586, 587, 589, 591, 592, 593, 594, 601, 607, 608, 609, 610, 611, 612, 613, 616, 618, 621, 622, 623, 624, 626, 627, 628, 629, 631, 633, 634, 636, 637, 638, 639, 643, 644, 645, 647, 648, 649, 650, 651, 653, 655, 657, 658, 660, 663, 664, 666, 668, 671, 673, 674, 675, 676, 677, 678, 679, 681, 683, 684, 685, 686, 687, 688, 690, 691, 692, 693, 694, 695, 700, 701, 705, 706, 707, 708, 711, 713, 714, 715, 719, 720, 722, 723, 725, 726, 727, 728, 730, 731, 733, 734, 735, 736, 737, 739, 740, 741, 742, 743, 744, 747, 748, 750, 752, 754, 755, 757, 760, 761, 762, 764, 766, 767, 768, 770, 773, 774, 777, 779, 780, 783, 786, 788, 791, 793, 797, 801, 802, 803, 804, 807, 808, 809, 811, 812, 813, 814, 815, 818, 820, 821, 822, 823, 824, 826, 827, 828, 833, 834, 835, 836, 839, 840, 842, 844, 847, 848, 850, 852, 853, 854, 855, 857, 859, 861, 862, 863, 864, 867, 868, 871, 872, 877, 879, 880, 887, 889]
[14, 17, 28, 37, 39, 40, 53, 57, 59, 63, 70, 80, 97, 99, 104, 111, 112, 126, 133, 137, 149, 153, 159, 160, 163, 165, 170, 174, 189, 199, 215, 225, 229, 239, 252, 281, 306, 310, 311, 316, 319, 335, 339, 345, 350, 354, 369, 372, 380, 393, 400, 403, 407, 417, 424, 429, 454, 460, 469, 491, 492, 495, 517, 522, 543, 547, 549, 561, 562, 567, 570, 572, 576, 583, 586, 593, 597, 598, 599, 610, 612, 614, 615, 618, 627, 640, 649, 666, 670, 677, 686, 697, 706, 715, 716, 717, 723, 724, 739, 747, 749, 756, 759, 760, 765, 772, 786, 787, 790, 795, 796, 808, 809, 816, 818, 823, 832, 837, 840, 863, 880, 881]

[0, 1, 3, 4, 5, 6, 8, 9, 11, 12, 13, 15, 16, 17, 18, 19, 20, 21, 22, 23, 24, 25, 27, 28, 30, 31, 32, 34, 35, 36, 38, 39, 40, 41, 43, 44, 45, 46, 47, 48, 50, 51, 53, 54, 55, 56, 58, 59, 61, 64, 65, 66, 67, 68, 69, 70, 71, 75, 76, 77, 79, 82, 85, 86, 87, 92, 96, 97, 98, 99, 100, 101, 102, 103, 104, 106, 107, 108, 109, 110, 111, 113, 115, 119, 120, 121, 122, 123, 124, 125, 127, 129, 131, 133, 134, 135, 137, 138, 141, 142, 144, 145, 146, 147, 148, 149, 150, 151, 152, 155, 156, 157, 158, 160, 166, 167, 168, 170, 172, 173, 174, 175, 177, 178, 180, 181, 182, 183, 184, 187, 189, 190, 191, 193, 194, 195, 196, 198, 200, 201, 202, 205, 206, 208, 209, 211, 213, 215, 216, 217, 219, 222, 224, 226, 228, 229, 231, 233, 234, 235, 237, 240, 241, 242, 244, 245, 250, 251, 254, 255, 256, 260, 262, 263, 264, 266, 267, 268, 270, 272, 273, 274, 275, 277, 278, 279, 283, 284, 285, 286, 288, 290, 291, 292, 293, 294, 297, 300, 301, 304, 306, 307, 308, 309, 310, 311, 313, 314, 315, 317, 319, 320, 323, 324, 326, 327, 329, 330, 332, 333, 334, 335, 337, 338, 339, 340, 341, 342, 344, 345, 346, 348, 349, 350, 351, 352, 353, 355, 356, 358, 360, 361, 362, 367, 368, 369, 371, 374, 376, 378, 379, 380, 381, 382, 384, 386, 387, 389, 390, 391, 392, 396, 398, 400, 401, 402, 403, 404, 408, 409, 410, 411, 412, 413, 414, 417, 418, 419, 421, 422, 423, 425, 426, 429, 430, 432, 435, 437, 438, 439, 440, 441, 442, 443, 444, 446, 447, 452, 454, 455, 456, 457, 459, 461, 462, 463, 464, 465, 466, 467, 468, 471, 473, 475, 476, 477, 478, 481, 484, 485, 486, 487, 488, 489, 490, 492, 493, 494, 495, 497, 498, 499, 502, 504, 505, 508, 510, 513, 515, 516, 517, 518, 519, 521, 526, 528, 529, 531, 532, 533, 534, 537, 538, 539, 541, 542, 544, 545, 547, 548, 550, 555, 556, 559, 564, 566, 567, 570, 571, 573, 575, 576, 578, 579, 580, 581, 582, 583, 584, 585, 586, 587, 589, 591, 592, 593, 594, 601, 607, 608, 609, 610, 611, 612, 613, 616, 618, 621, 622, 623, 624, 626, 627, 628, 629, 631, 633, 634, 636, 637, 638, 639, 643, 644, 645, 647, 648, 649, 650, 651, 653, 655, 657, 658, 660, 663, 664, 666, 668, 671, 673, 674, 675, 676, 677, 678, 679, 681, 683, 684, 685, 686, 687, 688, 690, 691, 692, 693, 694, 695, 700, 701, 702, 705, 706, 707, 708, 711, 713, 714, 715, 719, 720, 722, 723, 725, 726, 727, 728, 730, 731, 733, 734, 735, 736, 737, 739, 740, 741, 742, 743, 744, 747, 748, 750, 752, 754, 755, 757, 760, 761, 762, 764, 766, 767, 768, 770, 773, 774, 777, 779, 780, 783, 786, 788, 791, 793, 797, 801, 802, 803, 804, 807, 808, 809, 811, 812, 813, 814, 815, 818, 820, 821, 822, 823, 824, 826, 827, 828, 833, 834, 835, 836, 839, 840, 842, 844, 847, 848, 850, 852, 853, 854, 855, 857, 859, 861, 862, 863, 864, 867, 868, 871, 872, 877, 878, 879, 880, 887, 889]
[14, 17, 28, 37, 39, 40, 53, 57, 59, 63, 70, 80, 97, 99, 104, 111, 112, 126, 133, 137, 149, 153, 159, 160, 163, 165, 170, 174, 189, 199, 215, 225, 229, 239, 252, 281, 306, 310, 311, 316, 319, 335, 339, 345, 350, 354, 369, 372, 380, 393, 400, 403, 407, 417, 424, 429, 454, 460, 469, 491, 492, 495, 517, 522, 543, 547, 549, 561, 562, 567, 570, 572, 576, 583, 586, 593, 597, 598, 599, 610, 612, 614, 615, 618, 627, 640, 649, 666, 670, 677, 686, 697, 706, 715, 716, 717, 723, 724, 739, 747, 749, 756, 759, 760, 765, 772, 786, 787, 790, 795, 796, 808, 809, 816, 818, 823, 832, 837, 840, 863, 880, 881]

[0, 1, 3, 4, 5, 6, 8, 9, 11, 12, 13, 15, 16, 17, 18, 19, 20, 21, 22, 23, 24, 25, 27, 28, 30, 31, 32, 34, 35, 36, 38, 39, 40, 41, 43, 44, 45, 46, 47, 48, 50, 51, 53, 54, 55, 56, 58, 59, 61, 64, 65, 66, 67, 68, 69, 70, 71, 74, 75, 76, 77, 79, 82, 85, 86, 87, 92, 96, 97, 98, 99, 100, 101, 102, 103, 104, 106, 107, 108, 109, 110, 111, 113, 115, 119, 120, 121, 122, 123, 124, 125, 127, 129, 131, 133, 134, 135, 137, 138, 141, 142, 144, 145, 146, 147, 148, 149, 150, 151, 152, 155, 156, 157, 158, 160, 166, 167, 168, 170, 172, 173, 174, 175, 177, 178, 180, 181, 182, 183, 184, 187, 189, 190, 191, 193, 194, 195, 196, 198, 200, 201, 202, 205, 206, 208, 209, 211, 213, 215, 216, 217, 219, 220, 222, 224, 226, 228, 229, 231, 233, 234, 235, 237, 240, 241, 242, 244, 245, 247, 250, 251, 254, 255, 256, 260, 262, 263, 264, 266, 267, 268, 269, 270, 272, 273, 274, 275, 277, 278, 279, 283, 284, 285, 286, 288, 290, 291, 292, 293, 294, 297, 298, 300, 301, 304, 306, 307, 308, 309, 310, 311, 313, 314, 315, 317, 319, 320, 323, 324, 326, 327, 329, 330, 332, 333, 334, 335, 337, 338, 339, 340, 341, 342, 344, 345, 346, 347, 348, 349, 350, 351, 352, 353, 355, 356, 358, 360, 361, 362, 365, 367, 368, 369, 371, 374, 376, 378, 379, 380, 381, 382, 384, 386, 387, 389, 390, 391, 392, 396, 398, 400, 401, 402, 403, 404, 406, 408, 409, 410, 411, 412, 413, 414, 417, 418, 419, 421, 422, 423, 425, 426, 429, 430, 432, 435, 437, 438, 439, 440, 441, 442, 443, 444, 446, 447, 451, 452, 454, 455, 456, 457, 458, 459, 461, 462, 463, 464, 465, 466, 467, 468, 471, 473, 475, 476, 477, 478, 481, 484, 485, 486, 487, 488, 489, 490, 492, 493, 494, 495, 497, 498, 499, 502, 504, 505, 508, 510, 513, 515, 516, 517, 518, 519, 521, 526, 528, 529, 530, 531, 532, 533, 534, 537, 538, 539, 541, 542, 544, 545, 547, 548, 550, 555, 556, 559, 564, 565, 566, 567, 570, 571, 573, 575, 576, 578, 579, 580, 581, 582, 583, 584, 585, 586, 587, 589, 591, 592, 593, 594, 595, 601, 607, 608, 609, 610, 611, 612, 613, 616, 618, 620, 621, 622, 623, 624, 626, 627, 628, 629, 631, 633, 634, 636, 637, 638, 639, 641, 642, 643, 644, 645, 647, 648, 649, 650, 651, 653, 655, 657, 658, 660, 663, 664, 666, 668, 671, 673, 674, 675, 676, 677, 678, 679, 681, 683, 684, 685, 686, 687, 688, 690, 691, 692, 693, 694, 695, 700, 701, 702, 705, 706, 707, 708, 711, 713, 714, 715, 719, 720, 722, 723, 725, 726, 727, 728, 730, 731, 733, 734, 735, 736, 737, 739, 740, 741, 742, 743, 744, 747, 748, 750, 752, 753, 754, 755, 757, 758, 760, 761, 762, 764, 766, 767, 768, 770, 773, 774, 775, 776, 777, 779, 780, 783, 785, 786, 788, 791, 793, 797, 801, 802, 803, 804, 807, 808, 809, 811, 812, 813, 814, 815, 818, 820, 821, 822, 823, 824, 826, 827, 828, 833, 834, 835, 836, 838, 839, 840, 842, 844, 847, 848, 850, 852, 853, 854, 855, 857, 858, 859, 861, 862, 863, 864, 867, 868, 871, 872, 873, 877, 878, 879, 880, 886, 887, 889]
[14, 17, 28, 37, 39, 40, 53, 57, 59, 63, 70, 80, 97, 99, 104, 111, 112, 126, 133, 137, 149, 153, 159, 160, 163, 165, 170, 174, 189, 199, 215, 225, 229, 239, 252, 281, 306, 310, 311, 316, 319, 335, 339, 345, 350, 354, 369, 372, 380, 393, 400, 403, 407, 417, 424, 429, 454, 460, 469, 491, 492, 495, 517, 522, 543, 547, 549, 561, 562, 567, 570, 572, 576, 583, 586, 593, 597, 598, 599, 610, 612, 614, 615, 618, 627, 640, 649, 666, 670, 677, 686, 697, 706, 715, 716, 717, 723, 724, 739, 747, 749, 756, 759, 760, 765, 772, 786, 787, 790, 795, 796, 808, 809, 816, 818, 823, 832, 837, 840, 863, 880, 881]

[0, 1, 3, 4, 5, 6, 8, 9, 11, 12, 13, 15, 16, 17, 18, 19, 20, 21, 22, 23, 24, 25, 27, 28, 30, 31, 32, 34, 35, 36, 37, 38, 39, 40, 41, 43, 44, 45, 46, 47, 48, 50, 51, 53, 54, 55, 56, 58, 59, 61, 64, 65, 66, 67, 68, 69, 70, 71, 74, 75, 76, 77, 79, 82, 85, 86, 87, 88, 92, 94, 96, 97, 98, 99, 100, 101, 102, 103, 104, 106, 107, 108, 109, 110, 111, 113, 115, 119, 120, 121, 122, 123, 124, 125, 127, 129, 130, 131, 133, 134, 135, 137, 138, 141, 142, 144, 145, 146, 147, 148, 149, 150, 151, 152, 155, 156, 157, 158, 160, 164, 166, 167, 168, 170, 172, 173, 174, 175, 176, 177, 178, 180, 181, 182, 183, 184, 187, 189, 190, 191, 193, 194, 195, 196, 198, 200, 201, 202, 205, 206, 208, 209, 211, 213, 215, 216, 217, 219, 220, 222, 224, 225, 226, 228, 229, 231, 233, 234, 235, 237, 238, 240, 241, 242, 244, 245, 247, 248, 250, 251, 254, 255, 256, 260, 262, 263, 264, 266, 267, 268, 269, 270, 272, 273, 274, 275, 277, 278, 279, 283, 284, 285, 286, 288, 290, 291, 292, 293, 294, 297, 298, 300, 301, 304, 306, 307, 308, 309, 310, 311, 313, 314, 315, 316, 317, 319, 320, 323, 324, 326, 327, 329, 330, 332, 333, 334, 335, 337, 338, 339, 340, 341, 342, 344, 345, 346, 347, 348, 349, 350, 351, 352, 353, 355, 356, 358, 360, 361, 362, 365, 367, 368, 369, 371, 374, 376, 378, 379, 380, 381, 382, 384, 386, 387, 389, 390, 391, 392, 396, 398, 400, 401, 402, 403, 404, 406, 408, 409, 410, 411, 412, 413, 414, 417, 418, 419, 421, 422, 423, 424, 425, 426, 428, 429, 430, 432, 435, 437, 438, 439, 440, 441, 442, 443, 444, 446, 447, 451, 452, 454, 455, 456, 457, 458, 459, 461, 462, 463, 464, 465, 466, 467, 468, 471, 473, 475, 476, 477, 478, 481, 484, 485, 486, 487, 488, 489, 490, 492, 493, 494, 495, 497, 498, 499, 502, 504, 505, 508, 510, 513, 515, 516, 517, 518, 519, 521, 522, 526, 528, 529, 530, 531, 532, 533, 534, 537, 538, 539, 541, 542, 544, 545, 547, 548, 550, 555, 556, 559, 564, 565, 566, 567, 570, 571, 573, 575, 576, 578, 579, 580, 581, 582, 583, 584, 585, 586, 587, 588, 589, 591, 592, 593, 594, 595, 598, 600, 601, 607, 608, 609, 610, 611, 612, 613, 614, 615, 616, 618, 620, 621, 622, 623, 624, 626, 627, 628, 629, 631, 633, 634, 636, 637, 638, 639, 641, 642, 643, 644, 645, 647, 648, 649, 650, 651, 653, 655, 657, 658, 660, 663, 664, 666, 668, 671, 672, 673, 674, 675, 676, 677, 678, 679, 681, 683, 684, 685, 686, 687, 688, 690, 691, 692, 693, 694, 695, 698, 700, 701, 702, 705, 706, 707, 708, 711, 713, 714, 715, 719, 720, 722, 723, 725, 726, 727, 728, 730, 731, 732, 733, 734, 735, 736, 737, 739, 740, 741, 742, 743, 744, 747, 748, 750, 752, 753, 754, 755, 756, 757, 758, 760, 761, 762, 764, 766, 767, 768, 769, 770, 773, 774, 775, 776, 777, 779, 780, 783, 784, 785, 786, 788, 789, 791, 793, 797, 801, 802, 803, 804, 807, 808, 809, 811, 812, 813, 814, 815, 818, 820, 821, 822, 823, 824, 826, 827, 828, 833, 834, 835, 836, 838, 839, 840, 842, 844, 847, 848, 850, 852, 853, 854, 855, 857, 858, 859, 861, 862, 863, 864, 867, 868, 871, 872, 873, 877, 878, 879, 880, 886, 887, 889]
[14, 17, 28, 37, 39, 40, 53, 57, 59, 63, 70, 80, 97, 99, 104, 111, 112, 126, 133, 137, 149, 153, 159, 160, 163, 165, 170, 174, 189, 199, 215, 225, 229, 239, 252, 281, 306, 310, 311, 316, 319, 335, 339, 345, 350, 354, 369, 372, 380, 393, 400, 403, 407, 417, 424, 429, 454, 460, 469, 491, 492, 495, 517, 522, 543, 547, 549, 561, 562, 567, 570, 572, 576, 583, 586, 593, 597, 598, 599, 610, 612, 614, 615, 618, 627, 640, 649, 666, 670, 677, 686, 697, 706, 715, 716, 717, 723, 724, 739, 747, 749, 756, 759, 760, 765, 772, 786, 787, 790, 795, 796, 808, 809, 816, 818, 823, 832, 837, 840, 863, 880, 881]

[0, 1, 3, 4, 5, 6, 8, 9, 11, 12, 13, 14, 15, 16, 17, 18, 19, 20, 21, 22, 23, 24, 25, 27, 28, 30, 31, 32, 33, 34, 35, 36, 37, 38, 39, 40, 41, 43, 44, 45, 46, 47, 48, 50, 51, 53, 54, 55, 56, 58, 59, 60, 61, 62, 64, 65, 66, 67, 68, 69, 70, 71, 72, 74, 75, 76, 77, 79, 82, 85, 86, 87, 88, 92, 94, 96, 97, 98, 99, 100, 101, 102, 103, 104, 106, 107, 108, 109, 110, 111, 113, 115, 118, 119, 120, 121, 122, 123, 124, 125, 127, 129, 130, 131, 133, 134, 135, 137, 138, 141, 142, 144, 145, 146, 147, 148, 149, 150, 151, 152, 155, 156, 157, 158, 160, 164, 166, 167, 168, 170, 172, 173, 174, 175, 176, 177, 178, 180, 181, 182, 183, 184, 186, 187, 189, 190, 191, 193, 194, 195, 196, 198, 200, 201, 202, 205, 206, 208, 209, 211, 213, 215, 216, 217, 218, 219, 220, 222, 224, 225, 226, 228, 229, 231, 233, 234, 235, 237, 238, 240, 241, 242, 243, 244, 245, 246, 247, 248, 250, 251, 254, 255, 256, 260, 262, 263, 264, 266, 267, 268, 269, 270, 272, 273, 274, 275, 276, 277, 278, 279, 283, 284, 285, 286, 288, 290, 291, 292, 293, 294, 297, 298, 300, 301, 304, 306, 307, 308, 309, 310, 311, 313, 314, 315, 316, 317, 319, 320, 323, 324, 326, 327, 329, 330, 332, 333, 334, 335, 337, 338, 339, 340, 341, 342, 344, 345, 346, 347, 348, 349, 350, 351, 352, 353, 354, 355, 356, 358, 360, 361, 362, 365, 367, 368, 369, 371, 374, 376, 378, 379, 380, 381, 382, 384, 386, 387, 389, 390, 391, 392, 396, 398, 400, 401, 402, 403, 404, 406, 408, 409, 410, 411, 412, 413, 414, 417, 418, 419, 421, 422, 423, 424, 425, 426, 427, 428, 429, 430, 432, 435, 437, 438, 439, 440, 441, 442, 443, 444, 446, 447, 451, 452, 454, 455, 456, 457, 458, 459, 461, 462, 463, 464, 465, 466, 467, 468, 471, 473, 475, 476, 477, 478, 481, 484, 485, 486, 487, 488, 489, 490, 492, 493, 494, 495, 497, 498, 499, 501, 502, 504, 505, 508, 510, 513, 515, 516, 517, 518, 519, 521, 522, 526, 528, 529, 530, 531, 532, 533, 534, 537, 538, 539, 541, 542, 544, 545, 547, 548, 550, 555, 556, 559, 564, 565, 566, 567, 570, 571, 573, 575, 576, 578, 579, 580, 581, 582, 583, 584, 585, 586, 587, 588, 589, 591, 592, 593, 594, 595, 598, 600, 601, 607, 608, 609, 610, 611, 612, 613, 614, 615, 616, 618, 620, 621, 622, 623, 624, 626, 627, 628, 629, 631, 633, 634, 636, 637, 638, 639, 641, 642, 643, 644, 645, 647, 648, 649, 650, 651, 653, 655, 657, 658, 660, 661, 663, 664, 666, 668, 669, 671, 672, 673, 674, 675, 676, 677, 678, 679, 681, 683, 684, 685, 686, 687, 688, 690, 691, 692, 693, 694, 695, 697, 698, 699, 700, 701, 702, 705, 706, 707, 708, 711, 713, 714, 715, 719, 720, 722, 723, 725, 726, 727, 728, 730, 731, 732, 733, 734, 735, 736, 737, 738, 739, 740, 741, 742, 743, 744, 746, 747, 748, 750, 752, 753, 754, 755, 756, 757, 758, 760, 761, 762, 764, 766, 767, 768, 769, 770, 773, 774, 775, 776, 777, 779, 780, 783, 784, 785, 786, 788, 789, 791, 793, 794, 797, 801, 802, 803, 804, 807, 808, 809, 811, 812, 813, 814, 815, 818, 820, 821, 822, 823, 824, 826, 827, 828, 831, 833, 834, 835, 836, 837, 838, 839, 840, 842, 843, 844, 846, 847, 848, 850, 852, 853, 854, 855, 857, 858, 859, 861, 862, 863, 864, 867, 868, 871, 872, 873, 877, 878, 879, 880, 886, 887, 889]
[14, 17, 28, 37, 39, 40, 53, 57, 59, 63, 70, 80, 97, 99, 104, 111, 112, 126, 133, 137, 149, 153, 159, 160, 163, 165, 170, 174, 189, 199, 215, 225, 229, 239, 252, 281, 306, 310, 311, 316, 319, 335, 339, 345, 350, 354, 369, 372, 380, 393, 400, 403, 407, 417, 424, 429, 454, 460, 469, 491, 492, 495, 517, 522, 543, 547, 549, 561, 562, 567, 570, 572, 576, 583, 586, 593, 597, 598, 599, 610, 612, 614, 615, 618, 627, 640, 649, 666, 670, 677, 686, 697, 706, 715, 716, 717, 723, 724, 739, 747, 749, 756, 759, 760, 765, 772, 786, 787, 790, 795, 796, 808, 809, 816, 818, 823, 832, 837, 840, 863, 880, 881]

[0, 1, 3, 4, 5, 6, 8, 9, 11, 12, 13, 14, 15, 16, 17, 18, 19, 20, 21, 22, 23, 24, 25, 27, 28, 30, 31, 32, 33, 34, 35, 36, 37, 38, 39, 40, 41, 43, 44, 45, 46, 47, 48, 50, 51, 53, 54, 55, 56, 58, 59, 60, 61, 62, 64, 65, 66, 67, 68, 69, 70, 71, 72, 73, 74, 75, 76, 77, 79, 82, 85, 86, 87, 88, 92, 94, 95, 96, 97, 98, 99, 100, 101, 102, 103, 104, 106, 107, 108, 109, 110, 111, 113, 115, 118, 119, 120, 121, 122, 123, 124, 125, 127, 129, 130, 131, 133, 134, 135, 137, 138, 140, 141, 142, 144, 145, 146, 147, 148, 149, 150, 151, 152, 155, 156, 157, 158, 160, 162, 164, 166, 167, 168, 170, 172, 173, 174, 175, 176, 177, 178, 180, 181, 182, 183, 184, 186, 187, 188, 189, 190, 191, 193, 194, 195, 196, 198, 200, 201, 202, 205, 206, 208, 209, 211, 213, 215, 216, 217, 218, 219, 220, 222, 223, 224, 225, 226, 228, 229, 230, 231, 233, 234, 235, 237, 238, 240, 241, 242, 243, 244, 245, 246, 247, 248, 250, 251, 254, 255, 256, 260, 262, 263, 264, 266, 267, 268, 269, 270, 272, 273, 274, 275, 276, 277, 278, 279, 283, 284, 285, 286, 288, 290, 291, 292, 293, 294, 297, 298, 300, 301, 302, 304, 306, 307, 308, 309, 310, 311, 313, 314, 315, 316, 317, 318, 319, 320, 321, 323, 324, 326, 327, 329, 330, 332, 333, 334, 335, 337, 338, 339, 340, 341, 342, 344, 345, 346, 347, 348, 349, 350, 351, 352, 353, 354, 355, 356, 358, 360, 361, 362, 365, 366, 367, 368, 369, 371, 374, 376, 378, 379, 380, 381, 382, 384, 385, 386, 387, 388, 389, 390, 391, 392, 396, 398, 400, 401, 402, 403, 404, 406, 408, 409, 410, 411, 412, 413, 414, 417, 418, 419, 421, 422, 423, 424, 425, 426, 427, 428, 429, 430, 432, 435, 436, 437, 438, 439, 440, 441, 442, 443, 444, 446, 447, 451, 452, 454, 455, 456, 457, 458, 459, 461, 462, 463, 464, 465, 466, 467, 468, 471, 473, 475, 476, 477, 478, 481, 484, 485, 486, 487, 488, 489, 490, 492, 493, 494, 495, 497, 498, 499, 501, 502, 504, 505, 508, 510, 513, 515, 516, 517, 518, 519, 520, 521, 522, 526, 528, 529, 530, 531, 532, 533, 534, 537, 538, 539, 541, 542, 544, 545, 547, 548, 550, 555, 556, 559, 564, 565, 566, 567, 570, 571, 573, 575, 576, 578, 579, 580, 581, 582, 583, 584, 585, 586, 587, 588, 589, 590, 591, 592, 593, 594, 595, 598, 600, 601, 604, 607, 608, 609, 610, 611, 612, 613, 614, 615, 616, 617, 618, 619, 620, 621, 622, 623, 624, 626, 627, 628, 629, 631, 633, 634, 636, 637, 638, 639, 641, 642, 643, 644, 645, 647, 648, 649, 650, 651, 653, 655, 657, 658, 660, 661, 663, 664, 666, 668, 669, 671, 672, 673, 674, 675, 676, 677, 678, 679, 681, 683, 684, 685, 686, 687, 688, 690, 691, 692, 693, 694, 695, 697, 698, 699, 700, 701, 702, 705, 706, 707, 708, 711, 713, 714, 715, 719, 720, 722, 723, 724, 725, 726, 727, 728, 729, 730, 731, 732, 733, 734, 735, 736, 737, 738, 739, 740, 741, 742, 743, 744, 746, 747, 748, 750, 752, 753, 754, 755, 756, 757, 758, 760, 761, 762, 764, 766, 767, 768, 769, 770, 773, 774, 775, 776, 777, 779, 780, 783, 784, 785, 786, 788, 789, 791, 793, 794, 797, 798, 801, 802, 803, 804, 807, 808, 809, 811, 812, 813, 814, 815, 818, 820, 821, 822, 823, 824, 825, 826, 827, 828, 831, 833, 834, 835, 836, 837, 838, 839, 840, 842, 843, 844, 846, 847, 848, 850, 852, 853, 854, 855, 857, 858, 859, 861, 862, 863, 864, 867, 868, 871, 872, 873, 875, 877, 878, 879, 880, 883, 886, 887, 889]
[14, 17, 28, 37, 39, 40, 53, 57, 59, 63, 70, 80, 97, 99, 104, 111, 112, 126, 133, 137, 149, 153, 159, 160, 163, 165, 170, 174, 189, 199, 215, 225, 229, 239, 252, 281, 306, 310, 311, 316, 319, 335, 339, 345, 350, 354, 369, 372, 380, 393, 400, 403, 407, 417, 424, 429, 454, 460, 469, 491, 492, 495, 517, 522, 543, 547, 549, 561, 562, 567, 570, 572, 576, 583, 586, 593, 597, 598, 599, 610, 612, 614, 615, 618, 627, 640, 649, 666, 670, 677, 686, 697, 706, 715, 716, 717, 723, 724, 739, 747, 749, 756, 759, 760, 765, 772, 786, 787, 790, 795, 796, 808, 809, 816, 818, 823, 832, 837, 840, 863, 880, 881]

[0, 1, 3, 4, 5, 6, 8, 9, 11, 12, 13, 14, 15, 16, 17, 18, 19, 20, 21, 22, 23, 24, 25, 27, 28, 30, 31, 32, 33, 34, 35, 36, 37, 38, 39, 40, 41, 43, 44, 45, 46, 47, 48, 50, 51, 53, 54, 55, 56, 58, 59, 60, 61, 62, 64, 65, 66, 67, 68, 69, 70, 71, 72, 73, 74, 75, 76, 77, 79, 82, 85, 86, 87, 88, 92, 94, 95, 96, 97, 98, 99, 100, 101, 102, 103, 104, 106, 107, 108, 109, 110, 111, 113, 115, 118, 119, 120, 121, 122, 123, 124, 125, 127, 129, 130, 131, 133, 134, 135, 136, 137, 138, 140, 141, 142, 144, 145, 146, 147, 148, 149, 150, 151, 152, 153, 155, 156, 157, 158, 160, 161, 162, 164, 166, 167, 168, 170, 172, 173, 174, 175, 176, 177, 178, 180, 181, 182, 183, 184, 186, 187, 188, 189, 190, 191, 193, 194, 195, 196, 198, 200, 201, 202, 205, 206, 207, 208, 209, 211, 213, 215, 216, 217, 218, 219, 220, 221, 222, 223, 224, 225, 226, 228, 229, 230, 231, 233, 234, 235, 237, 238, 240, 241, 242, 243, 244, 245, 246, 247, 248, 250, 251, 254, 255, 256, 260, 262, 263, 264, 266, 267, 268, 269, 270, 272, 273, 274, 275, 276, 277, 278, 279, 283, 284, 285, 286, 288, 290, 291, 292, 293, 294, 295, 297, 298, 300, 301, 302, 304, 306, 307, 308, 309, 310, 311, 313, 314, 315, 316, 317, 318, 319, 320, 321, 323, 324, 326, 327, 329, 330, 332, 333, 334, 335, 337, 338, 339, 340, 341, 342, 344, 345, 346, 347, 348, 349, 350, 351, 352, 353, 354, 355, 356, 358, 359, 360, 361, 362, 364, 365, 366, 367, 368, 369, 371, 374, 376, 377, 378, 379, 380, 381, 382, 384, 385, 386, 387, 388, 389, 390, 391, 392, 393, 396, 398, 399, 400, 401, 402, 403, 404, 406, 407, 408, 409, 410, 411, 412, 413, 414, 417, 418, 419, 421, 422, 423, 424, 425, 426, 427, 428, 429, 430, 432, 435, 436, 437, 438, 439, 440, 441, 442, 443, 444, 446, 447, 451, 452, 454, 455, 456, 457, 458, 459, 461, 462, 463, 464, 465, 466, 467, 468, 471, 473, 475, 476, 477, 478, 481, 484, 485, 486, 487, 488, 489, 490, 492, 493, 494, 495, 496, 497, 498, 499, 501, 502, 504, 505, 508, 510, 513, 515, 516, 517, 518, 519, 520, 521, 522, 524, 526, 527, 528, 529, 530, 531, 532, 533, 534, 537, 538, 539, 541, 542, 544, 545, 547, 548, 550, 554, 555, 556, 559, 561, 564, 565, 566, 567, 570, 571, 573, 575, 576, 578, 579, 580, 581, 582, 583, 584, 585, 586, 587, 588, 589, 590, 591, 592, 593, 594, 595, 598, 600, 601, 604, 605, 607, 608, 609, 610, 611, 612, 613, 614, 615, 616, 617, 618, 619, 620, 621, 622, 623, 624, 625, 626, 627, 628, 629, 631, 632, 633, 634, 636, 637, 638, 639, 640, 641, 642, 643, 644, 645, 647, 648, 649, 650, 651, 653, 655, 657, 658, 660, 661, 663, 664, 666, 668, 669, 671, 672, 673, 674, 675, 676, 677, 678, 679, 681, 683, 684, 685, 686, 687, 688, 690, 691, 692, 693, 694, 695, 697, 698, 699, 700, 701, 702, 705, 706, 707, 708, 711, 713, 714, 715, 718, 719, 720, 722, 723, 724, 725, 726, 727, 728, 729, 730, 731, 732, 733, 734, 735, 736, 737, 738, 739, 740, 741, 742, 743, 744, 746, 747, 748, 750, 752, 753, 754, 755, 756, 757, 758, 760, 761, 762, 763, 764, 766, 767, 768, 769, 770, 771, 773, 774, 775, 776, 777, 779, 780, 783, 784, 785, 786, 788, 789, 791, 793, 794, 797, 798, 801, 802, 803, 804, 807, 808, 809, 811, 812, 813, 814, 815, 818, 820, 821, 822, 823, 824, 825, 826, 827, 828, 829, 831, 833, 834, 835, 836, 837, 838, 839, 840, 842, 843, 844, 846, 847, 848, 850, 852, 853, 854, 855, 857, 858, 859, 861, 862, 863, 864, 867, 868, 871, 872, 873, 875, 877, 878, 879, 880, 883, 886, 887, 889]
[14, 17, 28, 37, 39, 40, 53, 57, 59, 63, 70, 80, 97, 99, 104, 111, 112, 126, 133, 137, 149, 153, 159, 160, 163, 165, 170, 174, 189, 199, 215, 225, 229, 239, 252, 281, 306, 310, 311, 316, 319, 335, 339, 345, 350, 354, 369, 372, 380, 393, 400, 403, 407, 417, 424, 429, 454, 460, 469, 491, 492, 495, 517, 522, 543, 547, 549, 561, 562, 567, 570, 572, 576, 583, 586, 593, 597, 598, 599, 610, 612, 614, 615, 618, 627, 640, 649, 666, 670, 677, 686, 697, 706, 715, 716, 717, 723, 724, 739, 747, 749, 756, 759, 760, 765, 772, 786, 787, 790, 795, 796, 808, 809, 816, 818, 823, 832, 837, 840, 863, 880, 881]

[0, 1, 3, 4, 5, 6, 8, 9, 10, 11, 12, 13, 14, 15, 16, 17, 18, 19, 20, 21, 22, 23, 24, 25, 27, 28, 30, 31, 32, 33, 34, 35, 36, 37, 38, 39, 40, 41, 42, 43, 44, 45, 46, 47, 48, 50, 51, 53, 54, 55, 56, 58, 59, 60, 61, 62, 64, 65, 66, 67, 68, 69, 70, 71, 72, 73, 74, 75, 76, 77, 78, 79, 82, 85, 86, 87, 88, 91, 92, 94, 95, 96, 97, 98, 99, 100, 101, 102, 103, 104, 106, 107, 108, 109, 110, 111, 113, 115, 118, 119, 120, 121, 122, 123, 124, 125, 127, 128, 129, 130, 131, 133, 134, 135, 136, 137, 138, 140, 141, 142, 144, 145, 146, 147, 148, 149, 150, 151, 152, 153, 155, 156, 157, 158, 160, 161, 162, 164, 166, 167, 168, 170, 172, 173, 174, 175, 176, 177, 178, 180, 181, 182, 183, 184, 186, 187, 188, 189, 190, 191, 193, 194, 195, 196, 198, 200, 201, 202, 205, 206, 207, 208, 209, 211, 212, 213, 214, 215, 216, 217, 218, 219, 220, 221, 222, 223, 224, 225, 226, 227, 228, 229, 230, 231, 233, 234, 235, 237, 238, 240, 241, 242, 243, 244, 245, 246, 247, 248, 250, 251, 252, 254, 255, 256, 258, 260, 262, 263, 264, 266, 267, 268, 269, 270, 272, 273, 274, 275, 276, 277, 278, 279, 283, 284, 285, 286, 288, 290, 291, 292, 293, 294, 295, 297, 298, 300, 301, 302, 304, 306, 307, 308, 309, 310, 311, 313, 314, 315, 316, 317, 318, 319, 320, 321, 323, 324, 326, 327, 329, 330, 332, 333, 334, 335, 337, 338, 339, 340, 341, 342, 344, 345, 346, 347, 348, 349, 350, 351, 352, 353, 354, 355, 356, 358, 359, 360, 361, 362, 364, 365, 366, 367, 368, 369, 371, 374, 376, 377, 378, 379, 380, 381, 382, 384, 385, 386, 387, 388, 389, 390, 391, 392, 393, 396, 398, 399, 400, 401, 402, 403, 404, 406, 407, 408, 409, 410, 411, 412, 413, 414, 417, 418, 419, 421, 422, 423, 424, 425, 426, 427, 428, 429, 430, 432, 435, 436, 437, 438, 439, 440, 441, 442, 443, 444, 446, 447, 450, 451, 452, 454, 455, 456, 457, 458, 459, 461, 462, 463, 464, 465, 466, 467, 468, 470, 471, 473, 475, 476, 477, 478, 480, 481, 482, 484, 485, 486, 487, 488, 489, 490, 492, 493, 494, 495, 496, 497, 498, 499, 501, 502, 504, 505, 508, 509, 510, 513, 515, 516, 517, 518, 519, 520, 521, 522, 524, 526, 527, 528, 529, 530, 531, 532, 533, 534, 537, 538, 539, 541, 542, 543, 544, 545, 547, 548, 550, 554, 555, 556, 559, 561, 564, 565, 566, 567, 570, 571, 573, 575, 576, 578, 579, 580, 581, 582, 583, 584, 585, 586, 587, 588, 589, 590, 591, 592, 593, 594, 595, 596, 598, 600, 601, 602, 604, 605, 607, 608, 609, 610, 611, 612, 613, 614, 615, 616, 617, 618, 619, 620, 621, 622, 623, 624, 625, 626, 627, 628, 629, 631, 632, 633, 634, 636, 637, 638, 639, 640, 641, 642, 643, 644, 645, 647, 648, 649, 650, 651, 653, 655, 657, 658, 660, 661, 663, 664, 665, 666, 668, 669, 671, 672, 673, 674, 675, 676, 677, 678, 679, 681, 682, 683, 684, 685, 686, 687, 688, 689, 690, 691, 692, 693, 694, 695, 697, 698, 699, 700, 701, 702, 705, 706, 707, 708, 709, 711, 713, 714, 715, 716, 718, 719, 720, 722, 723, 724, 725, 726, 727, 728, 729, 730, 731, 732, 733, 734, 735, 736, 737, 738, 739, 740, 741, 742, 743, 744, 746, 747, 748, 750, 751, 752, 753, 754, 755, 756, 757, 758, 760, 761, 762, 763, 764, 766, 767, 768, 769, 770, 771, 773, 774, 775, 776, 777, 779, 780, 783, 784, 785, 786, 788, 789, 791, 793, 794, 797, 798, 801, 802, 803, 804, 807, 808, 809, 811, 812, 813, 814, 815, 818, 820, 821, 822, 823, 824, 825, 826, 827, 828, 829, 831, 833, 834, 835, 836, 837, 838, 839, 840, 842, 843, 844, 846, 847, 848, 850, 852, 853, 854, 855, 857, 858, 859, 861, 862, 863, 864, 867, 868, 871, 872, 873, 875, 877, 878, 879, 880, 883, 885, 886, 887, 889]
[14, 17, 28, 37, 39, 40, 53, 57, 59, 63, 70, 80, 97, 99, 104, 111, 112, 126, 133, 137, 149, 153, 159, 160, 163, 165, 170, 174, 189, 199, 215, 225, 229, 239, 252, 281, 306, 310, 311, 316, 319, 335, 339, 345, 350, 354, 369, 372, 380, 393, 400, 403, 407, 417, 424, 429, 454, 460, 469, 491, 492, 495, 517, 522, 543, 547, 549, 561, 562, 567, 570, 572, 576, 583, 586, 593, 597, 598, 599, 610, 612, 614, 615, 618, 627, 640, 649, 666, 670, 677, 686, 697, 706, 715, 716, 717, 723, 724, 739, 747, 749, 756, 759, 760, 765, 772, 786, 787, 790, 795, 796, 808, 809, 816, 818, 823, 832, 837, 840, 863, 880, 881]

[0, 1, 3, 4, 5, 6, 8, 9, 10, 11, 12, 13, 14, 15, 16, 17, 18, 19, 20, 21, 22, 23, 24, 25, 27, 28, 30, 31, 32, 33, 34, 35, 36, 37, 38, 39, 40, 41, 42, 43, 44, 45, 46, 47, 48, 50, 51, 53, 54, 55, 56, 58, 59, 60, 61, 62, 64, 65, 66, 67, 68, 69, 70, 71, 72, 73, 74, 75, 76, 77, 78, 79, 82, 85, 86, 87, 88, 91, 92, 94, 95, 96, 97, 98, 99, 100, 101, 102, 103, 104, 105, 106, 107, 108, 109, 110, 111, 112, 113, 115, 117, 118, 119, 120, 121, 122, 123, 124, 125, 127, 128, 129, 130, 131, 133, 134, 135, 136, 137, 138, 140, 141, 142, 143, 144, 145, 146, 147, 148, 149, 150, 151, 152, 153, 155, 156, 157, 158, 160, 161, 162, 164, 166, 167, 168, 169, 170, 172, 173, 174, 175, 176, 177, 178, 180, 181, 182, 183, 184, 186, 187, 188, 189, 190, 191, 193, 194, 195, 196, 198, 200, 201, 202, 205, 206, 207, 208, 209, 211, 212, 213, 214, 215, 216, 217, 218, 219, 220, 221, 222, 223, 224, 225, 226, 227, 228, 229, 230, 231, 233, 234, 235, 237, 238, 240, 241, 242, 243, 244, 245, 246, 247, 248, 250, 251, 252, 254, 255, 256, 258, 260, 262, 263, 264, 266, 267, 268, 269, 270, 272, 273, 274, 275, 276, 277, 278, 279, 283, 284, 285, 286, 288, 289, 290, 291, 292, 293, 294, 295, 297, 298, 300, 301, 302, 304, 305, 306, 307, 308, 309, 310, 311, 313, 314, 315, 316, 317, 318, 319, 320, 321, 323, 324, 326, 327, 329, 330, 332, 333, 334, 335, 337, 338, 339, 340, 341, 342, 344, 345, 346, 347, 348, 349, 350, 351, 352, 353, 354, 355, 356, 358, 359, 360, 361, 362, 364, 365, 366, 367, 368, 369, 371, 373, 374, 376, 377, 378, 379, 380, 381, 382, 384, 385, 386, 387, 388, 389, 390, 391, 392, 393, 395, 396, 398, 399, 400, 401, 402, 403, 404, 406, 407, 408, 409, 410, 411, 412, 413, 414, 417, 418, 419, 421, 422, 423, 424, 425, 426, 427, 428, 429, 430, 432, 434, 435, 436, 437, 438, 439, 440, 441, 442, 443, 444, 446, 447, 450, 451, 452, 454, 455, 456, 457, 458, 459, 461, 462, 463, 464, 465, 466, 467, 468, 470, 471, 472, 473, 475, 476, 477, 478, 480, 481, 482, 484, 485, 486, 487, 488, 489, 490, 492, 493, 494, 495, 496, 497, 498, 499, 501, 502, 504, 505, 508, 509, 510, 511, 512, 513, 515, 516, 517, 518, 519, 520, 521, 522, 524, 526, 527, 528, 529, 530, 531, 532, 533, 534, 537, 538, 539, 541, 542, 543, 544, 545, 547, 548, 550, 554, 555, 556, 557, 559, 561, 564, 565, 566, 567, 570, 571, 573, 575, 576, 578, 579, 580, 581, 582, 583, 584, 585, 586, 587, 588, 589, 590, 591, 592, 593, 594, 595, 596, 598, 600, 601, 602, 603, 604, 605, 606, 607, 608, 609, 610, 611, 612, 613, 614, 615, 616, 617, 618, 619, 620, 621, 622, 623, 624, 625, 626, 627, 628, 629, 631, 632, 633, 634, 636, 637, 638, 639, 640, 641, 642, 643, 644, 645, 647, 648, 649, 650, 651, 653, 655, 657, 658, 660, 661, 663, 664, 665, 666, 668, 669, 671, 672, 673, 674, 675, 676, 677, 678, 679, 681, 682, 683, 684, 685, 686, 687, 688, 689, 690, 691, 692, 693, 694, 695, 697, 698, 699, 700, 701, 702, 705, 706, 707, 708, 709, 711, 712, 713, 714, 715, 716, 718, 719, 720, 722, 723, 724, 725, 726, 727, 728, 729, 730, 731, 732, 733, 734, 735, 736, 737, 738, 739, 740, 741, 742, 743, 744, 746, 747, 748, 750, 751, 752, 753, 754, 755, 756, 757, 758, 760, 761, 762, 763, 764, 766, 767, 768, 769, 770, 771, 773, 774, 775, 776, 777, 778, 779, 780, 783, 784, 785, 786, 788, 789, 791, 793, 794, 796, 797, 798, 801, 802, 803, 804, 806, 807, 808, 809, 811, 812, 813, 814, 815, 818, 820, 821, 822, 823, 824, 825, 826, 827, 828, 829, 830, 831, 833, 834, 835, 836, 837, 838, 839, 840, 842, 843, 844, 846, 847, 848, 850, 852, 853, 854, 855, 856, 857, 858, 859, 861, 862, 863, 864, 867, 868, 869, 871, 872, 873, 875, 877, 878, 879, 880, 883, 884, 885, 886, 887, 888, 889]
[14, 17, 28, 37, 39, 40, 53, 57, 59, 63, 70, 80, 97, 99, 104, 111, 112, 126, 133, 137, 149, 153, 159, 160, 163, 165, 170, 174, 189, 199, 215, 225, 229, 239, 252, 281, 306, 310, 311, 316, 319, 335, 339, 345, 350, 354, 369, 372, 380, 393, 400, 403, 407, 417, 424, 429, 454, 460, 469, 491, 492, 495, 517, 522, 543, 547, 549, 561, 562, 567, 570, 572, 576, 583, 586, 593, 597, 598, 599, 610, 612, 614, 615, 618, 627, 640, 649, 666, 670, 677, 686, 697, 706, 715, 716, 717, 723, 724, 739, 747, 749, 756, 759, 760, 765, 772, 786, 787, 790, 795, 796, 808, 809, 816, 818, 823, 832, 837, 840, 863, 880, 881]

[0, 1, 3, 4, 5, 6, 8, 9, 10, 11, 12, 13, 14, 15, 16, 17, 18, 19, 20, 21, 22, 23, 24, 25, 27, 28, 30, 31, 32, 33, 34, 35, 36, 37, 38, 39, 40, 41, 42, 43, 44, 45, 46, 47, 48, 49, 50, 51, 53, 54, 55, 56, 57, 58, 59, 60, 61, 62, 64, 65, 66, 67, 68, 69, 70, 71, 72, 73, 74, 75, 76, 77, 78, 79, 81, 82, 85, 86, 87, 88, 91, 92, 94, 95, 96, 97, 98, 99, 100, 101, 102, 103, 104, 105, 106, 107, 108, 109, 110, 111, 112, 113, 115, 117, 118, 119, 120, 121, 122, 123, 124, 125, 127, 128, 129, 130, 131, 133, 134, 135, 136, 137, 138, 140, 141, 142, 143, 144, 145, 146, 147, 148, 149, 150, 151, 152, 153, 155, 156, 157, 158, 159, 160, 161, 162, 163, 164, 166, 167, 168, 169, 170, 172, 173, 174, 175, 176, 177, 178, 180, 181, 182, 183, 184, 186, 187, 188, 189, 190, 191, 192, 193, 194, 195, 196, 198, 200, 201, 202, 205, 206, 207, 208, 209, 211, 212, 213, 214, 215, 216, 217, 218, 219, 220, 221, 222, 223, 224, 225, 226, 227, 228, 229, 230, 231, 233, 234, 235, 237, 238, 240, 241, 242, 243, 244, 245, 246, 247, 248, 250, 251, 252, 253, 254, 255, 256, 258, 259, 260, 262, 263, 264, 265, 266, 267, 268, 269, 270, 272, 273, 274, 275, 276, 277, 278, 279, 283, 284, 285, 286, 288, 289, 290, 291, 292, 293, 294, 295, 297, 298, 300, 301, 302, 304, 305, 306, 307, 308, 309, 310, 311, 313, 314, 315, 316, 317, 318, 319, 320, 321, 323, 324, 326, 327, 329, 330, 332, 333, 334, 335, 336, 337, 338, 339, 340, 341, 342, 344, 345, 346, 347, 348, 349, 350, 351, 352, 353, 354, 355, 356, 358, 359, 360, 361, 362, 364, 365, 366, 367, 368, 369, 371, 373, 374, 376, 377, 378, 379, 380, 381, 382, 384, 385, 386, 387, 388, 389, 390, 391, 392, 393, 394, 395, 396, 398, 399, 400, 401, 402, 403, 404, 406, 407, 408, 409, 410, 411, 412, 413, 414, 416, 417, 418, 419, 421, 422, 423, 424, 425, 426, 427, 428, 429, 430, 432, 434, 435, 436, 437, 438, 439, 440, 441, 442, 443, 444, 446, 447, 450, 451, 452, 454, 455, 456, 457, 458, 459, 461, 462, 463, 464, 465, 466, 467, 468, 470, 471, 472, 473, 475, 476, 477, 478, 480, 481, 482, 484, 485, 486, 487, 488, 489, 490, 492, 493, 494, 495, 496, 497, 498, 499, 500, 501, 502, 504, 505, 508, 509, 510, 511, 512, 513, 515, 516, 517, 518, 519, 520, 521, 522, 524, 525, 526, 527, 528, 529, 530, 531, 532, 533, 534, 535, 537, 538, 539, 541, 542, 543, 544, 545, 547, 548, 550, 552, 553, 554, 555, 556, 557, 559, 561, 564, 565, 566, 567, 570, 571, 573, 575, 576, 578, 579, 580, 581, 582, 583, 584, 585, 586, 587, 588, 589, 590, 591, 592, 593, 594, 595, 596, 598, 599, 600, 601, 602, 603, 604, 605, 606, 607, 608, 609, 610, 611, 612, 613, 614, 615, 616, 617, 618, 619, 620, 621, 622, 623, 624, 625, 626, 627, 628, 629, 630, 631, 632, 633, 634, 636, 637, 638, 639, 640, 641, 642, 643, 644, 645, 647, 648, 649, 650, 651, 653, 655, 657, 658, 659, 660, 661, 663, 664, 665, 666, 668, 669, 671, 672, 673, 674, 675, 676, 677, 678, 679, 681, 682, 683, 684, 685, 686, 687, 688, 689, 690, 691, 692, 693, 694, 695, 697, 698, 699, 700, 701, 702, 704, 705, 706, 707, 708, 709, 710, 711, 712, 713, 714, 715, 716, 718, 719, 720, 722, 723, 724, 725, 726, 727, 728, 729, 730, 731, 732, 733, 734, 735, 736, 737, 738, 739, 740, 741, 742, 743, 744, 746, 747, 748, 750, 751, 752, 753, 754, 755, 756, 757, 758, 759, 760, 761, 762, 763, 764, 766, 767, 768, 769, 770, 771, 773, 774, 775, 776, 777, 778, 779, 780, 783, 784, 785, 786, 788, 789, 791, 793, 794, 796, 797, 798, 801, 802, 803, 804, 806, 807, 808, 809, 811, 812, 813, 814, 815, 817, 818, 820, 821, 822, 823, 824, 825, 826, 827, 828, 829, 830, 831, 833, 834, 835, 836, 837, 838, 839, 840, 842, 843, 844, 846, 847, 848, 850, 852, 853, 854, 855, 856, 857, 858, 859, 861, 862, 863, 864, 867, 868, 869, 871, 872, 873, 874, 875, 877, 878, 879, 880, 883, 884, 885, 886, 887, 888, 889]
[14, 17, 28, 37, 39, 40, 53, 57, 59, 63, 70, 80, 97, 99, 104, 111, 112, 126, 133, 137, 149, 153, 159, 160, 163, 165, 170, 174, 189, 199, 215, 225, 229, 239, 252, 281, 306, 310, 311, 316, 319, 335, 339, 345, 350, 354, 369, 372, 380, 393, 400, 403, 407, 417, 424, 429, 454, 460, 469, 491, 492, 495, 517, 522, 543, 547, 549, 561, 562, 567, 570, 572, 576, 583, 586, 593, 597, 598, 599, 610, 612, 614, 615, 618, 627, 640, 649, 666, 670, 677, 686, 697, 706, 715, 716, 717, 723, 724, 739, 747, 749, 756, 759, 760, 765, 772, 786, 787, 790, 795, 796, 808, 809, 816, 818, 823, 832, 837, 840, 863, 880, 881]

[0, 1, 3, 4, 5, 6, 7, 8, 9, 10, 11, 12, 13, 14, 15, 16, 17, 18, 19, 20, 21, 22, 23, 24, 25, 27, 28, 29, 30, 31, 32, 33, 34, 35, 36, 37, 38, 39, 40, 41, 42, 43, 44, 45, 46, 47, 48, 49, 50, 51, 53, 54, 55, 56, 57, 58, 59, 60, 61, 62, 64, 65, 66, 67, 68, 69, 70, 71, 72, 73, 74, 75, 76, 77, 78, 79, 81, 82, 83, 85, 86, 87, 88, 91, 92, 94, 95, 96, 97, 98, 99, 100, 101, 102, 103, 104, 105, 106, 107, 108, 109, 110, 111, 112, 113, 114, 115, 116, 117, 118, 119, 120, 121, 122, 123, 124, 125, 127, 128, 129, 130, 131, 133, 134, 135, 136, 137, 138, 140, 141, 142, 143, 144, 145, 146, 147, 148, 149, 150, 151, 152, 153, 155, 156, 157, 158, 159, 160, 161, 162, 163, 164, 166, 167, 168, 169, 170, 172, 173, 174, 175, 176, 177, 178, 180, 181, 182, 183, 184, 186, 187, 188, 189, 190, 191, 192, 193, 194, 195, 196, 198, 200, 201, 202, 204, 205, 206, 207, 208, 209, 211, 212, 213, 214, 215, 216, 217, 218, 219, 220, 221, 222, 223, 224, 225, 226, 227, 228, 229, 230, 231, 233, 234, 235, 237, 238, 240, 241, 242, 243, 244, 245, 246, 247, 248, 250, 251, 252, 253, 254, 255, 256, 258, 259, 260, 262, 263, 264, 265, 266, 267, 268, 269, 270, 272, 273, 274, 275, 276, 277, 278, 279, 280, 283, 284, 285, 286, 288, 289, 290, 291, 292, 293, 294, 295, 297, 298, 300, 301, 302, 304, 305, 306, 307, 308, 309, 310, 311, 312, 313, 314, 315, 316, 317, 318, 319, 320, 321, 323, 324, 326, 327, 329, 330, 331, 332, 333, 334, 335, 336, 337, 338, 339, 340, 341, 342, 344, 345, 346, 347, 348, 349, 350, 351, 352, 353, 354, 355, 356, 358, 359, 360, 361, 362, 363, 364, 365, 366, 367, 368, 369, 371, 373, 374, 375, 376, 377, 378, 379, 380, 381, 382, 384, 385, 386, 387, 388, 389, 390, 391, 392, 393, 394, 395, 396, 398, 399, 400, 401, 402, 403, 404, 406, 407, 408, 409, 410, 411, 412, 413, 414, 416, 417, 418, 419, 421, 422, 423, 424, 425, 426, 427, 428, 429, 430, 432, 434, 435, 436, 437, 438, 439, 440, 441, 442, 443, 444, 446, 447, 449, 450, 451, 452, 453, 454, 455, 456, 457, 458, 459, 461, 462, 463, 464, 465, 466, 467, 468, 470, 471, 472, 473, 475, 476, 477, 478, 480, 481, 482, 484, 485, 486, 487, 488, 489, 490, 492, 493, 494, 495, 496, 497, 498, 499, 500, 501, 502, 504, 505, 506, 508, 509, 510, 511, 512, 513, 515, 516, 517, 518, 519, 520, 521, 522, 524, 525, 526, 527, 528, 529, 530, 531, 532, 533, 534, 535, 537, 538, 539, 541, 542, 543, 544, 545, 547, 548, 549, 550, 552, 553, 554, 555, 556, 557, 559, 561, 564, 565, 566, 567, 570, 571, 573, 574, 575, 576, 578, 579, 580, 581, 582, 583, 584, 585, 586, 587, 588, 589, 590, 591, 592, 593, 594, 595, 596, 598, 599, 600, 601, 602, 603, 604, 605, 606, 607, 608, 609, 610, 611, 612, 613, 614, 615, 616, 617, 618, 619, 620, 621, 622, 623, 624, 625, 626, 627, 628, 629, 630, 631, 632, 633, 634, 636, 637, 638, 639, 640, 641, 642, 643, 644, 645, 646, 647, 648, 649, 650, 651, 652, 653, 655, 657, 658, 659, 660, 661, 663, 664, 665, 666, 667, 668, 669, 671, 672, 673, 674, 675, 676, 677, 678, 679, 681, 682, 683, 684, 685, 686, 687, 688, 689, 690, 691, 692, 693, 694, 695, 697, 698, 699, 700, 701, 702, 704, 705, 706, 707, 708, 709, 710, 711, 712, 713, 714, 715, 716, 718, 719, 720, 722, 723, 724, 725, 726, 727, 728, 729, 730, 731, 732, 733, 734, 735, 736, 737, 738, 739, 740, 741, 742, 743, 744, 746, 747, 748, 750, 751, 752, 753, 754, 755, 756, 757, 758, 759, 760, 761, 762, 763, 764, 765, 766, 767, 768, 769, 770, 771, 773, 774, 775, 776, 777, 778, 779, 780, 783, 784, 785, 786, 788, 789, 790, 791, 793, 794, 796, 797, 798, 801, 802, 803, 804, 806, 807, 808, 809, 811, 812, 813, 814, 815, 817, 818, 820, 821, 822, 823, 824, 825, 826, 827, 828, 829, 830, 831, 832, 833, 834, 835, 836, 837, 838, 839, 840, 842, 843, 844, 846, 847, 848, 850, 851, 852, 853, 854, 855, 856, 857, 858, 859, 861, 862, 863, 864, 866, 867, 868, 869, 871, 872, 873, 874, 875, 877, 878, 879, 880, 883, 884, 885, 886, 887, 888, 889]
[14, 17, 28, 37, 39, 40, 53, 57, 59, 63, 70, 80, 97, 99, 104, 111, 112, 126, 133, 137, 149, 153, 159, 160, 163, 165, 170, 174, 189, 199, 215, 225, 229, 239, 252, 281, 306, 310, 311, 316, 319, 335, 339, 345, 350, 354, 369, 372, 380, 393, 400, 403, 407, 417, 424, 429, 454, 460, 469, 491, 492, 495, 517, 522, 543, 547, 549, 561, 562, 567, 570, 572, 576, 583, 586, 593, 597, 598, 599, 610, 612, 614, 615, 618, 627, 640, 649, 666, 670, 677, 686, 697, 706, 715, 716, 717, 723, 724, 739, 747, 749, 756, 759, 760, 765, 772, 786, 787, 790, 795, 796, 808, 809, 816, 818, 823, 832, 837, 840, 863, 880, 881]

