[64, 68, 88, 204, 306, 307, 308, 325, 334, 363, 427, 431, 464, 580, 591, 637, 662, 741, 753, 832, 845, 877]
[49, 86, 105, 126, 135, 153, 157, 174, 202, 256, 397, 424, 501, 509, 529, 600, 631, 653, 723, 808, 812, 823]

[64, 68, 88, 204, 306, 307, 308, 325, 334, 363, 427, 431, 464, 580, 591, 637, 662, 741, 753, 832, 845, 877]
[35, 49, 58, 74, 86, 87, 90, 93, 105, 111, 112, 120, 121, 123, 124, 126, 135, 140, 142, 153, 157, 174, 178, 180, 182, 191, 198, 199, 202, 203, 218, 233, 240, 254, 256, 271, 290, 296, 301, 303, 305, 311, 316, 332, 333, 342, 356, 362, 369, 380, 382, 386, 388, 389, 390, 397, 400, 409, 421, 424, 428, 447, 454, 456, 459, 460, 465, 473, 482, 486, 493, 495, 501, 504, 505, 507, 509, 511, 520, 529, 533, 538, 541, 543, 569, 572, 593, 600, 605, 615, 625, 631, 641, 642, 653, 655, 656, 659, 680, 689, 696, 713, 722, 723, 731, 736, 743, 758, 769, 777, 791, 793, 801, 807, 808, 812, 819, 823, 834, 852, 858, 873]

[53, 64, 65, 68, 88, 92, 103, 154, 168, 204, 229, 293, 306, 307, 308, 325, 334, 340, 363, 416, 422, 427, 431, 432, 446, 447, 464, 490, 519, 530, 580, 591, 637, 662, 705, 736, 741, 753, 764, 832, 836, 845, 849, 871, 877, 878, 887]
[35, 49, 58, 74, 86, 87, 90, 93, 105, 111, 112, 120, 121, 123, 124, 126, 135, 140, 142, 153, 157, 174, 178, 180, 182, 191, 198, 199, 202, 203, 218, 233, 240, 254, 256, 271, 290, 296, 301, 303, 305, 311, 316, 332, 333, 342, 356, 362, 369, 380, 382, 386, 388, 389, 390, 397, 400, 409, 421, 424, 428, 447, 454, 456, 459, 460, 465, 473, 482, 486, 493, 495, 501, 504, 505, 507, 509, 511, 520, 529, 533, 538, 541, 543, 569, 572, 593, 600, 605, 615, 625, 631, 641, 642, 653, 655, 656, 659, 680, 689, 696, 713, 722, 723, 731, 736, 743, 758, 769, 777, 791, 793, 801, 807, 808, 812, 819, 823, 834, 852, 858, 873]

[47, 53, 64, 65, 68, 80, 88, 89, 92, 103, 142, 154, 159, 168, 204, 209, 229, 258, 292, 293, 306, 307, 308, 325, 334, 340, 363, 372, 385, 393, 409, 416, 420, 422, 427, 431, 432, 446, 447, 464, 490, 519, 527, 530, 580, 591, 623, 636, 637, 662, 672, 701, 705, 712, 736, 741, 749, 753, 764, 810, 832, 836, 845, 848, 849, 851, 856, 858, 871, 877, 878, 887]
[35, 49, 58, 74, 86, 87, 90, 93, 105, 111, 112, 120, 121, 123, 124, 126, 135, 140, 142, 153, 157, 174, 178, 180, 182, 191, 198, 199, 202, 203, 218, 233, 240, 254, 256, 271, 290, 296, 301, 303, 305, 311, 316, 332, 333, 342, 356, 362, 369, 380, 382, 386, 388, 389, 390, 397, 400, 409, 421, 424, 428, 447, 454, 456, 459, 460, 465, 473, 482, 486, 493, 495, 501, 504, 505, 507, 509, 511, 520, 529, 533, 538, 541, 543, 569, 572, 593, 600, 605, 615, 625, 631, 641, 642, 653, 655, 656, 659, 680, 689, 696, 713, 722, 723, 731, 736, 743, 758, 769, 777, 791, 793, 801, 807, 808, 812, 819, 823, 834, 852, 858, 873]

[28, 47, 53, 64, 65, 66, 68, 80, 85, 88, 89, 92, 103, 111, 118, 121, 138, 142, 154, 159, 168, 179, 193, 204, 209, 229, 233, 253, 258, 292, 293, 301, 306, 307, 308, 325, 334, 340, 363, 369, 372, 377, 385, 393, 409, 410, 416, 420, 422, 427, 428, 431, 432, 446, 447, 448, 464, 480, 490, 497, 501, 519, 527, 530, 534, 540, 577, 580, 591, 601, 613, 623, 624, 636, 637, 662, 672, 692, 693, 701, 705, 712, 722, 725, 736, 741, 744, 749, 753, 764, 777, 810, 832, 836, 845, 848, 849, 851, 856, 858, 871, 877, 878, 886, 887]
[35, 49, 58, 74, 86, 87, 90, 93, 105, 111, 112, 120, 121, 123, 124, 126, 135, 140, 142, 153, 157, 174, 178, 180, 182, 191, 198, 199, 202, 203, 218, 233, 240, 254, 256, 271, 290, 296, 301, 303, 305, 311, 316, 332, 333, 342, 356, 362, 369, 380, 382, 386, 388, 389, 390, 397, 400, 409, 421, 424, 428, 447, 454, 456, 459, 460, 465, 473, 482, 486, 493, 495, 501, 504, 505, 507, 509, 511, 520, 529, 533, 538, 541, 543, 569, 572, 593, 600, 605, 615, 625, 631, 641, 642, 653, 655, 656, 659, 680, 689, 696, 713, 722, 723, 731, 736, 743, 758, 769, 777, 791, 793, 801, 807, 808, 812, 819, 823, 834, 852, 858, 873]

[28, 33, 36, 38, 47, 53, 64, 65, 66, 68, 77, 80, 85, 88, 89, 92, 94, 103, 111, 118, 121, 138, 142, 143, 154, 159, 168, 176, 179, 189, 193, 204, 205, 209, 217, 229, 231, 233, 238, 253, 258, 279, 288, 292, 293, 301, 306, 307, 308, 310, 325, 334, 340, 344, 352, 363, 369, 372, 373, 377, 385, 393, 409, 410, 416, 420, 422, 427, 428, 431, 432, 446, 447, 448, 454, 464, 480, 483, 490, 497, 501, 519, 527, 530, 534, 540, 577, 580, 587, 591, 594, 598, 601, 613, 623, 624, 636, 637, 652, 662, 672, 692, 693, 694, 701, 702, 705, 707, 712, 722, 724, 725, 736, 741, 744, 749, 753, 763, 764, 777, 802, 810, 832, 836, 845, 848, 849, 851, 856, 858, 871, 877, 878, 886, 887]
[35, 49, 58, 74, 86, 87, 90, 93, 105, 111, 112, 120, 121, 123, 124, 126, 135, 140, 142, 153, 157, 174, 178, 180, 182, 191, 198, 199, 202, 203, 218, 233, 240, 254, 256, 271, 290, 296, 301, 303, 305, 311, 316, 332, 333, 342, 356, 362, 369, 380, 382, 386, 388, 389, 390, 397, 400, 409, 421, 424, 428, 447, 454, 456, 459, 460, 465, 473, 482, 486, 493, 495, 501, 504, 505, 507, 509, 511, 520, 529, 533, 538, 541, 543, 569, 572, 593, 600, 605, 615, 625, 631, 641, 642, 653, 655, 656, 659, 680, 689, 696, 713, 722, 723, 731, 736, 743, 758, 769, 777, 791, 793, 801, 807, 808, 812, 819, 823, 834, 852, 858, 873]

[28, 33, 36, 38, 45, 47, 53, 64, 65, 66, 68, 77, 80, 85, 87, 88, 89, 92, 94, 103, 111, 112, 118, 121, 138, 142, 143, 146, 154, 159, 168, 176, 179, 189, 193, 204, 205, 209, 217, 229, 230, 231, 233, 238, 253, 258, 279, 288, 291, 292, 293, 301, 306, 307, 308, 310, 325, 334, 340, 344, 352, 356, 363, 369, 372, 373, 377, 385, 393, 394, 395, 396, 409, 410, 416, 420, 422, 427, 428, 431, 432, 446, 447, 448, 454, 462, 464, 480, 483, 490, 491, 497, 501, 510, 512, 519, 527, 530, 534, 540, 563, 577, 578, 580, 587, 591, 594, 598, 601, 613, 621, 623, 624, 630, 636, 637, 652, 660, 662, 672, 692, 693, 694, 697, 701, 702, 705, 707, 712, 722, 724, 725, 736, 741, 744, 749, 753, 759, 763, 764, 775, 777, 796, 802, 810, 816, 823, 832, 836, 845, 848, 849, 851, 856, 858, 871, 877, 878, 886, 887]
[35, 49, 58, 74, 86, 87, 90, 93, 105, 111, 112, 120, 121, 123, 124, 126, 135, 140, 142, 153, 157, 174, 178, 180, 182, 191, 198, 199, 202, 203, 218, 233, 240, 254, 256, 271, 290, 296, 301, 303, 305, 311, 316, 332, 333, 342, 356, 362, 369, 380, 382, 386, 388, 389, 390, 397, 400, 409, 421, 424, 428, 447, 454, 456, 459, 460, 465, 473, 482, 486, 493, 495, 501, 504, 505, 507, 509, 511, 520, 529, 533, 538, 541, 543, 569, 572, 593, 600, 605, 615, 625, 631, 641, 642, 653, 655, 656, 659, 680, 689, 696, 713, 722, 723, 731, 736, 743, 758, 769, 777, 791, 793, 801, 807, 808, 812, 819, 823, 834, 852, 858, 873]

[15, 16, 28, 33, 36, 38, 45, 47, 53, 61, 63, 64, 65, 66, 68, 77, 80, 85, 87, 88, 89, 92, 94, 103, 111, 112, 118, 121, 131, 138, 142, 143, 146, 154, 156, 159, 162, 168, 176, 178, 179, 185, 189, 193, 204, 205, 209, 217, 229, 230, 231, 233, 238, 247, 253, 258, 279, 288, 291, 292, 293, 301, 306, 307, 308, 310, 311, 325, 329, 334, 337, 340, 344, 352, 356, 359, 363, 369, 372, 373, 377, 385, 393, 394, 395, 396, 409, 410, 416, 420, 422, 427, 428, 431, 432, 446, 447, 448, 454, 462, 464, 475, 480, 483, 490, 491, 497, 500, 501, 510, 512, 519, 527, 530, 534, 540, 563, 564, 577, 578, 580, 586, 587, 591, 594, 598, 601, 613, 621, 623, 624, 630, 634, 636, 637, 644, 652, 660, 662, 672, 681, 692, 693, 694, 695, 697, 701, 702, 705, 707, 712, 722, 724, 725, 736, 741, 744, 749, 753, 757, 759, 763, 764, 773, 775, 777, 796, 802, 810, 816, 823, 832, 836, 845, 848, 849, 851, 856, 858, 865, 871, 877, 878, 886, 887]
[35, 49, 58, 74, 86, 87, 90, 93, 105, 111, 112, 120, 121, 123, 124, 126, 135, 140, 142, 153, 157, 174, 178, 180, 182, 191, 198, 199, 202, 203, 218, 233, 240, 254, 256, 271, 290, 296, 301, 303, 305, 311, 316, 332, 333, 342, 356, 362, 369, 380, 382, 386, 388, 389, 390, 397, 400, 409, 421, 424, 428, 447, 454, 456, 459, 460, 465, 473, 482, 486, 493, 495, 501, 504, 505, 507, 509, 511, 520, 529, 533, 538, 541, 543, 569, 572, 593, 600, 605, 615, 625, 631, 641, 642, 653, 655, 656, 659, 680, 689, 696, 713, 722, 723, 731, 736, 743, 758, 769, 777, 791, 793, 801, 807, 808, 812, 819, 823, 834, 852, 858, 873]

[15, 16, 28, 33, 36, 37, 38, 40, 45, 47, 53, 61, 63, 64, 65, 66, 68, 70, 77, 80, 85, 87, 88, 89, 92, 94, 103, 111, 112, 115, 118, 121, 125, 131, 138, 142, 143, 146, 154, 156, 157, 159, 162, 168, 176, 178, 179, 185, 189, 193, 204, 205, 209, 217, 229, 230, 231, 233, 234, 238, 239, 247, 253, 258, 279, 281, 288, 291, 292, 293, 301, 306, 307, 308, 310, 311, 325, 327, 329, 330, 334, 337, 340, 344, 348, 352, 356, 359, 363, 369, 372, 373, 377, 379, 385, 393, 394, 395, 396, 409, 410, 416, 420, 422, 427, 428, 431, 432, 446, 447, 448, 454, 462, 464, 475, 480, 483, 486, 490, 491, 497, 500, 501, 510, 512, 519, 522, 527, 530, 534, 536, 540, 562, 563, 564, 577, 578, 580, 586, 587, 591, 592, 594, 598, 601, 613, 621, 623, 624, 630, 634, 636, 637, 644, 645, 652, 660, 662, 672, 681, 692, 693, 694, 695, 697, 698, 701, 702, 705, 707, 712, 722, 724, 725, 736, 741, 743, 744, 749, 753, 757, 759, 763, 764, 773, 775, 777, 779, 796, 802, 810, 812, 816, 823, 832, 836, 845, 848, 849, 851, 856, 858, 860, 865, 871, 872, 877, 878, 886, 887]
[35, 49, 58, 74, 86, 87, 90, 93, 105, 111, 112, 120, 121, 123, 124, 126, 135, 140, 142, 153, 157, 174, 178, 180, 182, 191, 198, 199, 202, 203, 218, 233, 240, 254, 256, 271, 290, 296, 301, 303, 305, 311, 316, 332, 333, 342, 356, 362, 369, 380, 382, 386, 388, 389, 390, 397, 400, 409, 421, 424, 428, 447, 454, 456, 459, 460, 465, 473, 482, 486, 493, 495, 501, 504, 505, 507, 509, 511, 520, 529, 533, 538, 541, 543, 569, 572, 593, 600, 605, 615, 625, 631, 641, 642, 653, 655, 656, 659, 680, 689, 696, 713, 722, 723, 731, 736, 743, 758, 769, 777, 791, 793, 801, 807, 808, 812, 819, 823, 834, 852, 858, 873]

[15, 16, 28, 33, 36, 37, 38, 40, 45, 47, 53, 61, 63, 64, 65, 66, 68, 70, 75, 77, 80, 85, 87, 88, 89, 92, 94, 103, 111, 112, 115, 118, 121, 125, 126, 131, 138, 142, 143, 146, 154, 156, 157, 159, 162, 166, 168, 169, 176, 178, 179, 185, 189, 193, 204, 205, 209, 217, 229, 230, 231, 233, 234, 238, 239, 247, 253, 258, 279, 281, 288, 291, 292, 293, 301, 306, 307, 308, 310, 311, 325, 327, 329, 330, 334, 337, 339, 340, 344, 348, 352, 356, 359, 363, 369, 370, 372, 373, 377, 379, 385, 393, 394, 395, 396, 409, 410, 416, 420, 422, 427, 428, 431, 432, 446, 447, 448, 454, 462, 464, 475, 480, 483, 486, 490, 491, 497, 500, 501, 510, 512, 513, 515, 519, 522, 527, 530, 534, 536, 540, 548, 562, 563, 564, 575, 577, 578, 579, 580, 586, 587, 591, 592, 594, 598, 600, 601, 607, 613, 621, 623, 624, 630, 634, 636, 637, 644, 645, 652, 660, 662, 671, 672, 674, 675, 681, 687, 692, 693, 694, 695, 696, 697, 698, 701, 702, 705, 707, 712, 722, 724, 725, 729, 732, 736, 741, 743, 744, 749, 753, 757, 759, 763, 764, 773, 775, 777, 779, 796, 802, 803, 810, 812, 816, 823, 831, 832, 834, 836, 845, 848, 849, 851, 856, 857, 858, 860, 865, 871, 872, 877, 878, 885, 886, 887]
[35, 49, 58, 74, 86, 87, 90, 93, 105, 111, 112, 120, 121, 123, 124, 126, 135, 140, 142, 153, 157, 174, 178, 180, 182, 191, 198, 199, 202, 203, 218, 233, 240, 254, 256, 271, 290, 296, 301, 303, 305, 311, 316, 332, 333, 342, 356, 362, 369, 380, 382, 386, 388, 389, 390, 397, 400, 409, 421, 424, 428, 447, 454, 456, 459, 460, 465, 473, 482, 486, 493, 495, 501, 504, 505, 507, 509, 511, 520, 529, 533, 538, 541, 543, 569, 572, 593, 600, 605, 615, 625, 631, 641, 642, 653, 655, 656, 659, 680, 689, 696, 713, 722, 723, 731, 736, 743, 758, 769, 777, 791, 793, 801, 807, 808, 812, 819, 823, 834, 852, 858, 873]

[15, 16, 28, 33, 34, 36, 37, 38, 40, 45, 47, 53, 61, 63, 64, 65, 66, 68, 70, 71, 75, 77, 80, 85, 87, 88, 89, 92, 94, 96, 103, 111, 112, 115, 118, 121, 125, 126, 131, 138, 142, 143, 144, 146, 154, 156, 157, 159, 162, 166, 168, 169, 174, 176, 177, 178, 179, 185, 189, 193, 195, 204, 205, 209, 217, 228, 229, 230, 231, 233, 234, 238, 239, 247, 253, 258, 263, 278, 279, 281, 288, 291, 292, 293, 301, 306, 307, 308, 310, 311, 325, 327, 329, 330, 334, 337, 339, 340, 344, 348, 351, 352, 356, 359, 363, 369, 370, 372, 373, 376, 377, 379, 385, 393, 394, 395, 396, 409, 410, 416, 420, 422, 427, 428, 431, 432, 433, 440, 446, 447, 448, 454, 457, 462, 464, 475, 480, 483, 486, 490, 491, 497, 500, 501, 510, 512, 513, 515, 519, 522, 527, 530, 534, 536, 537, 540, 548, 562, 563, 564, 575, 577, 578, 579, 580, 586, 587, 591, 592, 594, 598, 600, 601, 607, 613, 621, 623, 624, 630, 634, 636, 637, 638, 644, 645, 647, 648, 652, 660, 662, 671, 672, 674, 675, 681, 687, 692, 693, 694, 695, 696, 697, 698, 701, 702, 705, 707, 712, 715, 722, 724, 725, 729, 730, 732, 736, 741, 743, 744, 749, 753, 757, 759, 763, 764, 773, 775, 777, 779, 796, 797, 802, 803, 810, 812, 816, 823, 828, 831, 832, 834, 836, 845, 848, 849, 851, 853, 856, 857, 858, 859, 860, 865, 871, 872, 877, 878, 885, 886, 887]
[35, 49, 58, 74, 86, 87, 90, 93, 105, 111, 112, 120, 121, 123, 124, 126, 135, 140, 142, 153, 157, 174, 178, 180, 182, 191, 198, 199, 202, 203, 218, 233, 240, 254, 256, 271, 290, 296, 301, 303, 305, 311, 316, 332, 333, 342, 356, 362, 369, 380, 382, 386, 388, 389, 390, 397, 400, 409, 421, 424, 428, 447, 454, 456, 459, 460, 465, 473, 482, 486, 493, 495, 501, 504, 505, 507, 509, 511, 520, 529, 533, 538, 541, 543, 569, 572, 593, 600, 605, 615, 625, 631, 641, 642, 653, 655, 656, 659, 680, 689, 696, 713, 722, 723, 731, 736, 743, 758, 769, 777, 791, 793, 801, 807, 808, 812, 819, 823, 834, 852, 858, 873]

[15, 16, 28, 33, 34, 36, 37, 38, 40, 45, 46, 47, 53, 61, 63, 64, 65, 66, 68, 70, 71, 75, 76, 77, 80, 85, 87, 88, 89, 92, 94, 96, 103, 111, 112, 115, 118, 121, 125, 126, 131, 138, 142, 143, 144, 146, 154, 156, 157, 159, 162, 166, 168, 169, 174, 176, 177, 178, 179, 183, 185, 189, 193, 195, 204, 205, 209, 217, 228, 229, 230, 231, 233, 234, 238, 239, 247, 250, 253, 258, 259, 263, 278, 279, 281, 286, 288, 291, 292, 293, 301, 306, 307, 308, 310, 311, 319, 321, 325, 326, 327, 329, 330, 334, 337, 339, 340, 344, 348, 351, 352, 356, 359, 363, 369, 370, 372, 373, 376, 377, 379, 385, 387, 393, 394, 395, 396, 409, 410, 416, 420, 422, 427, 428, 431, 432, 433, 440, 446, 447, 448, 449, 454, 455, 457, 462, 464, 475, 480, 483, 486, 490, 491, 497, 500, 501, 505, 510, 512, 513, 515, 519, 522, 527, 530, 534, 536, 537, 540, 548, 562, 563, 564, 575, 577, 578, 579, 580, 586, 587, 591, 592, 594, 598, 600, 601, 607, 613, 615, 621, 623, 624, 630, 634, 636, 637, 638, 644, 645, 647, 648, 650, 652, 660, 662, 665, 671, 672, 674, 675, 681, 687, 692, 693, 694, 695, 696, 697, 698, 701, 702, 705, 707, 712, 715, 722, 723, 724, 725, 726, 729, 730, 732, 736, 741, 743, 744, 749, 753, 757, 759, 763, 764, 773, 775, 777, 779, 789, 791, 796, 797, 802, 803, 810, 812, 814, 816, 823, 828, 831, 832, 834, 835, 836, 841, 845, 848, 849, 851, 853, 856, 857, 858, 859, 860, 865, 871, 872, 877, 878, 879, 880, 885, 886, 887]
[35, 49, 58, 74, 86, 87, 90, 93, 105, 111, 112, 120, 121, 123, 124, 126, 135, 140, 142, 153, 157, 174, 178, 180, 182, 191, 198, 199, 202, 203, 218, 233, 240, 254, 256, 271, 290, 296, 301, 303, 305, 311, 316, 332, 333, 342, 356, 362, 369, 380, 382, 386, 388, 389, 390, 397, 400, 409, 421, 424, 428, 447, 454, 456, 459, 460, 465, 473, 482, 486, 493, 495, 501, 504, 505, 507, 509, 511, 520, 529, 533, 538, 541, 543, 569, 572, 593, 600, 605, 615, 625, 631, 641, 642, 653, 655, 656, 659, 680, 689, 696, 713, 722, 723, 731, 736, 743, 758, 769, 777, 791, 793, 801, 807, 808, 812, 819, 823, 834, 852, 858, 873]

[9, 13, 15, 16, 19, 24, 28, 33, 34, 36, 37, 38, 40, 44, 45, 46, 47, 53, 60, 61, 63, 64, 65, 66, 68, 70, 71, 74, 75, 76, 77, 80, 85, 87, 88, 89, 92, 94, 96, 103, 111, 112, 115, 118, 121, 125, 126, 131, 138, 142, 143, 144, 146, 154, 156, 157, 159, 162, 166, 168, 169, 174, 176, 177, 178, 179, 183, 185, 187, 189, 191, 193, 195, 197, 204, 205, 209, 217, 228, 229, 230, 231, 233, 234, 238, 239, 240, 247, 250, 253, 258, 259, 263, 277, 278, 279, 281, 285, 286, 288, 291, 292, 293, 301, 302, 306, 307, 308, 310, 311, 312, 319, 321, 325, 326, 327, 329, 330, 334, 337, 339, 340, 344, 348, 351, 352, 356, 359, 363, 369, 370, 372, 373, 376, 377, 379, 385, 387, 393, 394, 395, 396, 398, 409, 410, 416, 420, 422, 427, 428, 431, 432, 433, 438, 440, 442, 446, 447, 448, 449, 454, 455, 457, 462, 464, 475, 478, 480, 483, 486, 490, 491, 497, 500, 501, 505, 510, 512, 513, 515, 519, 522, 527, 530, 534, 536, 537, 540, 548, 562, 563, 564, 575, 577, 578, 579, 580, 586, 587, 591, 592, 594, 598, 600, 601, 605, 607, 613, 615, 621, 623, 624, 630, 634, 636, 637, 638, 644, 645, 647, 648, 650, 652, 660, 662, 665, 671, 672, 674, 675, 681, 687, 692, 693, 694, 695, 696, 697, 698, 701, 702, 705, 707, 711, 712, 715, 720, 722, 723, 724, 725, 726, 729, 730, 732, 736, 741, 743, 744, 749, 753, 757, 759, 763, 764, 773, 775, 777, 779, 783, 789, 791, 796, 797, 802, 803, 810, 812, 814, 816, 822, 823, 828, 831, 832, 834, 835, 836, 838, 841, 845, 848, 849, 851, 853, 856, 857, 858, 859, 860, 865, 871, 872, 877, 878, 879, 880, 885, 886, 887]
[35, 49, 58, 74, 86, 87, 90, 93, 105, 111, 112, 120, 121, 123, 124, 126, 135, 140, 142, 153, 157, 174, 178, 180, 182, 191, 198, 199, 202, 203, 218, 233, 240, 254, 256, 271, 290, 296, 301, 303, 305, 311, 316, 332, 333, 342, 356, 362, 369, 380, 382, 386, 388, 389, 390, 397, 400, 409, 421, 424, 428, 447, 454, 456, 459, 460, 465, 473, 482, 486, 493, 495, 501, 504, 505, 507, 509, 511, 520, 529, 533, 538, 541, 543, 569, 572, 593, 600, 605, 615, 625, 631, 641, 642, 653, 655, 656, 659, 680, 689, 696, 713, 722, 723, 731, 736, 743, 758, 769, 777, 791, 793, 801, 807, 808, 812, 819, 823, 834, 852, 858, 873]

[9, 10, 13, 15, 16, 19, 21, 24, 28, 33, 34, 36, 37, 38, 40, 44, 45, 46, 47, 53, 60, 61, 63, 64, 65, 66, 68, 70, 71, 74, 75, 76, 77, 80, 85, 87, 88, 89, 92, 94, 96, 103, 108, 111, 112, 115, 118, 121, 125, 126, 131, 138, 142, 143, 144, 146, 149, 154, 156, 157, 159, 162, 166, 168, 169, 174, 176, 177, 178, 179, 183, 185, 187, 189, 191, 193, 195, 196, 197, 204, 205, 209, 217, 224, 228, 229, 230, 231, 233, 234, 237, 238, 239, 240, 247, 250, 253, 254, 257, 258, 259, 263, 277, 278, 279, 281, 282, 285, 286, 288, 291, 292, 293, 300, 301, 302, 306, 307, 308, 310, 311, 312, 314, 319, 321, 325, 326, 327, 329, 330, 334, 336, 337, 339, 340, 344, 348, 351, 352, 356, 358, 359, 363, 369, 370, 371, 372, 373, 376, 377, 378, 379, 385, 387, 393, 394, 395, 396, 398, 409, 410, 416, 420, 421, 422, 427, 428, 431, 432, 433, 438, 440, 442, 446, 447, 448, 449, 454, 455, 457, 462, 464, 475, 478, 480, 483, 486, 490, 491, 497, 500, 501, 505, 510, 512, 513, 515, 519, 522, 527, 530, 534, 536, 537, 540, 548, 562, 563, 564, 575, 577, 578, 579, 580, 586, 587, 591, 592, 594, 598, 600, 601, 605, 607, 613, 615, 621, 623, 624, 630, 634, 636, 637, 638, 644, 645, 647, 648, 650, 652, 660, 662, 665, 671, 672, 674, 675, 681, 687, 692, 693, 694, 695, 696, 697, 698, 701, 702, 705, 707, 711, 712, 715, 720, 722, 723, 724, 725, 726, 727, 729, 730, 732, 736, 738, 739, 740, 741, 743, 744, 749, 753, 755, 757, 759, 763, 764, 772, 773, 775, 777, 779, 783, 789, 791, 796, 797, 802, 803, 810, 812, 814, 816, 822, 823, 828, 831, 832, 834, 835, 836, 838, 841, 845, 848, 849, 851, 853, 856, 857, 858, 859, 860, 865, 871, 872, 874, 877, 878, 879, 880, 885, 886, 887, 888]
[35, 49, 58, 74, 86, 87, 90, 93, 105, 111, 112, 120, 121, 123, 124, 126, 135, 140, 142, 153, 157, 174, 178, 180, 182, 191, 198, 199, 202, 203, 218, 233, 240, 254, 256, 271, 290, 296, 301, 303, 305, 311, 316, 332, 333, 342, 356, 362, 369, 380, 382, 386, 388, 389, 390, 397, 400, 409, 421, 424, 428, 447, 454, 456, 459, 460, 465, 473, 482, 486, 493, 495, 501, 504, 505, 507, 509, 511, 520, 529, 533, 538, 541, 543, 569, 572, 593, 600, 605, 615, 625, 631, 641, 642, 653, 655, 656, 659, 680, 689, 696, 713, 722, 723, 731, 736, 743, 758, 769, 777, 791, 793, 801, 807, 808, 812, 819, 823, 834, 852, 858, 873]

[9, 10, 11, 13, 14, 15, 16, 19, 21, 24, 28, 31, 33, 34, 36, 37, 38, 40, 44, 45, 46, 47, 53, 60, 61, 63, 64, 65, 66, 68, 70, 71, 74, 75, 76, 77, 80, 85, 87, 88, 89, 92, 94, 96, 103, 108, 111, 112, 115, 118, 121, 125, 126, 130, 131, 138, 139, 142, 143, 144, 146, 149, 154, 155, 156, 157, 159, 162, 166, 168, 169, 174, 176, 177, 178, 179, 183, 185, 187, 189, 191, 193, 195, 196, 197, 204, 205, 209, 217, 224, 228, 229, 230, 231, 233, 234, 237, 238, 239, 240, 247, 250, 253, 254, 257, 258, 259, 263, 264, 273, 277, 278, 279, 281, 282, 285, 286, 288, 291, 292, 293, 294, 300, 301, 302, 306, 307, 308, 310, 311, 312, 314, 319, 321, 325, 326, 327, 329, 330, 334, 336, 337, 339, 340, 344, 348, 351, 352, 354, 355, 356, 358, 359, 363, 365, 369, 370, 371, 372, 373, 376, 377, 378, 379, 385, 387, 393, 394, 395, 396, 398, 409, 410, 416, 420, 421, 422, 427, 428, 431, 432, 433, 438, 440, 442, 446, 447, 448, 449, 450, 452, 454, 455, 457, 460, 462, 464, 475, 478, 480, 483, 486, 487, 490, 491, 497, 498, 500, 501, 505, 510, 512, 513, 515, 519, 522, 527, 530, 534, 536, 537, 540, 548, 562, 563, 564, 575, 577, 578, 579, 580, 586, 587, 591, 592, 594, 598, 600, 601, 605, 607, 612, 613, 615, 620, 621, 623, 624, 630, 634, 636, 637, 638, 644, 645, 647, 648, 650, 651, 652, 660, 662, 665, 671, 672, 674, 675, 681, 687, 692, 693, 694, 695, 696, 697, 698, 701, 702, 705, 707, 711, 712, 715, 720, 722, 723, 724, 725, 726, 727, 729, 730, 732, 736, 738, 739, 740, 741, 743, 744, 749, 753, 755, 756, 757, 759, 763, 764, 772, 773, 775, 777, 779, 783, 789, 791, 795, 796, 797, 802, 803, 810, 812, 814, 816, 822, 823, 826, 828, 831, 832, 834, 835, 836, 838, 840, 841, 845, 846, 848, 849, 851, 853, 856, 857, 858, 859, 860, 865, 871, 872, 874, 877, 878, 879, 880, 885, 886, 887, 888]
[35, 49, 58, 74, 86, 87, 90, 93, 105, 111, 112, 120, 121, 123, 124, 126, 135, 140, 142, 153, 157, 174, 178, 180, 182, 191, 198, 199, 202, 203, 218, 233, 240, 254, 256, 271, 290, 296, 301, 303, 305, 311, 316, 332, 333, 342, 356, 362, 369, 380, 382, 386, 388, 389, 390, 397, 400, 409, 421, 424, 428, 447, 454, 456, 459, 460, 465, 473, 482, 486, 493, 495, 501, 504, 505, 507, 509, 511, 520, 529, 533, 538, 541, 543, 569, 572, 593, 600, 605, 615, 625, 631, 641, 642, 653, 655, 656, 659, 680, 689, 696, 713, 722, 723, 731, 736, 743, 758, 769, 777, 791, 793, 801, 807, 808, 812, 819, 823, 834, 852, 858, 873]

[9, 10, 11, 13, 14, 15, 16, 18, 19, 21, 24, 28, 31, 33, 34, 36, 37, 38, 40, 44, 45, 46, 47, 53, 60, 61, 63, 64, 65, 66, 68, 69, 70, 71, 74, 75, 76, 77, 80, 85, 87, 88, 89, 92, 94, 96, 103, 108, 111, 112, 115, 118, 121, 124, 125, 126, 130, 131, 133, 138, 139, 142, 143, 144, 146, 149, 154, 155, 156, 157, 159, 162, 166, 168, 169, 170, 174, 176, 177, 178, 179, 183, 185, 187, 189, 191, 193, 195, 196, 197, 198, 204, 205, 209, 217, 220, 224, 228, 229, 230, 231, 233, 234, 237, 238, 239, 240, 247, 250, 253, 254, 257, 258, 259, 263, 264, 273, 277, 278, 279, 281, 282, 285, 286, 288, 291, 292, 293, 294, 300, 301, 302, 306, 307, 308, 310, 311, 312, 314, 319, 321, 325, 326, 327, 329, 330, 334, 336, 337, 339, 340, 344, 348, 351, 352, 354, 355, 356, 358, 359, 363, 365, 369, 370, 371, 372, 373, 376, 377, 378, 379, 385, 387, 393, 394, 395, 396, 398, 409, 410, 411, 416, 420, 421, 422, 427, 428, 431, 432, 433, 438, 440, 442, 446, 447, 448, 449, 450, 452, 454, 455, 457, 460, 462, 463, 464, 465, 468, 473, 475, 478, 480, 483, 486, 487, 489, 490, 491, 497, 498, 500, 501, 505, 510, 512, 513, 515, 516, 519, 522, 527, 530, 534, 536, 537, 540, 548, 562, 563, 564, 575, 577, 578, 579, 580, 582, 586, 587, 591, 592, 594, 598, 600, 601, 604, 605, 607, 612, 613, 615, 620, 621, 623, 624, 630, 634, 636, 637, 638, 641, 643, 644, 645, 647, 648, 650, 651, 652, 660, 662, 665, 671, 672, 674, 675, 681, 687, 692, 693, 694, 695, 696, 697, 698, 701, 702, 705, 707, 711, 712, 715, 720, 722, 723, 724, 725, 726, 727, 729, 730, 732, 736, 738, 739, 740, 741, 743, 744, 749, 753, 755, 756, 757, 759, 763, 764, 772, 773, 775, 777, 779, 783, 789, 791, 795, 796, 797, 802, 803, 808, 809, 810, 812, 813, 814, 816, 822, 823, 826, 828, 831, 832, 834, 835, 836, 838, 839, 840, 841, 842, 843, 845, 846, 848, 849, 851, 853, 856, 857, 858, 859, 860, 865, 869, 871, 872, 874, 877, 878, 879, 880, 885, 886, 887, 888]
[35, 49, 58, 74, 86, 87, 90, 93, 105, 111, 112, 120, 121, 123, 124, 126, 135, 140, 142, 153, 157, 174, 178, 180, 182, 191, 198, 199, 202, 203, 218, 233, 240, 254, 256, 271, 290, 296, 301, 303, 305, 311, 316, 332, 333, 342, 356, 362, 369, 380, 382, 386, 388, 389, 390, 397, 400, 409, 421, 424, 428, 447, 454, 456, 459, 460, 465, 473, 482, 486, 493, 495, 501, 504, 505, 507, 509, 511, 520, 529, 533, 538, 541, 543, 569, 572, 593, 600, 605, 615, 625, 631, 641, 642, 653, 655, 656, 659, 680, 689, 696, 713, 722, 723, 731, 736, 743, 758, 769, 777, 791, 793, 801, 807, 808, 812, 819, 823, 834, 852, 858, 873]

[9, 10, 11, 13, 14, 15, 16, 18, 19, 21, 24, 28, 31, 33, 34, 36, 37, 38, 40, 44, 45, 46, 47, 53, 60, 61, 63, 64, 65, 66, 68, 69, 70, 71, 74, 75, 76, 77, 80, 85, 87, 88, 89, 92, 94, 96, 103, 107, 108, 111, 112, 115, 116, 118, 121, 124, 125, 126, 130, 131, 133, 138, 139, 142, 143, 144, 146, 149, 154, 155, 156, 157, 159, 162, 166, 167, 168, 169, 170, 174, 176, 177, 178, 179, 182, 183, 185, 187, 189, 191, 193, 195, 196, 197, 198, 204, 205, 209, 216, 217, 220, 224, 228, 229, 230, 231, 233, 234, 237, 238, 239, 240, 242, 243, 247, 250, 253, 254, 257, 258, 259, 263, 264, 273, 277, 278, 279, 281, 282, 285, 286, 288, 291, 292, 293, 294, 296, 300, 301, 302, 303, 306, 307, 308, 310, 311, 312, 314, 319, 321, 325, 326, 327, 329, 330, 334, 336, 337, 339, 340, 341, 344, 348, 351, 352, 354, 355, 356, 358, 359, 363, 364, 365, 369, 370, 371, 372, 373, 376, 377, 378, 379, 385, 387, 393, 394, 395, 396, 398, 400, 409, 410, 411, 416, 420, 421, 422, 427, 428, 431, 432, 433, 438, 440, 442, 443, 446, 447, 448, 449, 450, 452, 454, 455, 457, 460, 462, 463, 464, 465, 468, 473, 475, 478, 480, 483, 486, 487, 489, 490, 491, 497, 498, 500, 501, 505, 510, 512, 513, 515, 516, 519, 522, 527, 530, 534, 536, 537, 539, 540, 541, 548, 562, 563, 564, 575, 577, 578, 579, 580, 582, 586, 587, 591, 592, 594, 598, 600, 601, 604, 605, 607, 612, 613, 615, 620, 621, 623, 624, 630, 634, 636, 637, 638, 641, 643, 644, 645, 647, 648, 650, 651, 652, 660, 662, 665, 670, 671, 672, 674, 675, 681, 687, 692, 693, 694, 695, 696, 697, 698, 701, 702, 705, 707, 711, 712, 715, 718, 720, 722, 723, 724, 725, 726, 727, 729, 730, 732, 736, 738, 739, 740, 741, 743, 744, 747, 749, 752, 753, 755, 756, 757, 759, 763, 764, 766, 767, 772, 773, 774, 775, 777, 779, 783, 784, 789, 791, 795, 796, 797, 802, 803, 808, 809, 810, 812, 813, 814, 816, 822, 823, 826, 828, 831, 832, 834, 835, 836, 838, 839, 840, 841, 842, 843, 845, 846, 848, 849, 851, 853, 856, 857, 858, 859, 860, 865, 869, 871, 872, 874, 877, 878, 879, 880, 881, 883, 885, 886, 887, 888]
[35, 49, 58, 74, 86, 87, 90, 93, 105, 111, 112, 120, 121, 123, 124, 126, 135, 140, 142, 153, 157, 174, 178, 180, 182, 191, 198, 199, 202, 203, 218, 233, 240, 254, 256, 271, 290, 296, 301, 303, 305, 311, 316, 332, 333, 342, 356, 362, 369, 380, 382, 386, 388, 389, 390, 397, 400, 409, 421, 424, 428, 447, 454, 456, 459, 460, 465, 473, 482, 486, 493, 495, 501, 504, 505, 507, 509, 511, 520, 529, 533, 538, 541, 543, 569, 572, 593, 600, 605, 615, 625, 631, 641, 642, 653, 655, 656, 659, 680, 689, 696, 713, 722, 723, 731, 736, 743, 758, 769, 777, 791, 793, 801, 807, 808, 812, 819, 823, 834, 852, 858, 873]

[9, 10, 11, 13, 14, 15, 16, 18, 19, 20, 21, 24, 28, 31, 33, 34, 36, 37, 38, 40, 44, 45, 46, 47, 50, 53, 60, 61, 63, 64, 65, 66, 68, 69, 70, 71, 74, 75, 76, 77, 80, 85, 87, 88, 89, 92, 94, 96, 103, 107, 108, 111, 112, 115, 116, 118, 120, 121, 124, 125, 126, 130, 131, 133, 138, 139, 142, 143, 144, 146, 149, 154, 155, 156, 157, 159, 162, 166, 167, 168, 169, 170, 174, 176, 177, 178, 179, 182, 183, 185, 187, 189, 191, 193, 195, 196, 197, 198, 204, 205, 209, 216, 217, 220, 224, 228, 229, 230, 231, 233, 234, 237, 238, 239, 240, 242, 243, 247, 248, 250, 253, 254, 257, 258, 259, 263, 264, 273, 277, 278, 279, 281, 282, 285, 286, 288, 291, 292, 293, 294, 296, 300, 301, 302, 303, 306, 307, 308, 310, 311, 312, 314, 319, 321, 325, 326, 327, 328, 329, 330, 331, 334, 335, 336, 337, 338, 339, 340, 341, 343, 344, 346, 348, 351, 352, 354, 355, 356, 358, 359, 363, 364, 365, 369, 370, 371, 372, 373, 376, 377, 378, 379, 385, 387, 388, 393, 394, 395, 396, 398, 400, 409, 410, 411, 416, 417, 420, 421, 422, 427, 428, 431, 432, 433, 438, 440, 442, 443, 445, 446, 447, 448, 449, 450, 452, 454, 455, 457, 460, 462, 463, 464, 465, 468, 473, 475, 478, 480, 483, 486, 487, 489, 490, 491, 497, 498, 500, 501, 505, 510, 512, 513, 515, 516, 519, 522, 525, 527, 530, 534, 536, 537, 539, 540, 541, 544, 548, 556, 562, 563, 564, 573, 575, 577, 578, 579, 580, 582, 586, 587, 591, 592, 594, 598, 600, 601, 604, 605, 607, 612, 613, 615, 620, 621, 623, 624, 630, 634, 636, 637, 638, 641, 643, 644, 645, 647, 648, 650, 651, 652, 660, 662, 665, 670, 671, 672, 674, 675, 681, 687, 692, 693, 694, 695, 696, 697, 698, 701, 702, 705, 707, 711, 712, 715, 718, 720, 722, 723, 724, 725, 726, 727, 729, 730, 732, 736, 738, 739, 740, 741, 743, 744, 747, 749, 751, 752, 753, 754, 755, 756, 757, 759, 761, 763, 764, 766, 767, 771, 772, 773, 774, 775, 777, 779, 780, 782, 783, 784, 789, 791, 795, 796, 797, 802, 803, 808, 809, 810, 811, 812, 813, 814, 816, 822, 823, 826, 828, 831, 832, 834, 835, 836, 838, 839, 840, 841, 842, 843, 845, 846, 848, 849, 851, 853, 856, 857, 858, 859, 860, 864, 865, 869, 871, 872, 874, 877, 878, 879, 880, 881, 883, 885, 886, 887, 888]
[35, 49, 58, 74, 86, 87, 90, 93, 105, 111, 112, 120, 121, 123, 124, 126, 135, 140, 142, 153, 157, 174, 178, 180, 182, 191, 198, 199, 202, 203, 218, 233, 240, 254, 256, 271, 290, 296, 301, 303, 305, 311, 316, 332, 333, 342, 356, 362, 369, 380, 382, 386, 388, 389, 390, 397, 400, 409, 421, 424, 428, 447, 454, 456, 459, 460, 465, 473, 482, 486, 493, 495, 501, 504, 505, 507, 509, 511, 520, 529, 533, 538, 541, 543, 569, 572, 593, 600, 605, 615, 625, 631, 641, 642, 653, 655, 656, 659, 680, 689, 696, 713, 722, 723, 731, 736, 743, 758, 769, 777, 791, 793, 801, 807, 808, 812, 819, 823, 834, 852, 858, 873]

[9, 10, 11, 13, 14, 15, 16, 18, 19, 20, 21, 24, 28, 31, 33, 34, 36, 37, 38, 40, 44, 45, 46, 47, 50, 53, 60, 61, 63, 64, 65, 66, 68, 69, 70, 71, 74, 75, 76, 77, 80, 81, 85, 87, 88, 89, 91, 92, 94, 96, 103, 104, 107, 108, 111, 112, 114, 115, 116, 117, 118, 120, 121, 124, 125, 126, 130, 131, 133, 135, 138, 139, 142, 143, 144, 146, 149, 154, 155, 156, 157, 159, 162, 164, 166, 167, 168, 169, 170, 172, 174, 176, 177, 178, 179, 182, 183, 185, 187, 189, 190, 191, 193, 195, 196, 197, 198, 199, 201, 204, 205, 209, 216, 217, 220, 224, 228, 229, 230, 231, 233, 234, 237, 238, 239, 240, 242, 243, 247, 248, 250, 253, 254, 257, 258, 259, 263, 264, 269, 273, 277, 278, 279, 281, 282, 285, 286, 288, 291, 292, 293, 294, 296, 300, 301, 302, 303, 306, 307, 308, 310, 311, 312, 314, 319, 321, 325, 326, 327, 328, 329, 330, 331, 334, 335, 336, 337, 338, 339, 340, 341, 343, 344, 346, 348, 351, 352, 354, 355, 356, 358, 359, 363, 364, 365, 369, 370, 371, 372, 373, 376, 377, 378, 379, 385, 387, 388, 393, 394, 395, 396, 398, 400, 409, 410, 411, 416, 417, 420, 421, 422, 427, 428, 431, 432, 433, 438, 440, 442, 443, 445, 446, 447, 448, 449, 450, 452, 454, 455, 457, 460, 462, 463, 464, 465, 468, 473, 475, 478, 480, 483, 486, 487, 489, 490, 491, 497, 498, 500, 501, 505, 510, 512, 513, 515, 516, 519, 522, 525, 527, 530, 534, 536, 537, 539, 540, 541, 544, 548, 553, 556, 562, 563, 564, 573, 575, 577, 578, 579, 580, 582, 586, 587, 591, 592, 594, 598, 600, 601, 603, 604, 605, 607, 612, 613, 615, 618, 620, 621, 623, 624, 630, 634, 636, 637, 638, 641, 643, 644, 645, 647, 648, 650, 651, 652, 660, 661, 662, 665, 667, 670, 671, 672, 674, 675, 681, 687, 690, 692, 693, 694, 695, 696, 697, 698, 701, 702, 705, 707, 708, 711, 712, 715, 718, 720, 722, 723, 724, 725, 726, 727, 729, 730, 732, 736, 738, 739, 740, 741, 743, 744, 747, 749, 751, 752, 753, 754, 755, 756, 757, 759, 761, 763, 764, 765, 766, 767, 769, 770, 771, 772, 773, 774, 775, 777, 778, 779, 780, 782, 783, 784, 789, 791, 795, 796, 797, 801, 802, 803, 808, 809, 810, 811, 812, 813, 814, 816, 822, 823, 826, 828, 831, 832, 834, 835, 836, 838, 839, 840, 841, 842, 843, 845, 846, 848, 849, 851, 853, 856, 857, 858, 859, 860, 864, 865, 869, 871, 872, 874, 877, 878, 879, 880, 881, 883, 885, 886, 887, 888, 889]
[35, 49, 58, 74, 86, 87, 90, 93, 105, 111, 112, 120, 121, 123, 124, 126, 135, 140, 142, 153, 157, 174, 178, 180, 182, 191, 198, 199, 202, 203, 218, 233, 240, 254, 256, 271, 290, 296, 301, 303, 305, 311, 316, 332, 333, 342, 356, 362, 369, 380, 382, 386, 388, 389, 390, 397, 400, 409, 421, 424, 428, 447, 454, 456, 459, 460, 465, 473, 482, 486, 493, 495, 501, 504, 505, 507, 509, 511, 520, 529, 533, 538, 541, 543, 569, 572, 593, 600, 605, 615, 625, 631, 641, 642, 653, 655, 656, 659, 680, 689, 696, 713, 722, 723, 731, 736, 743, 758, 769, 777, 791, 793, 801, 807, 808, 812, 819, 823, 834, 852, 858, 873]

[9, 10, 11, 13, 14, 15, 16, 18, 19, 20, 21, 24, 25, 28, 31, 33, 34, 36, 37, 38, 40, 44, 45, 46, 47, 50, 53, 60, 61, 63, 64, 65, 66, 68, 69, 70, 71, 74, 75, 76, 77, 80, 81, 85, 87, 88, 89, 91, 92, 94, 96, 97, 98, 100, 103, 104, 107, 108, 110, 111, 112, 114, 115, 116, 117, 118, 120, 121, 122, 124, 125, 126, 130, 131, 133, 135, 138, 139, 142, 143, 144, 146, 149, 154, 155, 156, 157, 159, 162, 164, 166, 167, 168, 169, 170, 172, 174, 176, 177, 178, 179, 180, 182, 183, 185, 187, 189, 190, 191, 193, 195, 196, 197, 198, 199, 201, 204, 205, 209, 216, 217, 220, 224, 228, 229, 230, 231, 233, 234, 237, 238, 239, 240, 242, 243, 247, 248, 250, 253, 254, 257, 258, 259, 263, 264, 265, 268, 269, 273, 277, 278, 279, 281, 282, 285, 286, 288, 291, 292, 293, 294, 296, 300, 301, 302, 303, 306, 307, 308, 310, 311, 312, 314, 319, 321, 325, 326, 327, 328, 329, 330, 331, 334, 335, 336, 337, 338, 339, 340, 341, 343, 344, 346, 348, 351, 352, 354, 355, 356, 358, 359, 363, 364, 365, 369, 370, 371, 372, 373, 376, 377, 378, 379, 385, 387, 388, 393, 394, 395, 396, 398, 399, 400, 401, 409, 410, 411, 416, 417, 420, 421, 422, 427, 428, 431, 432, 433, 438, 440, 442, 443, 445, 446, 447, 448, 449, 450, 452, 453, 454, 455, 456, 457, 460, 462, 463, 464, 465, 468, 473, 475, 478, 480, 483, 484, 486, 487, 489, 490, 491, 496, 497, 498, 500, 501, 505, 510, 512, 513, 515, 516, 519, 522, 525, 527, 530, 533, 534, 536, 537, 539, 540, 541, 544, 548, 553, 556, 562, 563, 564, 573, 575, 577, 578, 579, 580, 582, 586, 587, 591, 592, 593, 594, 597, 598, 600, 601, 603, 604, 605, 607, 612, 613, 615, 618, 620, 621, 623, 624, 625, 630, 634, 636, 637, 638, 641, 643, 644, 645, 647, 648, 650, 651, 652, 660, 661, 662, 665, 666, 667, 670, 671, 672, 674, 675, 681, 682, 687, 690, 692, 693, 694, 695, 696, 697, 698, 700, 701, 702, 705, 707, 708, 711, 712, 715, 718, 720, 722, 723, 724, 725, 726, 727, 729, 730, 732, 736, 738, 739, 740, 741, 743, 744, 747, 749, 751, 752, 753, 754, 755, 756, 757, 759, 761, 763, 764, 765, 766, 767, 769, 770, 771, 772, 773, 774, 775, 777, 778, 779, 780, 782, 783, 784, 789, 791, 795, 796, 797, 801, 802, 803, 808, 809, 810, 811, 812, 813, 814, 816, 822, 823, 824, 826, 828, 831, 832, 834, 835, 836, 838, 839, 840, 841, 842, 843, 845, 846, 848, 849, 851, 853, 854, 856, 857, 858, 859, 860, 863, 864, 865, 869, 871, 872, 874, 877, 878, 879, 880, 881, 883, 885, 886, 887, 888, 889]
[35, 49, 58, 74, 86, 87, 90, 93, 105, 111, 112, 120, 121, 123, 124, 126, 135, 140, 142, 153, 157, 174, 178, 180, 182, 191, 198, 199, 202, 203, 218, 233, 240, 254, 256, 271, 290, 296, 301, 303, 305, 311, 316, 332, 333, 342, 356, 362, 369, 380, 382, 386, 388, 389, 390, 397, 400, 409, 421, 424, 428, 447, 454, 456, 459, 460, 465, 473, 482, 486, 493, 495, 501, 504, 505, 507, 509, 511, 520, 529, 533, 538, 541, 543, 569, 572, 593, 600, 605, 615, 625, 631, 641, 642, 653, 655, 656, 659, 680, 689, 696, 713, 722, 723, 731, 736, 743, 758, 769, 777, 791, 793, 801, 807, 808, 812, 819, 823, 834, 852, 858, 873]

[3, 9, 10, 11, 13, 14, 15, 16, 18, 19, 20, 21, 24, 25, 28, 31, 32, 33, 34, 36, 37, 38, 40, 44, 45, 46, 47, 50, 51, 53, 60, 61, 63, 64, 65, 66, 68, 69, 70, 71, 74, 75, 76, 77, 79, 80, 81, 85, 87, 88, 89, 91, 92, 94, 96, 97, 98, 100, 102, 103, 104, 107, 108, 110, 111, 112, 114, 115, 116, 117, 118, 120, 121, 122, 124, 125, 126, 130, 131, 133, 135, 138, 139, 142, 143, 144, 146, 149, 154, 155, 156, 157, 159, 161, 162, 164, 166, 167, 168, 169, 170, 172, 174, 176, 177, 178, 179, 180, 182, 183, 185, 187, 189, 190, 191, 193, 195, 196, 197, 198, 199, 201, 203, 204, 205, 209, 216, 217, 220, 224, 226, 228, 229, 230, 231, 233, 234, 237, 238, 239, 240, 242, 243, 245, 247, 248, 250, 253, 254, 257, 258, 259, 263, 264, 265, 268, 269, 273, 277, 278, 279, 281, 282, 285, 286, 288, 291, 292, 293, 294, 296, 300, 301, 302, 303, 306, 307, 308, 310, 311, 312, 314, 319, 321, 325, 326, 327, 328, 329, 330, 331, 333, 334, 335, 336, 337, 338, 339, 340, 341, 343, 344, 346, 348, 351, 352, 354, 355, 356, 358, 359, 363, 364, 365, 369, 370, 371, 372, 373, 374, 376, 377, 378, 379, 385, 386, 387, 388, 389, 393, 394, 395, 396, 398, 399, 400, 401, 402, 409, 410, 411, 416, 417, 420, 421, 422, 427, 428, 431, 432, 433, 438, 440, 442, 443, 445, 446, 447, 448, 449, 450, 452, 453, 454, 455, 456, 457, 460, 462, 463, 464, 465, 467, 468, 473, 475, 478, 480, 483, 484, 486, 487, 489, 490, 491, 496, 497, 498, 499, 500, 501, 505, 510, 512, 513, 515, 516, 519, 522, 525, 527, 530, 533, 534, 536, 537, 539, 540, 541, 544, 548, 553, 556, 562, 563, 564, 573, 575, 577, 578, 579, 580, 582, 586, 587, 591, 592, 593, 594, 597, 598, 600, 601, 603, 604, 605, 607, 612, 613, 615, 618, 620, 621, 623, 624, 625, 627, 630, 631, 634, 636, 637, 638, 641, 643, 644, 645, 647, 648, 650, 651, 652, 658, 660, 661, 662, 663, 665, 666, 667, 670, 671, 672, 674, 675, 681, 682, 687, 690, 692, 693, 694, 695, 696, 697, 698, 700, 701, 702, 705, 707, 708, 711, 712, 715, 718, 720, 722, 723, 724, 725, 726, 727, 729, 730, 732, 736, 737, 738, 739, 740, 741, 743, 744, 747, 749, 751, 752, 753, 754, 755, 756, 757, 759, 761, 763, 764, 765, 766, 767, 769, 770, 771, 772, 773, 774, 775, 777, 778, 779, 780, 782, 783, 784, 789, 791, 793, 795, 796, 797, 799, 801, 802, 803, 808, 809, 810, 811, 812, 813, 814, 816, 822, 823, 824, 826, 828, 831, 832, 833, 834, 835, 836, 838, 839, 840, 841, 842, 843, 845, 846, 848, 849, 851, 853, 854, 856, 857, 858, 859, 860, 863, 864, 865, 867, 869, 871, 872, 874, 877, 878, 879, 880, 881, 883, 885, 886, 887, 888, 889]
[35, 49, 58, 74, 86, 87, 90, 93, 105, 111, 112, 120, 121, 123, 124, 126, 135, 140, 142, 153, 157, 174, 178, 180, 182, 191, 198, 199, 202, 203, 218, 233, 240, 254, 256, 271, 290, 296, 301, 303, 305, 311, 316, 332, 333, 342, 356, 362, 369, 380, 382, 386, 388, 389, 390, 397, 400, 409, 421, 424, 428, 447, 454, 456, 459, 460, 465, 473, 482, 486, 493, 495, 501, 504, 505, 507, 509, 511, 520, 529, 533, 538, 541, 543, 569, 572, 593, 600, 605, 615, 625, 631, 641, 642, 653, 655, 656, 659, 680, 689, 696, 713, 722, 723, 731, 736, 743, 758, 769, 777, 791, 793, 801, 807, 808, 812, 819, 823, 834, 852, 858, 873]

[3, 9, 10, 11, 13, 14, 15, 16, 18, 19, 20, 21, 24, 25, 26, 28, 31, 32, 33, 34, 36, 37, 38, 40, 42, 44, 45, 46, 47, 50, 51, 53, 60, 61, 63, 64, 65, 66, 68, 69, 70, 71, 74, 75, 76, 77, 79, 80, 81, 85, 87, 88, 89, 91, 92, 94, 96, 97, 98, 100, 102, 103, 104, 106, 107, 108, 110, 111, 112, 114, 115, 116, 117, 118, 120, 121, 122, 124, 125, 126, 129, 130, 131, 133, 135, 138, 139, 142, 143, 144, 146, 149, 154, 155, 156, 157, 159, 160, 161, 162, 164, 166, 167, 168, 169, 170, 172, 174, 176, 177, 178, 179, 180, 182, 183, 185, 187, 189, 190, 191, 193, 195, 196, 197, 198, 199, 201, 203, 204, 205, 207, 209, 216, 217, 220, 224, 226, 228, 229, 230, 231, 233, 234, 237, 238, 239, 240, 242, 243, 245, 247, 248, 250, 253, 254, 257, 258, 259, 263, 264, 265, 267, 268, 269, 273, 276, 277, 278, 279, 281, 282, 285, 286, 288, 291, 292, 293, 294, 296, 300, 301, 302, 303, 306, 307, 308, 310, 311, 312, 314, 319, 321, 325, 326, 327, 328, 329, 330, 331, 333, 334, 335, 336, 337, 338, 339, 340, 341, 343, 344, 346, 348, 351, 352, 354, 355, 356, 358, 359, 363, 364, 365, 369, 370, 371, 372, 373, 374, 376, 377, 378, 379, 385, 386, 387, 388, 389, 393, 394, 395, 396, 398, 399, 400, 401, 402, 409, 410, 411, 416, 417, 419, 420, 421, 422, 427, 428, 431, 432, 433, 434, 438, 440, 442, 443, 445, 446, 447, 448, 449, 450, 452, 453, 454, 455, 456, 457, 460, 462, 463, 464, 465, 467, 468, 473, 475, 478, 480, 483, 484, 486, 487, 489, 490, 491, 492, 496, 497, 498, 499, 500, 501, 505, 509, 510, 512, 513, 515, 516, 519, 522, 525, 527, 529, 530, 533, 534, 535, 536, 537, 539, 540, 541, 544, 548, 550, 553, 556, 562, 563, 564, 573, 575, 576, 577, 578, 579, 580, 582, 586, 587, 591, 592, 593, 594, 597, 598, 600, 601, 603, 604, 605, 607, 612, 613, 615, 618, 619, 620, 621, 623, 624, 625, 627, 630, 631, 634, 636, 637, 638, 641, 643, 644, 645, 647, 648, 650, 651, 652, 657, 658, 659, 660, 661, 662, 663, 665, 666, 667, 670, 671, 672, 674, 675, 676, 681, 682, 687, 690, 692, 693, 694, 695, 696, 697, 698, 699, 700, 701, 702, 705, 707, 708, 711, 712, 715, 718, 720, 722, 723, 724, 725, 726, 727, 729, 730, 732, 736, 737, 738, 739, 740, 741, 743, 744, 747, 749, 751, 752, 753, 754, 755, 756, 757, 759, 761, 763, 764, 765, 766, 767, 769, 770, 771, 772, 773, 774, 775, 777, 778, 779, 780, 782, 783, 784, 789, 791, 793, 794, 795, 796, 797, 799, 801, 802, 803, 808, 809, 810, 811, 812, 813, 814, 815, 816, 822, 823, 824, 825, 826, 828, 829, 831, 832, 833, 834, 835, 836, 838, 839, 840, 841, 842, 843, 845, 846, 848, 849, 851, 853, 854, 856, 857, 858, 859, 860, 863, 864, 865, 867, 869, 871, 872, 874, 877, 878, 879, 880, 881, 883, 885, 886, 887, 888, 889]
[35, 49, 58, 74, 86, 87, 90, 93, 105, 111, 112, 120, 121, 123, 124, 126, 135, 140, 142, 153, 157, 174, 178, 180, 182, 191, 198, 199, 202, 203, 218, 233, 240, 254, 256, 271, 290, 296, 301, 303, 305, 311, 316, 332, 333, 342, 356, 362, 369, 380, 382, 386, 388, 389, 390, 397, 400, 409, 421, 424, 428, 447, 454, 456, 459, 460, 465, 473, 482, 486, 493, 495, 501, 504, 505, 507, 509, 511, 520, 529, 533, 538, 541, 543, 569, 572, 593, 600, 605, 615, 625, 631, 641, 642, 653, 655, 656, 659, 680, 689, 696, 713, 722, 723, 731, 736, 743, 758, 769, 777, 791, 793, 801, 807, 808, 812, 819, 823, 834, 852, 858, 873]

[3, 9, 10, 11, 13, 14, 15, 16, 18, 19, 20, 21, 24, 25, 26, 28, 31, 32, 33, 34, 36, 37, 38, 40, 42, 44, 45, 46, 47, 50, 51, 53, 60, 61, 63, 64, 65, 66, 68, 69, 70, 71, 74, 75, 76, 77, 79, 80, 81, 85, 86, 87, 88, 89, 91, 92, 94, 96, 97, 98, 100, 101, 102, 103, 104, 106, 107, 108, 110, 111, 112, 114, 115, 116, 117, 118, 120, 121, 122, 124, 125, 126, 129, 130, 131, 133, 135, 136, 138, 139, 142, 143, 144, 146, 149, 152, 154, 155, 156, 157, 159, 160, 161, 162, 164, 166, 167, 168, 169, 170, 172, 174, 176, 177, 178, 179, 180, 182, 183, 185, 187, 189, 190, 191, 193, 195, 196, 197, 198, 199, 201, 203, 204, 205, 207, 209, 216, 217, 220, 221, 224, 226, 228, 229, 230, 231, 233, 234, 237, 238, 239, 240, 242, 243, 245, 247, 248, 250, 253, 254, 257, 258, 259, 263, 264, 265, 266, 267, 268, 269, 273, 275, 276, 277, 278, 279, 281, 282, 285, 286, 288, 291, 292, 293, 294, 296, 300, 301, 302, 303, 306, 307, 308, 309, 310, 311, 312, 314, 319, 321, 325, 326, 327, 328, 329, 330, 331, 333, 334, 335, 336, 337, 338, 339, 340, 341, 343, 344, 346, 348, 351, 352, 354, 355, 356, 358, 359, 363, 364, 365, 368, 369, 370, 371, 372, 373, 374, 376, 377, 378, 379, 381, 385, 386, 387, 388, 389, 393, 394, 395, 396, 398, 399, 400, 401, 402, 409, 410, 411, 413, 416, 417, 419, 420, 421, 422, 427, 428, 431, 432, 433, 434, 437, 438, 440, 442, 443, 445, 446, 447, 448, 449, 450, 452, 453, 454, 455, 456, 457, 460, 462, 463, 464, 465, 467, 468, 473, 475, 478, 480, 483, 484, 486, 487, 489, 490, 491, 492, 496, 497, 498, 499, 500, 501, 505, 509, 510, 512, 513, 515, 516, 519, 522, 525, 527, 529, 530, 533, 534, 535, 536, 537, 539, 540, 541, 544, 546, 548, 550, 551, 553, 556, 557, 562, 563, 564, 567, 573, 575, 576, 577, 578, 579, 580, 582, 586, 587, 591, 592, 593, 594, 597, 598, 600, 601, 603, 604, 605, 607, 612, 613, 614, 615, 618, 619, 620, 621, 623, 624, 625, 627, 629, 630, 631, 634, 635, 636, 637, 638, 641, 643, 644, 645, 647, 648, 650, 651, 652, 657, 658, 659, 660, 661, 662, 663, 665, 666, 667, 670, 671, 672, 674, 675, 676, 678, 681, 682, 686, 687, 688, 690, 692, 693, 694, 695, 696, 697, 698, 699, 700, 701, 702, 705, 707, 708, 711, 712, 715, 718, 720, 722, 723, 724, 725, 726, 727, 729, 730, 732, 736, 737, 738, 739, 740, 741, 742, 743, 744, 747, 749, 751, 752, 753, 754, 755, 756, 757, 759, 760, 761, 763, 764, 765, 766, 767, 769, 770, 771, 772, 773, 774, 775, 777, 778, 779, 780, 782, 783, 784, 789, 791, 793, 794, 795, 796, 797, 799, 801, 802, 803, 808, 809, 810, 811, 812, 813, 814, 815, 816, 822, 823, 824, 825, 826, 828, 829, 831, 832, 833, 834, 835, 836, 838, 839, 840, 841, 842, 843, 844, 845, 846, 848, 849, 851, 853, 854, 856, 857, 858, 859, 860, 863, 864, 865, 867, 869, 871, 872, 874, 877, 878, 879, 880, 881, 883, 885, 886, 887, 888, 889]
[35, 49, 58, 74, 86, 87, 90, 93, 105, 111, 112, 120, 121, 123, 124, 126, 135, 140, 142, 153, 157, 174, 178, 180, 182, 191, 198, 199, 202, 203, 218, 233, 240, 254, 256, 271, 290, 296, 301, 303, 305, 311, 316, 332, 333, 342, 356, 362, 369, 380, 382, 386, 388, 389, 390, 397, 400, 409, 421, 424, 428, 447, 454, 456, 459, 460, 465, 473, 482, 486, 493, 495, 501, 504, 505, 507, 509, 511, 520, 529, 533, 538, 541, 543, 569, 572, 593, 600, 605, 615, 625, 631, 641, 642, 653, 655, 656, 659, 680, 689, 696, 713, 722, 723, 731, 736, 743, 758, 769, 777, 791, 793, 801, 807, 808, 812, 819, 823, 834, 852, 858, 873]

[3, 9, 10, 11, 13, 14, 15, 16, 18, 19, 20, 21, 24, 25, 26, 28, 31, 32, 33, 34, 36, 37, 38, 40, 42, 43, 44, 45, 46, 47, 50, 51, 52, 53, 56, 60, 61, 63, 64, 65, 66, 68, 69, 70, 71, 74, 75, 76, 77, 79, 80, 81, 85, 86, 87, 88, 89, 91, 92, 94, 96, 97, 98, 99, 100, 101, 102, 103, 104, 106, 107, 108, 110, 111, 112, 114, 115, 116, 117, 118, 120, 121, 122, 124, 125, 126, 129, 130, 131, 133, 135, 136, 138, 139, 140, 142, 143, 144, 146, 149, 152, 154, 155, 156, 157, 159, 160, 161, 162, 164, 166, 167, 168, 169, 170, 172, 174, 176, 177, 178, 179, 180, 182, 183, 185, 187, 189, 190, 191, 193, 195, 196, 197, 198, 199, 201, 203, 204, 205, 207, 209, 216, 217, 220, 221, 222, 224, 226, 228, 229, 230, 231, 233, 234, 237, 238, 239, 240, 241, 242, 243, 245, 246, 247, 248, 250, 253, 254, 257, 258, 259, 263, 264, 265, 266, 267, 268, 269, 273, 275, 276, 277, 278, 279, 281, 282, 285, 286, 288, 289, 291, 292, 293, 294, 296, 300, 301, 302, 303, 306, 307, 308, 309, 310, 311, 312, 314, 319, 321, 325, 326, 327, 328, 329, 330, 331, 332, 333, 334, 335, 336, 337, 338, 339, 340, 341, 342, 343, 344, 346, 348, 351, 352, 354, 355, 356, 358, 359, 363, 364, 365, 368, 369, 370, 371, 372, 373, 374, 376, 377, 378, 379, 381, 385, 386, 387, 388, 389, 393, 394, 395, 396, 398, 399, 400, 401, 402, 409, 410, 411, 413, 416, 417, 419, 420, 421, 422, 427, 428, 431, 432, 433, 434, 437, 438, 440, 442, 443, 445, 446, 447, 448, 449, 450, 452, 453, 454, 455, 456, 457, 458, 460, 462, 463, 464, 465, 466, 467, 468, 473, 475, 478, 480, 482, 483, 484, 486, 487, 489, 490, 491, 492, 495, 496, 497, 498, 499, 500, 501, 505, 509, 510, 512, 513, 515, 516, 519, 522, 525, 527, 529, 530, 533, 534, 535, 536, 537, 539, 540, 541, 543, 544, 546, 548, 550, 551, 553, 556, 557, 562, 563, 564, 567, 570, 573, 575, 576, 577, 578, 579, 580, 582, 586, 587, 588, 591, 592, 593, 594, 597, 598, 600, 601, 603, 604, 605, 607, 610, 612, 613, 614, 615, 618, 619, 620, 621, 623, 624, 625, 627, 629, 630, 631, 633, 634, 635, 636, 637, 638, 641, 643, 644, 645, 647, 648, 650, 651, 652, 657, 658, 659, 660, 661, 662, 663, 665, 666, 667, 670, 671, 672, 674, 675, 676, 678, 681, 682, 686, 687, 688, 690, 691, 692, 693, 694, 695, 696, 697, 698, 699, 700, 701, 702, 705, 707, 708, 711, 712, 715, 717, 718, 720, 722, 723, 724, 725, 726, 727, 729, 730, 732, 736, 737, 738, 739, 740, 741, 742, 743, 744, 747, 749, 751, 752, 753, 754, 755, 756, 757, 759, 760, 761, 763, 764, 765, 766, 767, 769, 770, 771, 772, 773, 774, 775, 777, 778, 779, 780, 782, 783, 784, 785, 789, 791, 793, 794, 795, 796, 797, 799, 801, 802, 803, 808, 809, 810, 811, 812, 813, 814, 815, 816, 822, 823, 824, 825, 826, 828, 829, 831, 832, 833, 834, 835, 836, 838, 839, 840, 841, 842, 843, 844, 845, 846, 848, 849, 851, 853, 854, 856, 857, 858, 859, 860, 863, 864, 865, 866, 867, 869, 871, 872, 874, 875, 877, 878, 879, 880, 881, 883, 885, 886, 887, 888, 889]
[35, 49, 58, 74, 86, 87, 90, 93, 105, 111, 112, 120, 121, 123, 124, 126, 135, 140, 142, 153, 157, 174, 178, 180, 182, 191, 198, 199, 202, 203, 218, 233, 240, 254, 256, 271, 290, 296, 301, 303, 305, 311, 316, 332, 333, 342, 356, 362, 369, 380, 382, 386, 388, 389, 390, 397, 400, 409, 421, 424, 428, 447, 454, 456, 459, 460, 465, 473, 482, 486, 493, 495, 501, 504, 505, 507, 509, 511, 520, 529, 533, 538, 541, 543, 569, 572, 593, 600, 605, 615, 625, 631, 641, 642, 653, 655, 656, 659, 680, 689, 696, 713, 722, 723, 731, 736, 743, 758, 769, 777, 791, 793, 801, 807, 808, 812, 819, 823, 834, 852, 858, 873]

[3, 9, 10, 11, 13, 14, 15, 16, 18, 19, 20, 21, 24, 25, 26, 28, 31, 32, 33, 34, 36, 37, 38, 40, 42, 43, 44, 45, 46, 47, 50, 51, 52, 53, 56, 60, 61, 63, 64, 65, 66, 68, 69, 70, 71, 74, 75, 76, 77, 79, 80, 81, 85, 86, 87, 88, 89, 91, 92, 94, 96, 97, 98, 99, 100, 101, 102, 103, 104, 106, 107, 108, 110, 111, 112, 114, 115, 116, 117, 118, 120, 121, 122, 123, 124, 125, 126, 129, 130, 131, 133, 135, 136, 138, 139, 140, 142, 143, 144, 146, 148, 149, 151, 152, 154, 155, 156, 157, 158, 159, 160, 161, 162, 164, 166, 167, 168, 169, 170, 172, 174, 176, 177, 178, 179, 180, 181, 182, 183, 185, 187, 189, 190, 191, 193, 195, 196, 197, 198, 199, 201, 203, 204, 205, 207, 209, 216, 217, 220, 221, 222, 224, 226, 228, 229, 230, 231, 233, 234, 237, 238, 239, 240, 241, 242, 243, 245, 246, 247, 248, 250, 252, 253, 254, 257, 258, 259, 263, 264, 265, 266, 267, 268, 269, 272, 273, 275, 276, 277, 278, 279, 281, 282, 285, 286, 287, 288, 289, 291, 292, 293, 294, 296, 300, 301, 302, 303, 306, 307, 308, 309, 310, 311, 312, 314, 319, 320, 321, 323, 325, 326, 327, 328, 329, 330, 331, 332, 333, 334, 335, 336, 337, 338, 339, 340, 341, 342, 343, 344, 346, 348, 351, 352, 354, 355, 356, 358, 359, 362, 363, 364, 365, 368, 369, 370, 371, 372, 373, 374, 376, 377, 378, 379, 381, 385, 386, 387, 388, 389, 393, 394, 395, 396, 398, 399, 400, 401, 402, 403, 409, 410, 411, 413, 416, 417, 419, 420, 421, 422, 427, 428, 431, 432, 433, 434, 437, 438, 440, 442, 443, 445, 446, 447, 448, 449, 450, 451, 452, 453, 454, 455, 456, 457, 458, 460, 462, 463, 464, 465, 466, 467, 468, 471, 473, 474, 475, 478, 480, 482, 483, 484, 486, 487, 489, 490, 491, 492, 495, 496, 497, 498, 499, 500, 501, 505, 509, 510, 512, 513, 515, 516, 519, 522, 525, 527, 529, 530, 533, 534, 535, 536, 537, 538, 539, 540, 541, 542, 543, 544, 546, 548, 550, 551, 553, 556, 557, 559, 562, 563, 564, 567, 570, 573, 575, 576, 577, 578, 579, 580, 582, 586, 587, 588, 591, 592, 593, 594, 597, 598, 600, 601, 603, 604, 605, 607, 610, 612, 613, 614, 615, 616, 618, 619, 620, 621, 623, 624, 625, 627, 629, 630, 631, 633, 634, 635, 636, 637, 638, 641, 643, 644, 645, 647, 648, 650, 651, 652, 657, 658, 659, 660, 661, 662, 663, 665, 666, 667, 670, 671, 672, 674, 675, 676, 678, 680, 681, 682, 686, 687, 688, 690, 691, 692, 693, 694, 695, 696, 697, 698, 699, 700, 701, 702, 705, 707, 708, 711, 712, 715, 717, 718, 719, 720, 722, 723, 724, 725, 726, 727, 729, 730, 732, 736, 737, 738, 739, 740, 741, 742, 743, 744, 745, 746, 747, 749, 751, 752, 753, 754, 755, 756, 757, 759, 760, 761, 763, 764, 765, 766, 767, 769, 770, 771, 772, 773, 774, 775, 777, 778, 779, 780, 782, 783, 784, 785, 789, 790, 791, 793, 794, 795, 796, 797, 799, 801, 802, 803, 808, 809, 810, 811, 812, 813, 814, 815, 816, 817, 822, 823, 824, 825, 826, 828, 829, 831, 832, 833, 834, 835, 836, 838, 839, 840, 841, 842, 843, 844, 845, 846, 848, 849, 851, 853, 854, 856, 857, 858, 859, 860, 863, 864, 865, 866, 867, 869, 871, 872, 874, 875, 877, 878, 879, 880, 881, 883, 885, 886, 887, 888, 889]
[35, 49, 58, 74, 86, 87, 90, 93, 105, 111, 112, 120, 121, 123, 124, 126, 135, 140, 142, 153, 157, 174, 178, 180, 182, 191, 198, 199, 202, 203, 218, 233, 240, 254, 256, 271, 290, 296, 301, 303, 305, 311, 316, 332, 333, 342, 356, 362, 369, 380, 382, 386, 388, 389, 390, 397, 400, 409, 421, 424, 428, 447, 454, 456, 459, 460, 465, 473, 482, 486, 493, 495, 501, 504, 505, 507, 509, 511, 520, 529, 533, 538, 541, 543, 569, 572, 593, 600, 605, 615, 625, 631, 641, 642, 653, 655, 656, 659, 680, 689, 696, 713, 722, 723, 731, 736, 743, 758, 769, 777, 791, 793, 801, 807, 808, 812, 819, 823, 834, 852, 858, 873]

[3, 9, 10, 11, 13, 14, 15, 16, 18, 19, 20, 21, 24, 25, 26, 28, 31, 32, 33, 34, 36, 37, 38, 39, 40, 42, 43, 44, 45, 46, 47, 50, 51, 52, 53, 56, 60, 61, 63, 64, 65, 66, 68, 69, 70, 71, 74, 75, 76, 77, 79, 80, 81, 85, 86, 87, 88, 89, 91, 92, 94, 96, 97, 98, 99, 100, 101, 102, 103, 104, 106, 107, 108, 110, 111, 112, 114, 115, 116, 117, 118, 120, 121, 122, 123, 124, 125, 126, 127, 129, 130, 131, 133, 135, 136, 137, 138, 139, 140, 142, 143, 144, 146, 148, 149, 151, 152, 154, 155, 156, 157, 158, 159, 160, 161, 162, 164, 166, 167, 168, 169, 170, 172, 174, 176, 177, 178, 179, 180, 181, 182, 183, 185, 187, 189, 190, 191, 192, 193, 195, 196, 197, 198, 199, 201, 203, 204, 205, 207, 209, 216, 217, 220, 221, 222, 224, 226, 228, 229, 230, 231, 233, 234, 237, 238, 239, 240, 241, 242, 243, 245, 246, 247, 248, 250, 252, 253, 254, 257, 258, 259, 261, 262, 263, 264, 265, 266, 267, 268, 269, 270, 271, 272, 273, 275, 276, 277, 278, 279, 281, 282, 285, 286, 287, 288, 289, 291, 292, 293, 294, 296, 298, 300, 301, 302, 303, 306, 307, 308, 309, 310, 311, 312, 314, 319, 320, 321, 323, 325, 326, 327, 328, 329, 330, 331, 332, 333, 334, 335, 336, 337, 338, 339, 340, 341, 342, 343, 344, 346, 348, 351, 352, 354, 355, 356, 357, 358, 359, 362, 363, 364, 365, 368, 369, 370, 371, 372, 373, 374, 376, 377, 378, 379, 381, 382, 383, 385, 386, 387, 388, 389, 393, 394, 395, 396, 398, 399, 400, 401, 402, 403, 406, 409, 410, 411, 413, 416, 417, 419, 420, 421, 422, 427, 428, 429, 431, 432, 433, 434, 437, 438, 440, 442, 443, 445, 446, 447, 448, 449, 450, 451, 452, 453, 454, 455, 456, 457, 458, 460, 462, 463, 464, 465, 466, 467, 468, 470, 471, 473, 474, 475, 478, 480, 482, 483, 484, 485, 486, 487, 489, 490, 491, 492, 495, 496, 497, 498, 499, 500, 501, 502, 503, 505, 509, 510, 512, 513, 514, 515, 516, 519, 522, 525, 527, 529, 530, 533, 534, 535, 536, 537, 538, 539, 540, 541, 542, 543, 544, 546, 548, 550, 551, 553, 556, 557, 559, 562, 563, 564, 567, 570, 572, 573, 575, 576, 577, 578, 579, 580, 582, 586, 587, 588, 589, 591, 592, 593, 594, 597, 598, 600, 601, 603, 604, 605, 607, 610, 612, 613, 614, 615, 616, 618, 619, 620, 621, 623, 624, 625, 627, 629, 630, 631, 633, 634, 635, 636, 637, 638, 641, 643, 644, 645, 647, 648, 650, 651, 652, 657, 658, 659, 660, 661, 662, 663, 665, 666, 667, 670, 671, 672, 674, 675, 676, 678, 680, 681, 682, 686, 687, 688, 690, 691, 692, 693, 694, 695, 696, 697, 698, 699, 700, 701, 702, 705, 707, 708, 711, 712, 715, 717, 718, 719, 720, 722, 723, 724, 725, 726, 727, 729, 730, 732, 733, 736, 737, 738, 739, 740, 741, 742, 743, 744, 745, 746, 747, 749, 751, 752, 753, 754, 755, 756, 757, 759, 760, 761, 763, 764, 765, 766, 767, 769, 770, 771, 772, 773, 774, 775, 777, 778, 779, 780, 782, 783, 784, 785, 789, 790, 791, 793, 794, 795, 796, 797, 798, 799, 801, 802, 803, 808, 809, 810, 811, 812, 813, 814, 815, 816, 817, 822, 823, 824, 825, 826, 828, 829, 831, 832, 833, 834, 835, 836, 838, 839, 840, 841, 842, 843, 844, 845, 846, 848, 849, 851, 852, 853, 854, 856, 857, 858, 859, 860, 863, 864, 865, 866, 867, 869, 871, 872, 874, 875, 877, 878, 879, 880, 881, 882, 883, 885, 886, 887, 888, 889]
[35, 49, 58, 74, 86, 87, 90, 93, 105, 111, 112, 120, 121, 123, 124, 126, 135, 140, 142, 153, 157, 174, 178, 180, 182, 191, 198, 199, 202, 203, 218, 233, 240, 254, 256, 271, 290, 296, 301, 303, 305, 311, 316, 332, 333, 342, 356, 362, 369, 380, 382, 386, 388, 389, 390, 397, 400, 409, 421, 424, 428, 447, 454, 456, 459, 460, 465, 473, 482, 486, 493, 495, 501, 504, 505, 507, 509, 511, 520, 529, 533, 538, 541, 543, 569, 572, 593, 600, 605, 615, 625, 631, 641, 642, 653, 655, 656, 659, 680, 689, 696, 713, 722, 723, 731, 736, 743, 758, 769, 777, 791, 793, 801, 807, 808, 812, 819, 823, 834, 852, 858, 873]

[3, 9, 10, 11, 13, 14, 15, 16, 18, 19, 20, 21, 24, 25, 26, 28, 31, 32, 33, 34, 36, 37, 38, 39, 40, 42, 43, 44, 45, 46, 47, 50, 51, 52, 53, 54, 56, 60, 61, 63, 64, 65, 66, 68, 69, 70, 71, 73, 74, 75, 76, 77, 79, 80, 81, 85, 86, 87, 88, 89, 91, 92, 94, 96, 97, 98, 99, 100, 101, 102, 103, 104, 106, 107, 108, 110, 111, 112, 113, 114, 115, 116, 117, 118, 120, 121, 122, 123, 124, 125, 126, 127, 129, 130, 131, 133, 135, 136, 137, 138, 139, 140, 142, 143, 144, 146, 148, 149, 151, 152, 154, 155, 156, 157, 158, 159, 160, 161, 162, 164, 166, 167, 168, 169, 170, 171, 172, 174, 176, 177, 178, 179, 180, 181, 182, 183, 184, 185, 187, 189, 190, 191, 192, 193, 195, 196, 197, 198, 199, 201, 203, 204, 205, 207, 209, 211, 216, 217, 220, 221, 222, 224, 226, 228, 229, 230, 231, 233, 234, 236, 237, 238, 239, 240, 241, 242, 243, 245, 246, 247, 248, 250, 252, 253, 254, 256, 257, 258, 259, 261, 262, 263, 264, 265, 266, 267, 268, 269, 270, 271, 272, 273, 275, 276, 277, 278, 279, 281, 282, 285, 286, 287, 288, 289, 291, 292, 293, 294, 295, 296, 298, 300, 301, 302, 303, 306, 307, 308, 309, 310, 311, 312, 314, 319, 320, 321, 323, 325, 326, 327, 328, 329, 330, 331, 332, 333, 334, 335, 336, 337, 338, 339, 340, 341, 342, 343, 344, 346, 348, 351, 352, 354, 355, 356, 357, 358, 359, 362, 363, 364, 365, 368, 369, 370, 371, 372, 373, 374, 375, 376, 377, 378, 379, 381, 382, 383, 385, 386, 387, 388, 389, 390, 393, 394, 395, 396, 398, 399, 400, 401, 402, 403, 406, 409, 410, 411, 413, 414, 416, 417, 419, 420, 421, 422, 424, 427, 428, 429, 431, 432, 433, 434, 437, 438, 440, 442, 443, 445, 446, 447, 448, 449, 450, 451, 452, 453, 454, 455, 456, 457, 458, 460, 462, 463, 464, 465, 466, 467, 468, 470, 471, 472, 473, 474, 475, 478, 480, 482, 483, 484, 485, 486, 487, 489, 490, 491, 492, 495, 496, 497, 498, 499, 500, 501, 502, 503, 505, 507, 509, 510, 512, 513, 514, 515, 516, 519, 522, 525, 526, 527, 529, 530, 533, 534, 535, 536, 537, 538, 539, 540, 541, 542, 543, 544, 546, 548, 550, 551, 552, 553, 556, 557, 559, 560, 562, 563, 564, 565, 567, 570, 572, 573, 575, 576, 577, 578, 579, 580, 582, 586, 587, 588, 589, 590, 591, 592, 593, 594, 597, 598, 600, 601, 603, 604, 605, 607, 610, 612, 613, 614, 615, 616, 618, 619, 620, 621, 623, 624, 625, 626, 627, 629, 630, 631, 633, 634, 635, 636, 637, 638, 641, 643, 644, 645, 647, 648, 649, 650, 651, 652, 657, 658, 659, 660, 661, 662, 663, 665, 666, 667, 670, 671, 672, 674, 675, 676, 678, 680, 681, 682, 686, 687, 688, 690, 691, 692, 693, 694, 695, 696, 697, 698, 699, 700, 701, 702, 705, 707, 708, 711, 712, 715, 717, 718, 719, 720, 722, 723, 724, 725, 726, 727, 729, 730, 732, 733, 734, 735, 736, 737, 738, 739, 740, 741, 742, 743, 744, 745, 746, 747, 749, 751, 752, 753, 754, 755, 756, 757, 759, 760, 761, 763, 764, 765, 766, 767, 769, 770, 771, 772, 773, 774, 775, 777, 778, 779, 780, 782, 783, 784, 785, 789, 790, 791, 793, 794, 795, 796, 797, 798, 799, 801, 802, 803, 808, 809, 810, 811, 812, 813, 814, 815, 816, 817, 822, 823, 824, 825, 826, 828, 829, 830, 831, 832, 833, 834, 835, 836, 838, 839, 840, 841, 842, 843, 844, 845, 846, 848, 849, 851, 852, 853, 854, 856, 857, 858, 859, 860, 863, 864, 865, 866, 867, 869, 871, 872, 874, 875, 877, 878, 879, 880, 881, 882, 883, 885, 886, 887, 888, 889]
[35, 49, 58, 74, 86, 87, 90, 93, 105, 111, 112, 120, 121, 123, 124, 126, 135, 140, 142, 153, 157, 174, 178, 180, 182, 191, 198, 199, 202, 203, 218, 233, 240, 254, 256, 271, 290, 296, 301, 303, 305, 311, 316, 332, 333, 342, 356, 362, 369, 380, 382, 386, 388, 389, 390, 397, 400, 409, 421, 424, 428, 447, 454, 456, 459, 460, 465, 473, 482, 486, 493, 495, 501, 504, 505, 507, 509, 511, 520, 529, 533, 538, 541, 543, 569, 572, 593, 600, 605, 615, 625, 631, 641, 642, 653, 655, 656, 659, 680, 689, 696, 713, 722, 723, 731, 736, 743, 758, 769, 777, 791, 793, 801, 807, 808, 812, 819, 823, 834, 852, 858, 873]

[2, 3, 9, 10, 11, 13, 14, 15, 16, 18, 19, 20, 21, 24, 25, 26, 28, 31, 32, 33, 34, 35, 36, 37, 38, 39, 40, 42, 43, 44, 45, 46, 47, 50, 51, 52, 53, 54, 56, 58, 60, 61, 63, 64, 65, 66, 68, 69, 70, 71, 73, 74, 75, 76, 77, 79, 80, 81, 85, 86, 87, 88, 89, 91, 92, 94, 96, 97, 98, 99, 100, 101, 102, 103, 104, 106, 107, 108, 110, 111, 112, 113, 114, 115, 116, 117, 118, 119, 120, 121, 122, 123, 124, 125, 126, 127, 129, 130, 131, 133, 135, 136, 137, 138, 139, 140, 142, 143, 144, 146, 148, 149, 151, 152, 154, 155, 156, 157, 158, 159, 160, 161, 162, 164, 166, 167, 168, 169, 170, 171, 172, 174, 176, 177, 178, 179, 180, 181, 182, 183, 184, 185, 187, 189, 190, 191, 192, 193, 195, 196, 197, 198, 199, 201, 203, 204, 205, 207, 209, 211, 216, 217, 219, 220, 221, 222, 224, 226, 228, 229, 230, 231, 233, 234, 236, 237, 238, 239, 240, 241, 242, 243, 245, 246, 247, 248, 249, 250, 252, 253, 254, 256, 257, 258, 259, 261, 262, 263, 264, 265, 266, 267, 268, 269, 270, 271, 272, 273, 275, 276, 277, 278, 279, 281, 282, 283, 285, 286, 287, 288, 289, 290, 291, 292, 293, 294, 295, 296, 298, 300, 301, 302, 303, 305, 306, 307, 308, 309, 310, 311, 312, 314, 319, 320, 321, 323, 325, 326, 327, 328, 329, 330, 331, 332, 333, 334, 335, 336, 337, 338, 339, 340, 341, 342, 343, 344, 346, 347, 348, 351, 352, 354, 355, 356, 357, 358, 359, 362, 363, 364, 365, 368, 369, 370, 371, 372, 373, 374, 375, 376, 377, 378, 379, 380, 381, 382, 383, 385, 386, 387, 388, 389, 390, 393, 394, 395, 396, 398, 399, 400, 401, 402, 403, 404, 406, 409, 410, 411, 413, 414, 416, 417, 419, 420, 421, 422, 424, 427, 428, 429, 430, 431, 432, 433, 434, 436, 437, 438, 440, 442, 443, 445, 446, 447, 448, 449, 450, 451, 452, 453, 454, 455, 456, 457, 458, 460, 462, 463, 464, 465, 466, 467, 468, 470, 471, 472, 473, 474, 475, 478, 480, 481, 482, 483, 484, 485, 486, 487, 488, 489, 490, 491, 492, 495, 496, 497, 498, 499, 500, 501, 502, 503, 505, 507, 509, 510, 512, 513, 514, 515, 516, 519, 520, 522, 525, 526, 527, 529, 530, 533, 534, 535, 536, 537, 538, 539, 540, 541, 542, 543, 544, 546, 547, 548, 550, 551, 552, 553, 554, 556, 557, 559, 560, 562, 563, 564, 565, 567, 568, 570, 572, 573, 575, 576, 577, 578, 579, 580, 582, 586, 587, 588, 589, 590, 591, 592, 593, 594, 597, 598, 600, 601, 603, 604, 605, 607, 610, 612, 613, 614, 615, 616, 618, 619, 620, 621, 623, 624, 625, 626, 627, 629, 630, 631, 633, 634, 635, 636, 637, 638, 641, 643, 644, 645, 647, 648, 649, 650, 651, 652, 657, 658, 659, 660, 661, 662, 663, 665, 666, 667, 670, 671, 672, 674, 675, 676, 678, 680, 681, 682, 685, 686, 687, 688, 690, 691, 692, 693, 694, 695, 696, 697, 698, 699, 700, 701, 702, 705, 707, 708, 711, 712, 715, 717, 718, 719, 720, 721, 722, 723, 724, 725, 726, 727, 729, 730, 732, 733, 734, 735, 736, 737, 738, 739, 740, 741, 742, 743, 744, 745, 746, 747, 748, 749, 751, 752, 753, 754, 755, 756, 757, 759, 760, 761, 763, 764, 765, 766, 767, 769, 770, 771, 772, 773, 774, 775, 777, 778, 779, 780, 782, 783, 784, 785, 789, 790, 791, 793, 794, 795, 796, 797, 798, 799, 801, 802, 803, 805, 808, 809, 810, 811, 812, 813, 814, 815, 816, 817, 822, 823, 824, 825, 826, 828, 829, 830, 831, 832, 833, 834, 835, 836, 838, 839, 840, 841, 842, 843, 844, 845, 846, 848, 849, 850, 851, 852, 853, 854, 856, 857, 858, 859, 860, 863, 864, 865, 866, 867, 869, 871, 872, 874, 875, 877, 878, 879, 880, 881, 882, 883, 885, 886, 887, 888, 889]
[35, 49, 58, 74, 86, 87, 90, 93, 105, 111, 112, 120, 121, 123, 124, 126, 135, 140, 142, 153, 157, 174, 178, 180, 182, 191, 198, 199, 202, 203, 218, 233, 240, 254, 256, 271, 290, 296, 301, 303, 305, 311, 316, 332, 333, 342, 356, 362, 369, 380, 382, 386, 388, 389, 390, 397, 400, 409, 421, 424, 428, 447, 454, 456, 459, 460, 465, 473, 482, 486, 493, 495, 501, 504, 505, 507, 509, 511, 520, 529, 533, 538, 541, 543, 569, 572, 593, 600, 605, 615, 625, 631, 641, 642, 653, 655, 656, 659, 680, 689, 696, 713, 722, 723, 731, 736, 743, 758, 769, 777, 791, 793, 801, 807, 808, 812, 819, 823, 834, 852, 858, 873]

[2, 3, 8, 9, 10, 11, 13, 14, 15, 16, 18, 19, 20, 21, 24, 25, 26, 28, 29, 31, 32, 33, 34, 35, 36, 37, 38, 39, 40, 42, 43, 44, 45, 46, 47, 50, 51, 52, 53, 54, 56, 58, 60, 61, 63, 64, 65, 66, 68, 69, 70, 71, 73, 74, 75, 76, 77, 79, 80, 81, 82, 84, 85, 86, 87, 88, 89, 91, 92, 94, 96, 97, 98, 99, 100, 101, 102, 103, 104, 106, 107, 108, 110, 111, 112, 113, 114, 115, 116, 117, 118, 119, 120, 121, 122, 123, 124, 125, 126, 127, 129, 130, 131, 133, 135, 136, 137, 138, 139, 140, 142, 143, 144, 146, 148, 149, 151, 152, 154, 155, 156, 157, 158, 159, 160, 161, 162, 164, 166, 167, 168, 169, 170, 171, 172, 174, 176, 177, 178, 179, 180, 181, 182, 183, 184, 185, 187, 189, 190, 191, 192, 193, 195, 196, 197, 198, 199, 201, 203, 204, 205, 207, 209, 211, 216, 217, 219, 220, 221, 222, 224, 225, 226, 228, 229, 230, 231, 233, 234, 236, 237, 238, 239, 240, 241, 242, 243, 245, 246, 247, 248, 249, 250, 252, 253, 254, 256, 257, 258, 259, 261, 262, 263, 264, 265, 266, 267, 268, 269, 270, 271, 272, 273, 275, 276, 277, 278, 279, 281, 282, 283, 284, 285, 286, 287, 288, 289, 290, 291, 292, 293, 294, 295, 296, 298, 300, 301, 302, 303, 305, 306, 307, 308, 309, 310, 311, 312, 314, 318, 319, 320, 321, 323, 325, 326, 327, 328, 329, 330, 331, 332, 333, 334, 335, 336, 337, 338, 339, 340, 341, 342, 343, 344, 346, 347, 348, 351, 352, 354, 355, 356, 357, 358, 359, 362, 363, 364, 365, 366, 368, 369, 370, 371, 372, 373, 374, 375, 376, 377, 378, 379, 380, 381, 382, 383, 385, 386, 387, 388, 389, 390, 393, 394, 395, 396, 398, 399, 400, 401, 402, 403, 404, 405, 406, 409, 410, 411, 413, 414, 416, 417, 419, 420, 421, 422, 424, 427, 428, 429, 430, 431, 432, 433, 434, 436, 437, 438, 440, 441, 442, 443, 445, 446, 447, 448, 449, 450, 451, 452, 453, 454, 455, 456, 457, 458, 459, 460, 461, 462, 463, 464, 465, 466, 467, 468, 470, 471, 472, 473, 474, 475, 478, 480, 481, 482, 483, 484, 485, 486, 487, 488, 489, 490, 491, 492, 494, 495, 496, 497, 498, 499, 500, 501, 502, 503, 505, 507, 508, 509, 510, 512, 513, 514, 515, 516, 519, 520, 522, 523, 525, 526, 527, 529, 530, 533, 534, 535, 536, 537, 538, 539, 540, 541, 542, 543, 544, 545, 546, 547, 548, 550, 551, 552, 553, 554, 556, 557, 559, 560, 562, 563, 564, 565, 567, 568, 570, 572, 573, 575, 576, 577, 578, 579, 580, 582, 586, 587, 588, 589, 590, 591, 592, 593, 594, 597, 598, 600, 601, 603, 604, 605, 607, 610, 611, 612, 613, 614, 615, 616, 618, 619, 620, 621, 622, 623, 624, 625, 626, 627, 629, 630, 631, 633, 634, 635, 636, 637, 638, 641, 643, 644, 645, 647, 648, 649, 650, 651, 652, 657, 658, 659, 660, 661, 662, 663, 665, 666, 667, 670, 671, 672, 673, 674, 675, 676, 678, 679, 680, 681, 682, 685, 686, 687, 688, 689, 690, 691, 692, 693, 694, 695, 696, 697, 698, 699, 700, 701, 702, 705, 707, 708, 711, 712, 714, 715, 717, 718, 719, 720, 721, 722, 723, 724, 725, 726, 727, 729, 730, 732, 733, 734, 735, 736, 737, 738, 739, 740, 741, 742, 743, 744, 745, 746, 747, 748, 749, 751, 752, 753, 754, 755, 756, 757, 759, 760, 761, 763, 764, 765, 766, 767, 769, 770, 771, 772, 773, 774, 775, 777, 778, 779, 780, 781, 782, 783, 784, 785, 789, 790, 791, 793, 794, 795, 796, 797, 798, 799, 801, 802, 803, 805, 808, 809, 810, 811, 812, 813, 814, 815, 816, 817, 818, 822, 823, 824, 825, 826, 828, 829, 830, 831, 832, 833, 834, 835, 836, 838, 839, 840, 841, 842, 843, 844, 845, 846, 848, 849, 850, 851, 852, 853, 854, 856, 857, 858, 859, 860, 863, 864, 865, 866, 867, 869, 870, 871, 872, 874, 875, 877, 878, 879, 880, 881, 882, 883, 885, 886, 887, 888, 889]
[35, 49, 58, 74, 86, 87, 90, 93, 105, 111, 112, 120, 121, 123, 124, 126, 135, 140, 142, 153, 157, 174, 178, 180, 182, 191, 198, 199, 202, 203, 218, 233, 240, 254, 256, 271, 290, 296, 301, 303, 305, 311, 316, 332, 333, 342, 356, 362, 369, 380, 382, 386, 388, 389, 390, 397, 400, 409, 421, 424, 428, 447, 454, 456, 459, 460, 465, 473, 482, 486, 493, 495, 501, 504, 505, 507, 509, 511, 520, 529, 533, 538, 541, 543, 569, 572, 593, 600, 605, 615, 625, 631, 641, 642, 653, 655, 656, 659, 680, 689, 696, 713, 722, 723, 731, 736, 743, 758, 769, 777, 791, 793, 801, 807, 808, 812, 819, 823, 834, 852, 858, 873]

[2, 3, 4, 8, 9, 10, 11, 13, 14, 15, 16, 17, 18, 19, 20, 21, 22, 24, 25, 26, 28, 29, 31, 32, 33, 34, 35, 36, 37, 38, 39, 40, 42, 43, 44, 45, 46, 47, 48, 50, 51, 52, 53, 54, 56, 58, 60, 61, 63, 64, 65, 66, 68, 69, 70, 71, 73, 74, 75, 76, 77, 79, 80, 81, 82, 84, 85, 86, 87, 88, 89, 90, 91, 92, 93, 94, 96, 97, 98, 99, 100, 101, 102, 103, 104, 106, 107, 108, 110, 111, 112, 113, 114, 115, 116, 117, 118, 119, 120, 121, 122, 123, 124, 125, 126, 127, 129, 130, 131, 133, 135, 136, 137, 138, 139, 140, 141, 142, 143, 144, 146, 148, 149, 151, 152, 153, 154, 155, 156, 157, 158, 159, 160, 161, 162, 164, 166, 167, 168, 169, 170, 171, 172, 174, 175, 176, 177, 178, 179, 180, 181, 182, 183, 184, 185, 187, 189, 190, 191, 192, 193, 195, 196, 197, 198, 199, 201, 203, 204, 205, 207, 209, 211, 216, 217, 219, 220, 221, 222, 224, 225, 226, 228, 229, 230, 231, 233, 234, 236, 237, 238, 239, 240, 241, 242, 243, 245, 246, 247, 248, 249, 250, 252, 253, 254, 255, 256, 257, 258, 259, 261, 262, 263, 264, 265, 266, 267, 268, 269, 270, 271, 272, 273, 275, 276, 277, 278, 279, 281, 282, 283, 284, 285, 286, 287, 288, 289, 290, 291, 292, 293, 294, 295, 296, 298, 299, 300, 301, 302, 303, 304, 305, 306, 307, 308, 309, 310, 311, 312, 314, 318, 319, 320, 321, 323, 324, 325, 326, 327, 328, 329, 330, 331, 332, 333, 334, 335, 336, 337, 338, 339, 340, 341, 342, 343, 344, 346, 347, 348, 350, 351, 352, 354, 355, 356, 357, 358, 359, 362, 363, 364, 365, 366, 368, 369, 370, 371, 372, 373, 374, 375, 376, 377, 378, 379, 380, 381, 382, 383, 385, 386, 387, 388, 389, 390, 393, 394, 395, 396, 398, 399, 400, 401, 402, 403, 404, 405, 406, 409, 410, 411, 413, 414, 416, 417, 419, 420, 421, 422, 424, 427, 428, 429, 430, 431, 432, 433, 434, 436, 437, 438, 439, 440, 441, 442, 443, 445, 446, 447, 448, 449, 450, 451, 452, 453, 454, 455, 456, 457, 458, 459, 460, 461, 462, 463, 464, 465, 466, 467, 468, 470, 471, 472, 473, 474, 475, 478, 480, 481, 482, 483, 484, 485, 486, 487, 488, 489, 490, 491, 492, 494, 495, 496, 497, 498, 499, 500, 501, 502, 503, 505, 507, 508, 509, 510, 512, 513, 514, 515, 516, 518, 519, 520, 522, 523, 525, 526, 527, 529, 530, 533, 534, 535, 536, 537, 538, 539, 540, 541, 542, 543, 544, 545, 546, 547, 548, 550, 551, 552, 553, 554, 556, 557, 559, 560, 562, 563, 564, 565, 567, 568, 570, 572, 573, 575, 576, 577, 578, 579, 580, 582, 586, 587, 588, 589, 590, 591, 592, 593, 594, 595, 597, 598, 599, 600, 601, 603, 604, 605, 606, 607, 610, 611, 612, 613, 614, 615, 616, 618, 619, 620, 621, 622, 623, 624, 625, 626, 627, 629, 630, 631, 633, 634, 635, 636, 637, 638, 641, 643, 644, 645, 647, 648, 649, 650, 651, 652, 657, 658, 659, 660, 661, 662, 663, 664, 665, 666, 667, 670, 671, 672, 673, 674, 675, 676, 678, 679, 680, 681, 682, 683, 685, 686, 687, 688, 689, 690, 691, 692, 693, 694, 695, 696, 697, 698, 699, 700, 701, 702, 705, 707, 708, 711, 712, 714, 715, 717, 718, 719, 720, 721, 722, 723, 724, 725, 726, 727, 729, 730, 732, 733, 734, 735, 736, 737, 738, 739, 740, 741, 742, 743, 744, 745, 746, 747, 748, 749, 751, 752, 753, 754, 755, 756, 757, 759, 760, 761, 763, 764, 765, 766, 767, 768, 769, 770, 771, 772, 773, 774, 775, 777, 778, 779, 780, 781, 782, 783, 784, 785, 789, 790, 791, 793, 794, 795, 796, 797, 798, 799, 801, 802, 803, 805, 807, 808, 809, 810, 811, 812, 813, 814, 815, 816, 817, 818, 819, 822, 823, 824, 825, 826, 828, 829, 830, 831, 832, 833, 834, 835, 836, 837, 838, 839, 840, 841, 842, 843, 844, 845, 846, 848, 849, 850, 851, 852, 853, 854, 856, 857, 858, 859, 860, 863, 864, 865, 866, 867, 869, 870, 871, 872, 874, 875, 877, 878, 879, 880, 881, 882, 883, 885, 886, 887, 888, 889]
[35, 49, 58, 74, 86, 87, 90, 93, 105, 111, 112, 120, 121, 123, 124, 126, 135, 140, 142, 153, 157, 174, 178, 180, 182, 191, 198, 199, 202, 203, 218, 233, 240, 254, 256, 271, 290, 296, 301, 303, 305, 311, 316, 332, 333, 342, 356, 362, 369, 380, 382, 386, 388, 389, 390, 397, 400, 409, 421, 424, 428, 447, 454, 456, 459, 460, 465, 473, 482, 486, 493, 495, 501, 504, 505, 507, 509, 511, 520, 529, 533, 538, 541, 543, 569, 572, 593, 600, 605, 615, 625, 631, 641, 642, 653, 655, 656, 659, 680, 689, 696, 713, 722, 723, 731, 736, 743, 758, 769, 777, 791, 793, 801, 807, 808, 812, 819, 823, 834, 852, 858, 873]

[2, 3, 4, 6, 8, 9, 10, 11, 13, 14, 15, 16, 17, 18, 19, 20, 21, 22, 24, 25, 26, 28, 29, 31, 32, 33, 34, 35, 36, 37, 38, 39, 40, 42, 43, 44, 45, 46, 47, 48, 50, 51, 52, 53, 54, 56, 58, 60, 61, 63, 64, 65, 66, 68, 69, 70, 71, 73, 74, 75, 76, 77, 79, 80, 81, 82, 83, 84, 85, 86, 87, 88, 89, 90, 91, 92, 93, 94, 96, 97, 98, 99, 100, 101, 102, 103, 104, 106, 107, 108, 110, 111, 112, 113, 114, 115, 116, 117, 118, 119, 120, 121, 122, 123, 124, 125, 126, 127, 128, 129, 130, 131, 133, 135, 136, 137, 138, 139, 140, 141, 142, 143, 144, 146, 147, 148, 149, 151, 152, 153, 154, 155, 156, 157, 158, 159, 160, 161, 162, 164, 166, 167, 168, 169, 170, 171, 172, 174, 175, 176, 177, 178, 179, 180, 181, 182, 183, 184, 185, 187, 189, 190, 191, 192, 193, 194, 195, 196, 197, 198, 199, 200, 201, 203, 204, 205, 207, 209, 211, 213, 216, 217, 219, 220, 221, 222, 224, 225, 226, 228, 229, 230, 231, 232, 233, 234, 235, 236, 237, 238, 239, 240, 241, 242, 243, 245, 246, 247, 248, 249, 250, 252, 253, 254, 255, 256, 257, 258, 259, 260, 261, 262, 263, 264, 265, 266, 267, 268, 269, 270, 271, 272, 273, 275, 276, 277, 278, 279, 281, 282, 283, 284, 285, 286, 287, 288, 289, 290, 291, 292, 293, 294, 295, 296, 298, 299, 300, 301, 302, 303, 304, 305, 306, 307, 308, 309, 310, 311, 312, 314, 318, 319, 320, 321, 323, 324, 325, 326, 327, 328, 329, 330, 331, 332, 333, 334, 335, 336, 337, 338, 339, 340, 341, 342, 343, 344, 346, 347, 348, 350, 351, 352, 353, 354, 355, 356, 357, 358, 359, 362, 363, 364, 365, 366, 368, 369, 370, 371, 372, 373, 374, 375, 376, 377, 378, 379, 380, 381, 382, 383, 385, 386, 387, 388, 389, 390, 393, 394, 395, 396, 397, 398, 399, 400, 401, 402, 403, 404, 405, 406, 409, 410, 411, 413, 414, 416, 417, 418, 419, 420, 421, 422, 424, 427, 428, 429, 430, 431, 432, 433, 434, 436, 437, 438, 439, 440, 441, 442, 443, 444, 445, 446, 447, 448, 449, 450, 451, 452, 453, 454, 455, 456, 457, 458, 459, 460, 461, 462, 463, 464, 465, 466, 467, 468, 470, 471, 472, 473, 474, 475, 478, 479, 480, 481, 482, 483, 484, 485, 486, 487, 488, 489, 490, 491, 492, 493, 494, 495, 496, 497, 498, 499, 500, 501, 502, 503, 504, 505, 507, 508, 509, 510, 512, 513, 514, 515, 516, 518, 519, 520, 522, 523, 525, 526, 527, 528, 529, 530, 533, 534, 535, 536, 537, 538, 539, 540, 541, 542, 543, 544, 545, 546, 547, 548, 550, 551, 552, 553, 554, 556, 557, 559, 560, 562, 563, 564, 565, 567, 568, 570, 572, 573, 575, 576, 577, 578, 579, 580, 582, 583, 586, 587, 588, 589, 590, 591, 592, 593, 594, 595, 597, 598, 599, 600, 601, 603, 604, 605, 606, 607, 608, 610, 611, 612, 613, 614, 615, 616, 618, 619, 620, 621, 622, 623, 624, 625, 626, 627, 629, 630, 631, 633, 634, 635, 636, 637, 638, 641, 643, 644, 645, 647, 648, 649, 650, 651, 652, 657, 658, 659, 660, 661, 662, 663, 664, 665, 666, 667, 668, 670, 671, 672, 673, 674, 675, 676, 678, 679, 680, 681, 682, 683, 685, 686, 687, 688, 689, 690, 691, 692, 693, 694, 695, 696, 697, 698, 699, 700, 701, 702, 705, 707, 708, 711, 712, 713, 714, 715, 717, 718, 719, 720, 721, 722, 723, 724, 725, 726, 727, 729, 730, 732, 733, 734, 735, 736, 737, 738, 739, 740, 741, 742, 743, 744, 745, 746, 747, 748, 749, 751, 752, 753, 754, 755, 756, 757, 759, 760, 761, 763, 764, 765, 766, 767, 768, 769, 770, 771, 772, 773, 774, 775, 777, 778, 779, 780, 781, 782, 783, 784, 785, 788, 789, 790, 791, 793, 794, 795, 796, 797, 798, 799, 801, 802, 803, 805, 807, 808, 809, 810, 811, 812, 813, 814, 815, 816, 817, 818, 819, 822, 823, 824, 825, 826, 828, 829, 830, 831, 832, 833, 834, 835, 836, 837, 838, 839, 840, 841, 842, 843, 844, 845, 846, 848, 849, 850, 851, 852, 853, 854, 856, 857, 858, 859, 860, 862, 863, 864, 865, 866, 867, 869, 870, 871, 872, 874, 875, 877, 878, 879, 880, 881, 882, 883, 885, 886, 887, 888, 889]
[35, 49, 58, 74, 86, 87, 90, 93, 105, 111, 112, 120, 121, 123, 124, 126, 135, 140, 142, 153, 157, 174, 178, 180, 182, 191, 198, 199, 202, 203, 218, 233, 240, 254, 256, 271, 290, 296, 301, 303, 305, 311, 316, 332, 333, 342, 356, 362, 369, 380, 382, 386, 388, 389, 390, 397, 400, 409, 421, 424, 428, 447, 454, 456, 459, 460, 465, 473, 482, 486, 493, 495, 501, 504, 505, 507, 509, 511, 520, 529, 533, 538, 541, 543, 569, 572, 593, 600, 605, 615, 625, 631, 641, 642, 653, 655, 656, 659, 680, 689, 696, 713, 722, 723, 731, 736, 743, 758, 769, 777, 791, 793, 801, 807, 808, 812, 819, 823, 834, 852, 858, 873]

[1, 2, 3, 4, 6, 7, 8, 9, 10, 11, 13, 14, 15, 16, 17, 18, 19, 20, 21, 22, 24, 25, 26, 27, 28, 29, 31, 32, 33, 34, 35, 36, 37, 38, 39, 40, 42, 43, 44, 45, 46, 47, 48, 49, 50, 51, 52, 53, 54, 56, 58, 60, 61, 63, 64, 65, 66, 68, 69, 70, 71, 73, 74, 75, 76, 77, 79, 80, 81, 82, 83, 84, 85, 86, 87, 88, 89, 90, 91, 92, 93, 94, 95, 96, 97, 98, 99, 100, 101, 102, 103, 104, 106, 107, 108, 109, 110, 111, 112, 113, 114, 115, 116, 117, 118, 119, 120, 121, 122, 123, 124, 125, 126, 127, 128, 129, 130, 131, 133, 135, 136, 137, 138, 139, 140, 141, 142, 143, 144, 146, 147, 148, 149, 151, 152, 153, 154, 155, 156, 157, 158, 159, 160, 161, 162, 164, 166, 167, 168, 169, 170, 171, 172, 174, 175, 176, 177, 178, 179, 180, 181, 182, 183, 184, 185, 187, 189, 190, 191, 192, 193, 194, 195, 196, 197, 198, 199, 200, 201, 203, 204, 205, 207, 208, 209, 211, 213, 214, 216, 217, 219, 220, 221, 222, 223, 224, 225, 226, 228, 229, 230, 231, 232, 233, 234, 235, 236, 237, 238, 239, 240, 241, 242, 243, 245, 246, 247, 248, 249, 250, 252, 253, 254, 255, 256, 257, 258, 259, 260, 261, 262, 263, 264, 265, 266, 267, 268, 269, 270, 271, 272, 273, 275, 276, 277, 278, 279, 281, 282, 283, 284, 285, 286, 287, 288, 289, 290, 291, 292, 293, 294, 295, 296, 298, 299, 300, 301, 302, 303, 304, 305, 306, 307, 308, 309, 310, 311, 312, 314, 318, 319, 320, 321, 323, 324, 325, 326, 327, 328, 329, 330, 331, 332, 333, 334, 335, 336, 337, 338, 339, 340, 341, 342, 343, 344, 345, 346, 347, 348, 349, 350, 351, 352, 353, 354, 355, 356, 357, 358, 359, 362, 363, 364, 365, 366, 368, 369, 370, 371, 372, 373, 374, 375, 376, 377, 378, 379, 380, 381, 382, 383, 384, 385, 386, 387, 388, 389, 390, 393, 394, 395, 396, 397, 398, 399, 400, 401, 402, 403, 404, 405, 406, 409, 410, 411, 413, 414, 416, 417, 418, 419, 420, 421, 422, 424, 425, 426, 427, 428, 429, 430, 431, 432, 433, 434, 436, 437, 438, 439, 440, 441, 442, 443, 444, 445, 446, 447, 448, 449, 450, 451, 452, 453, 454, 455, 456, 457, 458, 459, 460, 461, 462, 463, 464, 465, 466, 467, 468, 470, 471, 472, 473, 474, 475, 478, 479, 480, 481, 482, 483, 484, 485, 486, 487, 488, 489, 490, 491, 492, 493, 494, 495, 496, 497, 498, 499, 500, 501, 502, 503, 504, 505, 507, 508, 509, 510, 512, 513, 514, 515, 516, 518, 519, 520, 522, 523, 525, 526, 527, 528, 529, 530, 533, 534, 535, 536, 537, 538, 539, 540, 541, 542, 543, 544, 545, 546, 547, 548, 550, 551, 552, 553, 554, 556, 557, 559, 560, 561, 562, 563, 564, 565, 567, 568, 570, 572, 573, 575, 576, 577, 578, 579, 580, 582, 583, 584, 586, 587, 588, 589, 590, 591, 592, 593, 594, 595, 597, 598, 599, 600, 601, 603, 604, 605, 606, 607, 608, 610, 611, 612, 613, 614, 615, 616, 618, 619, 620, 621, 622, 623, 624, 625, 626, 627, 628, 629, 630, 631, 633, 634, 635, 636, 637, 638, 641, 643, 644, 645, 647, 648, 649, 650, 651, 652, 653, 655, 657, 658, 659, 660, 661, 662, 663, 664, 665, 666, 667, 668, 670, 671, 672, 673, 674, 675, 676, 677, 678, 679, 680, 681, 682, 683, 685, 686, 687, 688, 689, 690, 691, 692, 693, 694, 695, 696, 697, 698, 699, 700, 701, 702, 705, 706, 707, 708, 709, 711, 712, 713, 714, 715, 717, 718, 719, 720, 721, 722, 723, 724, 725, 726, 727, 729, 730, 732, 733, 734, 735, 736, 737, 738, 739, 740, 741, 742, 743, 744, 745, 746, 747, 748, 749, 751, 752, 753, 754, 755, 756, 757, 759, 760, 761, 762, 763, 764, 765, 766, 767, 768, 769, 770, 771, 772, 773, 774, 775, 777, 778, 779, 780, 781, 782, 783, 784, 785, 788, 789, 790, 791, 793, 794, 795, 796, 797, 798, 799, 801, 802, 803, 805, 807, 808, 809, 810, 811, 812, 813, 814, 815, 816, 817, 818, 819, 822, 823, 824, 825, 826, 827, 828, 829, 830, 831, 832, 833, 834, 835, 836, 837, 838, 839, 840, 841, 842, 843, 844, 845, 846, 848, 849, 850, 851, 852, 853, 854, 855, 856, 857, 858, 859, 860, 862, 863, 864, 865, 866, 867, 869, 870, 871, 872, 874, 875, 877, 878, 879, 880, 881, 882, 883, 885, 886, 887, 888, 889]
[35, 49, 58, 74, 86, 87, 90, 93, 105, 111, 112, 120, 121, 123, 124, 126, 135, 140, 142, 153, 157, 174, 178, 180, 182, 191, 198, 199, 202, 203, 218, 233, 240, 254, 256, 271, 290, 296, 301, 303, 305, 311, 316, 332, 333, 342, 356, 362, 369, 380, 382, 386, 388, 389, 390, 397, 400, 409, 421, 424, 428, 447, 454, 456, 459, 460, 465, 473, 482, 486, 493, 495, 501, 504, 505, 507, 509, 511, 520, 529, 533, 538, 541, 543, 569, 572, 593, 600, 605, 615, 625, 631, 641, 642, 653, 655, 656, 659, 680, 689, 696, 713, 722, 723, 731, 736, 743, 758, 769, 777, 791, 793, 801, 807, 808, 812, 819, 823, 834, 852, 858, 873]

