[6, 76, 137, 157, 202, 258, 327, 344, 395, 411, 428, 507, 515, 535, 619, 653, 680, 721, 820, 830, 870, 877]
[21, 65, 75, 87, 110, 151, 167, 177, 180, 219, 362, 410, 429, 465, 484, 532, 590, 655, 734, 770, 794, 813]

[6, 76, 137, 157, 202, 258, 327, 344, 395, 411, 428, 507, 515, 535, 619, 653, 680, 721, 820, 830, 870, 877]
[3, 10, 13, 21, 22, 29, 33, 35, 37, 40, 42, 44, 45, 46, 63, 65, 70, 73, 75, 80, 87, 93, 110, 141, 142, 145, 151, 154, 166, 167, 173, 177, 180, 207, 219, 229, 238, 241, 250, 263, 268, 277, 284, 326, 328, 329, 330, 351, 362, 371, 380, 381, 388, 396, 408, 410, 429, 430, 432, 433, 438, 447, 460, 465, 468, 484, 522, 532, 538, 550, 568, 574, 577, 590, 597, 603, 604, 626, 643, 647, 648, 655, 666, 669, 689, 693, 698, 707, 709, 710, 716, 720, 726, 727, 732, 734, 737, 761, 764, 770, 775, 792, 793, 794, 797, 803, 807, 809, 813, 821, 824, 828, 842, 864, 866, 869, 871, 872, 873, 874, 876, 883]

[6, 12, 13, 76, 86, 91, 129, 137, 157, 168, 173, 197, 202, 204, 258, 265, 327, 344, 369, 395, 411, 428, 430, 453, 486, 507, 515, 530, 535, 540, 589, 619, 631, 644, 653, 669, 671, 680, 684, 696, 721, 797, 820, 830, 870, 877, 882]
[3, 10, 13, 21, 22, 29, 33, 35, 37, 40, 42, 44, 45, 46, 63, 65, 70, 73, 75, 80, 87, 93, 110, 141, 142, 145, 151, 154, 166, 167, 173, 177, 180, 207, 219, 229, 238, 241, 250, 263, 268, 277, 284, 326, 328, 329, 330, 351, 362, 371, 380, 381, 388, 396, 408, 410, 429, 430, 432, 433, 438, 447, 460, 465, 468, 484, 522, 532, 538, 550, 568, 574, 577, 590, 597, 603, 604, 626, 643, 647, 648, 655, 666, 669, 689, 693, 698, 707, 709, 710, 716, 720, 726, 727, 732, 734, 737, 761, 764, 770, 775, 792, 793, 794, 797, 803, 807, 809, 813, 821, 824, 828, 842, 864, 866, 869, 871, 872, 873, 874, 876, 883]

[0, 4, 6, 12, 13, 19, 76, 86, 91, 110, 129, 137, 145, 157, 168, 173, 197, 202, 204, 258, 265, 327, 329, 331, 343, 344, 347, 356, 366, 369, 395, 409, 411, 423, 428, 430, 453, 486, 507, 511, 515, 516, 517, 530, 535, 540, 584, 589, 619, 631, 644, 646, 653, 667, 669, 671, 678, 680, 684, 696, 721, 754, 771, 781, 797, 820, 830, 854, 870, 877, 882, 887]
[3, 10, 13, 21, 22, 29, 33, 35, 37, 40, 42, 44, 45, 46, 63, 65, 70, 73, 75, 80, 87, 93, 110, 141, 142, 145, 151, 154, 166, 167, 173, 177, 180, 207, 219, 229, 238, 241, 250, 263, 268, 277, 284, 326, 328, 329, 330, 351, 362, 371, 380, 381, 388, 396, 408, 410, 429, 430, 432, 433, 438, 447, 460, 465, 468, 484, 522, 532, 538, 550, 568, 574, 577, 590, 597, 603, 604, 626, 643, 647, 648, 655, 666, 669, 689, 693, 698, 707, 709, 710, 716, 720, 726, 727, 732, 734, 737, 761, 764, 770, 775, 792, 793, 794, 797, 803, 807, 809, 813, 821, 824, 828, 842, 864, 866, 869, 871, 872, 873, 874, 876, 883]

[0, 2, 4, 6, 9, 12, 13, 18, 19, 22, 32, 33, 42, 46, 76, 82, 83, 86, 91, 92, 110, 129, 137, 140, 142, 145, 157, 168, 173, 197, 201, 202, 203, 204, 205, 217, 226, 258, 265, 327, 329, 331, 343, 344, 347, 350, 356, 360, 366, 369, 395, 396, 409, 411, 423, 428, 430, 440, 453, 486, 500, 507, 511, 515, 516, 517, 523, 530, 535, 540, 584, 589, 608, 619, 631, 644, 646, 653, 667, 669, 671, 678, 680, 684, 691, 696, 721, 752, 754, 771, 781, 797, 820, 830, 854, 858, 869, 870, 877, 882, 887]
[3, 10, 13, 21, 22, 29, 33, 35, 37, 40, 42, 44, 45, 46, 63, 65, 70, 73, 75, 80, 87, 93, 110, 141, 142, 145, 151, 154, 166, 167, 173, 177, 180, 207, 219, 229, 238, 241, 250, 263, 268, 277, 284, 326, 328, 329, 330, 351, 362, 371, 380, 381, 388, 396, 408, 410, 429, 430, 432, 433, 438, 447, 460, 465, 468, 484, 522, 532, 538, 550, 568, 574, 577, 590, 597, 603, 604, 626, 643, 647, 648, 655, 666, 669, 689, 693, 698, 707, 709, 710, 716, 720, 726, 727, 732, 734, 737, 761, 764, 770, 775, 792, 793, 794, 797, 803, 807, 809, 813, 821, 824, 828, 842, 864, 866, 869, 871, 872, 873, 874, 876, 883]

[0, 2, 4, 6, 9, 12, 13, 18, 19, 22, 30, 32, 33, 42, 46, 68, 76, 82, 83, 86, 91, 92, 95, 110, 123, 129, 137, 140, 142, 145, 157, 158, 168, 173, 179, 197, 201, 202, 203, 204, 205, 207, 210, 217, 226, 251, 258, 264, 265, 267, 293, 317, 327, 329, 331, 339, 343, 344, 347, 350, 356, 360, 366, 369, 381, 387, 395, 396, 401, 409, 411, 415, 423, 428, 430, 440, 453, 467, 486, 500, 507, 511, 515, 516, 517, 523, 526, 530, 535, 537, 540, 542, 582, 584, 589, 599, 608, 619, 625, 627, 631, 642, 644, 646, 653, 667, 669, 671, 678, 680, 684, 690, 691, 696, 721, 752, 754, 764, 771, 781, 797, 820, 824, 830, 838, 854, 858, 869, 870, 877, 882, 887]
[3, 10, 13, 21, 22, 29, 33, 35, 37, 40, 42, 44, 45, 46, 63, 65, 70, 73, 75, 80, 87, 93, 110, 141, 142, 145, 151, 154, 166, 167, 173, 177, 180, 207, 219, 229, 238, 241, 250, 263, 268, 277, 284, 326, 328, 329, 330, 351, 362, 371, 380, 381, 388, 396, 408, 410, 429, 430, 432, 433, 438, 447, 460, 465, 468, 484, 522, 532, 538, 550, 568, 574, 577, 590, 597, 603, 604, 626, 643, 647, 648, 655, 666, 669, 689, 693, 698, 707, 709, 710, 716, 720, 726, 727, 732, 734, 737, 761, 764, 770, 775, 792, 793, 794, 797, 803, 807, 809, 813, 821, 824, 828, 842, 864, 866, 869, 871, 872, 873, 874, 876, 883]

[0, 2, 4, 6, 9, 10, 12, 13, 18, 19, 22, 30, 32, 33, 42, 46, 68, 76, 82, 83, 86, 91, 92, 95, 103, 110, 123, 129, 137, 140, 142, 145, 157, 158, 161, 168, 173, 174, 179, 197, 201, 202, 203, 204, 205, 207, 210, 217, 226, 232, 251, 258, 264, 265, 267, 286, 293, 317, 327, 329, 331, 339, 343, 344, 347, 350, 354, 356, 360, 366, 369, 371, 378, 381, 387, 395, 396, 398, 400, 401, 409, 411, 415, 416, 423, 427, 428, 429, 430, 440, 453, 464, 467, 473, 486, 500, 507, 511, 515, 516, 517, 523, 526, 530, 535, 537, 538, 539, 540, 541, 542, 582, 584, 589, 599, 608, 619, 625, 627, 631, 642, 644, 646, 653, 667, 669, 671, 678, 680, 684, 690, 691, 696, 705, 721, 752, 754, 762, 764, 771, 777, 781, 797, 813, 820, 824, 830, 838, 842, 854, 858, 866, 869, 870, 877, 882, 887]
[3, 10, 13, 21, 22, 29, 33, 35, 37, 40, 42, 44, 45, 46, 63, 65, 70, 73, 75, 80, 87, 93, 110, 141, 142, 145, 151, 154, 166, 167, 173, 177, 180, 207, 219, 229, 238, 241, 250, 263, 268, 277, 284, 326, 328, 329, 330, 351, 362, 371, 380, 381, 388, 396, 408, 410, 429, 430, 432, 433, 438, 447, 460, 465, 468, 484, 522, 532, 538, 550, 568, 574, 577, 590, 597, 603, 604, 626, 643, 647, 648, 655, 666, 669, 689, 693, 698, 707, 709, 710, 716, 720, 726, 727, 732, 734, 737, 761, 764, 770, 775, 792, 793, 794, 797, 803, 807, 809, 813, 821, 824, 828, 842, 864, 866, 869, 871, 872, 873, 874, 876, 883]

[0, 2, 4, 6, 9, 10, 12, 13, 18, 19, 20, 22, 30, 32, 33, 42, 46, 47, 68, 76, 82, 83, 86, 91, 92, 95, 103, 110, 121, 123, 129, 137, 140, 142, 145, 157, 158, 161, 164, 168, 173, 174, 175, 179, 195, 197, 201, 202, 203, 204, 205, 207, 210, 217, 226, 232, 251, 254, 255, 256, 258, 264, 265, 267, 286, 293, 317, 318, 327, 329, 331, 339, 343, 344, 347, 349, 350, 354, 355, 356, 360, 366, 369, 371, 378, 381, 387, 395, 396, 398, 400, 401, 408, 409, 411, 415, 416, 423, 427, 428, 429, 430, 440, 442, 453, 464, 467, 473, 476, 486, 500, 507, 511, 515, 516, 517, 523, 526, 530, 535, 537, 538, 539, 540, 541, 542, 563, 570, 573, 575, 582, 584, 589, 599, 604, 608, 619, 625, 627, 631, 640, 642, 644, 646, 649, 653, 667, 669, 671, 678, 680, 684, 690, 691, 696, 705, 718, 721, 752, 754, 761, 762, 764, 771, 777, 779, 781, 797, 812, 813, 820, 824, 830, 838, 842, 846, 854, 858, 865, 866, 869, 870, 877, 882, 887]
[3, 10, 13, 21, 22, 29, 33, 35, 37, 40, 42, 44, 45, 46, 63, 65, 70, 73, 75, 80, 87, 93, 110, 141, 142, 145, 151, 154, 166, 167, 173, 177, 180, 207, 219, 229, 238, 241, 250, 263, 268, 277, 284, 326, 328, 329, 330, 351, 362, 371, 380, 381, 388, 396, 408, 410, 429, 430, 432, 433, 438, 447, 460, 465, 468, 484, 522, 532, 538, 550, 568, 574, 577, 590, 597, 603, 604, 626, 643, 647, 648, 655, 666, 669, 689, 693, 698, 707, 709, 710, 716, 720, 726, 727, 732, 734, 737, 761, 764, 770, 775, 792, 793, 794, 797, 803, 807, 809, 813, 821, 824, 828, 842, 864, 866, 869, 871, 872, 873, 874, 876, 883]

[0, 2, 4, 6, 9, 10, 12, 13, 18, 19, 20, 22, 30, 32, 33, 42, 46, 47, 48, 68, 76, 77, 82, 83, 86, 91, 92, 93, 95, 103, 110, 112, 121, 123, 129, 137, 140, 142, 145, 157, 158, 161, 164, 168, 173, 174, 175, 179, 191, 195, 197, 201, 202, 203, 204, 205, 207, 210, 216, 217, 226, 232, 240, 243, 249, 251, 254, 255, 256, 258, 264, 265, 267, 268, 286, 290, 293, 303, 307, 313, 317, 318, 327, 329, 331, 332, 339, 343, 344, 347, 349, 350, 354, 355, 356, 360, 366, 369, 371, 378, 381, 387, 395, 396, 398, 400, 401, 408, 409, 411, 413, 415, 416, 423, 427, 428, 429, 430, 440, 442, 450, 453, 464, 467, 473, 476, 486, 496, 500, 507, 511, 515, 516, 517, 520, 523, 526, 530, 535, 537, 538, 539, 540, 541, 542, 563, 570, 573, 574, 575, 582, 584, 589, 599, 604, 608, 619, 625, 627, 631, 640, 642, 644, 646, 649, 653, 667, 669, 671, 678, 680, 681, 684, 687, 690, 691, 696, 705, 718, 721, 737, 749, 752, 754, 761, 762, 764, 768, 771, 777, 779, 781, 797, 812, 813, 820, 824, 830, 838, 842, 846, 854, 858, 865, 866, 869, 870, 877, 882, 887]
[3, 10, 13, 21, 22, 29, 33, 35, 37, 40, 42, 44, 45, 46, 63, 65, 70, 73, 75, 80, 87, 93, 110, 141, 142, 145, 151, 154, 166, 167, 173, 177, 180, 207, 219, 229, 238, 241, 250, 263, 268, 277, 284, 326, 328, 329, 330, 351, 362, 371, 380, 381, 388, 396, 408, 410, 429, 430, 432, 433, 438, 447, 460, 465, 468, 484, 522, 532, 538, 550, 568, 574, 577, 590, 597, 603, 604, 626, 643, 647, 648, 655, 666, 669, 689, 693, 698, 707, 709, 710, 716, 720, 726, 727, 732, 734, 737, 761, 764, 770, 775, 792, 793, 794, 797, 803, 807, 809, 813, 821, 824, 828, 842, 864, 866, 869, 871, 872, 873, 874, 876, 883]

[0, 2, 4, 6, 9, 10, 12, 13, 18, 19, 20, 22, 30, 32, 33, 42, 46, 47, 48, 60, 68, 76, 77, 82, 83, 86, 91, 92, 93, 95, 103, 110, 112, 121, 123, 129, 137, 140, 142, 145, 156, 157, 158, 161, 164, 168, 173, 174, 175, 179, 191, 195, 197, 201, 202, 203, 204, 205, 207, 210, 216, 217, 226, 232, 234, 240, 243, 244, 249, 251, 254, 255, 256, 258, 264, 265, 267, 268, 285, 286, 290, 293, 303, 307, 313, 316, 317, 318, 327, 329, 331, 332, 335, 339, 343, 344, 347, 349, 350, 354, 355, 356, 360, 364, 366, 369, 371, 378, 381, 387, 394, 395, 396, 398, 400, 401, 408, 409, 411, 413, 415, 416, 417, 423, 427, 428, 429, 430, 440, 442, 450, 453, 457, 464, 467, 473, 476, 486, 488, 496, 500, 507, 511, 515, 516, 517, 520, 523, 526, 529, 530, 535, 537, 538, 539, 540, 541, 542, 563, 564, 570, 573, 574, 575, 582, 584, 589, 599, 604, 608, 619, 622, 625, 627, 631, 640, 642, 644, 646, 649, 650, 653, 667, 669, 671, 678, 680, 681, 684, 687, 690, 691, 696, 705, 718, 721, 737, 741, 749, 752, 754, 761, 762, 764, 768, 771, 775, 777, 779, 781, 783, 796, 797, 812, 813, 817, 820, 824, 826, 830, 838, 842, 846, 854, 855, 858, 864, 865, 866, 869, 870, 877, 882, 884, 887]
[3, 10, 13, 21, 22, 29, 33, 35, 37, 40, 42, 44, 45, 46, 63, 65, 70, 73, 75, 80, 87, 93, 110, 141, 142, 145, 151, 154, 166, 167, 173, 177, 180, 207, 219, 229, 238, 241, 250, 263, 268, 277, 284, 326, 328, 329, 330, 351, 362, 371, 380, 381, 388, 396, 408, 410, 429, 430, 432, 433, 438, 447, 460, 465, 468, 484, 522, 532, 538, 550, 568, 574, 577, 590, 597, 603, 604, 626, 643, 647, 648, 655, 666, 669, 689, 693, 698, 707, 709, 710, 716, 720, 726, 727, 732, 734, 737, 761, 764, 770, 775, 792, 793, 794, 797, 803, 807, 809, 813, 821, 824, 828, 842, 864, 866, 869, 871, 872, 873, 874, 876, 883]

[0, 2, 4, 6, 9, 10, 12, 13, 18, 19, 20, 22, 30, 32, 33, 42, 46, 47, 48, 60, 68, 70, 75, 76, 77, 82, 83, 86, 91, 92, 93, 95, 99, 103, 110, 112, 121, 123, 129, 137, 140, 142, 145, 152, 156, 157, 158, 161, 164, 168, 173, 174, 175, 179, 187, 191, 195, 197, 201, 202, 203, 204, 205, 206, 207, 210, 216, 217, 226, 232, 234, 240, 242, 243, 244, 246, 249, 251, 254, 255, 256, 258, 264, 265, 267, 268, 285, 286, 290, 293, 303, 307, 310, 313, 316, 317, 318, 327, 328, 329, 331, 332, 335, 339, 343, 344, 347, 349, 350, 354, 355, 356, 360, 364, 366, 369, 371, 378, 381, 383, 387, 394, 395, 396, 398, 400, 401, 406, 408, 409, 411, 413, 415, 416, 417, 423, 427, 428, 429, 430, 432, 440, 442, 447, 448, 450, 453, 457, 460, 464, 467, 473, 476, 486, 488, 496, 500, 507, 511, 515, 516, 517, 520, 523, 526, 529, 530, 535, 537, 538, 539, 540, 541, 542, 546, 548, 557, 563, 564, 570, 573, 574, 575, 582, 584, 589, 599, 604, 608, 619, 622, 625, 627, 628, 631, 640, 642, 644, 646, 649, 650, 653, 667, 669, 671, 678, 680, 681, 684, 687, 690, 691, 696, 702, 705, 712, 714, 718, 721, 736, 737, 741, 749, 752, 754, 761, 762, 764, 768, 771, 775, 777, 779, 781, 783, 796, 797, 812, 813, 817, 820, 824, 826, 830, 838, 842, 846, 847, 854, 855, 858, 864, 865, 866, 869, 870, 877, 882, 884, 887]
[3, 10, 13, 21, 22, 29, 33, 35, 37, 40, 42, 44, 45, 46, 63, 65, 70, 73, 75, 80, 87, 93, 110, 141, 142, 145, 151, 154, 166, 167, 173, 177, 180, 207, 219, 229, 238, 241, 250, 263, 268, 277, 284, 326, 328, 329, 330, 351, 362, 371, 380, 381, 388, 396, 408, 410, 429, 430, 432, 433, 438, 447, 460, 465, 468, 484, 522, 532, 538, 550, 568, 574, 577, 590, 597, 603, 604, 626, 643, 647, 648, 655, 666, 669, 689, 693, 698, 707, 709, 710, 716, 720, 726, 727, 732, 734, 737, 761, 764, 770, 775, 792, 793, 794, 797, 803, 807, 809, 813, 821, 824, 828, 842, 864, 866, 869, 871, 872, 873, 874, 876, 883]

[0, 2, 4, 6, 9, 10, 12, 13, 18, 19, 20, 22, 30, 31, 32, 33, 42, 46, 47, 48, 60, 63, 67, 68, 70, 72, 75, 76, 77, 82, 83, 86, 91, 92, 93, 95, 99, 103, 108, 110, 112, 121, 123, 129, 137, 140, 142, 145, 152, 156, 157, 158, 161, 164, 168, 173, 174, 175, 179, 187, 191, 195, 197, 201, 202, 203, 204, 205, 206, 207, 210, 216, 217, 226, 231, 232, 234, 240, 242, 243, 244, 246, 249, 251, 254, 255, 256, 258, 264, 265, 267, 268, 285, 286, 290, 293, 298, 303, 307, 310, 313, 314, 316, 317, 318, 327, 328, 329, 331, 332, 335, 339, 343, 344, 347, 349, 350, 354, 355, 356, 360, 364, 366, 369, 371, 373, 378, 381, 383, 387, 394, 395, 396, 398, 400, 401, 406, 408, 409, 411, 413, 415, 416, 417, 423, 427, 428, 429, 430, 432, 440, 442, 447, 448, 450, 451, 453, 457, 460, 464, 467, 473, 476, 486, 488, 496, 500, 505, 507, 511, 515, 516, 517, 520, 523, 524, 526, 529, 530, 535, 537, 538, 539, 540, 541, 542, 546, 548, 557, 563, 564, 570, 573, 574, 575, 576, 582, 584, 589, 599, 604, 608, 616, 619, 622, 625, 627, 628, 631, 640, 642, 644, 646, 649, 650, 653, 667, 669, 671, 675, 678, 680, 681, 682, 684, 687, 690, 691, 696, 702, 705, 712, 714, 716, 718, 721, 734, 736, 737, 741, 749, 752, 754, 761, 762, 764, 768, 770, 771, 775, 777, 779, 781, 783, 787, 794, 796, 797, 812, 813, 817, 820, 824, 826, 830, 837, 838, 840, 842, 846, 847, 854, 855, 858, 860, 864, 865, 866, 867, 869, 870, 877, 882, 884, 887]
[3, 10, 13, 21, 22, 29, 33, 35, 37, 40, 42, 44, 45, 46, 63, 65, 70, 73, 75, 80, 87, 93, 110, 141, 142, 145, 151, 154, 166, 167, 173, 177, 180, 207, 219, 229, 238, 241, 250, 263, 268, 277, 284, 326, 328, 329, 330, 351, 362, 371, 380, 381, 388, 396, 408, 410, 429, 430, 432, 433, 438, 447, 460, 465, 468, 484, 522, 532, 538, 550, 568, 574, 577, 590, 597, 603, 604, 626, 643, 647, 648, 655, 666, 669, 689, 693, 698, 707, 709, 710, 716, 720, 726, 727, 732, 734, 737, 761, 764, 770, 775, 792, 793, 794, 797, 803, 807, 809, 813, 821, 824, 828, 842, 864, 866, 869, 871, 872, 873, 874, 876, 883]

[0, 2, 4, 6, 9, 10, 12, 13, 18, 19, 20, 22, 30, 31, 32, 33, 42, 46, 47, 48, 60, 61, 63, 67, 68, 70, 72, 75, 76, 77, 82, 83, 86, 91, 92, 93, 95, 99, 103, 108, 110, 112, 115, 121, 123, 127, 129, 137, 140, 142, 145, 152, 156, 157, 158, 161, 163, 164, 168, 173, 174, 175, 176, 179, 187, 191, 195, 197, 201, 202, 203, 204, 205, 206, 207, 210, 213, 216, 217, 220, 226, 231, 232, 234, 240, 241, 242, 243, 244, 246, 249, 251, 254, 255, 256, 258, 263, 264, 265, 267, 268, 285, 286, 290, 293, 298, 303, 307, 310, 313, 314, 316, 317, 318, 322, 327, 328, 329, 331, 332, 334, 335, 339, 343, 344, 347, 349, 350, 352, 354, 355, 356, 360, 364, 366, 369, 371, 373, 378, 381, 383, 387, 394, 395, 396, 398, 400, 401, 406, 408, 409, 411, 413, 415, 416, 417, 422, 423, 427, 428, 429, 430, 432, 438, 440, 442, 447, 448, 450, 451, 453, 457, 460, 464, 467, 473, 476, 477, 486, 488, 496, 500, 505, 507, 511, 515, 516, 517, 520, 523, 524, 526, 528, 529, 530, 535, 537, 538, 539, 540, 541, 542, 546, 548, 557, 563, 564, 570, 573, 574, 575, 576, 582, 584, 589, 599, 604, 608, 616, 619, 622, 625, 627, 628, 631, 640, 642, 644, 646, 649, 650, 653, 667, 669, 671, 675, 676, 678, 680, 681, 682, 683, 684, 687, 690, 691, 696, 697, 702, 705, 712, 714, 716, 718, 721, 734, 736, 737, 739, 741, 744, 749, 752, 754, 761, 762, 764, 768, 770, 771, 775, 777, 779, 781, 782, 783, 787, 794, 795, 796, 797, 799, 812, 813, 817, 820, 824, 826, 830, 837, 838, 840, 842, 846, 847, 854, 855, 858, 860, 864, 865, 866, 867, 869, 870, 872, 877, 882, 884, 887]
[3, 10, 13, 21, 22, 29, 33, 35, 37, 40, 42, 44, 45, 46, 63, 65, 70, 73, 75, 80, 87, 93, 110, 141, 142, 145, 151, 154, 166, 167, 173, 177, 180, 207, 219, 229, 238, 241, 250, 263, 268, 277, 284, 326, 328, 329, 330, 351, 362, 371, 380, 381, 388, 396, 408, 410, 429, 430, 432, 433, 438, 447, 460, 465, 468, 484, 522, 532, 538, 550, 568, 574, 577, 590, 597, 603, 604, 626, 643, 647, 648, 655, 666, 669, 689, 693, 698, 707, 709, 710, 716, 720, 726, 727, 732, 734, 737, 761, 764, 770, 775, 792, 793, 794, 797, 803, 807, 809, 813, 821, 824, 828, 842, 864, 866, 869, 871, 872, 873, 874, 876, 883]

[0, 2, 4, 6, 9, 10, 12, 13, 18, 19, 20, 22, 30, 31, 32, 33, 42, 46, 47, 48, 53, 60, 61, 63, 67, 68, 70, 72, 75, 76, 77, 82, 83, 86, 91, 92, 93, 95, 98, 99, 103, 108, 110, 112, 115, 121, 123, 127, 129, 137, 140, 142, 145, 152, 156, 157, 158, 161, 163, 164, 168, 173, 174, 175, 176, 179, 187, 191, 193, 195, 197, 201, 202, 203, 204, 205, 206, 207, 210, 213, 216, 217, 220, 226, 231, 232, 234, 240, 241, 242, 243, 244, 246, 249, 251, 254, 255, 256, 258, 263, 264, 265, 267, 268, 285, 286, 290, 293, 298, 303, 307, 310, 313, 314, 316, 317, 318, 322, 327, 328, 329, 331, 332, 334, 335, 339, 343, 344, 347, 349, 350, 352, 354, 355, 356, 358, 360, 364, 365, 366, 368, 369, 371, 373, 378, 381, 383, 387, 394, 395, 396, 397, 398, 400, 401, 406, 408, 409, 411, 413, 415, 416, 417, 422, 423, 424, 427, 428, 429, 430, 432, 438, 440, 442, 447, 448, 450, 451, 453, 457, 460, 462, 464, 465, 467, 472, 473, 476, 477, 482, 486, 488, 489, 495, 496, 500, 505, 507, 511, 515, 516, 517, 520, 521, 523, 524, 526, 528, 529, 530, 532, 535, 537, 538, 539, 540, 541, 542, 546, 547, 548, 557, 563, 564, 570, 573, 574, 575, 576, 582, 584, 589, 597, 599, 604, 608, 615, 616, 619, 622, 625, 627, 628, 631, 640, 642, 644, 646, 649, 650, 653, 654, 667, 669, 671, 675, 676, 678, 680, 681, 682, 683, 684, 687, 690, 691, 696, 697, 702, 705, 712, 714, 716, 718, 721, 734, 736, 737, 739, 741, 744, 749, 752, 754, 761, 762, 764, 768, 770, 771, 775, 777, 779, 781, 782, 783, 787, 794, 795, 796, 797, 799, 807, 812, 813, 817, 820, 824, 826, 830, 837, 838, 840, 842, 845, 846, 847, 854, 855, 858, 860, 861, 864, 865, 866, 867, 868, 869, 870, 872, 875, 877, 882, 884, 887]
[3, 10, 13, 21, 22, 29, 33, 35, 37, 40, 42, 44, 45, 46, 63, 65, 70, 73, 75, 80, 87, 93, 110, 141, 142, 145, 151, 154, 166, 167, 173, 177, 180, 207, 219, 229, 238, 241, 250, 263, 268, 277, 284, 326, 328, 329, 330, 351, 362, 371, 380, 381, 388, 396, 408, 410, 429, 430, 432, 433, 438, 447, 460, 465, 468, 484, 522, 532, 538, 550, 568, 574, 577, 590, 597, 603, 604, 626, 643, 647, 648, 655, 666, 669, 689, 693, 698, 707, 709, 710, 716, 720, 726, 727, 732, 734, 737, 761, 764, 770, 775, 792, 793, 794, 797, 803, 807, 809, 813, 821, 824, 828, 842, 864, 866, 869, 871, 872, 873, 874, 876, 883]

[0, 2, 4, 6, 9, 10, 12, 13, 18, 19, 20, 22, 30, 31, 32, 33, 42, 46, 47, 48, 53, 59, 60, 61, 63, 67, 68, 70, 72, 75, 76, 77, 82, 83, 86, 91, 92, 93, 95, 98, 99, 103, 108, 110, 112, 115, 121, 123, 127, 129, 137, 140, 142, 145, 152, 153, 156, 157, 158, 161, 163, 164, 168, 173, 174, 175, 176, 179, 180, 187, 188, 191, 193, 195, 197, 201, 202, 203, 204, 205, 206, 207, 210, 213, 216, 217, 220, 226, 231, 232, 234, 240, 241, 242, 243, 244, 246, 249, 251, 254, 255, 256, 258, 263, 264, 265, 267, 268, 274, 280, 285, 286, 290, 291, 293, 298, 301, 303, 307, 310, 311, 313, 314, 316, 317, 318, 322, 327, 328, 329, 331, 332, 334, 335, 339, 343, 344, 347, 349, 350, 352, 354, 355, 356, 358, 360, 364, 365, 366, 368, 369, 371, 373, 378, 381, 383, 387, 388, 394, 395, 396, 397, 398, 400, 401, 404, 406, 408, 409, 411, 413, 415, 416, 417, 421, 422, 423, 424, 427, 428, 429, 430, 432, 438, 440, 442, 447, 448, 450, 451, 453, 457, 460, 462, 464, 465, 467, 472, 473, 476, 477, 482, 486, 488, 489, 493, 495, 496, 500, 503, 505, 507, 511, 515, 516, 517, 520, 521, 523, 524, 526, 528, 529, 530, 532, 535, 537, 538, 539, 540, 541, 542, 546, 547, 548, 557, 563, 564, 569, 570, 573, 574, 575, 576, 579, 582, 584, 588, 589, 596, 597, 598, 599, 604, 608, 615, 616, 619, 622, 625, 627, 628, 631, 640, 642, 644, 646, 649, 650, 653, 654, 659, 663, 667, 669, 671, 675, 676, 678, 680, 681, 682, 683, 684, 687, 690, 691, 696, 697, 702, 705, 712, 714, 716, 718, 719, 721, 723, 734, 736, 737, 739, 741, 744, 749, 752, 754, 761, 762, 764, 768, 770, 771, 775, 777, 779, 781, 782, 783, 787, 794, 795, 796, 797, 799, 807, 812, 813, 816, 817, 820, 824, 826, 830, 837, 838, 840, 842, 845, 846, 847, 854, 855, 858, 860, 861, 864, 865, 866, 867, 868, 869, 870, 872, 874, 875, 877, 882, 884, 887]
[3, 10, 13, 21, 22, 29, 33, 35, 37, 40, 42, 44, 45, 46, 63, 65, 70, 73, 75, 80, 87, 93, 110, 141, 142, 145, 151, 154, 166, 167, 173, 177, 180, 207, 219, 229, 238, 241, 250, 263, 268, 277, 284, 326, 328, 329, 330, 351, 362, 371, 380, 381, 388, 396, 408, 410, 429, 430, 432, 433, 438, 447, 460, 465, 468, 484, 522, 532, 538, 550, 568, 574, 577, 590, 597, 603, 604, 626, 643, 647, 648, 655, 666, 669, 689, 693, 698, 707, 709, 710, 716, 720, 726, 727, 732, 734, 737, 761, 764, 770, 775, 792, 793, 794, 797, 803, 807, 809, 813, 821, 824, 828, 842, 864, 866, 869, 871, 872, 873, 874, 876, 883]

[0, 2, 4, 6, 9, 10, 12, 13, 18, 19, 20, 22, 26, 30, 31, 32, 33, 42, 46, 47, 48, 53, 59, 60, 61, 63, 67, 68, 70, 72, 75, 76, 77, 82, 83, 86, 91, 92, 93, 95, 98, 99, 103, 108, 110, 112, 115, 121, 123, 127, 129, 137, 139, 140, 142, 145, 152, 153, 156, 157, 158, 161, 163, 164, 168, 173, 174, 175, 176, 179, 180, 181, 187, 188, 191, 193, 195, 197, 201, 202, 203, 204, 205, 206, 207, 210, 213, 216, 217, 220, 222, 226, 231, 232, 234, 240, 241, 242, 243, 244, 246, 249, 251, 254, 255, 256, 258, 263, 264, 265, 267, 268, 272, 274, 280, 285, 286, 290, 291, 293, 298, 301, 303, 305, 307, 310, 311, 313, 314, 316, 317, 318, 322, 327, 328, 329, 331, 332, 334, 335, 339, 343, 344, 347, 349, 350, 352, 354, 355, 356, 358, 360, 364, 365, 366, 368, 369, 371, 373, 378, 381, 383, 387, 388, 393, 394, 395, 396, 397, 398, 400, 401, 404, 406, 408, 409, 411, 413, 415, 416, 417, 421, 422, 423, 424, 427, 428, 429, 430, 432, 438, 440, 442, 447, 448, 450, 451, 453, 457, 460, 462, 464, 465, 467, 472, 473, 476, 477, 482, 486, 488, 489, 491, 493, 495, 496, 500, 503, 505, 507, 511, 513, 515, 516, 517, 520, 521, 523, 524, 526, 528, 529, 530, 532, 535, 536, 537, 538, 539, 540, 541, 542, 545, 546, 547, 548, 550, 556, 557, 563, 564, 569, 570, 571, 573, 574, 575, 576, 579, 582, 584, 588, 589, 596, 597, 598, 599, 604, 607, 608, 611, 612, 614, 615, 616, 619, 622, 625, 627, 628, 629, 631, 640, 642, 644, 646, 649, 650, 653, 654, 659, 663, 667, 669, 671, 675, 676, 678, 680, 681, 682, 683, 684, 687, 690, 691, 696, 697, 702, 705, 712, 714, 716, 718, 719, 721, 723, 731, 734, 735, 736, 737, 739, 741, 744, 749, 752, 754, 761, 762, 764, 768, 770, 771, 775, 777, 779, 781, 782, 783, 787, 788, 794, 795, 796, 797, 799, 801, 803, 807, 812, 813, 816, 817, 820, 824, 826, 830, 837, 838, 840, 842, 845, 846, 847, 854, 855, 858, 860, 861, 864, 865, 866, 867, 868, 869, 870, 872, 874, 875, 876, 877, 882, 884, 887]
[3, 10, 13, 21, 22, 29, 33, 35, 37, 40, 42, 44, 45, 46, 63, 65, 70, 73, 75, 80, 87, 93, 110, 141, 142, 145, 151, 154, 166, 167, 173, 177, 180, 207, 219, 229, 238, 241, 250, 263, 268, 277, 284, 326, 328, 329, 330, 351, 362, 371, 380, 381, 388, 396, 408, 410, 429, 430, 432, 433, 438, 447, 460, 465, 468, 484, 522, 532, 538, 550, 568, 574, 577, 590, 597, 603, 604, 626, 643, 647, 648, 655, 666, 669, 689, 693, 698, 707, 709, 710, 716, 720, 726, 727, 732, 734, 737, 761, 764, 770, 775, 792, 793, 794, 797, 803, 807, 809, 813, 821, 824, 828, 842, 864, 866, 869, 871, 872, 873, 874, 876, 883]

[0, 2, 4, 6, 9, 10, 12, 13, 18, 19, 20, 22, 26, 30, 31, 32, 33, 42, 46, 47, 48, 49, 53, 59, 60, 61, 63, 67, 68, 70, 72, 75, 76, 77, 82, 83, 86, 91, 92, 93, 95, 98, 99, 103, 108, 109, 110, 112, 115, 121, 123, 127, 129, 130, 137, 139, 140, 142, 145, 152, 153, 156, 157, 158, 161, 163, 164, 168, 169, 171, 173, 174, 175, 176, 179, 180, 181, 187, 188, 191, 193, 195, 197, 200, 201, 202, 203, 204, 205, 206, 207, 210, 213, 216, 217, 220, 222, 226, 231, 232, 234, 236, 240, 241, 242, 243, 244, 246, 249, 251, 253, 254, 255, 256, 258, 263, 264, 265, 267, 268, 272, 274, 280, 285, 286, 290, 291, 293, 298, 301, 303, 305, 307, 308, 310, 311, 313, 314, 316, 317, 318, 322, 327, 328, 329, 331, 332, 334, 335, 339, 343, 344, 347, 349, 350, 352, 354, 355, 356, 358, 360, 364, 365, 366, 368, 369, 371, 373, 378, 381, 383, 387, 388, 393, 394, 395, 396, 397, 398, 400, 401, 404, 406, 408, 409, 411, 413, 415, 416, 417, 421, 422, 423, 424, 427, 428, 429, 430, 432, 438, 440, 442, 447, 448, 450, 451, 453, 457, 460, 462, 464, 465, 467, 472, 473, 476, 477, 482, 486, 488, 489, 491, 492, 493, 495, 496, 500, 502, 503, 505, 507, 511, 512, 513, 515, 516, 517, 520, 521, 523, 524, 526, 528, 529, 530, 532, 535, 536, 537, 538, 539, 540, 541, 542, 545, 546, 547, 548, 550, 552, 556, 557, 563, 564, 569, 570, 571, 573, 574, 575, 576, 579, 582, 584, 587, 588, 589, 596, 597, 598, 599, 601, 603, 604, 607, 608, 611, 612, 614, 615, 616, 619, 622, 624, 625, 627, 628, 629, 631, 632, 634, 640, 642, 644, 646, 649, 650, 653, 654, 659, 663, 667, 668, 669, 671, 675, 676, 678, 680, 681, 682, 683, 684, 687, 690, 691, 696, 697, 702, 705, 712, 714, 716, 718, 719, 721, 723, 724, 731, 734, 735, 736, 737, 739, 741, 744, 749, 750, 752, 753, 754, 761, 762, 764, 768, 770, 771, 775, 777, 779, 781, 782, 783, 787, 788, 794, 795, 796, 797, 799, 801, 803, 807, 812, 813, 816, 817, 820, 824, 826, 830, 837, 838, 840, 842, 845, 846, 847, 854, 855, 858, 860, 861, 864, 865, 866, 867, 868, 869, 870, 872, 874, 875, 876, 877, 880, 882, 884, 887, 889]
[3, 10, 13, 21, 22, 29, 33, 35, 37, 40, 42, 44, 45, 46, 63, 65, 70, 73, 75, 80, 87, 93, 110, 141, 142, 145, 151, 154, 166, 167, 173, 177, 180, 207, 219, 229, 238, 241, 250, 263, 268, 277, 284, 326, 328, 329, 330, 351, 362, 371, 380, 381, 388, 396, 408, 410, 429, 430, 432, 433, 438, 447, 460, 465, 468, 484, 522, 532, 538, 550, 568, 574, 577, 590, 597, 603, 604, 626, 643, 647, 648, 655, 666, 669, 689, 693, 698, 707, 709, 710, 716, 720, 726, 727, 732, 734, 737, 761, 764, 770, 775, 792, 793, 794, 797, 803, 807, 809, 813, 821, 824, 828, 842, 864, 866, 869, 871, 872, 873, 874, 876, 883]

[0, 2, 4, 6, 9, 10, 12, 13, 18, 19, 20, 22, 23, 26, 28, 30, 31, 32, 33, 42, 46, 47, 48, 49, 52, 53, 54, 58, 59, 60, 61, 63, 67, 68, 70, 72, 75, 76, 77, 82, 83, 86, 91, 92, 93, 95, 98, 99, 103, 108, 109, 110, 112, 115, 121, 123, 127, 129, 130, 137, 139, 140, 142, 145, 151, 152, 153, 156, 157, 158, 161, 162, 163, 164, 168, 169, 171, 173, 174, 175, 176, 179, 180, 181, 187, 188, 191, 193, 195, 197, 200, 201, 202, 203, 204, 205, 206, 207, 210, 213, 216, 217, 220, 222, 226, 227, 231, 232, 234, 236, 240, 241, 242, 243, 244, 246, 249, 251, 253, 254, 255, 256, 257, 258, 260, 263, 264, 265, 267, 268, 272, 274, 280, 285, 286, 290, 291, 293, 298, 301, 303, 305, 307, 308, 310, 311, 312, 313, 314, 316, 317, 318, 322, 327, 328, 329, 331, 332, 334, 335, 339, 343, 344, 347, 349, 350, 352, 354, 355, 356, 358, 360, 364, 365, 366, 368, 369, 371, 373, 378, 380, 381, 383, 387, 388, 392, 393, 394, 395, 396, 397, 398, 400, 401, 404, 406, 408, 409, 411, 413, 415, 416, 417, 421, 422, 423, 424, 427, 428, 429, 430, 432, 438, 439, 440, 442, 447, 448, 450, 451, 453, 457, 460, 462, 464, 465, 467, 472, 473, 476, 477, 482, 486, 488, 489, 491, 492, 493, 495, 496, 500, 502, 503, 505, 507, 508, 511, 512, 513, 515, 516, 517, 520, 521, 523, 524, 526, 528, 529, 530, 532, 535, 536, 537, 538, 539, 540, 541, 542, 545, 546, 547, 548, 550, 552, 556, 557, 561, 563, 564, 569, 570, 571, 573, 574, 575, 576, 578, 579, 582, 584, 587, 588, 589, 596, 597, 598, 599, 601, 603, 604, 607, 608, 611, 612, 614, 615, 616, 619, 622, 624, 625, 627, 628, 629, 631, 632, 634, 640, 642, 644, 646, 649, 650, 653, 654, 659, 663, 667, 668, 669, 671, 675, 676, 677, 678, 680, 681, 682, 683, 684, 686, 687, 690, 691, 696, 697, 702, 705, 707, 712, 714, 716, 718, 719, 721, 723, 724, 731, 734, 735, 736, 737, 739, 741, 744, 749, 750, 752, 753, 754, 760, 761, 762, 764, 766, 768, 770, 771, 774, 775, 777, 779, 781, 782, 783, 787, 788, 794, 795, 796, 797, 799, 801, 803, 807, 812, 813, 816, 817, 820, 824, 826, 828, 830, 837, 838, 840, 842, 845, 846, 847, 854, 855, 858, 860, 861, 864, 865, 866, 867, 868, 869, 870, 872, 874, 875, 876, 877, 880, 882, 884, 887, 888, 889]
[3, 10, 13, 21, 22, 29, 33, 35, 37, 40, 42, 44, 45, 46, 63, 65, 70, 73, 75, 80, 87, 93, 110, 141, 142, 145, 151, 154, 166, 167, 173, 177, 180, 207, 219, 229, 238, 241, 250, 263, 268, 277, 284, 326, 328, 329, 330, 351, 362, 371, 380, 381, 388, 396, 408, 410, 429, 430, 432, 433, 438, 447, 460, 465, 468, 484, 522, 532, 538, 550, 568, 574, 577, 590, 597, 603, 604, 626, 643, 647, 648, 655, 666, 669, 689, 693, 698, 707, 709, 710, 716, 720, 726, 727, 732, 734, 737, 761, 764, 770, 775, 792, 793, 794, 797, 803, 807, 809, 813, 821, 824, 828, 842, 864, 866, 869, 871, 872, 873, 874, 876, 883]

[0, 2, 4, 6, 9, 10, 12, 13, 18, 19, 20, 22, 23, 26, 28, 30, 31, 32, 33, 42, 46, 47, 48, 49, 52, 53, 54, 58, 59, 60, 61, 63, 64, 67, 68, 70, 72, 75, 76, 77, 78, 82, 83, 86, 90, 91, 92, 93, 95, 98, 99, 103, 108, 109, 110, 112, 115, 121, 123, 127, 129, 130, 134, 137, 139, 140, 142, 145, 151, 152, 153, 156, 157, 158, 161, 162, 163, 164, 168, 169, 171, 173, 174, 175, 176, 179, 180, 181, 185, 187, 188, 191, 193, 195, 197, 199, 200, 201, 202, 203, 204, 205, 206, 207, 210, 213, 214, 216, 217, 220, 222, 226, 227, 231, 232, 234, 235, 236, 240, 241, 242, 243, 244, 246, 249, 251, 253, 254, 255, 256, 257, 258, 260, 263, 264, 265, 267, 268, 272, 274, 280, 285, 286, 290, 291, 293, 298, 301, 303, 305, 307, 308, 310, 311, 312, 313, 314, 316, 317, 318, 322, 327, 328, 329, 331, 332, 334, 335, 338, 339, 343, 344, 347, 349, 350, 352, 354, 355, 356, 358, 360, 364, 365, 366, 367, 368, 369, 371, 373, 378, 380, 381, 383, 387, 388, 389, 392, 393, 394, 395, 396, 397, 398, 399, 400, 401, 404, 406, 408, 409, 411, 413, 415, 416, 417, 421, 422, 423, 424, 427, 428, 429, 430, 432, 438, 439, 440, 442, 447, 448, 450, 451, 453, 457, 460, 461, 462, 464, 465, 467, 471, 472, 473, 476, 477, 482, 486, 488, 489, 491, 492, 493, 495, 496, 500, 501, 502, 503, 505, 506, 507, 508, 511, 512, 513, 515, 516, 517, 520, 521, 522, 523, 524, 526, 528, 529, 530, 532, 535, 536, 537, 538, 539, 540, 541, 542, 545, 546, 547, 548, 550, 552, 553, 556, 557, 558, 561, 563, 564, 569, 570, 571, 573, 574, 575, 576, 578, 579, 582, 584, 587, 588, 589, 596, 597, 598, 599, 601, 603, 604, 606, 607, 608, 611, 612, 614, 615, 616, 619, 622, 624, 625, 627, 628, 629, 631, 632, 634, 640, 641, 642, 644, 646, 649, 650, 653, 654, 659, 663, 667, 668, 669, 671, 675, 676, 677, 678, 679, 680, 681, 682, 683, 684, 686, 687, 690, 691, 696, 697, 702, 705, 707, 711, 712, 714, 716, 718, 719, 721, 723, 724, 731, 734, 735, 736, 737, 739, 741, 744, 749, 750, 752, 753, 754, 756, 760, 761, 762, 764, 766, 768, 770, 771, 774, 775, 777, 779, 781, 782, 783, 787, 788, 794, 795, 796, 797, 799, 801, 803, 807, 812, 813, 816, 817, 820, 824, 826, 828, 830, 835, 837, 838, 840, 842, 845, 846, 847, 854, 855, 858, 860, 861, 864, 865, 866, 867, 868, 869, 870, 872, 874, 875, 876, 877, 880, 882, 884, 887, 888, 889]
[3, 10, 13, 21, 22, 29, 33, 35, 37, 40, 42, 44, 45, 46, 63, 65, 70, 73, 75, 80, 87, 93, 110, 141, 142, 145, 151, 154, 166, 167, 173, 177, 180, 207, 219, 229, 238, 241, 250, 263, 268, 277, 284, 326, 328, 329, 330, 351, 362, 371, 380, 381, 388, 396, 408, 410, 429, 430, 432, 433, 438, 447, 460, 465, 468, 484, 522, 532, 538, 550, 568, 574, 577, 590, 597, 603, 604, 626, 643, 647, 648, 655, 666, 669, 689, 693, 698, 707, 709, 710, 716, 720, 726, 727, 732, 734, 737, 761, 764, 770, 775, 792, 793, 794, 797, 803, 807, 809, 813, 821, 824, 828, 842, 864, 866, 869, 871, 872, 873, 874, 876, 883]

[0, 2, 4, 6, 9, 10, 11, 12, 13, 18, 19, 20, 22, 23, 26, 28, 30, 31, 32, 33, 42, 46, 47, 48, 49, 52, 53, 54, 58, 59, 60, 61, 63, 64, 66, 67, 68, 70, 72, 75, 76, 77, 78, 82, 83, 86, 88, 90, 91, 92, 93, 95, 97, 98, 99, 103, 105, 107, 108, 109, 110, 112, 115, 121, 123, 127, 129, 130, 134, 137, 139, 140, 142, 145, 151, 152, 153, 156, 157, 158, 161, 162, 163, 164, 167, 168, 169, 171, 173, 174, 175, 176, 179, 180, 181, 185, 187, 188, 191, 193, 195, 197, 199, 200, 201, 202, 203, 204, 205, 206, 207, 210, 213, 214, 216, 217, 220, 222, 226, 227, 231, 232, 234, 235, 236, 237, 240, 241, 242, 243, 244, 246, 249, 251, 252, 253, 254, 255, 256, 257, 258, 260, 263, 264, 265, 267, 268, 272, 274, 280, 285, 286, 290, 291, 293, 298, 301, 303, 305, 307, 308, 310, 311, 312, 313, 314, 316, 317, 318, 322, 327, 328, 329, 331, 332, 334, 335, 338, 339, 343, 344, 347, 349, 350, 352, 354, 355, 356, 358, 360, 364, 365, 366, 367, 368, 369, 371, 373, 378, 380, 381, 383, 387, 388, 389, 392, 393, 394, 395, 396, 397, 398, 399, 400, 401, 404, 406, 408, 409, 411, 413, 415, 416, 417, 418, 421, 422, 423, 424, 427, 428, 429, 430, 432, 433, 438, 439, 440, 442, 447, 448, 450, 451, 453, 457, 460, 461, 462, 464, 465, 467, 471, 472, 473, 476, 477, 482, 486, 488, 489, 491, 492, 493, 495, 496, 497, 500, 501, 502, 503, 505, 506, 507, 508, 511, 512, 513, 515, 516, 517, 520, 521, 522, 523, 524, 526, 527, 528, 529, 530, 532, 535, 536, 537, 538, 539, 540, 541, 542, 545, 546, 547, 548, 550, 552, 553, 556, 557, 558, 561, 563, 564, 566, 569, 570, 571, 573, 574, 575, 576, 578, 579, 582, 583, 584, 587, 588, 589, 593, 596, 597, 598, 599, 601, 603, 604, 606, 607, 608, 611, 612, 614, 615, 616, 619, 622, 624, 625, 627, 628, 629, 631, 632, 633, 634, 640, 641, 642, 644, 646, 649, 650, 653, 654, 659, 663, 667, 668, 669, 671, 675, 676, 677, 678, 679, 680, 681, 682, 683, 684, 686, 687, 690, 691, 696, 697, 698, 702, 705, 707, 711, 712, 714, 716, 718, 719, 721, 723, 724, 731, 734, 735, 736, 737, 739, 741, 744, 749, 750, 752, 753, 754, 756, 760, 761, 762, 763, 764, 766, 768, 770, 771, 773, 774, 775, 777, 779, 781, 782, 783, 787, 788, 793, 794, 795, 796, 797, 799, 801, 803, 807, 811, 812, 813, 815, 816, 817, 820, 824, 826, 828, 830, 835, 837, 838, 840, 842, 845, 846, 847, 854, 855, 858, 860, 861, 862, 864, 865, 866, 867, 868, 869, 870, 872, 873, 874, 875, 876, 877, 880, 882, 884, 887, 888, 889]
[3, 10, 13, 21, 22, 29, 33, 35, 37, 40, 42, 44, 45, 46, 63, 65, 70, 73, 75, 80, 87, 93, 110, 141, 142, 145, 151, 154, 166, 167, 173, 177, 180, 207, 219, 229, 238, 241, 250, 263, 268, 277, 284, 326, 328, 329, 330, 351, 362, 371, 380, 381, 388, 396, 408, 410, 429, 430, 432, 433, 438, 447, 460, 465, 468, 484, 522, 532, 538, 550, 568, 574, 577, 590, 597, 603, 604, 626, 643, 647, 648, 655, 666, 669, 689, 693, 698, 707, 709, 710, 716, 720, 726, 727, 732, 734, 737, 761, 764, 770, 775, 792, 793, 794, 797, 803, 807, 809, 813, 821, 824, 828, 842, 864, 866, 869, 871, 872, 873, 874, 876, 883]

[0, 2, 4, 6, 9, 10, 11, 12, 13, 18, 19, 20, 22, 23, 24, 26, 28, 30, 31, 32, 33, 36, 38, 42, 46, 47, 48, 49, 52, 53, 54, 58, 59, 60, 61, 63, 64, 66, 67, 68, 70, 72, 75, 76, 77, 78, 81, 82, 83, 86, 88, 90, 91, 92, 93, 95, 97, 98, 99, 103, 105, 107, 108, 109, 110, 112, 115, 119, 121, 123, 127, 129, 130, 134, 137, 139, 140, 141, 142, 144, 145, 151, 152, 153, 156, 157, 158, 161, 162, 163, 164, 167, 168, 169, 171, 173, 174, 175, 176, 179, 180, 181, 185, 187, 188, 191, 193, 195, 197, 199, 200, 201, 202, 203, 204, 205, 206, 207, 210, 213, 214, 216, 217, 220, 222, 226, 227, 231, 232, 234, 235, 236, 237, 240, 241, 242, 243, 244, 246, 249, 251, 252, 253, 254, 255, 256, 257, 258, 259, 260, 263, 264, 265, 267, 268, 272, 274, 280, 285, 286, 290, 291, 293, 298, 301, 303, 305, 307, 308, 310, 311, 312, 313, 314, 316, 317, 318, 322, 327, 328, 329, 331, 332, 334, 335, 336, 338, 339, 341, 343, 344, 347, 349, 350, 352, 354, 355, 356, 358, 360, 364, 365, 366, 367, 368, 369, 371, 373, 375, 378, 380, 381, 383, 385, 387, 388, 389, 392, 393, 394, 395, 396, 397, 398, 399, 400, 401, 404, 406, 408, 409, 411, 413, 414, 415, 416, 417, 418, 421, 422, 423, 424, 427, 428, 429, 430, 432, 433, 438, 439, 440, 442, 447, 448, 450, 451, 453, 457, 460, 461, 462, 464, 465, 467, 471, 472, 473, 476, 477, 482, 486, 488, 489, 491, 492, 493, 495, 496, 497, 500, 501, 502, 503, 505, 506, 507, 508, 511, 512, 513, 515, 516, 517, 520, 521, 522, 523, 524, 526, 527, 528, 529, 530, 532, 535, 536, 537, 538, 539, 540, 541, 542, 545, 546, 547, 548, 550, 552, 553, 556, 557, 558, 561, 563, 564, 566, 567, 568, 569, 570, 571, 573, 574, 575, 576, 578, 579, 582, 583, 584, 587, 588, 589, 593, 596, 597, 598, 599, 601, 603, 604, 606, 607, 608, 611, 612, 614, 615, 616, 619, 622, 624, 625, 627, 628, 629, 631, 632, 633, 634, 639, 640, 641, 642, 644, 646, 649, 650, 653, 654, 659, 663, 667, 668, 669, 671, 673, 675, 676, 677, 678, 679, 680, 681, 682, 683, 684, 686, 687, 690, 691, 695, 696, 697, 698, 700, 701, 702, 705, 707, 711, 712, 714, 716, 718, 719, 721, 723, 724, 731, 734, 735, 736, 737, 739, 741, 744, 749, 750, 752, 753, 754, 756, 760, 761, 762, 763, 764, 766, 768, 769, 770, 771, 773, 774, 775, 777, 779, 781, 782, 783, 785, 787, 788, 791, 792, 793, 794, 795, 796, 797, 799, 801, 803, 807, 811, 812, 813, 815, 816, 817, 818, 820, 824, 826, 828, 830, 835, 837, 838, 840, 842, 845, 846, 847, 854, 855, 858, 860, 861, 862, 864, 865, 866, 867, 868, 869, 870, 872, 873, 874, 875, 876, 877, 880, 882, 884, 887, 888, 889]
[3, 10, 13, 21, 22, 29, 33, 35, 37, 40, 42, 44, 45, 46, 63, 65, 70, 73, 75, 80, 87, 93, 110, 141, 142, 145, 151, 154, 166, 167, 173, 177, 180, 207, 219, 229, 238, 241, 250, 263, 268, 277, 284, 326, 328, 329, 330, 351, 362, 371, 380, 381, 388, 396, 408, 410, 429, 430, 432, 433, 438, 447, 460, 465, 468, 484, 522, 532, 538, 550, 568, 574, 577, 590, 597, 603, 604, 626, 643, 647, 648, 655, 666, 669, 689, 693, 698, 707, 709, 710, 716, 720, 726, 727, 732, 734, 737, 761, 764, 770, 775, 792, 793, 794, 797, 803, 807, 809, 813, 821, 824, 828, 842, 864, 866, 869, 871, 872, 873, 874, 876, 883]

[0, 2, 4, 6, 9, 10, 11, 12, 13, 18, 19, 20, 22, 23, 24, 26, 28, 30, 31, 32, 33, 36, 38, 42, 46, 47, 48, 49, 52, 53, 54, 58, 59, 60, 61, 63, 64, 66, 67, 68, 70, 72, 75, 76, 77, 78, 81, 82, 83, 86, 88, 90, 91, 92, 93, 95, 97, 98, 99, 103, 105, 107, 108, 109, 110, 112, 115, 119, 120, 121, 123, 127, 129, 130, 134, 137, 139, 140, 141, 142, 144, 145, 151, 152, 153, 156, 157, 158, 161, 162, 163, 164, 167, 168, 169, 171, 173, 174, 175, 176, 179, 180, 181, 182, 185, 187, 188, 191, 193, 195, 197, 199, 200, 201, 202, 203, 204, 205, 206, 207, 209, 210, 213, 214, 216, 217, 220, 222, 226, 227, 231, 232, 234, 235, 236, 237, 238, 240, 241, 242, 243, 244, 245, 246, 249, 251, 252, 253, 254, 255, 256, 257, 258, 259, 260, 263, 264, 265, 267, 268, 270, 272, 274, 277, 280, 285, 286, 290, 291, 293, 298, 301, 303, 305, 307, 308, 310, 311, 312, 313, 314, 315, 316, 317, 318, 319, 322, 327, 328, 329, 331, 332, 334, 335, 336, 338, 339, 341, 343, 344, 347, 349, 350, 352, 354, 355, 356, 358, 360, 361, 364, 365, 366, 367, 368, 369, 371, 373, 375, 378, 380, 381, 383, 385, 387, 388, 389, 392, 393, 394, 395, 396, 397, 398, 399, 400, 401, 404, 406, 408, 409, 411, 413, 414, 415, 416, 417, 418, 421, 422, 423, 424, 427, 428, 429, 430, 432, 433, 438, 439, 440, 442, 447, 448, 450, 451, 453, 457, 460, 461, 462, 464, 465, 467, 470, 471, 472, 473, 475, 476, 477, 482, 486, 488, 489, 490, 491, 492, 493, 495, 496, 497, 500, 501, 502, 503, 505, 506, 507, 508, 511, 512, 513, 515, 516, 517, 520, 521, 522, 523, 524, 525, 526, 527, 528, 529, 530, 532, 535, 536, 537, 538, 539, 540, 541, 542, 545, 546, 547, 548, 550, 552, 553, 556, 557, 558, 561, 563, 564, 566, 567, 568, 569, 570, 571, 573, 574, 575, 576, 578, 579, 582, 583, 584, 587, 588, 589, 593, 596, 597, 598, 599, 601, 603, 604, 606, 607, 608, 609, 611, 612, 614, 615, 616, 619, 620, 622, 624, 625, 627, 628, 629, 631, 632, 633, 634, 637, 639, 640, 641, 642, 644, 646, 649, 650, 653, 654, 659, 663, 664, 667, 668, 669, 671, 673, 675, 676, 677, 678, 679, 680, 681, 682, 683, 684, 686, 687, 690, 691, 695, 696, 697, 698, 700, 701, 702, 705, 706, 707, 711, 712, 714, 716, 718, 719, 721, 723, 724, 731, 734, 735, 736, 737, 739, 741, 744, 749, 750, 752, 753, 754, 756, 760, 761, 762, 763, 764, 766, 768, 769, 770, 771, 773, 774, 775, 777, 779, 781, 782, 783, 785, 787, 788, 791, 792, 793, 794, 795, 796, 797, 799, 801, 802, 803, 807, 811, 812, 813, 815, 816, 817, 818, 820, 824, 826, 828, 830, 832, 835, 837, 838, 839, 840, 842, 845, 846, 847, 854, 855, 857, 858, 860, 861, 862, 864, 865, 866, 867, 868, 869, 870, 872, 873, 874, 875, 876, 877, 879, 880, 882, 884, 886, 887, 888, 889]
[3, 10, 13, 21, 22, 29, 33, 35, 37, 40, 42, 44, 45, 46, 63, 65, 70, 73, 75, 80, 87, 93, 110, 141, 142, 145, 151, 154, 166, 167, 173, 177, 180, 207, 219, 229, 238, 241, 250, 263, 268, 277, 284, 326, 328, 329, 330, 351, 362, 371, 380, 381, 388, 396, 408, 410, 429, 430, 432, 433, 438, 447, 460, 465, 468, 484, 522, 532, 538, 550, 568, 574, 577, 590, 597, 603, 604, 626, 643, 647, 648, 655, 666, 669, 689, 693, 698, 707, 709, 710, 716, 720, 726, 727, 732, 734, 737, 761, 764, 770, 775, 792, 793, 794, 797, 803, 807, 809, 813, 821, 824, 828, 842, 864, 866, 869, 871, 872, 873, 874, 876, 883]

[0, 2, 4, 6, 7, 9, 10, 11, 12, 13, 18, 19, 20, 22, 23, 24, 26, 28, 30, 31, 32, 33, 36, 38, 42, 46, 47, 48, 49, 52, 53, 54, 55, 58, 59, 60, 61, 62, 63, 64, 66, 67, 68, 70, 72, 75, 76, 77, 78, 81, 82, 83, 86, 88, 90, 91, 92, 93, 95, 97, 98, 99, 101, 103, 105, 107, 108, 109, 110, 112, 115, 119, 120, 121, 123, 127, 129, 130, 134, 137, 139, 140, 141, 142, 144, 145, 150, 151, 152, 153, 156, 157, 158, 161, 162, 163, 164, 167, 168, 169, 171, 173, 174, 175, 176, 179, 180, 181, 182, 185, 187, 188, 190, 191, 193, 195, 197, 199, 200, 201, 202, 203, 204, 205, 206, 207, 209, 210, 212, 213, 214, 216, 217, 220, 222, 226, 227, 231, 232, 234, 235, 236, 237, 238, 240, 241, 242, 243, 244, 245, 246, 248, 249, 250, 251, 252, 253, 254, 255, 256, 257, 258, 259, 260, 263, 264, 265, 267, 268, 270, 272, 274, 277, 280, 285, 286, 290, 291, 293, 298, 301, 303, 305, 307, 308, 310, 311, 312, 313, 314, 315, 316, 317, 318, 319, 322, 323, 327, 328, 329, 331, 332, 334, 335, 336, 338, 339, 341, 343, 344, 347, 349, 350, 352, 354, 355, 356, 358, 360, 361, 364, 365, 366, 367, 368, 369, 370, 371, 373, 375, 378, 380, 381, 383, 385, 387, 388, 389, 392, 393, 394, 395, 396, 397, 398, 399, 400, 401, 404, 406, 408, 409, 411, 413, 414, 415, 416, 417, 418, 420, 421, 422, 423, 424, 425, 427, 428, 429, 430, 432, 433, 436, 438, 439, 440, 442, 447, 448, 450, 451, 453, 456, 457, 460, 461, 462, 464, 465, 467, 470, 471, 472, 473, 475, 476, 477, 482, 483, 486, 488, 489, 490, 491, 492, 493, 494, 495, 496, 497, 498, 500, 501, 502, 503, 505, 506, 507, 508, 511, 512, 513, 515, 516, 517, 520, 521, 522, 523, 524, 525, 526, 527, 528, 529, 530, 531, 532, 535, 536, 537, 538, 539, 540, 541, 542, 545, 546, 547, 548, 550, 552, 553, 556, 557, 558, 561, 563, 564, 566, 567, 568, 569, 570, 571, 573, 574, 575, 576, 578, 579, 582, 583, 584, 587, 588, 589, 593, 596, 597, 598, 599, 601, 603, 604, 606, 607, 608, 609, 611, 612, 614, 615, 616, 619, 620, 622, 624, 625, 627, 628, 629, 631, 632, 633, 634, 637, 639, 640, 641, 642, 644, 646, 649, 650, 653, 654, 657, 659, 662, 663, 664, 667, 668, 669, 671, 673, 675, 676, 677, 678, 679, 680, 681, 682, 683, 684, 686, 687, 690, 691, 693, 695, 696, 697, 698, 700, 701, 702, 705, 706, 707, 711, 712, 714, 716, 718, 719, 721, 723, 724, 731, 734, 735, 736, 737, 739, 741, 744, 749, 750, 752, 753, 754, 756, 758, 760, 761, 762, 763, 764, 766, 768, 769, 770, 771, 773, 774, 775, 777, 779, 781, 782, 783, 785, 787, 788, 791, 792, 793, 794, 795, 796, 797, 799, 801, 802, 803, 805, 807, 810, 811, 812, 813, 815, 816, 817, 818, 820, 824, 826, 828, 830, 832, 835, 837, 838, 839, 840, 842, 845, 846, 847, 854, 855, 857, 858, 860, 861, 862, 864, 865, 866, 867, 868, 869, 870, 872, 873, 874, 875, 876, 877, 879, 880, 882, 884, 886, 887, 888, 889]
[3, 10, 13, 21, 22, 29, 33, 35, 37, 40, 42, 44, 45, 46, 63, 65, 70, 73, 75, 80, 87, 93, 110, 141, 142, 145, 151, 154, 166, 167, 173, 177, 180, 207, 219, 229, 238, 241, 250, 263, 268, 277, 284, 326, 328, 329, 330, 351, 362, 371, 380, 381, 388, 396, 408, 410, 429, 430, 432, 433, 438, 447, 460, 465, 468, 484, 522, 532, 538, 550, 568, 574, 577, 590, 597, 603, 604, 626, 643, 647, 648, 655, 666, 669, 689, 693, 698, 707, 709, 710, 716, 720, 726, 727, 732, 734, 737, 761, 764, 770, 775, 792, 793, 794, 797, 803, 807, 809, 813, 821, 824, 828, 842, 864, 866, 869, 871, 872, 873, 874, 876, 883]

[0, 1, 2, 4, 6, 7, 9, 10, 11, 12, 13, 18, 19, 20, 22, 23, 24, 26, 28, 30, 31, 32, 33, 36, 38, 42, 46, 47, 48, 49, 52, 53, 54, 55, 58, 59, 60, 61, 62, 63, 64, 66, 67, 68, 70, 72, 75, 76, 77, 78, 81, 82, 83, 84, 86, 88, 90, 91, 92, 93, 95, 97, 98, 99, 101, 103, 105, 107, 108, 109, 110, 112, 114, 115, 119, 120, 121, 123, 124, 127, 129, 130, 131, 134, 137, 139, 140, 141, 142, 144, 145, 150, 151, 152, 153, 156, 157, 158, 160, 161, 162, 163, 164, 167, 168, 169, 171, 173, 174, 175, 176, 179, 180, 181, 182, 185, 187, 188, 190, 191, 193, 195, 197, 199, 200, 201, 202, 203, 204, 205, 206, 207, 209, 210, 212, 213, 214, 216, 217, 220, 222, 226, 227, 231, 232, 234, 235, 236, 237, 238, 240, 241, 242, 243, 244, 245, 246, 247, 248, 249, 250, 251, 252, 253, 254, 255, 256, 257, 258, 259, 260, 261, 263, 264, 265, 267, 268, 270, 272, 274, 277, 280, 285, 286, 288, 290, 291, 293, 298, 301, 303, 304, 305, 307, 308, 310, 311, 312, 313, 314, 315, 316, 317, 318, 319, 322, 323, 327, 328, 329, 331, 332, 334, 335, 336, 338, 339, 341, 343, 344, 347, 349, 350, 352, 354, 355, 356, 358, 359, 360, 361, 364, 365, 366, 367, 368, 369, 370, 371, 373, 374, 375, 378, 380, 381, 383, 385, 387, 388, 389, 392, 393, 394, 395, 396, 397, 398, 399, 400, 401, 404, 406, 408, 409, 411, 413, 414, 415, 416, 417, 418, 419, 420, 421, 422, 423, 424, 425, 427, 428, 429, 430, 432, 433, 436, 438, 439, 440, 442, 443, 447, 448, 450, 451, 453, 456, 457, 460, 461, 462, 464, 465, 467, 470, 471, 472, 473, 475, 476, 477, 482, 483, 486, 488, 489, 490, 491, 492, 493, 494, 495, 496, 497, 498, 500, 501, 502, 503, 505, 506, 507, 508, 509, 511, 512, 513, 515, 516, 517, 520, 521, 522, 523, 524, 525, 526, 527, 528, 529, 530, 531, 532, 535, 536, 537, 538, 539, 540, 541, 542, 545, 546, 547, 548, 550, 552, 553, 556, 557, 558, 561, 563, 564, 566, 567, 568, 569, 570, 571, 573, 574, 575, 576, 577, 578, 579, 582, 583, 584, 587, 588, 589, 593, 596, 597, 598, 599, 601, 603, 604, 606, 607, 608, 609, 611, 612, 614, 615, 616, 619, 620, 622, 624, 625, 627, 628, 629, 631, 632, 633, 634, 637, 639, 640, 641, 642, 644, 646, 649, 650, 653, 654, 657, 659, 662, 663, 664, 667, 668, 669, 671, 673, 675, 676, 677, 678, 679, 680, 681, 682, 683, 684, 685, 686, 687, 690, 691, 692, 693, 695, 696, 697, 698, 700, 701, 702, 705, 706, 707, 711, 712, 714, 716, 718, 719, 721, 723, 724, 731, 734, 735, 736, 737, 739, 741, 744, 749, 750, 752, 753, 754, 756, 758, 760, 761, 762, 763, 764, 766, 767, 768, 769, 770, 771, 773, 774, 775, 776, 777, 779, 781, 782, 783, 784, 785, 787, 788, 791, 792, 793, 794, 795, 796, 797, 798, 799, 801, 802, 803, 805, 806, 807, 810, 811, 812, 813, 815, 816, 817, 818, 820, 824, 826, 828, 830, 832, 835, 837, 838, 839, 840, 841, 842, 845, 846, 847, 850, 854, 855, 857, 858, 860, 861, 862, 864, 865, 866, 867, 868, 869, 870, 872, 873, 874, 875, 876, 877, 879, 880, 882, 884, 886, 887, 888, 889]
[3, 10, 13, 21, 22, 29, 33, 35, 37, 40, 42, 44, 45, 46, 63, 65, 70, 73, 75, 80, 87, 93, 110, 141, 142, 145, 151, 154, 166, 167, 173, 177, 180, 207, 219, 229, 238, 241, 250, 263, 268, 277, 284, 326, 328, 329, 330, 351, 362, 371, 380, 381, 388, 396, 408, 410, 429, 430, 432, 433, 438, 447, 460, 465, 468, 484, 522, 532, 538, 550, 568, 574, 577, 590, 597, 603, 604, 626, 643, 647, 648, 655, 666, 669, 689, 693, 698, 707, 709, 710, 716, 720, 726, 727, 732, 734, 737, 761, 764, 770, 775, 792, 793, 794, 797, 803, 807, 809, 813, 821, 824, 828, 842, 864, 866, 869, 871, 872, 873, 874, 876, 883]

[0, 1, 2, 4, 6, 7, 9, 10, 11, 12, 13, 15, 18, 19, 20, 22, 23, 24, 25, 26, 28, 30, 31, 32, 33, 36, 38, 42, 44, 46, 47, 48, 49, 52, 53, 54, 55, 58, 59, 60, 61, 62, 63, 64, 66, 67, 68, 70, 72, 75, 76, 77, 78, 81, 82, 83, 84, 86, 88, 90, 91, 92, 93, 95, 97, 98, 99, 101, 103, 105, 107, 108, 109, 110, 112, 114, 115, 119, 120, 121, 123, 124, 127, 129, 130, 131, 134, 137, 139, 140, 141, 142, 144, 145, 146, 150, 151, 152, 153, 156, 157, 158, 160, 161, 162, 163, 164, 165, 167, 168, 169, 170, 171, 173, 174, 175, 176, 179, 180, 181, 182, 185, 187, 188, 190, 191, 193, 195, 197, 199, 200, 201, 202, 203, 204, 205, 206, 207, 209, 210, 211, 212, 213, 214, 216, 217, 220, 221, 222, 223, 226, 227, 228, 231, 232, 234, 235, 236, 237, 238, 240, 241, 242, 243, 244, 245, 246, 247, 248, 249, 250, 251, 252, 253, 254, 255, 256, 257, 258, 259, 260, 261, 263, 264, 265, 267, 268, 269, 270, 272, 274, 277, 280, 285, 286, 288, 290, 291, 293, 298, 301, 303, 304, 305, 307, 308, 310, 311, 312, 313, 314, 315, 316, 317, 318, 319, 322, 323, 327, 328, 329, 331, 332, 334, 335, 336, 338, 339, 341, 343, 344, 347, 349, 350, 352, 354, 355, 356, 358, 359, 360, 361, 364, 365, 366, 367, 368, 369, 370, 371, 373, 374, 375, 378, 380, 381, 383, 385, 387, 388, 389, 392, 393, 394, 395, 396, 397, 398, 399, 400, 401, 404, 406, 408, 409, 411, 413, 414, 415, 416, 417, 418, 419, 420, 421, 422, 423, 424, 425, 427, 428, 429, 430, 432, 433, 436, 438, 439, 440, 441, 442, 443, 447, 448, 450, 451, 452, 453, 456, 457, 460, 461, 462, 464, 465, 467, 470, 471, 472, 473, 475, 476, 477, 480, 482, 483, 486, 488, 489, 490, 491, 492, 493, 494, 495, 496, 497, 498, 500, 501, 502, 503, 505, 506, 507, 508, 509, 511, 512, 513, 515, 516, 517, 520, 521, 522, 523, 524, 525, 526, 527, 528, 529, 530, 531, 532, 533, 535, 536, 537, 538, 539, 540, 541, 542, 545, 546, 547, 548, 550, 552, 553, 554, 556, 557, 558, 561, 563, 564, 566, 567, 568, 569, 570, 571, 573, 574, 575, 576, 577, 578, 579, 580, 582, 583, 584, 587, 588, 589, 593, 596, 597, 598, 599, 600, 601, 603, 604, 606, 607, 608, 609, 611, 612, 613, 614, 615, 616, 619, 620, 621, 622, 624, 625, 627, 628, 629, 631, 632, 633, 634, 635, 637, 639, 640, 641, 642, 644, 646, 649, 650, 653, 654, 657, 659, 662, 663, 664, 667, 668, 669, 671, 673, 675, 676, 677, 678, 679, 680, 681, 682, 683, 684, 685, 686, 687, 690, 691, 692, 693, 695, 696, 697, 698, 700, 701, 702, 705, 706, 707, 711, 712, 714, 716, 718, 719, 721, 723, 724, 728, 731, 734, 735, 736, 737, 739, 741, 744, 749, 750, 752, 753, 754, 755, 756, 757, 758, 760, 761, 762, 763, 764, 766, 767, 768, 769, 770, 771, 773, 774, 775, 776, 777, 779, 781, 782, 783, 784, 785, 786, 787, 788, 791, 792, 793, 794, 795, 796, 797, 798, 799, 801, 802, 803, 805, 806, 807, 810, 811, 812, 813, 815, 816, 817, 818, 820, 824, 826, 828, 830, 832, 835, 837, 838, 839, 840, 841, 842, 845, 846, 847, 850, 854, 855, 857, 858, 860, 861, 862, 864, 865, 866, 867, 868, 869, 870, 872, 873, 874, 875, 876, 877, 879, 880, 882, 884, 886, 887, 888, 889]
[3, 10, 13, 21, 22, 29, 33, 35, 37, 40, 42, 44, 45, 46, 63, 65, 70, 73, 75, 80, 87, 93, 110, 141, 142, 145, 151, 154, 166, 167, 173, 177, 180, 207, 219, 229, 238, 241, 250, 263, 268, 277, 284, 326, 328, 329, 330, 351, 362, 371, 380, 381, 388, 396, 408, 410, 429, 430, 432, 433, 438, 447, 460, 465, 468, 484, 522, 532, 538, 550, 568, 574, 577, 590, 597, 603, 604, 626, 643, 647, 648, 655, 666, 669, 689, 693, 698, 707, 709, 710, 716, 720, 726, 727, 732, 734, 737, 761, 764, 770, 775, 792, 793, 794, 797, 803, 807, 809, 813, 821, 824, 828, 842, 864, 866, 869, 871, 872, 873, 874, 876, 883]

[0, 1, 2, 4, 6, 7, 8, 9, 10, 11, 12, 13, 15, 18, 19, 20, 22, 23, 24, 25, 26, 28, 30, 31, 32, 33, 36, 38, 42, 44, 46, 47, 48, 49, 52, 53, 54, 55, 58, 59, 60, 61, 62, 63, 64, 65, 66, 67, 68, 70, 72, 75, 76, 77, 78, 80, 81, 82, 83, 84, 86, 88, 90, 91, 92, 93, 95, 97, 98, 99, 100, 101, 103, 105, 107, 108, 109, 110, 112, 114, 115, 119, 120, 121, 123, 124, 127, 129, 130, 131, 134, 135, 137, 139, 140, 141, 142, 144, 145, 146, 150, 151, 152, 153, 156, 157, 158, 160, 161, 162, 163, 164, 165, 167, 168, 169, 170, 171, 172, 173, 174, 175, 176, 179, 180, 181, 182, 185, 187, 188, 190, 191, 193, 194, 195, 197, 199, 200, 201, 202, 203, 204, 205, 206, 207, 209, 210, 211, 212, 213, 214, 216, 217, 220, 221, 222, 223, 226, 227, 228, 231, 232, 234, 235, 236, 237, 238, 240, 241, 242, 243, 244, 245, 246, 247, 248, 249, 250, 251, 252, 253, 254, 255, 256, 257, 258, 259, 260, 261, 263, 264, 265, 267, 268, 269, 270, 272, 274, 277, 280, 285, 286, 288, 290, 291, 293, 296, 298, 301, 302, 303, 304, 305, 307, 308, 310, 311, 312, 313, 314, 315, 316, 317, 318, 319, 322, 323, 327, 328, 329, 331, 332, 334, 335, 336, 338, 339, 340, 341, 343, 344, 347, 349, 350, 352, 354, 355, 356, 357, 358, 359, 360, 361, 363, 364, 365, 366, 367, 368, 369, 370, 371, 373, 374, 375, 376, 378, 380, 381, 383, 385, 387, 388, 389, 392, 393, 394, 395, 396, 397, 398, 399, 400, 401, 404, 406, 407, 408, 409, 411, 413, 414, 415, 416, 417, 418, 419, 420, 421, 422, 423, 424, 425, 427, 428, 429, 430, 432, 433, 436, 438, 439, 440, 441, 442, 443, 447, 448, 450, 451, 452, 453, 454, 456, 457, 460, 461, 462, 464, 465, 467, 470, 471, 472, 473, 475, 476, 477, 480, 482, 483, 486, 488, 489, 490, 491, 492, 493, 494, 495, 496, 497, 498, 500, 501, 502, 503, 505, 506, 507, 508, 509, 511, 512, 513, 515, 516, 517, 520, 521, 522, 523, 524, 525, 526, 527, 528, 529, 530, 531, 532, 533, 534, 535, 536, 537, 538, 539, 540, 541, 542, 545, 546, 547, 548, 550, 551, 552, 553, 554, 556, 557, 558, 561, 563, 564, 566, 567, 568, 569, 570, 571, 572, 573, 574, 575, 576, 577, 578, 579, 580, 582, 583, 584, 587, 588, 589, 593, 596, 597, 598, 599, 600, 601, 603, 604, 606, 607, 608, 609, 611, 612, 613, 614, 615, 616, 619, 620, 621, 622, 624, 625, 627, 628, 629, 630, 631, 632, 633, 634, 635, 637, 638, 639, 640, 641, 642, 644, 646, 649, 650, 652, 653, 654, 657, 659, 662, 663, 664, 667, 668, 669, 671, 672, 673, 675, 676, 677, 678, 679, 680, 681, 682, 683, 684, 685, 686, 687, 690, 691, 692, 693, 695, 696, 697, 698, 700, 701, 702, 705, 706, 707, 711, 712, 714, 716, 718, 719, 721, 723, 724, 728, 731, 734, 735, 736, 737, 739, 741, 744, 749, 750, 752, 753, 754, 755, 756, 757, 758, 760, 761, 762, 763, 764, 766, 767, 768, 769, 770, 771, 773, 774, 775, 776, 777, 779, 781, 782, 783, 784, 785, 786, 787, 788, 791, 792, 793, 794, 795, 796, 797, 798, 799, 800, 801, 802, 803, 805, 806, 807, 810, 811, 812, 813, 814, 815, 816, 817, 818, 820, 824, 826, 828, 830, 831, 832, 835, 837, 838, 839, 840, 841, 842, 845, 846, 847, 850, 854, 855, 857, 858, 860, 861, 862, 864, 865, 866, 867, 868, 869, 870, 872, 873, 874, 875, 876, 877, 879, 880, 882, 884, 886, 887, 888, 889]
[3, 10, 13, 21, 22, 29, 33, 35, 37, 40, 42, 44, 45, 46, 63, 65, 70, 73, 75, 80, 87, 93, 110, 141, 142, 145, 151, 154, 166, 167, 173, 177, 180, 207, 219, 229, 238, 241, 250, 263, 268, 277, 284, 326, 328, 329, 330, 351, 362, 371, 380, 381, 388, 396, 408, 410, 429, 430, 432, 433, 438, 447, 460, 465, 468, 484, 522, 532, 538, 550, 568, 574, 577, 590, 597, 603, 604, 626, 643, 647, 648, 655, 666, 669, 689, 693, 698, 707, 709, 710, 716, 720, 726, 727, 732, 734, 737, 761, 764, 770, 775, 792, 793, 794, 797, 803, 807, 809, 813, 821, 824, 828, 842, 864, 866, 869, 871, 872, 873, 874, 876, 883]

[0, 1, 2, 4, 6, 7, 8, 9, 10, 11, 12, 13, 15, 18, 19, 20, 22, 23, 24, 25, 26, 28, 30, 31, 32, 33, 36, 38, 42, 44, 46, 47, 48, 49, 52, 53, 54, 55, 58, 59, 60, 61, 62, 63, 64, 65, 66, 67, 68, 70, 72, 75, 76, 77, 78, 80, 81, 82, 83, 84, 86, 88, 90, 91, 92, 93, 95, 97, 98, 99, 100, 101, 103, 105, 107, 108, 109, 110, 112, 114, 115, 119, 120, 121, 123, 124, 127, 129, 130, 131, 134, 135, 137, 139, 140, 141, 142, 144, 145, 146, 150, 151, 152, 153, 154, 156, 157, 158, 160, 161, 162, 163, 164, 165, 166, 167, 168, 169, 170, 171, 172, 173, 174, 175, 176, 179, 180, 181, 182, 185, 187, 188, 190, 191, 193, 194, 195, 197, 199, 200, 201, 202, 203, 204, 205, 206, 207, 209, 210, 211, 212, 213, 214, 216, 217, 220, 221, 222, 223, 226, 227, 228, 231, 232, 234, 235, 236, 237, 238, 239, 240, 241, 242, 243, 244, 245, 246, 247, 248, 249, 250, 251, 252, 253, 254, 255, 256, 257, 258, 259, 260, 261, 263, 264, 265, 267, 268, 269, 270, 272, 274, 277, 280, 285, 286, 288, 290, 291, 293, 294, 296, 298, 301, 302, 303, 304, 305, 307, 308, 310, 311, 312, 313, 314, 315, 316, 317, 318, 319, 322, 323, 324, 327, 328, 329, 331, 332, 334, 335, 336, 338, 339, 340, 341, 342, 343, 344, 347, 349, 350, 352, 354, 355, 356, 357, 358, 359, 360, 361, 363, 364, 365, 366, 367, 368, 369, 370, 371, 373, 374, 375, 376, 378, 380, 381, 383, 384, 385, 387, 388, 389, 392, 393, 394, 395, 396, 397, 398, 399, 400, 401, 404, 405, 406, 407, 408, 409, 411, 413, 414, 415, 416, 417, 418, 419, 420, 421, 422, 423, 424, 425, 427, 428, 429, 430, 432, 433, 436, 438, 439, 440, 441, 442, 443, 444, 447, 448, 450, 451, 452, 453, 454, 456, 457, 460, 461, 462, 464, 465, 467, 470, 471, 472, 473, 475, 476, 477, 480, 482, 483, 486, 488, 489, 490, 491, 492, 493, 494, 495, 496, 497, 498, 500, 501, 502, 503, 505, 506, 507, 508, 509, 511, 512, 513, 515, 516, 517, 520, 521, 522, 523, 524, 525, 526, 527, 528, 529, 530, 531, 532, 533, 534, 535, 536, 537, 538, 539, 540, 541, 542, 545, 546, 547, 548, 550, 551, 552, 553, 554, 556, 557, 558, 561, 562, 563, 564, 566, 567, 568, 569, 570, 571, 572, 573, 574, 575, 576, 577, 578, 579, 580, 582, 583, 584, 585, 587, 588, 589, 593, 596, 597, 598, 599, 600, 601, 603, 604, 606, 607, 608, 609, 611, 612, 613, 614, 615, 616, 618, 619, 620, 621, 622, 624, 625, 627, 628, 629, 630, 631, 632, 633, 634, 635, 637, 638, 639, 640, 641, 642, 644, 645, 646, 647, 649, 650, 652, 653, 654, 655, 657, 659, 661, 662, 663, 664, 667, 668, 669, 671, 672, 673, 675, 676, 677, 678, 679, 680, 681, 682, 683, 684, 685, 686, 687, 690, 691, 692, 693, 695, 696, 697, 698, 700, 701, 702, 704, 705, 706, 707, 711, 712, 714, 716, 717, 718, 719, 721, 723, 724, 726, 728, 731, 734, 735, 736, 737, 739, 741, 744, 745, 749, 750, 752, 753, 754, 755, 756, 757, 758, 760, 761, 762, 763, 764, 766, 767, 768, 769, 770, 771, 773, 774, 775, 776, 777, 778, 779, 781, 782, 783, 784, 785, 786, 787, 788, 791, 792, 793, 794, 795, 796, 797, 798, 799, 800, 801, 802, 803, 805, 806, 807, 808, 810, 811, 812, 813, 814, 815, 816, 817, 818, 820, 824, 826, 828, 830, 831, 832, 834, 835, 837, 838, 839, 840, 841, 842, 844, 845, 846, 847, 849, 850, 854, 855, 857, 858, 860, 861, 862, 864, 865, 866, 867, 868, 869, 870, 872, 873, 874, 875, 876, 877, 879, 880, 882, 884, 886, 887, 888, 889]
[3, 10, 13, 21, 22, 29, 33, 35, 37, 40, 42, 44, 45, 46, 63, 65, 70, 73, 75, 80, 87, 93, 110, 141, 142, 145, 151, 154, 166, 167, 173, 177, 180, 207, 219, 229, 238, 241, 250, 263, 268, 277, 284, 326, 328, 329, 330, 351, 362, 371, 380, 381, 388, 396, 408, 410, 429, 430, 432, 433, 438, 447, 460, 465, 468, 484, 522, 532, 538, 550, 568, 574, 577, 590, 597, 603, 604, 626, 643, 647, 648, 655, 666, 669, 689, 693, 698, 707, 709, 710, 716, 720, 726, 727, 732, 734, 737, 761, 764, 770, 775, 792, 793, 794, 797, 803, 807, 809, 813, 821, 824, 828, 842, 864, 866, 869, 871, 872, 873, 874, 876, 883]

[0, 1, 2, 4, 6, 7, 8, 9, 10, 11, 12, 13, 14, 15, 18, 19, 20, 22, 23, 24, 25, 26, 28, 30, 31, 32, 33, 36, 38, 42, 43, 44, 46, 47, 48, 49, 52, 53, 54, 55, 57, 58, 59, 60, 61, 62, 63, 64, 65, 66, 67, 68, 69, 70, 72, 75, 76, 77, 78, 80, 81, 82, 83, 84, 85, 86, 88, 90, 91, 92, 93, 95, 97, 98, 99, 100, 101, 103, 105, 107, 108, 109, 110, 112, 114, 115, 119, 120, 121, 123, 124, 125, 127, 129, 130, 131, 134, 135, 137, 139, 140, 141, 142, 143, 144, 145, 146, 150, 151, 152, 153, 154, 156, 157, 158, 160, 161, 162, 163, 164, 165, 166, 167, 168, 169, 170, 171, 172, 173, 174, 175, 176, 177, 179, 180, 181, 182, 185, 187, 188, 190, 191, 193, 194, 195, 197, 199, 200, 201, 202, 203, 204, 205, 206, 207, 209, 210, 211, 212, 213, 214, 216, 217, 218, 220, 221, 222, 223, 226, 227, 228, 229, 230, 231, 232, 234, 235, 236, 237, 238, 239, 240, 241, 242, 243, 244, 245, 246, 247, 248, 249, 250, 251, 252, 253, 254, 255, 256, 257, 258, 259, 260, 261, 263, 264, 265, 267, 268, 269, 270, 272, 274, 277, 280, 283, 285, 286, 288, 290, 291, 293, 294, 296, 298, 301, 302, 303, 304, 305, 307, 308, 310, 311, 312, 313, 314, 315, 316, 317, 318, 319, 322, 323, 324, 327, 328, 329, 331, 332, 334, 335, 336, 338, 339, 340, 341, 342, 343, 344, 347, 349, 350, 352, 354, 355, 356, 357, 358, 359, 360, 361, 363, 364, 365, 366, 367, 368, 369, 370, 371, 373, 374, 375, 376, 378, 380, 381, 383, 384, 385, 387, 388, 389, 391, 392, 393, 394, 395, 396, 397, 398, 399, 400, 401, 404, 405, 406, 407, 408, 409, 411, 413, 414, 415, 416, 417, 418, 419, 420, 421, 422, 423, 424, 425, 427, 428, 429, 430, 432, 433, 436, 438, 439, 440, 441, 442, 443, 444, 447, 448, 450, 451, 452, 453, 454, 456, 457, 460, 461, 462, 464, 465, 467, 470, 471, 472, 473, 475, 476, 477, 480, 482, 483, 486, 488, 489, 490, 491, 492, 493, 494, 495, 496, 497, 498, 500, 501, 502, 503, 505, 506, 507, 508, 509, 511, 512, 513, 515, 516, 517, 518, 520, 521, 522, 523, 524, 525, 526, 527, 528, 529, 530, 531, 532, 533, 534, 535, 536, 537, 538, 539, 540, 541, 542, 545, 546, 547, 548, 550, 551, 552, 553, 554, 556, 557, 558, 561, 562, 563, 564, 565, 566, 567, 568, 569, 570, 571, 572, 573, 574, 575, 576, 577, 578, 579, 580, 582, 583, 584, 585, 587, 588, 589, 593, 596, 597, 598, 599, 600, 601, 603, 604, 606, 607, 608, 609, 610, 611, 612, 613, 614, 615, 616, 618, 619, 620, 621, 622, 624, 625, 626, 627, 628, 629, 630, 631, 632, 633, 634, 635, 637, 638, 639, 640, 641, 642, 644, 645, 646, 647, 649, 650, 652, 653, 654, 655, 657, 659, 661, 662, 663, 664, 667, 668, 669, 670, 671, 672, 673, 675, 676, 677, 678, 679, 680, 681, 682, 683, 684, 685, 686, 687, 690, 691, 692, 693, 694, 695, 696, 697, 698, 700, 701, 702, 703, 704, 705, 706, 707, 709, 711, 712, 714, 716, 717, 718, 719, 721, 723, 724, 726, 728, 731, 733, 734, 735, 736, 737, 739, 741, 744, 745, 747, 749, 750, 752, 753, 754, 755, 756, 757, 758, 760, 761, 762, 763, 764, 766, 767, 768, 769, 770, 771, 773, 774, 775, 776, 777, 778, 779, 781, 782, 783, 784, 785, 786, 787, 788, 791, 792, 793, 794, 795, 796, 797, 798, 799, 800, 801, 802, 803, 805, 806, 807, 808, 810, 811, 812, 813, 814, 815, 816, 817, 818, 820, 824, 826, 828, 830, 831, 832, 834, 835, 837, 838, 839, 840, 841, 842, 844, 845, 846, 847, 849, 850, 854, 855, 856, 857, 858, 860, 861, 862, 864, 865, 866, 867, 868, 869, 870, 872, 873, 874, 875, 876, 877, 879, 880, 881, 882, 884, 886, 887, 888, 889]
[3, 10, 13, 21, 22, 29, 33, 35, 37, 40, 42, 44, 45, 46, 63, 65, 70, 73, 75, 80, 87, 93, 110, 141, 142, 145, 151, 154, 166, 167, 173, 177, 180, 207, 219, 229, 238, 241, 250, 263, 268, 277, 284, 326, 328, 329, 330, 351, 362, 371, 380, 381, 388, 396, 408, 410, 429, 430, 432, 433, 438, 447, 460, 465, 468, 484, 522, 532, 538, 550, 568, 574, 577, 590, 597, 603, 604, 626, 643, 647, 648, 655, 666, 669, 689, 693, 698, 707, 709, 710, 716, 720, 726, 727, 732, 734, 737, 761, 764, 770, 775, 792, 793, 794, 797, 803, 807, 809, 813, 821, 824, 828, 842, 864, 866, 869, 871, 872, 873, 874, 876, 883]

[0, 1, 2, 4, 6, 7, 8, 9, 10, 11, 12, 13, 14, 15, 18, 19, 20, 22, 23, 24, 25, 26, 28, 30, 31, 32, 33, 36, 38, 42, 43, 44, 46, 47, 48, 49, 51, 52, 53, 54, 55, 56, 57, 58, 59, 60, 61, 62, 63, 64, 65, 66, 67, 68, 69, 70, 72, 75, 76, 77, 78, 80, 81, 82, 83, 84, 85, 86, 88, 90, 91, 92, 93, 95, 96, 97, 98, 99, 100, 101, 103, 105, 107, 108, 109, 110, 112, 114, 115, 119, 120, 121, 123, 124, 125, 127, 129, 130, 131, 134, 135, 137, 139, 140, 141, 142, 143, 144, 145, 146, 150, 151, 152, 153, 154, 156, 157, 158, 159, 160, 161, 162, 163, 164, 165, 166, 167, 168, 169, 170, 171, 172, 173, 174, 175, 176, 177, 178, 179, 180, 181, 182, 185, 187, 188, 190, 191, 193, 194, 195, 197, 198, 199, 200, 201, 202, 203, 204, 205, 206, 207, 209, 210, 211, 212, 213, 214, 216, 217, 218, 219, 220, 221, 222, 223, 226, 227, 228, 229, 230, 231, 232, 234, 235, 236, 237, 238, 239, 240, 241, 242, 243, 244, 245, 246, 247, 248, 249, 250, 251, 252, 253, 254, 255, 256, 257, 258, 259, 260, 261, 263, 264, 265, 266, 267, 268, 269, 270, 272, 273, 274, 275, 277, 278, 280, 283, 285, 286, 288, 290, 291, 292, 293, 294, 296, 298, 301, 302, 303, 304, 305, 307, 308, 309, 310, 311, 312, 313, 314, 315, 316, 317, 318, 319, 322, 323, 324, 326, 327, 328, 329, 331, 332, 334, 335, 336, 338, 339, 340, 341, 342, 343, 344, 347, 349, 350, 352, 354, 355, 356, 357, 358, 359, 360, 361, 363, 364, 365, 366, 367, 368, 369, 370, 371, 373, 374, 375, 376, 378, 380, 381, 383, 384, 385, 387, 388, 389, 391, 392, 393, 394, 395, 396, 397, 398, 399, 400, 401, 404, 405, 406, 407, 408, 409, 411, 413, 414, 415, 416, 417, 418, 419, 420, 421, 422, 423, 424, 425, 427, 428, 429, 430, 432, 433, 436, 438, 439, 440, 441, 442, 443, 444, 447, 448, 449, 450, 451, 452, 453, 454, 456, 457, 458, 460, 461, 462, 463, 464, 465, 467, 469, 470, 471, 472, 473, 475, 476, 477, 480, 481, 482, 483, 486, 488, 489, 490, 491, 492, 493, 494, 495, 496, 497, 498, 500, 501, 502, 503, 505, 506, 507, 508, 509, 511, 512, 513, 514, 515, 516, 517, 518, 520, 521, 522, 523, 524, 525, 526, 527, 528, 529, 530, 531, 532, 533, 534, 535, 536, 537, 538, 539, 540, 541, 542, 545, 546, 547, 548, 550, 551, 552, 553, 554, 556, 557, 558, 561, 562, 563, 564, 565, 566, 567, 568, 569, 570, 571, 572, 573, 574, 575, 576, 577, 578, 579, 580, 582, 583, 584, 585, 587, 588, 589, 591, 593, 596, 597, 598, 599, 600, 601, 603, 604, 606, 607, 608, 609, 610, 611, 612, 613, 614, 615, 616, 618, 619, 620, 621, 622, 624, 625, 626, 627, 628, 629, 630, 631, 632, 633, 634, 635, 637, 638, 639, 640, 641, 642, 644, 645, 646, 647, 649, 650, 652, 653, 654, 655, 657, 659, 661, 662, 663, 664, 667, 668, 669, 670, 671, 672, 673, 675, 676, 677, 678, 679, 680, 681, 682, 683, 684, 685, 686, 687, 690, 691, 692, 693, 694, 695, 696, 697, 698, 700, 701, 702, 703, 704, 705, 706, 707, 709, 711, 712, 714, 716, 717, 718, 719, 721, 723, 724, 726, 728, 731, 733, 734, 735, 736, 737, 739, 741, 742, 744, 745, 747, 749, 750, 751, 752, 753, 754, 755, 756, 757, 758, 760, 761, 762, 763, 764, 766, 767, 768, 769, 770, 771, 773, 774, 775, 776, 777, 778, 779, 781, 782, 783, 784, 785, 786, 787, 788, 791, 792, 793, 794, 795, 796, 797, 798, 799, 800, 801, 802, 803, 805, 806, 807, 808, 810, 811, 812, 813, 814, 815, 816, 817, 818, 820, 824, 826, 828, 830, 831, 832, 834, 835, 837, 838, 839, 840, 841, 842, 844, 845, 846, 847, 849, 850, 852, 854, 855, 856, 857, 858, 860, 861, 862, 864, 865, 866, 867, 868, 869, 870, 872, 873, 874, 875, 876, 877, 879, 880, 881, 882, 884, 886, 887, 888, 889]
[3, 10, 13, 21, 22, 29, 33, 35, 37, 40, 42, 44, 45, 46, 63, 65, 70, 73, 75, 80, 87, 93, 110, 141, 142, 145, 151, 154, 166, 167, 173, 177, 180, 207, 219, 229, 238, 241, 250, 263, 268, 277, 284, 326, 328, 329, 330, 351, 362, 371, 380, 381, 388, 396, 408, 410, 429, 430, 432, 433, 438, 447, 460, 465, 468, 484, 522, 532, 538, 550, 568, 574, 577, 590, 597, 603, 604, 626, 643, 647, 648, 655, 666, 669, 689, 693, 698, 707, 709, 710, 716, 720, 726, 727, 732, 734, 737, 761, 764, 770, 775, 792, 793, 794, 797, 803, 807, 809, 813, 821, 824, 828, 842, 864, 866, 869, 871, 872, 873, 874, 876, 883]

[0, 1, 2, 4, 5, 6, 7, 8, 9, 10, 11, 12, 13, 14, 15, 18, 19, 20, 22, 23, 24, 25, 26, 28, 30, 31, 32, 33, 36, 38, 42, 43, 44, 46, 47, 48, 49, 51, 52, 53, 54, 55, 56, 57, 58, 59, 60, 61, 62, 63, 64, 65, 66, 67, 68, 69, 70, 72, 74, 75, 76, 77, 78, 80, 81, 82, 83, 84, 85, 86, 88, 90, 91, 92, 93, 95, 96, 97, 98, 99, 100, 101, 103, 104, 105, 106, 107, 108, 109, 110, 111, 112, 114, 115, 116, 119, 120, 121, 123, 124, 125, 126, 127, 128, 129, 130, 131, 134, 135, 137, 139, 140, 141, 142, 143, 144, 145, 146, 147, 150, 151, 152, 153, 154, 156, 157, 158, 159, 160, 161, 162, 163, 164, 165, 166, 167, 168, 169, 170, 171, 172, 173, 174, 175, 176, 177, 178, 179, 180, 181, 182, 185, 187, 188, 190, 191, 193, 194, 195, 197, 198, 199, 200, 201, 202, 203, 204, 205, 206, 207, 209, 210, 211, 212, 213, 214, 216, 217, 218, 219, 220, 221, 222, 223, 226, 227, 228, 229, 230, 231, 232, 233, 234, 235, 236, 237, 238, 239, 240, 241, 242, 243, 244, 245, 246, 247, 248, 249, 250, 251, 252, 253, 254, 255, 256, 257, 258, 259, 260, 261, 263, 264, 265, 266, 267, 268, 269, 270, 272, 273, 274, 275, 277, 278, 280, 281, 282, 283, 285, 286, 287, 288, 290, 291, 292, 293, 294, 296, 297, 298, 301, 302, 303, 304, 305, 307, 308, 309, 310, 311, 312, 313, 314, 315, 316, 317, 318, 319, 322, 323, 324, 326, 327, 328, 329, 331, 332, 334, 335, 336, 338, 339, 340, 341, 342, 343, 344, 347, 349, 350, 352, 353, 354, 355, 356, 357, 358, 359, 360, 361, 363, 364, 365, 366, 367, 368, 369, 370, 371, 373, 374, 375, 376, 378, 379, 380, 381, 383, 384, 385, 387, 388, 389, 391, 392, 393, 394, 395, 396, 397, 398, 399, 400, 401, 404, 405, 406, 407, 408, 409, 411, 413, 414, 415, 416, 417, 418, 419, 420, 421, 422, 423, 424, 425, 427, 428, 429, 430, 432, 433, 436, 438, 439, 440, 441, 442, 443, 444, 446, 447, 448, 449, 450, 451, 452, 453, 454, 456, 457, 458, 460, 461, 462, 463, 464, 465, 467, 469, 470, 471, 472, 473, 475, 476, 477, 480, 481, 482, 483, 486, 488, 489, 490, 491, 492, 493, 494, 495, 496, 497, 498, 500, 501, 502, 503, 505, 506, 507, 508, 509, 511, 512, 513, 514, 515, 516, 517, 518, 520, 521, 522, 523, 524, 525, 526, 527, 528, 529, 530, 531, 532, 533, 534, 535, 536, 537, 538, 539, 540, 541, 542, 545, 546, 547, 548, 550, 551, 552, 553, 554, 556, 557, 558, 560, 561, 562, 563, 564, 565, 566, 567, 568, 569, 570, 571, 572, 573, 574, 575, 576, 577, 578, 579, 580, 582, 583, 584, 585, 587, 588, 589, 591, 593, 596, 597, 598, 599, 600, 601, 603, 604, 606, 607, 608, 609, 610, 611, 612, 613, 614, 615, 616, 618, 619, 620, 621, 622, 624, 625, 626, 627, 628, 629, 630, 631, 632, 633, 634, 635, 636, 637, 638, 639, 640, 641, 642, 644, 645, 646, 647, 649, 650, 652, 653, 654, 655, 657, 659, 661, 662, 663, 664, 667, 668, 669, 670, 671, 672, 673, 675, 676, 677, 678, 679, 680, 681, 682, 683, 684, 685, 686, 687, 688, 690, 691, 692, 693, 694, 695, 696, 697, 698, 700, 701, 702, 703, 704, 705, 706, 707, 709, 711, 712, 714, 716, 717, 718, 719, 721, 723, 724, 726, 728, 729, 731, 733, 734, 735, 736, 737, 739, 741, 742, 743, 744, 745, 747, 749, 750, 751, 752, 753, 754, 755, 756, 757, 758, 760, 761, 762, 763, 764, 766, 767, 768, 769, 770, 771, 773, 774, 775, 776, 777, 778, 779, 781, 782, 783, 784, 785, 786, 787, 788, 789, 791, 792, 793, 794, 795, 796, 797, 798, 799, 800, 801, 802, 803, 805, 806, 807, 808, 809, 810, 811, 812, 813, 814, 815, 816, 817, 818, 820, 824, 826, 828, 830, 831, 832, 833, 834, 835, 837, 838, 839, 840, 841, 842, 844, 845, 846, 847, 849, 850, 852, 854, 855, 856, 857, 858, 860, 861, 862, 864, 865, 866, 867, 868, 869, 870, 872, 873, 874, 875, 876, 877, 879, 880, 881, 882, 884, 886, 887, 888, 889]
[3, 10, 13, 21, 22, 29, 33, 35, 37, 40, 42, 44, 45, 46, 63, 65, 70, 73, 75, 80, 87, 93, 110, 141, 142, 145, 151, 154, 166, 167, 173, 177, 180, 207, 219, 229, 238, 241, 250, 263, 268, 277, 284, 326, 328, 329, 330, 351, 362, 371, 380, 381, 388, 396, 408, 410, 429, 430, 432, 433, 438, 447, 460, 465, 468, 484, 522, 532, 538, 550, 568, 574, 577, 590, 597, 603, 604, 626, 643, 647, 648, 655, 666, 669, 689, 693, 698, 707, 709, 710, 716, 720, 726, 727, 732, 734, 737, 761, 764, 770, 775, 792, 793, 794, 797, 803, 807, 809, 813, 821, 824, 828, 842, 864, 866, 869, 871, 872, 873, 874, 876, 883]

[0, 1, 2, 4, 5, 6, 7, 8, 9, 10, 11, 12, 13, 14, 15, 18, 19, 20, 22, 23, 24, 25, 26, 28, 30, 31, 32, 33, 36, 38, 42, 43, 44, 46, 47, 48, 49, 51, 52, 53, 54, 55, 56, 57, 58, 59, 60, 61, 62, 63, 64, 65, 66, 67, 68, 69, 70, 72, 73, 74, 75, 76, 77, 78, 80, 81, 82, 83, 84, 85, 86, 88, 89, 90, 91, 92, 93, 95, 96, 97, 98, 99, 100, 101, 102, 103, 104, 105, 106, 107, 108, 109, 110, 111, 112, 114, 115, 116, 119, 120, 121, 123, 124, 125, 126, 127, 128, 129, 130, 131, 134, 135, 137, 139, 140, 141, 142, 143, 144, 145, 146, 147, 149, 150, 151, 152, 153, 154, 156, 157, 158, 159, 160, 161, 162, 163, 164, 165, 166, 167, 168, 169, 170, 171, 172, 173, 174, 175, 176, 177, 178, 179, 180, 181, 182, 185, 187, 188, 190, 191, 193, 194, 195, 197, 198, 199, 200, 201, 202, 203, 204, 205, 206, 207, 209, 210, 211, 212, 213, 214, 216, 217, 218, 219, 220, 221, 222, 223, 225, 226, 227, 228, 229, 230, 231, 232, 233, 234, 235, 236, 237, 238, 239, 240, 241, 242, 243, 244, 245, 246, 247, 248, 249, 250, 251, 252, 253, 254, 255, 256, 257, 258, 259, 260, 261, 263, 264, 265, 266, 267, 268, 269, 270, 272, 273, 274, 275, 277, 278, 280, 281, 282, 283, 285, 286, 287, 288, 290, 291, 292, 293, 294, 296, 297, 298, 301, 302, 303, 304, 305, 307, 308, 309, 310, 311, 312, 313, 314, 315, 316, 317, 318, 319, 322, 323, 324, 326, 327, 328, 329, 331, 332, 334, 335, 336, 338, 339, 340, 341, 342, 343, 344, 345, 346, 347, 348, 349, 350, 352, 353, 354, 355, 356, 357, 358, 359, 360, 361, 363, 364, 365, 366, 367, 368, 369, 370, 371, 373, 374, 375, 376, 377, 378, 379, 380, 381, 383, 384, 385, 387, 388, 389, 391, 392, 393, 394, 395, 396, 397, 398, 399, 400, 401, 404, 405, 406, 407, 408, 409, 410, 411, 413, 414, 415, 416, 417, 418, 419, 420, 421, 422, 423, 424, 425, 427, 428, 429, 430, 432, 433, 436, 437, 438, 439, 440, 441, 442, 443, 444, 446, 447, 448, 449, 450, 451, 452, 453, 454, 455, 456, 457, 458, 460, 461, 462, 463, 464, 465, 466, 467, 469, 470, 471, 472, 473, 475, 476, 477, 480, 481, 482, 483, 486, 488, 489, 490, 491, 492, 493, 494, 495, 496, 497, 498, 500, 501, 502, 503, 505, 506, 507, 508, 509, 511, 512, 513, 514, 515, 516, 517, 518, 520, 521, 522, 523, 524, 525, 526, 527, 528, 529, 530, 531, 532, 533, 534, 535, 536, 537, 538, 539, 540, 541, 542, 545, 546, 547, 548, 550, 551, 552, 553, 554, 556, 557, 558, 560, 561, 562, 563, 564, 565, 566, 567, 568, 569, 570, 571, 572, 573, 574, 575, 576, 577, 578, 579, 580, 581, 582, 583, 584, 585, 587, 588, 589, 591, 593, 596, 597, 598, 599, 600, 601, 603, 604, 606, 607, 608, 609, 610, 611, 612, 613, 614, 615, 616, 618, 619, 620, 621, 622, 623, 624, 625, 626, 627, 628, 629, 630, 631, 632, 633, 634, 635, 636, 637, 638, 639, 640, 641, 642, 644, 645, 646, 647, 649, 650, 652, 653, 654, 655, 657, 659, 661, 662, 663, 664, 667, 668, 669, 670, 671, 672, 673, 674, 675, 676, 677, 678, 679, 680, 681, 682, 683, 684, 685, 686, 687, 688, 689, 690, 691, 692, 693, 694, 695, 696, 697, 698, 700, 701, 702, 703, 704, 705, 706, 707, 709, 711, 712, 714, 716, 717, 718, 719, 721, 723, 724, 726, 728, 729, 731, 733, 734, 735, 736, 737, 739, 741, 742, 743, 744, 745, 747, 749, 750, 751, 752, 753, 754, 755, 756, 757, 758, 760, 761, 762, 763, 764, 766, 767, 768, 769, 770, 771, 772, 773, 774, 775, 776, 777, 778, 779, 781, 782, 783, 784, 785, 786, 787, 788, 789, 790, 791, 792, 793, 794, 795, 796, 797, 798, 799, 800, 801, 802, 803, 805, 806, 807, 808, 809, 810, 811, 812, 813, 814, 815, 816, 817, 818, 820, 821, 822, 823, 824, 825, 826, 828, 829, 830, 831, 832, 833, 834, 835, 837, 838, 839, 840, 841, 842, 844, 845, 846, 847, 849, 850, 852, 854, 855, 856, 857, 858, 859, 860, 861, 862, 864, 865, 866, 867, 868, 869, 870, 872, 873, 874, 875, 876, 877, 879, 880, 881, 882, 884, 886, 887, 888, 889]
[3, 10, 13, 21, 22, 29, 33, 35, 37, 40, 42, 44, 45, 46, 63, 65, 70, 73, 75, 80, 87, 93, 110, 141, 142, 145, 151, 154, 166, 167, 173, 177, 180, 207, 219, 229, 238, 241, 250, 263, 268, 277, 284, 326, 328, 329, 330, 351, 362, 371, 380, 381, 388, 396, 408, 410, 429, 430, 432, 433, 438, 447, 460, 465, 468, 484, 522, 532, 538, 550, 568, 574, 577, 590, 597, 603, 604, 626, 643, 647, 648, 655, 666, 669, 689, 693, 698, 707, 709, 710, 716, 720, 726, 727, 732, 734, 737, 761, 764, 770, 775, 792, 793, 794, 797, 803, 807, 809, 813, 821, 824, 828, 842, 864, 866, 869, 871, 872, 873, 874, 876, 883]

[0, 1, 2, 4, 5, 6, 7, 8, 9, 10, 11, 12, 13, 14, 15, 18, 19, 20, 21, 22, 23, 24, 25, 26, 28, 30, 31, 32, 33, 35, 36, 38, 42, 43, 44, 46, 47, 48, 49, 51, 52, 53, 54, 55, 56, 57, 58, 59, 60, 61, 62, 63, 64, 65, 66, 67, 68, 69, 70, 72, 73, 74, 75, 76, 77, 78, 79, 80, 81, 82, 83, 84, 85, 86, 88, 89, 90, 91, 92, 93, 95, 96, 97, 98, 99, 100, 101, 102, 103, 104, 105, 106, 107, 108, 109, 110, 111, 112, 114, 115, 116, 119, 120, 121, 122, 123, 124, 125, 126, 127, 128, 129, 130, 131, 134, 135, 137, 139, 140, 141, 142, 143, 144, 145, 146, 147, 149, 150, 151, 152, 153, 154, 155, 156, 157, 158, 159, 160, 161, 162, 163, 164, 165, 166, 167, 168, 169, 170, 171, 172, 173, 174, 175, 176, 177, 178, 179, 180, 181, 182, 183, 185, 187, 188, 190, 191, 193, 194, 195, 197, 198, 199, 200, 201, 202, 203, 204, 205, 206, 207, 209, 210, 211, 212, 213, 214, 215, 216, 217, 218, 219, 220, 221, 222, 223, 225, 226, 227, 228, 229, 230, 231, 232, 233, 234, 235, 236, 237, 238, 239, 240, 241, 242, 243, 244, 245, 246, 247, 248, 249, 250, 251, 252, 253, 254, 255, 256, 257, 258, 259, 260, 261, 263, 264, 265, 266, 267, 268, 269, 270, 272, 273, 274, 275, 277, 278, 280, 281, 282, 283, 285, 286, 287, 288, 290, 291, 292, 293, 294, 296, 297, 298, 301, 302, 303, 304, 305, 307, 308, 309, 310, 311, 312, 313, 314, 315, 316, 317, 318, 319, 322, 323, 324, 326, 327, 328, 329, 331, 332, 334, 335, 336, 338, 339, 340, 341, 342, 343, 344, 345, 346, 347, 348, 349, 350, 352, 353, 354, 355, 356, 357, 358, 359, 360, 361, 363, 364, 365, 366, 367, 368, 369, 370, 371, 373, 374, 375, 376, 377, 378, 379, 380, 381, 382, 383, 384, 385, 387, 388, 389, 391, 392, 393, 394, 395, 396, 397, 398, 399, 400, 401, 403, 404, 405, 406, 407, 408, 409, 410, 411, 412, 413, 414, 415, 416, 417, 418, 419, 420, 421, 422, 423, 424, 425, 427, 428, 429, 430, 431, 432, 433, 436, 437, 438, 439, 440, 441, 442, 443, 444, 446, 447, 448, 449, 450, 451, 452, 453, 454, 455, 456, 457, 458, 460, 461, 462, 463, 464, 465, 466, 467, 469, 470, 471, 472, 473, 475, 476, 477, 479, 480, 481, 482, 483, 486, 488, 489, 490, 491, 492, 493, 494, 495, 496, 497, 498, 500, 501, 502, 503, 505, 506, 507, 508, 509, 511, 512, 513, 514, 515, 516, 517, 518, 520, 521, 522, 523, 524, 525, 526, 527, 528, 529, 530, 531, 532, 533, 534, 535, 536, 537, 538, 539, 540, 541, 542, 545, 546, 547, 548, 550, 551, 552, 553, 554, 556, 557, 558, 559, 560, 561, 562, 563, 564, 565, 566, 567, 568, 569, 570, 571, 572, 573, 574, 575, 576, 577, 578, 579, 580, 581, 582, 583, 584, 585, 587, 588, 589, 591, 593, 596, 597, 598, 599, 600, 601, 603, 604, 605, 606, 607, 608, 609, 610, 611, 612, 613, 614, 615, 616, 618, 619, 620, 621, 622, 623, 624, 625, 626, 627, 628, 629, 630, 631, 632, 633, 634, 635, 636, 637, 638, 639, 640, 641, 642, 644, 645, 646, 647, 648, 649, 650, 651, 652, 653, 654, 655, 657, 659, 661, 662, 663, 664, 665, 667, 668, 669, 670, 671, 672, 673, 674, 675, 676, 677, 678, 679, 680, 681, 682, 683, 684, 685, 686, 687, 688, 689, 690, 691, 692, 693, 694, 695, 696, 697, 698, 700, 701, 702, 703, 704, 705, 706, 707, 708, 709, 711, 712, 714, 716, 717, 718, 719, 721, 722, 723, 724, 726, 728, 729, 731, 732, 733, 734, 735, 736, 737, 738, 739, 740, 741, 742, 743, 744, 745, 747, 749, 750, 751, 752, 753, 754, 755, 756, 757, 758, 760, 761, 762, 763, 764, 765, 766, 767, 768, 769, 770, 771, 772, 773, 774, 775, 776, 777, 778, 779, 781, 782, 783, 784, 785, 786, 787, 788, 789, 790, 791, 792, 793, 794, 795, 796, 797, 798, 799, 800, 801, 802, 803, 804, 805, 806, 807, 808, 809, 810, 811, 812, 813, 814, 815, 816, 817, 818, 820, 821, 822, 823, 824, 825, 826, 828, 829, 830, 831, 832, 833, 834, 835, 837, 838, 839, 840, 841, 842, 844, 845, 846, 847, 849, 850, 852, 854, 855, 856, 857, 858, 859, 860, 861, 862, 864, 865, 866, 867, 868, 869, 870, 872, 873, 874, 875, 876, 877, 878, 879, 880, 881, 882, 884, 886, 887, 888, 889]
[3, 10, 13, 21, 22, 29, 33, 35, 37, 40, 42, 44, 45, 46, 63, 65, 70, 73, 75, 80, 87, 93, 110, 141, 142, 145, 151, 154, 166, 167, 173, 177, 180, 207, 219, 229, 238, 241, 250, 263, 268, 277, 284, 326, 328, 329, 330, 351, 362, 371, 380, 381, 388, 396, 408, 410, 429, 430, 432, 433, 438, 447, 460, 465, 468, 484, 522, 532, 538, 550, 568, 574, 577, 590, 597, 603, 604, 626, 643, 647, 648, 655, 666, 669, 689, 693, 698, 707, 709, 710, 716, 720, 726, 727, 732, 734, 737, 761, 764, 770, 775, 792, 793, 794, 797, 803, 807, 809, 813, 821, 824, 828, 842, 864, 866, 869, 871, 872, 873, 874, 876, 883]

