[74, 114, 124, 161, 272, 277, 296, 324, 337, 349, 416, 449, 473, 505, 545, 590, 619, 710, 865, 871, 878, 879]
[33, 43, 83, 84, 101, 128, 129, 169, 183, 194, 203, 232, 258, 328, 373, 564, 578, 684, 705, 752, 838, 875]

[74, 114, 124, 161, 272, 277, 296, 324, 337, 349, 416, 449, 473, 505, 545, 590, 619, 710, 865, 871, 878, 879]
[3, 11, 14, 33, 43, 44, 45, 49, 56, 57, 63, 71, 83, 84, 101, 113, 115, 128, 129, 140, 165, 169, 183, 187, 189, 194, 203, 216, 223, 232, 236, 243, 244, 254, 258, 261, 270, 276, 278, 284, 287, 289, 314, 315, 328, 334, 335, 343, 367, 369, 370, 373, 375, 380, 382, 394, 396, 402, 406, 407, 408, 413, 429, 442, 469, 474, 476, 483, 490, 493, 496, 499, 510, 511, 514, 536, 555, 559, 564, 577, 578, 588, 606, 614, 623, 633, 648, 664, 669, 671, 673, 676, 684, 693, 694, 705, 716, 723, 732, 739, 752, 762, 763, 764, 768, 772, 778, 783, 787, 792, 793, 797, 803, 814, 822, 838, 848, 852, 873, 875, 885, 886]

[30, 42, 43, 46, 74, 114, 124, 161, 165, 167, 174, 179, 202, 206, 223, 272, 273, 277, 295, 296, 324, 337, 349, 416, 435, 449, 470, 473, 504, 505, 525, 545, 590, 615, 619, 625, 641, 710, 724, 725, 741, 775, 795, 865, 871, 878, 879]
[3, 11, 14, 33, 43, 44, 45, 49, 56, 57, 63, 71, 83, 84, 101, 113, 115, 128, 129, 140, 165, 169, 183, 187, 189, 194, 203, 216, 223, 232, 236, 243, 244, 254, 258, 261, 270, 276, 278, 284, 287, 289, 314, 315, 328, 334, 335, 343, 367, 369, 370, 373, 375, 380, 382, 394, 396, 402, 406, 407, 408, 413, 429, 442, 469, 474, 476, 483, 490, 493, 496, 499, 510, 511, 514, 536, 555, 559, 564, 577, 578, 588, 606, 614, 623, 633, 648, 664, 669, 671, 673, 676, 684, 693, 694, 705, 716, 723, 732, 739, 752, 762, 763, 764, 768, 772, 778, 783, 787, 792, 793, 797, 803, 814, 822, 838, 848, 852, 873, 875, 885, 886]

[4, 26, 30, 36, 42, 43, 46, 74, 114, 124, 161, 163, 165, 167, 174, 179, 202, 206, 215, 216, 223, 263, 272, 273, 276, 277, 295, 296, 323, 324, 337, 349, 388, 394, 406, 416, 419, 435, 449, 470, 473, 504, 505, 525, 537, 545, 547, 557, 566, 577, 590, 615, 619, 625, 641, 645, 710, 724, 725, 741, 743, 762, 775, 795, 807, 833, 842, 858, 865, 871, 878, 879]
[3, 11, 14, 33, 43, 44, 45, 49, 56, 57, 63, 71, 83, 84, 101, 113, 115, 128, 129, 140, 165, 169, 183, 187, 189, 194, 203, 216, 223, 232, 236, 243, 244, 254, 258, 261, 270, 276, 278, 284, 287, 289, 314, 315, 328, 334, 335, 343, 367, 369, 370, 373, 375, 380, 382, 394, 396, 402, 406, 407, 408, 413, 429, 442, 469, 474, 476, 483, 490, 493, 496, 499, 510, 511, 514, 536, 555, 559, 564, 577, 578, 588, 606, 614, 623, 633, 648, 664, 669, 671, 673, 676, 684, 693, 694, 705, 716, 723, 732, 739, 752, 762, 763, 764, 768, 772, 778, 783, 787, 792, 793, 797, 803, 814, 822, 838, 848, 852, 873, 875, 885, 886]

[4, 26, 30, 36, 42, 43, 46, 73, 74, 77, 114, 124, 137, 146, 154, 161, 163, 165, 167, 168, 174, 179, 197, 201, 202, 206, 215, 216, 217, 223, 260, 263, 270, 272, 273, 276, 277, 284, 295, 296, 323, 324, 337, 349, 366, 388, 394, 406, 416, 419, 435, 439, 442, 449, 470, 473, 489, 498, 504, 505, 525, 536, 537, 545, 547, 550, 557, 566, 577, 590, 615, 619, 625, 641, 645, 649, 664, 710, 724, 725, 741, 743, 762, 775, 788, 791, 795, 807, 833, 842, 851, 855, 858, 865, 871, 878, 879, 883, 889]
[3, 11, 14, 33, 43, 44, 45, 49, 56, 57, 63, 71, 83, 84, 101, 113, 115, 128, 129, 140, 165, 169, 183, 187, 189, 194, 203, 216, 223, 232, 236, 243, 244, 254, 258, 261, 270, 276, 278, 284, 287, 289, 314, 315, 328, 334, 335, 343, 367, 369, 370, 373, 375, 380, 382, 394, 396, 402, 406, 407, 408, 413, 429, 442, 469, 474, 476, 483, 490, 493, 496, 499, 510, 511, 514, 536, 555, 559, 564, 577, 578, 588, 606, 614, 623, 633, 648, 664, 669, 671, 673, 676, 684, 693, 694, 705, 716, 723, 732, 739, 752, 762, 763, 764, 768, 772, 778, 783, 787, 792, 793, 797, 803, 814, 822, 838, 848, 852, 873, 875, 885, 886]

[4, 9, 20, 26, 30, 36, 42, 43, 46, 73, 74, 77, 114, 122, 124, 137, 146, 154, 157, 161, 163, 165, 167, 168, 174, 179, 194, 197, 201, 202, 206, 215, 216, 217, 218, 222, 223, 260, 263, 270, 272, 273, 276, 277, 284, 295, 296, 323, 324, 327, 337, 349, 365, 366, 388, 394, 403, 406, 409, 416, 419, 435, 439, 442, 443, 449, 452, 470, 473, 489, 498, 504, 505, 525, 536, 537, 545, 547, 550, 552, 557, 563, 565, 566, 576, 577, 590, 606, 615, 619, 625, 639, 641, 645, 649, 664, 710, 724, 725, 728, 741, 743, 762, 775, 786, 788, 791, 795, 807, 811, 833, 834, 836, 842, 851, 855, 858, 865, 871, 878, 879, 883, 886, 889]
[3, 11, 14, 33, 43, 44, 45, 49, 56, 57, 63, 71, 83, 84, 101, 113, 115, 128, 129, 140, 165, 169, 183, 187, 189, 194, 203, 216, 223, 232, 236, 243, 244, 254, 258, 261, 270, 276, 278, 284, 287, 289, 314, 315, 328, 334, 335, 343, 367, 369, 370, 373, 375, 380, 382, 394, 396, 402, 406, 407, 408, 413, 429, 442, 469, 474, 476, 483, 490, 493, 496, 499, 510, 511, 514, 536, 555, 559, 564, 577, 578, 588, 606, 614, 623, 633, 648, 664, 669, 671, 673, 676, 684, 693, 694, 705, 716, 723, 732, 739, 752, 762, 763, 764, 768, 772, 778, 783, 787, 792, 793, 797, 803, 814, 822, 838, 848, 852, 873, 875, 885, 886]

[4, 5, 7, 9, 20, 26, 30, 36, 38, 41, 42, 43, 46, 73, 74, 77, 114, 119, 122, 124, 132, 137, 146, 154, 157, 161, 163, 165, 167, 168, 174, 178, 179, 185, 186, 194, 197, 201, 202, 206, 215, 216, 217, 218, 222, 223, 252, 260, 263, 270, 272, 273, 276, 277, 284, 295, 296, 302, 323, 324, 327, 337, 349, 365, 366, 388, 394, 403, 406, 409, 416, 419, 429, 435, 439, 442, 443, 449, 452, 459, 470, 473, 487, 489, 498, 504, 505, 525, 536, 537, 545, 546, 547, 549, 550, 552, 557, 563, 565, 566, 576, 577, 590, 604, 606, 611, 615, 619, 622, 625, 639, 641, 643, 645, 649, 660, 664, 710, 715, 724, 725, 728, 741, 743, 762, 775, 782, 786, 788, 791, 795, 807, 811, 818, 833, 834, 836, 842, 851, 855, 858, 864, 865, 871, 878, 879, 883, 886, 889]
[3, 11, 14, 33, 43, 44, 45, 49, 56, 57, 63, 71, 83, 84, 101, 113, 115, 128, 129, 140, 165, 169, 183, 187, 189, 194, 203, 216, 223, 232, 236, 243, 244, 254, 258, 261, 270, 276, 278, 284, 287, 289, 314, 315, 328, 334, 335, 343, 367, 369, 370, 373, 375, 380, 382, 394, 396, 402, 406, 407, 408, 413, 429, 442, 469, 474, 476, 483, 490, 493, 496, 499, 510, 511, 514, 536, 555, 559, 564, 577, 578, 588, 606, 614, 623, 633, 648, 664, 669, 671, 673, 676, 684, 693, 694, 705, 716, 723, 732, 739, 752, 762, 763, 764, 768, 772, 778, 783, 787, 792, 793, 797, 803, 814, 822, 838, 848, 852, 873, 875, 885, 886]

[0, 3, 4, 5, 7, 9, 20, 25, 26, 30, 36, 38, 41, 42, 43, 46, 63, 73, 74, 77, 114, 119, 122, 124, 130, 132, 137, 146, 154, 157, 158, 161, 163, 165, 167, 168, 174, 178, 179, 185, 186, 190, 194, 197, 201, 202, 206, 214, 215, 216, 217, 218, 222, 223, 252, 255, 260, 263, 270, 272, 273, 276, 277, 284, 286, 295, 296, 302, 303, 323, 324, 327, 337, 349, 358, 365, 366, 388, 394, 403, 406, 409, 416, 419, 423, 428, 429, 435, 439, 442, 443, 449, 452, 457, 459, 470, 473, 482, 487, 488, 489, 498, 502, 504, 505, 507, 515, 525, 536, 537, 538, 545, 546, 547, 549, 550, 552, 557, 563, 565, 566, 576, 577, 586, 590, 604, 606, 611, 615, 619, 622, 625, 630, 639, 641, 643, 645, 649, 660, 664, 694, 710, 715, 724, 725, 728, 741, 743, 762, 775, 782, 786, 788, 791, 795, 807, 811, 818, 832, 833, 834, 836, 842, 850, 851, 855, 858, 864, 865, 868, 871, 878, 879, 883, 886, 889]
[3, 11, 14, 33, 43, 44, 45, 49, 56, 57, 63, 71, 83, 84, 101, 113, 115, 128, 129, 140, 165, 169, 183, 187, 189, 194, 203, 216, 223, 232, 236, 243, 244, 254, 258, 261, 270, 276, 278, 284, 287, 289, 314, 315, 328, 334, 335, 343, 367, 369, 370, 373, 375, 380, 382, 394, 396, 402, 406, 407, 408, 413, 429, 442, 469, 474, 476, 483, 490, 493, 496, 499, 510, 511, 514, 536, 555, 559, 564, 577, 578, 588, 606, 614, 623, 633, 648, 664, 669, 671, 673, 676, 684, 693, 694, 705, 716, 723, 732, 739, 752, 762, 763, 764, 768, 772, 778, 783, 787, 792, 793, 797, 803, 814, 822, 838, 848, 852, 873, 875, 885, 886]

[0, 3, 4, 5, 7, 9, 20, 25, 26, 30, 36, 38, 41, 42, 43, 46, 50, 63, 73, 74, 75, 77, 80, 114, 119, 122, 124, 130, 132, 137, 146, 152, 154, 157, 158, 161, 163, 165, 167, 168, 174, 178, 179, 185, 186, 188, 190, 194, 197, 201, 202, 206, 214, 215, 216, 217, 218, 222, 223, 228, 244, 247, 252, 255, 258, 260, 263, 270, 272, 273, 276, 277, 281, 284, 286, 295, 296, 302, 303, 313, 323, 324, 327, 337, 344, 349, 358, 365, 366, 380, 388, 394, 403, 406, 409, 416, 419, 423, 428, 429, 431, 435, 439, 442, 443, 449, 452, 454, 457, 459, 470, 473, 482, 487, 488, 489, 498, 502, 504, 505, 507, 515, 525, 536, 537, 538, 545, 546, 547, 549, 550, 552, 557, 563, 565, 566, 576, 577, 586, 589, 590, 603, 604, 606, 611, 615, 619, 622, 625, 630, 639, 641, 643, 645, 649, 660, 664, 671, 694, 710, 711, 713, 715, 724, 725, 728, 737, 741, 743, 747, 750, 762, 775, 776, 782, 786, 788, 791, 795, 807, 811, 817, 818, 832, 833, 834, 836, 842, 848, 849, 850, 851, 855, 858, 864, 865, 868, 870, 871, 878, 879, 881, 883, 886, 889]
[3, 11, 14, 33, 43, 44, 45, 49, 56, 57, 63, 71, 83, 84, 101, 113, 115, 128, 129, 140, 165, 169, 183, 187, 189, 194, 203, 216, 223, 232, 236, 243, 244, 254, 258, 261, 270, 276, 278, 284, 287, 289, 314, 315, 328, 334, 335, 343, 367, 369, 370, 373, 375, 380, 382, 394, 396, 402, 406, 407, 408, 413, 429, 442, 469, 474, 476, 483, 490, 493, 496, 499, 510, 511, 514, 536, 555, 559, 564, 577, 578, 588, 606, 614, 623, 633, 648, 664, 669, 671, 673, 676, 684, 693, 694, 705, 716, 723, 732, 739, 752, 762, 763, 764, 768, 772, 778, 783, 787, 792, 793, 797, 803, 814, 822, 838, 848, 852, 873, 875, 885, 886]

[0, 3, 4, 5, 7, 9, 20, 25, 26, 30, 36, 38, 41, 42, 43, 46, 50, 63, 68, 73, 74, 75, 77, 80, 86, 103, 114, 115, 117, 119, 122, 123, 124, 130, 132, 137, 142, 146, 152, 154, 156, 157, 158, 161, 163, 165, 167, 168, 174, 178, 179, 185, 186, 188, 190, 194, 197, 201, 202, 206, 214, 215, 216, 217, 218, 222, 223, 228, 232, 235, 244, 247, 251, 252, 255, 258, 260, 263, 270, 272, 273, 276, 277, 281, 284, 286, 295, 296, 298, 302, 303, 308, 313, 323, 324, 327, 333, 337, 339, 344, 345, 349, 358, 365, 366, 380, 388, 394, 403, 406, 409, 416, 419, 423, 428, 429, 431, 435, 439, 442, 443, 449, 452, 454, 457, 459, 465, 470, 473, 482, 487, 488, 489, 498, 502, 504, 505, 507, 515, 521, 525, 536, 537, 538, 545, 546, 547, 549, 550, 552, 554, 557, 560, 563, 565, 566, 572, 576, 577, 586, 589, 590, 592, 603, 604, 606, 611, 615, 619, 622, 625, 630, 639, 641, 643, 645, 647, 649, 660, 664, 671, 694, 699, 710, 711, 713, 715, 724, 725, 726, 728, 736, 737, 741, 743, 747, 749, 750, 762, 770, 775, 776, 782, 784, 786, 788, 791, 795, 807, 811, 817, 818, 819, 832, 833, 834, 836, 842, 848, 849, 850, 851, 855, 858, 864, 865, 868, 870, 871, 878, 879, 881, 883, 886, 889]
[3, 11, 14, 33, 43, 44, 45, 49, 56, 57, 63, 71, 83, 84, 101, 113, 115, 128, 129, 140, 165, 169, 183, 187, 189, 194, 203, 216, 223, 232, 236, 243, 244, 254, 258, 261, 270, 276, 278, 284, 287, 289, 314, 315, 328, 334, 335, 343, 367, 369, 370, 373, 375, 380, 382, 394, 396, 402, 406, 407, 408, 413, 429, 442, 469, 474, 476, 483, 490, 493, 496, 499, 510, 511, 514, 536, 555, 559, 564, 577, 578, 588, 606, 614, 623, 633, 648, 664, 669, 671, 673, 676, 684, 693, 694, 705, 716, 723, 732, 739, 752, 762, 763, 764, 768, 772, 778, 783, 787, 792, 793, 797, 803, 814, 822, 838, 848, 852, 873, 875, 885, 886]

[0, 1, 3, 4, 5, 7, 9, 10, 18, 20, 25, 26, 30, 35, 36, 38, 41, 42, 43, 46, 50, 62, 63, 68, 73, 74, 75, 77, 80, 86, 103, 114, 115, 117, 119, 122, 123, 124, 130, 132, 137, 142, 146, 152, 154, 156, 157, 158, 161, 163, 165, 167, 168, 174, 178, 179, 184, 185, 186, 188, 190, 194, 197, 201, 202, 206, 214, 215, 216, 217, 218, 222, 223, 224, 228, 232, 235, 243, 244, 247, 251, 252, 255, 258, 260, 263, 270, 272, 273, 276, 277, 281, 284, 286, 290, 293, 295, 296, 298, 302, 303, 307, 308, 313, 323, 324, 327, 328, 333, 337, 339, 344, 345, 349, 358, 365, 366, 370, 380, 388, 394, 403, 406, 409, 416, 419, 421, 423, 428, 429, 431, 435, 439, 442, 443, 444, 449, 451, 452, 454, 457, 459, 465, 468, 470, 473, 482, 487, 488, 489, 498, 499, 502, 504, 505, 507, 515, 521, 525, 536, 537, 538, 545, 546, 547, 549, 550, 552, 554, 557, 560, 563, 565, 566, 572, 576, 577, 586, 589, 590, 592, 598, 603, 604, 606, 611, 613, 615, 619, 622, 625, 630, 639, 641, 643, 645, 647, 649, 660, 664, 671, 692, 694, 699, 710, 711, 712, 713, 715, 724, 725, 726, 728, 736, 737, 741, 743, 747, 749, 750, 762, 770, 775, 776, 782, 784, 786, 788, 791, 795, 807, 811, 817, 818, 819, 832, 833, 834, 836, 841, 842, 848, 849, 850, 851, 855, 858, 862, 864, 865, 868, 870, 871, 876, 878, 879, 881, 883, 886, 889]
[3, 11, 14, 33, 43, 44, 45, 49, 56, 57, 63, 71, 83, 84, 101, 113, 115, 128, 129, 140, 165, 169, 183, 187, 189, 194, 203, 216, 223, 232, 236, 243, 244, 254, 258, 261, 270, 276, 278, 284, 287, 289, 314, 315, 328, 334, 335, 343, 367, 369, 370, 373, 375, 380, 382, 394, 396, 402, 406, 407, 408, 413, 429, 442, 469, 474, 476, 483, 490, 493, 496, 499, 510, 511, 514, 536, 555, 559, 564, 577, 578, 588, 606, 614, 623, 633, 648, 664, 669, 671, 673, 676, 684, 693, 694, 705, 716, 723, 732, 739, 752, 762, 763, 764, 768, 772, 778, 783, 787, 792, 793, 797, 803, 814, 822, 838, 848, 852, 873, 875, 885, 886]

[0, 1, 3, 4, 5, 7, 9, 10, 18, 20, 25, 26, 30, 35, 36, 38, 41, 42, 43, 45, 46, 49, 50, 62, 63, 68, 73, 74, 75, 77, 80, 86, 103, 105, 114, 115, 117, 119, 122, 123, 124, 127, 130, 132, 137, 142, 146, 151, 152, 154, 156, 157, 158, 161, 163, 165, 167, 168, 174, 178, 179, 184, 185, 186, 188, 190, 194, 197, 201, 202, 206, 214, 215, 216, 217, 218, 221, 222, 223, 224, 228, 232, 235, 242, 243, 244, 247, 251, 252, 255, 258, 260, 263, 270, 272, 273, 276, 277, 281, 284, 286, 290, 293, 295, 296, 298, 302, 303, 307, 308, 313, 323, 324, 327, 328, 333, 337, 339, 344, 345, 349, 358, 365, 366, 370, 380, 388, 393, 394, 402, 403, 406, 409, 416, 419, 421, 423, 428, 429, 431, 435, 439, 442, 443, 444, 449, 451, 452, 454, 457, 459, 465, 468, 470, 473, 482, 487, 488, 489, 493, 498, 499, 502, 504, 505, 507, 515, 517, 521, 525, 536, 537, 538, 545, 546, 547, 549, 550, 552, 554, 557, 560, 563, 565, 566, 572, 576, 577, 586, 589, 590, 592, 598, 603, 604, 606, 611, 613, 615, 619, 622, 625, 630, 639, 641, 643, 645, 647, 649, 650, 651, 660, 664, 669, 671, 680, 692, 694, 699, 710, 711, 712, 713, 715, 719, 724, 725, 726, 728, 735, 736, 737, 741, 743, 747, 749, 750, 762, 763, 770, 775, 776, 780, 782, 784, 786, 788, 791, 795, 796, 807, 811, 815, 817, 818, 819, 832, 833, 834, 836, 841, 842, 848, 849, 850, 851, 854, 855, 858, 862, 864, 865, 868, 870, 871, 873, 876, 878, 879, 881, 883, 885, 886, 887, 889]
[3, 11, 14, 33, 43, 44, 45, 49, 56, 57, 63, 71, 83, 84, 101, 113, 115, 128, 129, 140, 165, 169, 183, 187, 189, 194, 203, 216, 223, 232, 236, 243, 244, 254, 258, 261, 270, 276, 278, 284, 287, 289, 314, 315, 328, 334, 335, 343, 367, 369, 370, 373, 375, 380, 382, 394, 396, 402, 406, 407, 408, 413, 429, 442, 469, 474, 476, 483, 490, 493, 496, 499, 510, 511, 514, 536, 555, 559, 564, 577, 578, 588, 606, 614, 623, 633, 648, 664, 669, 671, 673, 676, 684, 693, 694, 705, 716, 723, 732, 739, 752, 762, 763, 764, 768, 772, 778, 783, 787, 792, 793, 797, 803, 814, 822, 838, 848, 852, 873, 875, 885, 886]

[0, 1, 3, 4, 5, 7, 9, 10, 18, 20, 25, 26, 30, 35, 36, 38, 41, 42, 43, 45, 46, 49, 50, 58, 59, 62, 63, 65, 68, 73, 74, 75, 77, 80, 84, 86, 103, 105, 114, 115, 117, 119, 122, 123, 124, 127, 130, 132, 134, 137, 142, 146, 149, 151, 152, 154, 156, 157, 158, 161, 163, 165, 167, 168, 174, 178, 179, 184, 185, 186, 188, 190, 194, 197, 201, 202, 206, 211, 214, 215, 216, 217, 218, 221, 222, 223, 224, 228, 232, 235, 237, 242, 243, 244, 247, 251, 252, 255, 258, 260, 262, 263, 269, 270, 272, 273, 276, 277, 281, 284, 286, 290, 293, 295, 296, 298, 302, 303, 307, 308, 313, 323, 324, 327, 328, 333, 337, 339, 344, 345, 349, 358, 365, 366, 370, 372, 380, 388, 393, 394, 400, 402, 403, 406, 409, 416, 419, 421, 423, 428, 429, 431, 435, 439, 442, 443, 444, 449, 451, 452, 454, 457, 459, 465, 468, 470, 473, 474, 482, 483, 487, 488, 489, 493, 498, 499, 502, 504, 505, 507, 515, 517, 519, 521, 525, 533, 536, 537, 538, 545, 546, 547, 549, 550, 552, 554, 557, 560, 563, 565, 566, 567, 572, 576, 577, 586, 589, 590, 592, 598, 603, 604, 606, 611, 613, 615, 619, 622, 625, 630, 639, 641, 643, 645, 647, 649, 650, 651, 660, 664, 669, 671, 680, 685, 692, 694, 699, 701, 710, 711, 712, 713, 715, 719, 722, 724, 725, 726, 728, 732, 735, 736, 737, 741, 743, 747, 749, 750, 753, 755, 762, 763, 770, 775, 776, 780, 782, 784, 786, 788, 791, 795, 796, 807, 811, 815, 817, 818, 819, 832, 833, 834, 836, 841, 842, 848, 849, 850, 851, 854, 855, 857, 858, 862, 864, 865, 868, 869, 870, 871, 873, 876, 878, 879, 881, 883, 885, 886, 887, 889]
[3, 11, 14, 33, 43, 44, 45, 49, 56, 57, 63, 71, 83, 84, 101, 113, 115, 128, 129, 140, 165, 169, 183, 187, 189, 194, 203, 216, 223, 232, 236, 243, 244, 254, 258, 261, 270, 276, 278, 284, 287, 289, 314, 315, 328, 334, 335, 343, 367, 369, 370, 373, 375, 380, 382, 394, 396, 402, 406, 407, 408, 413, 429, 442, 469, 474, 476, 483, 490, 493, 496, 499, 510, 511, 514, 536, 555, 559, 564, 577, 578, 588, 606, 614, 623, 633, 648, 664, 669, 671, 673, 676, 684, 693, 694, 705, 716, 723, 732, 739, 752, 762, 763, 764, 768, 772, 778, 783, 787, 792, 793, 797, 803, 814, 822, 838, 848, 852, 873, 875, 885, 886]

[0, 1, 3, 4, 5, 7, 9, 10, 11, 12, 15, 18, 20, 25, 26, 30, 35, 36, 38, 41, 42, 43, 45, 46, 49, 50, 53, 58, 59, 62, 63, 65, 68, 73, 74, 75, 77, 80, 84, 86, 103, 105, 114, 115, 117, 119, 122, 123, 124, 127, 130, 132, 134, 137, 142, 146, 149, 151, 152, 154, 156, 157, 158, 161, 163, 165, 167, 168, 174, 178, 179, 184, 185, 186, 188, 190, 194, 197, 201, 202, 206, 211, 214, 215, 216, 217, 218, 221, 222, 223, 224, 228, 232, 235, 237, 238, 242, 243, 244, 247, 251, 252, 255, 258, 259, 260, 262, 263, 265, 269, 270, 272, 273, 276, 277, 281, 284, 286, 290, 293, 295, 296, 298, 302, 303, 307, 308, 309, 313, 323, 324, 325, 327, 328, 333, 337, 339, 344, 345, 349, 358, 365, 366, 368, 370, 372, 380, 388, 393, 394, 400, 402, 403, 406, 409, 416, 419, 421, 423, 428, 429, 431, 434, 435, 439, 442, 443, 444, 445, 448, 449, 451, 452, 454, 457, 459, 465, 468, 470, 473, 474, 481, 482, 483, 486, 487, 488, 489, 493, 498, 499, 502, 504, 505, 507, 511, 515, 517, 519, 521, 524, 525, 533, 536, 537, 538, 545, 546, 547, 549, 550, 552, 554, 557, 560, 562, 563, 565, 566, 567, 572, 576, 577, 580, 586, 589, 590, 592, 598, 603, 604, 606, 611, 613, 615, 619, 622, 625, 630, 639, 641, 643, 645, 647, 649, 650, 651, 659, 660, 664, 669, 671, 679, 680, 685, 690, 692, 694, 699, 701, 710, 711, 712, 713, 714, 715, 719, 722, 724, 725, 726, 728, 732, 735, 736, 737, 741, 743, 747, 749, 750, 751, 753, 755, 762, 763, 770, 775, 776, 778, 780, 782, 784, 786, 788, 791, 795, 796, 807, 811, 815, 817, 818, 819, 832, 833, 834, 836, 841, 842, 848, 849, 850, 851, 854, 855, 857, 858, 862, 864, 865, 868, 869, 870, 871, 873, 876, 878, 879, 881, 883, 885, 886, 887, 889]
[3, 11, 14, 33, 43, 44, 45, 49, 56, 57, 63, 71, 83, 84, 101, 113, 115, 128, 129, 140, 165, 169, 183, 187, 189, 194, 203, 216, 223, 232, 236, 243, 244, 254, 258, 261, 270, 276, 278, 284, 287, 289, 314, 315, 328, 334, 335, 343, 367, 369, 370, 373, 375, 380, 382, 394, 396, 402, 406, 407, 408, 413, 429, 442, 469, 474, 476, 483, 490, 493, 496, 499, 510, 511, 514, 536, 555, 559, 564, 577, 578, 588, 606, 614, 623, 633, 648, 664, 669, 671, 673, 676, 684, 693, 694, 705, 716, 723, 732, 739, 752, 762, 763, 764, 768, 772, 778, 783, 787, 792, 793, 797, 803, 814, 822, 838, 848, 852, 873, 875, 885, 886]

[0, 1, 3, 4, 5, 7, 9, 10, 11, 12, 15, 18, 20, 25, 26, 29, 30, 35, 36, 38, 41, 42, 43, 45, 46, 49, 50, 53, 58, 59, 62, 63, 65, 68, 71, 73, 74, 75, 77, 80, 84, 86, 90, 103, 105, 114, 115, 117, 119, 122, 123, 124, 127, 130, 132, 134, 137, 142, 146, 149, 151, 152, 154, 156, 157, 158, 161, 163, 165, 167, 168, 174, 178, 179, 180, 184, 185, 186, 188, 190, 194, 195, 197, 201, 202, 206, 211, 214, 215, 216, 217, 218, 221, 222, 223, 224, 228, 230, 232, 235, 237, 238, 242, 243, 244, 247, 251, 252, 255, 258, 259, 260, 262, 263, 265, 267, 269, 270, 272, 273, 276, 277, 278, 281, 284, 286, 290, 291, 293, 295, 296, 298, 302, 303, 305, 307, 308, 309, 312, 313, 323, 324, 325, 327, 328, 333, 337, 339, 344, 345, 349, 351, 358, 365, 366, 368, 370, 372, 378, 380, 388, 391, 393, 394, 400, 402, 403, 406, 409, 416, 418, 419, 421, 423, 428, 429, 431, 434, 435, 436, 439, 441, 442, 443, 444, 445, 448, 449, 451, 452, 454, 457, 459, 465, 468, 470, 473, 474, 481, 482, 483, 486, 487, 488, 489, 493, 498, 499, 502, 504, 505, 507, 511, 515, 517, 519, 521, 524, 525, 533, 536, 537, 538, 545, 546, 547, 549, 550, 552, 554, 557, 560, 562, 563, 565, 566, 567, 572, 576, 577, 579, 580, 586, 589, 590, 592, 598, 603, 604, 606, 611, 613, 615, 619, 622, 625, 630, 639, 641, 643, 645, 647, 649, 650, 651, 653, 659, 660, 664, 669, 671, 679, 680, 685, 690, 692, 694, 699, 701, 710, 711, 712, 713, 714, 715, 719, 721, 722, 724, 725, 726, 728, 731, 732, 735, 736, 737, 741, 743, 746, 747, 749, 750, 751, 753, 755, 762, 763, 770, 775, 776, 778, 780, 782, 784, 786, 788, 791, 795, 796, 807, 811, 815, 817, 818, 819, 824, 832, 833, 834, 836, 841, 842, 848, 849, 850, 851, 854, 855, 857, 858, 862, 864, 865, 868, 869, 870, 871, 873, 875, 876, 878, 879, 881, 883, 884, 885, 886, 887, 889]
[3, 11, 14, 33, 43, 44, 45, 49, 56, 57, 63, 71, 83, 84, 101, 113, 115, 128, 129, 140, 165, 169, 183, 187, 189, 194, 203, 216, 223, 232, 236, 243, 244, 254, 258, 261, 270, 276, 278, 284, 287, 289, 314, 315, 328, 334, 335, 343, 367, 369, 370, 373, 375, 380, 382, 394, 396, 402, 406, 407, 408, 413, 429, 442, 469, 474, 476, 483, 490, 493, 496, 499, 510, 511, 514, 536, 555, 559, 564, 577, 578, 588, 606, 614, 623, 633, 648, 664, 669, 671, 673, 676, 684, 693, 694, 705, 716, 723, 732, 739, 752, 762, 763, 764, 768, 772, 778, 783, 787, 792, 793, 797, 803, 814, 822, 838, 848, 852, 873, 875, 885, 886]

[0, 1, 3, 4, 5, 7, 9, 10, 11, 12, 15, 18, 19, 20, 25, 26, 29, 30, 35, 36, 38, 41, 42, 43, 45, 46, 49, 50, 53, 54, 55, 58, 59, 62, 63, 65, 68, 71, 73, 74, 75, 77, 80, 84, 86, 90, 102, 103, 105, 107, 114, 115, 117, 119, 122, 123, 124, 127, 130, 132, 134, 137, 142, 146, 149, 151, 152, 154, 156, 157, 158, 161, 163, 165, 167, 168, 174, 178, 179, 180, 184, 185, 186, 188, 190, 192, 194, 195, 197, 201, 202, 206, 211, 214, 215, 216, 217, 218, 221, 222, 223, 224, 226, 228, 230, 232, 235, 237, 238, 241, 242, 243, 244, 247, 251, 252, 255, 258, 259, 260, 261, 262, 263, 265, 267, 269, 270, 272, 273, 276, 277, 278, 281, 284, 286, 290, 291, 293, 295, 296, 298, 302, 303, 304, 305, 307, 308, 309, 312, 313, 323, 324, 325, 327, 328, 333, 337, 339, 343, 344, 345, 349, 351, 355, 358, 365, 366, 368, 370, 372, 378, 380, 386, 388, 391, 393, 394, 400, 402, 403, 406, 409, 416, 418, 419, 421, 423, 424, 428, 429, 431, 434, 435, 436, 439, 441, 442, 443, 444, 445, 446, 448, 449, 451, 452, 454, 457, 459, 465, 468, 470, 473, 474, 481, 482, 483, 486, 487, 488, 489, 491, 493, 498, 499, 502, 504, 505, 507, 511, 515, 517, 519, 521, 524, 525, 533, 536, 537, 538, 545, 546, 547, 549, 550, 552, 554, 557, 560, 562, 563, 565, 566, 567, 572, 576, 577, 579, 580, 584, 586, 589, 590, 592, 598, 599, 603, 604, 605, 606, 611, 613, 615, 619, 622, 625, 630, 638, 639, 641, 643, 645, 647, 649, 650, 651, 652, 653, 659, 660, 664, 667, 669, 671, 676, 679, 680, 685, 690, 691, 692, 694, 699, 701, 710, 711, 712, 713, 714, 715, 719, 721, 722, 724, 725, 726, 728, 731, 732, 735, 736, 737, 741, 743, 746, 747, 749, 750, 751, 753, 755, 762, 763, 770, 775, 776, 778, 780, 782, 784, 786, 788, 791, 795, 796, 807, 811, 814, 815, 817, 818, 819, 824, 832, 833, 834, 836, 841, 842, 848, 849, 850, 851, 854, 855, 857, 858, 862, 864, 865, 868, 869, 870, 871, 873, 875, 876, 878, 879, 881, 883, 884, 885, 886, 887, 889]
[3, 11, 14, 33, 43, 44, 45, 49, 56, 57, 63, 71, 83, 84, 101, 113, 115, 128, 129, 140, 165, 169, 183, 187, 189, 194, 203, 216, 223, 232, 236, 243, 244, 254, 258, 261, 270, 276, 278, 284, 287, 289, 314, 315, 328, 334, 335, 343, 367, 369, 370, 373, 375, 380, 382, 394, 396, 402, 406, 407, 408, 413, 429, 442, 469, 474, 476, 483, 490, 493, 496, 499, 510, 511, 514, 536, 555, 559, 564, 577, 578, 588, 606, 614, 623, 633, 648, 664, 669, 671, 673, 676, 684, 693, 694, 705, 716, 723, 732, 739, 752, 762, 763, 764, 768, 772, 778, 783, 787, 792, 793, 797, 803, 814, 822, 838, 848, 852, 873, 875, 885, 886]

[0, 1, 3, 4, 5, 7, 9, 10, 11, 12, 13, 14, 15, 18, 19, 20, 25, 26, 29, 30, 35, 36, 38, 41, 42, 43, 45, 46, 49, 50, 53, 54, 55, 58, 59, 60, 62, 63, 65, 68, 71, 73, 74, 75, 77, 80, 84, 86, 90, 102, 103, 105, 107, 114, 115, 117, 119, 122, 123, 124, 127, 130, 132, 134, 137, 140, 142, 146, 149, 151, 152, 154, 156, 157, 158, 161, 163, 165, 167, 168, 173, 174, 178, 179, 180, 184, 185, 186, 188, 190, 192, 194, 195, 197, 201, 202, 206, 211, 214, 215, 216, 217, 218, 221, 222, 223, 224, 226, 228, 230, 232, 235, 237, 238, 241, 242, 243, 244, 247, 251, 252, 255, 258, 259, 260, 261, 262, 263, 265, 266, 267, 269, 270, 272, 273, 276, 277, 278, 281, 284, 286, 290, 291, 293, 294, 295, 296, 298, 302, 303, 304, 305, 307, 308, 309, 312, 313, 323, 324, 325, 326, 327, 328, 332, 333, 337, 339, 343, 344, 345, 349, 350, 351, 355, 357, 358, 362, 365, 366, 368, 370, 372, 378, 380, 386, 388, 391, 393, 394, 400, 402, 403, 405, 406, 409, 413, 416, 418, 419, 421, 423, 424, 428, 429, 431, 434, 435, 436, 439, 441, 442, 443, 444, 445, 446, 448, 449, 451, 452, 454, 457, 459, 465, 467, 468, 470, 473, 474, 475, 481, 482, 483, 486, 487, 488, 489, 491, 493, 498, 499, 502, 504, 505, 507, 511, 512, 515, 517, 519, 521, 524, 525, 529, 533, 536, 537, 538, 545, 546, 547, 549, 550, 552, 554, 557, 560, 562, 563, 565, 566, 567, 572, 574, 576, 577, 579, 580, 584, 586, 589, 590, 592, 596, 598, 599, 603, 604, 605, 606, 611, 613, 615, 619, 622, 625, 630, 638, 639, 641, 643, 645, 647, 649, 650, 651, 652, 653, 659, 660, 664, 667, 669, 671, 676, 679, 680, 685, 690, 691, 692, 693, 694, 696, 699, 701, 710, 711, 712, 713, 714, 715, 719, 721, 722, 724, 725, 726, 728, 731, 732, 735, 736, 737, 741, 743, 746, 747, 749, 750, 751, 753, 755, 762, 763, 770, 775, 776, 778, 780, 782, 784, 786, 788, 789, 791, 795, 796, 805, 807, 811, 814, 815, 817, 818, 819, 824, 831, 832, 833, 834, 836, 841, 842, 848, 849, 850, 851, 854, 855, 857, 858, 862, 864, 865, 868, 869, 870, 871, 873, 875, 876, 878, 879, 881, 883, 884, 885, 886, 887, 889]
[3, 11, 14, 33, 43, 44, 45, 49, 56, 57, 63, 71, 83, 84, 101, 113, 115, 128, 129, 140, 165, 169, 183, 187, 189, 194, 203, 216, 223, 232, 236, 243, 244, 254, 258, 261, 270, 276, 278, 284, 287, 289, 314, 315, 328, 334, 335, 343, 367, 369, 370, 373, 375, 380, 382, 394, 396, 402, 406, 407, 408, 413, 429, 442, 469, 474, 476, 483, 490, 493, 496, 499, 510, 511, 514, 536, 555, 559, 564, 577, 578, 588, 606, 614, 623, 633, 648, 664, 669, 671, 673, 676, 684, 693, 694, 705, 716, 723, 732, 739, 752, 762, 763, 764, 768, 772, 778, 783, 787, 792, 793, 797, 803, 814, 822, 838, 848, 852, 873, 875, 885, 886]

[0, 1, 3, 4, 5, 7, 8, 9, 10, 11, 12, 13, 14, 15, 18, 19, 20, 25, 26, 29, 30, 35, 36, 38, 41, 42, 43, 45, 46, 49, 50, 53, 54, 55, 58, 59, 60, 62, 63, 65, 68, 71, 72, 73, 74, 75, 77, 80, 83, 84, 86, 90, 102, 103, 105, 107, 114, 115, 117, 119, 122, 123, 124, 127, 130, 132, 134, 135, 137, 140, 142, 146, 149, 151, 152, 154, 156, 157, 158, 161, 163, 165, 167, 168, 173, 174, 178, 179, 180, 184, 185, 186, 188, 190, 192, 194, 195, 197, 201, 202, 206, 211, 214, 215, 216, 217, 218, 221, 222, 223, 224, 226, 228, 230, 232, 235, 237, 238, 241, 242, 243, 244, 247, 251, 252, 255, 258, 259, 260, 261, 262, 263, 265, 266, 267, 269, 270, 272, 273, 276, 277, 278, 281, 284, 286, 290, 291, 293, 294, 295, 296, 298, 302, 303, 304, 305, 307, 308, 309, 312, 313, 323, 324, 325, 326, 327, 328, 332, 333, 337, 339, 340, 343, 344, 345, 349, 350, 351, 355, 357, 358, 362, 365, 366, 368, 370, 372, 378, 380, 382, 386, 387, 388, 391, 393, 394, 400, 402, 403, 405, 406, 409, 413, 416, 418, 419, 421, 423, 424, 428, 429, 431, 432, 434, 435, 436, 439, 441, 442, 443, 444, 445, 446, 448, 449, 451, 452, 454, 457, 459, 465, 467, 468, 469, 470, 473, 474, 475, 480, 481, 482, 483, 486, 487, 488, 489, 490, 491, 493, 495, 498, 499, 502, 504, 505, 507, 511, 512, 515, 517, 519, 521, 524, 525, 529, 533, 536, 537, 538, 545, 546, 547, 549, 550, 552, 554, 557, 558, 560, 562, 563, 565, 566, 567, 572, 574, 576, 577, 579, 580, 584, 586, 589, 590, 591, 592, 593, 596, 598, 599, 603, 604, 605, 606, 611, 613, 615, 619, 621, 622, 625, 627, 629, 630, 638, 639, 641, 643, 645, 647, 649, 650, 651, 652, 653, 659, 660, 664, 667, 669, 671, 676, 679, 680, 684, 685, 690, 691, 692, 693, 694, 696, 699, 701, 710, 711, 712, 713, 714, 715, 719, 721, 722, 724, 725, 726, 728, 731, 732, 735, 736, 737, 741, 743, 745, 746, 747, 749, 750, 751, 753, 755, 762, 763, 770, 773, 775, 776, 778, 780, 782, 784, 786, 788, 789, 791, 795, 796, 802, 805, 807, 811, 814, 815, 817, 818, 819, 823, 824, 831, 832, 833, 834, 836, 841, 842, 848, 849, 850, 851, 854, 855, 857, 858, 859, 862, 863, 864, 865, 868, 869, 870, 871, 873, 875, 876, 878, 879, 881, 883, 884, 885, 886, 887, 889]
[3, 11, 14, 33, 43, 44, 45, 49, 56, 57, 63, 71, 83, 84, 101, 113, 115, 128, 129, 140, 165, 169, 183, 187, 189, 194, 203, 216, 223, 232, 236, 243, 244, 254, 258, 261, 270, 276, 278, 284, 287, 289, 314, 315, 328, 334, 335, 343, 367, 369, 370, 373, 375, 380, 382, 394, 396, 402, 406, 407, 408, 413, 429, 442, 469, 474, 476, 483, 490, 493, 496, 499, 510, 511, 514, 536, 555, 559, 564, 577, 578, 588, 606, 614, 623, 633, 648, 664, 669, 671, 673, 676, 684, 693, 694, 705, 716, 723, 732, 739, 752, 762, 763, 764, 768, 772, 778, 783, 787, 792, 793, 797, 803, 814, 822, 838, 848, 852, 873, 875, 885, 886]

[0, 1, 3, 4, 5, 7, 8, 9, 10, 11, 12, 13, 14, 15, 18, 19, 20, 25, 26, 29, 30, 35, 36, 38, 41, 42, 43, 45, 46, 49, 50, 53, 54, 55, 56, 58, 59, 60, 62, 63, 65, 68, 71, 72, 73, 74, 75, 77, 80, 83, 84, 86, 90, 102, 103, 105, 107, 114, 115, 117, 118, 119, 122, 123, 124, 127, 130, 132, 134, 135, 137, 140, 142, 145, 146, 149, 151, 152, 154, 156, 157, 158, 161, 163, 165, 167, 168, 173, 174, 178, 179, 180, 183, 184, 185, 186, 188, 190, 192, 194, 195, 197, 198, 201, 202, 206, 211, 214, 215, 216, 217, 218, 221, 222, 223, 224, 226, 227, 228, 230, 232, 235, 237, 238, 240, 241, 242, 243, 244, 247, 251, 252, 255, 258, 259, 260, 261, 262, 263, 265, 266, 267, 269, 270, 272, 273, 276, 277, 278, 280, 281, 284, 286, 290, 291, 292, 293, 294, 295, 296, 298, 302, 303, 304, 305, 307, 308, 309, 312, 313, 322, 323, 324, 325, 326, 327, 328, 332, 333, 337, 339, 340, 341, 343, 344, 345, 349, 350, 351, 355, 357, 358, 362, 365, 366, 368, 370, 372, 378, 380, 382, 386, 387, 388, 391, 393, 394, 400, 402, 403, 405, 406, 409, 413, 416, 418, 419, 421, 423, 424, 428, 429, 431, 432, 434, 435, 436, 439, 441, 442, 443, 444, 445, 446, 448, 449, 451, 452, 453, 454, 457, 459, 461, 465, 467, 468, 469, 470, 473, 474, 475, 479, 480, 481, 482, 483, 486, 487, 488, 489, 490, 491, 493, 495, 498, 499, 502, 504, 505, 507, 511, 512, 515, 517, 519, 521, 524, 525, 529, 533, 536, 537, 538, 545, 546, 547, 549, 550, 552, 554, 557, 558, 560, 562, 563, 565, 566, 567, 572, 574, 576, 577, 579, 580, 584, 586, 589, 590, 591, 592, 593, 595, 596, 598, 599, 603, 604, 605, 606, 611, 613, 615, 619, 621, 622, 623, 625, 627, 629, 630, 631, 638, 639, 641, 643, 645, 647, 649, 650, 651, 652, 653, 658, 659, 660, 664, 667, 669, 671, 676, 679, 680, 684, 685, 690, 691, 692, 693, 694, 696, 699, 701, 710, 711, 712, 713, 714, 715, 719, 721, 722, 724, 725, 726, 728, 730, 731, 732, 735, 736, 737, 741, 743, 745, 746, 747, 749, 750, 751, 753, 755, 762, 763, 770, 773, 775, 776, 778, 780, 782, 784, 786, 788, 789, 791, 794, 795, 796, 802, 805, 807, 810, 811, 812, 814, 815, 816, 817, 818, 819, 823, 824, 831, 832, 833, 834, 836, 841, 842, 847, 848, 849, 850, 851, 853, 854, 855, 857, 858, 859, 862, 863, 864, 865, 868, 869, 870, 871, 873, 875, 876, 878, 879, 881, 883, 884, 885, 886, 887, 889]
[3, 11, 14, 33, 43, 44, 45, 49, 56, 57, 63, 71, 83, 84, 101, 113, 115, 128, 129, 140, 165, 169, 183, 187, 189, 194, 203, 216, 223, 232, 236, 243, 244, 254, 258, 261, 270, 276, 278, 284, 287, 289, 314, 315, 328, 334, 335, 343, 367, 369, 370, 373, 375, 380, 382, 394, 396, 402, 406, 407, 408, 413, 429, 442, 469, 474, 476, 483, 490, 493, 496, 499, 510, 511, 514, 536, 555, 559, 564, 577, 578, 588, 606, 614, 623, 633, 648, 664, 669, 671, 673, 676, 684, 693, 694, 705, 716, 723, 732, 739, 752, 762, 763, 764, 768, 772, 778, 783, 787, 792, 793, 797, 803, 814, 822, 838, 848, 852, 873, 875, 885, 886]

[0, 1, 2, 3, 4, 5, 7, 8, 9, 10, 11, 12, 13, 14, 15, 18, 19, 20, 24, 25, 26, 29, 30, 35, 36, 38, 41, 42, 43, 45, 46, 49, 50, 53, 54, 55, 56, 58, 59, 60, 62, 63, 65, 68, 71, 72, 73, 74, 75, 77, 80, 83, 84, 86, 90, 93, 98, 100, 102, 103, 104, 105, 107, 114, 115, 117, 118, 119, 122, 123, 124, 127, 130, 132, 134, 135, 137, 138, 140, 142, 145, 146, 149, 151, 152, 154, 156, 157, 158, 160, 161, 162, 163, 165, 167, 168, 173, 174, 178, 179, 180, 183, 184, 185, 186, 188, 190, 192, 194, 195, 197, 198, 201, 202, 206, 211, 214, 215, 216, 217, 218, 219, 221, 222, 223, 224, 226, 227, 228, 230, 232, 235, 237, 238, 240, 241, 242, 243, 244, 246, 247, 251, 252, 255, 258, 259, 260, 261, 262, 263, 265, 266, 267, 269, 270, 272, 273, 276, 277, 278, 280, 281, 284, 286, 290, 291, 292, 293, 294, 295, 296, 298, 302, 303, 304, 305, 307, 308, 309, 310, 312, 313, 322, 323, 324, 325, 326, 327, 328, 332, 333, 337, 339, 340, 341, 343, 344, 345, 349, 350, 351, 352, 353, 355, 357, 358, 362, 365, 366, 368, 370, 372, 378, 380, 382, 383, 386, 387, 388, 391, 393, 394, 400, 402, 403, 405, 406, 409, 413, 416, 418, 419, 421, 423, 424, 428, 429, 431, 432, 434, 435, 436, 439, 441, 442, 443, 444, 445, 446, 448, 449, 451, 452, 453, 454, 457, 459, 461, 465, 467, 468, 469, 470, 473, 474, 475, 479, 480, 481, 482, 483, 486, 487, 488, 489, 490, 491, 493, 495, 496, 498, 499, 502, 504, 505, 507, 511, 512, 515, 517, 519, 521, 524, 525, 529, 532, 533, 536, 537, 538, 545, 546, 547, 549, 550, 552, 554, 557, 558, 560, 562, 563, 565, 566, 567, 572, 574, 576, 577, 579, 580, 584, 586, 587, 589, 590, 591, 592, 593, 595, 596, 598, 599, 603, 604, 605, 606, 608, 611, 613, 615, 619, 621, 622, 623, 625, 626, 627, 629, 630, 631, 638, 639, 641, 643, 645, 647, 649, 650, 651, 652, 653, 658, 659, 660, 664, 665, 667, 669, 671, 676, 679, 680, 682, 684, 685, 690, 691, 692, 693, 694, 696, 699, 701, 710, 711, 712, 713, 714, 715, 719, 721, 722, 724, 725, 726, 728, 730, 731, 732, 735, 736, 737, 741, 743, 744, 745, 746, 747, 749, 750, 751, 753, 755, 761, 762, 763, 770, 773, 775, 776, 778, 780, 782, 784, 786, 788, 789, 791, 794, 795, 796, 802, 805, 807, 810, 811, 812, 814, 815, 816, 817, 818, 819, 823, 824, 831, 832, 833, 834, 836, 837, 841, 842, 847, 848, 849, 850, 851, 853, 854, 855, 857, 858, 859, 862, 863, 864, 865, 868, 869, 870, 871, 873, 875, 876, 878, 879, 881, 883, 884, 885, 886, 887, 889]
[3, 11, 14, 33, 43, 44, 45, 49, 56, 57, 63, 71, 83, 84, 101, 113, 115, 128, 129, 140, 165, 169, 183, 187, 189, 194, 203, 216, 223, 232, 236, 243, 244, 254, 258, 261, 270, 276, 278, 284, 287, 289, 314, 315, 328, 334, 335, 343, 367, 369, 370, 373, 375, 380, 382, 394, 396, 402, 406, 407, 408, 413, 429, 442, 469, 474, 476, 483, 490, 493, 496, 499, 510, 511, 514, 536, 555, 559, 564, 577, 578, 588, 606, 614, 623, 633, 648, 664, 669, 671, 673, 676, 684, 693, 694, 705, 716, 723, 732, 739, 752, 762, 763, 764, 768, 772, 778, 783, 787, 792, 793, 797, 803, 814, 822, 838, 848, 852, 873, 875, 885, 886]

[0, 1, 2, 3, 4, 5, 7, 8, 9, 10, 11, 12, 13, 14, 15, 18, 19, 20, 24, 25, 26, 29, 30, 35, 36, 38, 41, 42, 43, 45, 46, 49, 50, 53, 54, 55, 56, 57, 58, 59, 60, 62, 63, 65, 68, 71, 72, 73, 74, 75, 77, 80, 83, 84, 86, 90, 93, 98, 100, 102, 103, 104, 105, 106, 107, 114, 115, 117, 118, 119, 122, 123, 124, 127, 130, 132, 134, 135, 137, 138, 140, 142, 145, 146, 148, 149, 151, 152, 154, 156, 157, 158, 160, 161, 162, 163, 164, 165, 167, 168, 173, 174, 178, 179, 180, 183, 184, 185, 186, 188, 190, 192, 194, 195, 197, 198, 201, 202, 206, 211, 214, 215, 216, 217, 218, 219, 221, 222, 223, 224, 226, 227, 228, 230, 232, 235, 237, 238, 240, 241, 242, 243, 244, 246, 247, 251, 252, 255, 258, 259, 260, 261, 262, 263, 265, 266, 267, 269, 270, 271, 272, 273, 276, 277, 278, 280, 281, 282, 284, 286, 290, 291, 292, 293, 294, 295, 296, 298, 302, 303, 304, 305, 307, 308, 309, 310, 312, 313, 320, 322, 323, 324, 325, 326, 327, 328, 332, 333, 336, 337, 339, 340, 341, 343, 344, 345, 347, 349, 350, 351, 352, 353, 355, 357, 358, 362, 365, 366, 368, 370, 372, 378, 380, 382, 383, 386, 387, 388, 391, 393, 394, 400, 402, 403, 405, 406, 409, 413, 416, 418, 419, 421, 423, 424, 425, 428, 429, 431, 432, 434, 435, 436, 439, 441, 442, 443, 444, 445, 446, 448, 449, 451, 452, 453, 454, 457, 459, 461, 465, 467, 468, 469, 470, 473, 474, 475, 479, 480, 481, 482, 483, 486, 487, 488, 489, 490, 491, 493, 495, 496, 498, 499, 502, 504, 505, 507, 511, 512, 515, 517, 519, 521, 524, 525, 529, 532, 533, 536, 537, 538, 540, 544, 545, 546, 547, 549, 550, 552, 554, 557, 558, 560, 562, 563, 565, 566, 567, 572, 573, 574, 576, 577, 579, 580, 581, 583, 584, 586, 587, 589, 590, 591, 592, 593, 595, 596, 598, 599, 601, 603, 604, 605, 606, 608, 609, 611, 613, 615, 617, 619, 621, 622, 623, 625, 626, 627, 629, 630, 631, 638, 639, 641, 642, 643, 645, 647, 649, 650, 651, 652, 653, 658, 659, 660, 664, 665, 666, 667, 669, 671, 676, 679, 680, 682, 684, 685, 690, 691, 692, 693, 694, 696, 699, 701, 706, 710, 711, 712, 713, 714, 715, 717, 719, 721, 722, 724, 725, 726, 728, 730, 731, 732, 735, 736, 737, 738, 741, 743, 744, 745, 746, 747, 748, 749, 750, 751, 753, 755, 761, 762, 763, 764, 770, 773, 775, 776, 778, 780, 782, 784, 786, 788, 789, 791, 794, 795, 796, 802, 805, 807, 810, 811, 812, 814, 815, 816, 817, 818, 819, 823, 824, 831, 832, 833, 834, 836, 837, 841, 842, 847, 848, 849, 850, 851, 853, 854, 855, 857, 858, 859, 862, 863, 864, 865, 868, 869, 870, 871, 873, 875, 876, 878, 879, 881, 883, 884, 885, 886, 887, 889]
[3, 11, 14, 33, 43, 44, 45, 49, 56, 57, 63, 71, 83, 84, 101, 113, 115, 128, 129, 140, 165, 169, 183, 187, 189, 194, 203, 216, 223, 232, 236, 243, 244, 254, 258, 261, 270, 276, 278, 284, 287, 289, 314, 315, 328, 334, 335, 343, 367, 369, 370, 373, 375, 380, 382, 394, 396, 402, 406, 407, 408, 413, 429, 442, 469, 474, 476, 483, 490, 493, 496, 499, 510, 511, 514, 536, 555, 559, 564, 577, 578, 588, 606, 614, 623, 633, 648, 664, 669, 671, 673, 676, 684, 693, 694, 705, 716, 723, 732, 739, 752, 762, 763, 764, 768, 772, 778, 783, 787, 792, 793, 797, 803, 814, 822, 838, 848, 852, 873, 875, 885, 886]

[0, 1, 2, 3, 4, 5, 7, 8, 9, 10, 11, 12, 13, 14, 15, 18, 19, 20, 22, 24, 25, 26, 29, 30, 35, 36, 38, 41, 42, 43, 45, 46, 49, 50, 53, 54, 55, 56, 57, 58, 59, 60, 62, 63, 65, 68, 71, 72, 73, 74, 75, 77, 80, 83, 84, 86, 90, 93, 96, 98, 100, 101, 102, 103, 104, 105, 106, 107, 114, 115, 117, 118, 119, 122, 123, 124, 127, 130, 132, 134, 135, 137, 138, 140, 142, 145, 146, 148, 149, 151, 152, 154, 156, 157, 158, 160, 161, 162, 163, 164, 165, 167, 168, 173, 174, 178, 179, 180, 183, 184, 185, 186, 188, 190, 192, 194, 195, 197, 198, 200, 201, 202, 206, 211, 214, 215, 216, 217, 218, 219, 221, 222, 223, 224, 226, 227, 228, 230, 232, 235, 237, 238, 240, 241, 242, 243, 244, 246, 247, 249, 251, 252, 255, 258, 259, 260, 261, 262, 263, 265, 266, 267, 269, 270, 271, 272, 273, 276, 277, 278, 280, 281, 282, 284, 286, 290, 291, 292, 293, 294, 295, 296, 297, 298, 302, 303, 304, 305, 307, 308, 309, 310, 312, 313, 320, 322, 323, 324, 325, 326, 327, 328, 332, 333, 335, 336, 337, 339, 340, 341, 343, 344, 345, 347, 348, 349, 350, 351, 352, 353, 355, 357, 358, 362, 365, 366, 368, 370, 372, 378, 380, 382, 383, 386, 387, 388, 389, 391, 393, 394, 400, 402, 403, 405, 406, 409, 413, 416, 418, 419, 421, 423, 424, 425, 428, 429, 431, 432, 434, 435, 436, 439, 441, 442, 443, 444, 445, 446, 448, 449, 451, 452, 453, 454, 457, 459, 461, 465, 467, 468, 469, 470, 471, 473, 474, 475, 479, 480, 481, 482, 483, 486, 487, 488, 489, 490, 491, 493, 495, 496, 498, 499, 502, 504, 505, 507, 511, 512, 515, 517, 519, 521, 524, 525, 529, 532, 533, 536, 537, 538, 540, 544, 545, 546, 547, 549, 550, 552, 554, 557, 558, 560, 562, 563, 565, 566, 567, 572, 573, 574, 576, 577, 579, 580, 581, 583, 584, 586, 587, 588, 589, 590, 591, 592, 593, 595, 596, 598, 599, 601, 603, 604, 605, 606, 608, 609, 611, 613, 615, 617, 619, 621, 622, 623, 625, 626, 627, 629, 630, 631, 638, 639, 641, 642, 643, 645, 647, 649, 650, 651, 652, 653, 658, 659, 660, 664, 665, 666, 667, 669, 671, 676, 679, 680, 682, 684, 685, 690, 691, 692, 693, 694, 696, 699, 701, 703, 706, 710, 711, 712, 713, 714, 715, 717, 719, 721, 722, 724, 725, 726, 728, 729, 730, 731, 732, 735, 736, 737, 738, 741, 743, 744, 745, 746, 747, 748, 749, 750, 751, 753, 755, 761, 762, 763, 764, 769, 770, 772, 773, 774, 775, 776, 778, 779, 780, 782, 784, 786, 788, 789, 791, 794, 795, 796, 802, 804, 805, 807, 809, 810, 811, 812, 814, 815, 816, 817, 818, 819, 823, 824, 828, 830, 831, 832, 833, 834, 836, 837, 839, 841, 842, 844, 847, 848, 849, 850, 851, 853, 854, 855, 857, 858, 859, 861, 862, 863, 864, 865, 866, 868, 869, 870, 871, 873, 875, 876, 878, 879, 881, 883, 884, 885, 886, 887, 889]
[3, 11, 14, 33, 43, 44, 45, 49, 56, 57, 63, 71, 83, 84, 101, 113, 115, 128, 129, 140, 165, 169, 183, 187, 189, 194, 203, 216, 223, 232, 236, 243, 244, 254, 258, 261, 270, 276, 278, 284, 287, 289, 314, 315, 328, 334, 335, 343, 367, 369, 370, 373, 375, 380, 382, 394, 396, 402, 406, 407, 408, 413, 429, 442, 469, 474, 476, 483, 490, 493, 496, 499, 510, 511, 514, 536, 555, 559, 564, 577, 578, 588, 606, 614, 623, 633, 648, 664, 669, 671, 673, 676, 684, 693, 694, 705, 716, 723, 732, 739, 752, 762, 763, 764, 768, 772, 778, 783, 787, 792, 793, 797, 803, 814, 822, 838, 848, 852, 873, 875, 885, 886]

[0, 1, 2, 3, 4, 5, 7, 8, 9, 10, 11, 12, 13, 14, 15, 18, 19, 20, 22, 24, 25, 26, 29, 30, 35, 36, 38, 41, 42, 43, 45, 46, 48, 49, 50, 53, 54, 55, 56, 57, 58, 59, 60, 61, 62, 63, 65, 68, 71, 72, 73, 74, 75, 77, 80, 83, 84, 85, 86, 90, 93, 96, 98, 100, 101, 102, 103, 104, 105, 106, 107, 114, 115, 116, 117, 118, 119, 122, 123, 124, 127, 130, 132, 134, 135, 137, 138, 139, 140, 142, 145, 146, 148, 149, 151, 152, 154, 156, 157, 158, 160, 161, 162, 163, 164, 165, 167, 168, 173, 174, 175, 178, 179, 180, 183, 184, 185, 186, 188, 190, 192, 194, 195, 197, 198, 200, 201, 202, 206, 211, 214, 215, 216, 217, 218, 219, 221, 222, 223, 224, 226, 227, 228, 230, 232, 235, 237, 238, 240, 241, 242, 243, 244, 246, 247, 249, 251, 252, 255, 258, 259, 260, 261, 262, 263, 265, 266, 267, 269, 270, 271, 272, 273, 276, 277, 278, 280, 281, 282, 284, 286, 288, 290, 291, 292, 293, 294, 295, 296, 297, 298, 302, 303, 304, 305, 307, 308, 309, 310, 312, 313, 320, 322, 323, 324, 325, 326, 327, 328, 331, 332, 333, 335, 336, 337, 339, 340, 341, 343, 344, 345, 347, 348, 349, 350, 351, 352, 353, 355, 357, 358, 360, 362, 365, 366, 368, 370, 372, 378, 380, 381, 382, 383, 386, 387, 388, 389, 391, 393, 394, 400, 402, 403, 405, 406, 409, 413, 416, 418, 419, 421, 423, 424, 425, 428, 429, 430, 431, 432, 433, 434, 435, 436, 439, 441, 442, 443, 444, 445, 446, 448, 449, 451, 452, 453, 454, 457, 459, 461, 464, 465, 467, 468, 469, 470, 471, 473, 474, 475, 479, 480, 481, 482, 483, 486, 487, 488, 489, 490, 491, 493, 495, 496, 498, 499, 502, 504, 505, 507, 511, 512, 515, 517, 519, 521, 524, 525, 529, 532, 533, 536, 537, 538, 539, 540, 544, 545, 546, 547, 549, 550, 551, 552, 554, 557, 558, 560, 562, 563, 565, 566, 567, 571, 572, 573, 574, 575, 576, 577, 579, 580, 581, 583, 584, 586, 587, 588, 589, 590, 591, 592, 593, 594, 595, 596, 598, 599, 601, 603, 604, 605, 606, 608, 609, 611, 612, 613, 615, 617, 619, 621, 622, 623, 625, 626, 627, 629, 630, 631, 637, 638, 639, 641, 642, 643, 645, 647, 649, 650, 651, 652, 653, 658, 659, 660, 664, 665, 666, 667, 669, 671, 674, 676, 679, 680, 682, 684, 685, 690, 691, 692, 693, 694, 696, 699, 701, 703, 704, 706, 710, 711, 712, 713, 714, 715, 717, 719, 721, 722, 724, 725, 726, 728, 729, 730, 731, 732, 735, 736, 737, 738, 741, 743, 744, 745, 746, 747, 748, 749, 750, 751, 753, 755, 761, 762, 763, 764, 769, 770, 772, 773, 774, 775, 776, 778, 779, 780, 782, 784, 786, 788, 789, 790, 791, 794, 795, 796, 802, 804, 805, 807, 809, 810, 811, 812, 814, 815, 816, 817, 818, 819, 823, 824, 825, 828, 830, 831, 832, 833, 834, 836, 837, 839, 841, 842, 844, 847, 848, 849, 850, 851, 852, 853, 854, 855, 857, 858, 859, 861, 862, 863, 864, 865, 866, 868, 869, 870, 871, 873, 875, 876, 878, 879, 881, 883, 884, 885, 886, 887, 889]
[3, 11, 14, 33, 43, 44, 45, 49, 56, 57, 63, 71, 83, 84, 101, 113, 115, 128, 129, 140, 165, 169, 183, 187, 189, 194, 203, 216, 223, 232, 236, 243, 244, 254, 258, 261, 270, 276, 278, 284, 287, 289, 314, 315, 328, 334, 335, 343, 367, 369, 370, 373, 375, 380, 382, 394, 396, 402, 406, 407, 408, 413, 429, 442, 469, 474, 476, 483, 490, 493, 496, 499, 510, 511, 514, 536, 555, 559, 564, 577, 578, 588, 606, 614, 623, 633, 648, 664, 669, 671, 673, 676, 684, 693, 694, 705, 716, 723, 732, 739, 752, 762, 763, 764, 768, 772, 778, 783, 787, 792, 793, 797, 803, 814, 822, 838, 848, 852, 873, 875, 885, 886]

[0, 1, 2, 3, 4, 5, 7, 8, 9, 10, 11, 12, 13, 14, 15, 17, 18, 19, 20, 22, 24, 25, 26, 29, 30, 35, 36, 38, 41, 42, 43, 45, 46, 48, 49, 50, 52, 53, 54, 55, 56, 57, 58, 59, 60, 61, 62, 63, 65, 68, 71, 72, 73, 74, 75, 77, 80, 83, 84, 85, 86, 90, 93, 96, 98, 100, 101, 102, 103, 104, 105, 106, 107, 108, 109, 114, 115, 116, 117, 118, 119, 122, 123, 124, 126, 127, 130, 132, 134, 135, 137, 138, 139, 140, 142, 145, 146, 148, 149, 150, 151, 152, 154, 156, 157, 158, 160, 161, 162, 163, 164, 165, 167, 168, 173, 174, 175, 178, 179, 180, 182, 183, 184, 185, 186, 188, 190, 192, 194, 195, 197, 198, 200, 201, 202, 206, 211, 212, 214, 215, 216, 217, 218, 219, 221, 222, 223, 224, 226, 227, 228, 230, 232, 235, 237, 238, 240, 241, 242, 243, 244, 246, 247, 248, 249, 251, 252, 255, 258, 259, 260, 261, 262, 263, 265, 266, 267, 269, 270, 271, 272, 273, 276, 277, 278, 280, 281, 282, 284, 286, 288, 290, 291, 292, 293, 294, 295, 296, 297, 298, 302, 303, 304, 305, 307, 308, 309, 310, 312, 313, 320, 322, 323, 324, 325, 326, 327, 328, 329, 331, 332, 333, 335, 336, 337, 339, 340, 341, 342, 343, 344, 345, 347, 348, 349, 350, 351, 352, 353, 355, 357, 358, 360, 362, 365, 366, 367, 368, 370, 372, 377, 378, 380, 381, 382, 383, 386, 387, 388, 389, 391, 393, 394, 400, 402, 403, 405, 406, 409, 413, 416, 418, 419, 421, 423, 424, 425, 428, 429, 430, 431, 432, 433, 434, 435, 436, 439, 441, 442, 443, 444, 445, 446, 448, 449, 451, 452, 453, 454, 457, 459, 461, 464, 465, 466, 467, 468, 469, 470, 471, 473, 474, 475, 479, 480, 481, 482, 483, 486, 487, 488, 489, 490, 491, 493, 495, 496, 498, 499, 502, 504, 505, 506, 507, 509, 511, 512, 515, 517, 519, 521, 524, 525, 529, 532, 533, 534, 536, 537, 538, 539, 540, 544, 545, 546, 547, 549, 550, 551, 552, 554, 557, 558, 560, 562, 563, 565, 566, 567, 571, 572, 573, 574, 575, 576, 577, 579, 580, 581, 583, 584, 586, 587, 588, 589, 590, 591, 592, 593, 594, 595, 596, 598, 599, 601, 603, 604, 605, 606, 608, 609, 611, 612, 613, 615, 617, 619, 621, 622, 623, 625, 626, 627, 629, 630, 631, 637, 638, 639, 641, 642, 643, 645, 647, 649, 650, 651, 652, 653, 657, 658, 659, 660, 663, 664, 665, 666, 667, 669, 671, 673, 674, 675, 676, 679, 680, 682, 684, 685, 690, 691, 692, 693, 694, 696, 699, 701, 703, 704, 706, 710, 711, 712, 713, 714, 715, 717, 719, 721, 722, 724, 725, 726, 728, 729, 730, 731, 732, 735, 736, 737, 738, 741, 743, 744, 745, 746, 747, 748, 749, 750, 751, 753, 755, 756, 761, 762, 763, 764, 769, 770, 771, 772, 773, 774, 775, 776, 778, 779, 780, 782, 783, 784, 786, 788, 789, 790, 791, 794, 795, 796, 802, 804, 805, 807, 809, 810, 811, 812, 814, 815, 816, 817, 818, 819, 823, 824, 825, 828, 830, 831, 832, 833, 834, 836, 837, 839, 841, 842, 844, 846, 847, 848, 849, 850, 851, 852, 853, 854, 855, 857, 858, 859, 861, 862, 863, 864, 865, 866, 868, 869, 870, 871, 873, 875, 876, 878, 879, 881, 883, 884, 885, 886, 887, 889]
[3, 11, 14, 33, 43, 44, 45, 49, 56, 57, 63, 71, 83, 84, 101, 113, 115, 128, 129, 140, 165, 169, 183, 187, 189, 194, 203, 216, 223, 232, 236, 243, 244, 254, 258, 261, 270, 276, 278, 284, 287, 289, 314, 315, 328, 334, 335, 343, 367, 369, 370, 373, 375, 380, 382, 394, 396, 402, 406, 407, 408, 413, 429, 442, 469, 474, 476, 483, 490, 493, 496, 499, 510, 511, 514, 536, 555, 559, 564, 577, 578, 588, 606, 614, 623, 633, 648, 664, 669, 671, 673, 676, 684, 693, 694, 705, 716, 723, 732, 739, 752, 762, 763, 764, 768, 772, 778, 783, 787, 792, 793, 797, 803, 814, 822, 838, 848, 852, 873, 875, 885, 886]

[0, 1, 2, 3, 4, 5, 7, 8, 9, 10, 11, 12, 13, 14, 15, 17, 18, 19, 20, 22, 24, 25, 26, 29, 30, 33, 34, 35, 36, 38, 41, 42, 43, 45, 46, 48, 49, 50, 52, 53, 54, 55, 56, 57, 58, 59, 60, 61, 62, 63, 65, 68, 71, 72, 73, 74, 75, 77, 78, 80, 83, 84, 85, 86, 90, 93, 96, 98, 100, 101, 102, 103, 104, 105, 106, 107, 108, 109, 114, 115, 116, 117, 118, 119, 122, 123, 124, 126, 127, 130, 132, 134, 135, 137, 138, 139, 140, 141, 142, 145, 146, 148, 149, 150, 151, 152, 154, 156, 157, 158, 160, 161, 162, 163, 164, 165, 167, 168, 173, 174, 175, 176, 178, 179, 180, 182, 183, 184, 185, 186, 188, 190, 192, 193, 194, 195, 197, 198, 200, 201, 202, 206, 208, 210, 211, 212, 214, 215, 216, 217, 218, 219, 221, 222, 223, 224, 226, 227, 228, 230, 232, 235, 237, 238, 240, 241, 242, 243, 244, 246, 247, 248, 249, 251, 252, 255, 258, 259, 260, 261, 262, 263, 265, 266, 267, 269, 270, 271, 272, 273, 276, 277, 278, 280, 281, 282, 284, 285, 286, 288, 290, 291, 292, 293, 294, 295, 296, 297, 298, 302, 303, 304, 305, 307, 308, 309, 310, 312, 313, 320, 322, 323, 324, 325, 326, 327, 328, 329, 331, 332, 333, 335, 336, 337, 338, 339, 340, 341, 342, 343, 344, 345, 347, 348, 349, 350, 351, 352, 353, 355, 357, 358, 360, 362, 365, 366, 367, 368, 370, 372, 377, 378, 380, 381, 382, 383, 384, 386, 387, 388, 389, 391, 393, 394, 395, 400, 402, 403, 405, 406, 409, 413, 416, 418, 419, 421, 423, 424, 425, 428, 429, 430, 431, 432, 433, 434, 435, 436, 438, 439, 441, 442, 443, 444, 445, 446, 448, 449, 451, 452, 453, 454, 456, 457, 459, 461, 464, 465, 466, 467, 468, 469, 470, 471, 473, 474, 475, 479, 480, 481, 482, 483, 486, 487, 488, 489, 490, 491, 493, 495, 496, 497, 498, 499, 502, 504, 505, 506, 507, 509, 510, 511, 512, 515, 517, 519, 521, 524, 525, 529, 532, 533, 534, 535, 536, 537, 538, 539, 540, 544, 545, 546, 547, 549, 550, 551, 552, 554, 557, 558, 560, 561, 562, 563, 564, 565, 566, 567, 571, 572, 573, 574, 575, 576, 577, 579, 580, 581, 583, 584, 586, 587, 588, 589, 590, 591, 592, 593, 594, 595, 596, 598, 599, 601, 603, 604, 605, 606, 608, 609, 611, 612, 613, 615, 617, 619, 621, 622, 623, 625, 626, 627, 629, 630, 631, 637, 638, 639, 640, 641, 642, 643, 645, 647, 649, 650, 651, 652, 653, 657, 658, 659, 660, 663, 664, 665, 666, 667, 669, 671, 673, 674, 675, 676, 679, 680, 682, 683, 684, 685, 689, 690, 691, 692, 693, 694, 696, 699, 701, 703, 704, 706, 710, 711, 712, 713, 714, 715, 717, 719, 721, 722, 723, 724, 725, 726, 728, 729, 730, 731, 732, 735, 736, 737, 738, 740, 741, 743, 744, 745, 746, 747, 748, 749, 750, 751, 753, 755, 756, 761, 762, 763, 764, 769, 770, 771, 772, 773, 774, 775, 776, 778, 779, 780, 782, 783, 784, 786, 788, 789, 790, 791, 794, 795, 796, 802, 804, 805, 807, 809, 810, 811, 812, 814, 815, 816, 817, 818, 819, 822, 823, 824, 825, 828, 830, 831, 832, 833, 834, 836, 837, 839, 841, 842, 844, 846, 847, 848, 849, 850, 851, 852, 853, 854, 855, 857, 858, 859, 861, 862, 863, 864, 865, 866, 868, 869, 870, 871, 873, 875, 876, 878, 879, 881, 883, 884, 885, 886, 887, 889]
[3, 11, 14, 33, 43, 44, 45, 49, 56, 57, 63, 71, 83, 84, 101, 113, 115, 128, 129, 140, 165, 169, 183, 187, 189, 194, 203, 216, 223, 232, 236, 243, 244, 254, 258, 261, 270, 276, 278, 284, 287, 289, 314, 315, 328, 334, 335, 343, 367, 369, 370, 373, 375, 380, 382, 394, 396, 402, 406, 407, 408, 413, 429, 442, 469, 474, 476, 483, 490, 493, 496, 499, 510, 511, 514, 536, 555, 559, 564, 577, 578, 588, 606, 614, 623, 633, 648, 664, 669, 671, 673, 676, 684, 693, 694, 705, 716, 723, 732, 739, 752, 762, 763, 764, 768, 772, 778, 783, 787, 792, 793, 797, 803, 814, 822, 838, 848, 852, 873, 875, 885, 886]

[0, 1, 2, 3, 4, 5, 7, 8, 9, 10, 11, 12, 13, 14, 15, 17, 18, 19, 20, 22, 23, 24, 25, 26, 29, 30, 33, 34, 35, 36, 38, 41, 42, 43, 45, 46, 48, 49, 50, 52, 53, 54, 55, 56, 57, 58, 59, 60, 61, 62, 63, 65, 68, 71, 72, 73, 74, 75, 77, 78, 80, 83, 84, 85, 86, 90, 93, 95, 96, 98, 100, 101, 102, 103, 104, 105, 106, 107, 108, 109, 114, 115, 116, 117, 118, 119, 122, 123, 124, 126, 127, 130, 131, 132, 133, 134, 135, 137, 138, 139, 140, 141, 142, 144, 145, 146, 148, 149, 150, 151, 152, 154, 156, 157, 158, 159, 160, 161, 162, 163, 164, 165, 167, 168, 173, 174, 175, 176, 178, 179, 180, 182, 183, 184, 185, 186, 188, 190, 192, 193, 194, 195, 196, 197, 198, 200, 201, 202, 206, 208, 210, 211, 212, 214, 215, 216, 217, 218, 219, 221, 222, 223, 224, 226, 227, 228, 230, 232, 235, 237, 238, 240, 241, 242, 243, 244, 246, 247, 248, 249, 251, 252, 255, 258, 259, 260, 261, 262, 263, 265, 266, 267, 269, 270, 271, 272, 273, 276, 277, 278, 280, 281, 282, 284, 285, 286, 288, 290, 291, 292, 293, 294, 295, 296, 297, 298, 302, 303, 304, 305, 307, 308, 309, 310, 312, 313, 314, 320, 322, 323, 324, 325, 326, 327, 328, 329, 331, 332, 333, 335, 336, 337, 338, 339, 340, 341, 342, 343, 344, 345, 347, 348, 349, 350, 351, 352, 353, 355, 357, 358, 360, 361, 362, 365, 366, 367, 368, 370, 371, 372, 377, 378, 380, 381, 382, 383, 384, 385, 386, 387, 388, 389, 391, 393, 394, 395, 398, 400, 402, 403, 405, 406, 409, 413, 415, 416, 418, 419, 421, 423, 424, 425, 427, 428, 429, 430, 431, 432, 433, 434, 435, 436, 438, 439, 440, 441, 442, 443, 444, 445, 446, 448, 449, 451, 452, 453, 454, 456, 457, 459, 461, 464, 465, 466, 467, 468, 469, 470, 471, 473, 474, 475, 477, 479, 480, 481, 482, 483, 486, 487, 488, 489, 490, 491, 493, 495, 496, 497, 498, 499, 502, 504, 505, 506, 507, 509, 510, 511, 512, 515, 517, 518, 519, 521, 524, 525, 529, 532, 533, 534, 535, 536, 537, 538, 539, 540, 544, 545, 546, 547, 549, 550, 551, 552, 554, 557, 558, 560, 561, 562, 563, 564, 565, 566, 567, 571, 572, 573, 574, 575, 576, 577, 579, 580, 581, 583, 584, 586, 587, 588, 589, 590, 591, 592, 593, 594, 595, 596, 598, 599, 601, 603, 604, 605, 606, 608, 609, 610, 611, 612, 613, 615, 617, 619, 621, 622, 623, 625, 626, 627, 629, 630, 631, 635, 637, 638, 639, 640, 641, 642, 643, 645, 647, 649, 650, 651, 652, 653, 657, 658, 659, 660, 663, 664, 665, 666, 667, 669, 671, 673, 674, 675, 676, 679, 680, 682, 683, 684, 685, 688, 689, 690, 691, 692, 693, 694, 696, 699, 701, 703, 704, 706, 710, 711, 712, 713, 714, 715, 716, 717, 719, 721, 722, 723, 724, 725, 726, 728, 729, 730, 731, 732, 735, 736, 737, 738, 740, 741, 743, 744, 745, 746, 747, 748, 749, 750, 751, 752, 753, 755, 756, 761, 762, 763, 764, 769, 770, 771, 772, 773, 774, 775, 776, 777, 778, 779, 780, 782, 783, 784, 786, 788, 789, 790, 791, 794, 795, 796, 802, 804, 805, 807, 809, 810, 811, 812, 814, 815, 816, 817, 818, 819, 822, 823, 824, 825, 828, 830, 831, 832, 833, 834, 836, 837, 839, 840, 841, 842, 844, 846, 847, 848, 849, 850, 851, 852, 853, 854, 855, 857, 858, 859, 861, 862, 863, 864, 865, 866, 868, 869, 870, 871, 873, 875, 876, 878, 879, 881, 883, 884, 885, 886, 887, 888, 889]
[3, 11, 14, 33, 43, 44, 45, 49, 56, 57, 63, 71, 83, 84, 101, 113, 115, 128, 129, 140, 165, 169, 183, 187, 189, 194, 203, 216, 223, 232, 236, 243, 244, 254, 258, 261, 270, 276, 278, 284, 287, 289, 314, 315, 328, 334, 335, 343, 367, 369, 370, 373, 375, 380, 382, 394, 396, 402, 406, 407, 408, 413, 429, 442, 469, 474, 476, 483, 490, 493, 496, 499, 510, 511, 514, 536, 555, 559, 564, 577, 578, 588, 606, 614, 623, 633, 648, 664, 669, 671, 673, 676, 684, 693, 694, 705, 716, 723, 732, 739, 752, 762, 763, 764, 768, 772, 778, 783, 787, 792, 793, 797, 803, 814, 822, 838, 848, 852, 873, 875, 885, 886]

[0, 1, 2, 3, 4, 5, 7, 8, 9, 10, 11, 12, 13, 14, 15, 17, 18, 19, 20, 22, 23, 24, 25, 26, 28, 29, 30, 33, 34, 35, 36, 38, 41, 42, 43, 45, 46, 47, 48, 49, 50, 52, 53, 54, 55, 56, 57, 58, 59, 60, 61, 62, 63, 65, 68, 71, 72, 73, 74, 75, 77, 78, 80, 83, 84, 85, 86, 88, 90, 91, 93, 95, 96, 98, 100, 101, 102, 103, 104, 105, 106, 107, 108, 109, 114, 115, 116, 117, 118, 119, 121, 122, 123, 124, 126, 127, 130, 131, 132, 133, 134, 135, 137, 138, 139, 140, 141, 142, 144, 145, 146, 148, 149, 150, 151, 152, 154, 156, 157, 158, 159, 160, 161, 162, 163, 164, 165, 167, 168, 173, 174, 175, 176, 178, 179, 180, 182, 183, 184, 185, 186, 188, 190, 192, 193, 194, 195, 196, 197, 198, 200, 201, 202, 206, 207, 208, 209, 210, 211, 212, 214, 215, 216, 217, 218, 219, 221, 222, 223, 224, 226, 227, 228, 229, 230, 232, 234, 235, 237, 238, 240, 241, 242, 243, 244, 246, 247, 248, 249, 251, 252, 255, 258, 259, 260, 261, 262, 263, 265, 266, 267, 269, 270, 271, 272, 273, 276, 277, 278, 280, 281, 282, 284, 285, 286, 288, 290, 291, 292, 293, 294, 295, 296, 297, 298, 302, 303, 304, 305, 307, 308, 309, 310, 312, 313, 314, 320, 322, 323, 324, 325, 326, 327, 328, 329, 331, 332, 333, 335, 336, 337, 338, 339, 340, 341, 342, 343, 344, 345, 347, 348, 349, 350, 351, 352, 353, 355, 357, 358, 360, 361, 362, 365, 366, 367, 368, 370, 371, 372, 376, 377, 378, 380, 381, 382, 383, 384, 385, 386, 387, 388, 389, 391, 393, 394, 395, 398, 400, 402, 403, 405, 406, 409, 413, 414, 415, 416, 418, 419, 421, 423, 424, 425, 427, 428, 429, 430, 431, 432, 433, 434, 435, 436, 438, 439, 440, 441, 442, 443, 444, 445, 446, 448, 449, 451, 452, 453, 454, 456, 457, 459, 461, 464, 465, 466, 467, 468, 469, 470, 471, 473, 474, 475, 477, 479, 480, 481, 482, 483, 484, 486, 487, 488, 489, 490, 491, 493, 495, 496, 497, 498, 499, 502, 504, 505, 506, 507, 509, 510, 511, 512, 515, 517, 518, 519, 521, 522, 524, 525, 529, 532, 533, 534, 535, 536, 537, 538, 539, 540, 542, 543, 544, 545, 546, 547, 549, 550, 551, 552, 554, 557, 558, 560, 561, 562, 563, 564, 565, 566, 567, 571, 572, 573, 574, 575, 576, 577, 579, 580, 581, 583, 584, 586, 587, 588, 589, 590, 591, 592, 593, 594, 595, 596, 598, 599, 601, 602, 603, 604, 605, 606, 608, 609, 610, 611, 612, 613, 615, 617, 619, 621, 622, 623, 625, 626, 627, 629, 630, 631, 635, 637, 638, 639, 640, 641, 642, 643, 645, 647, 649, 650, 651, 652, 653, 657, 658, 659, 660, 663, 664, 665, 666, 667, 668, 669, 671, 673, 674, 675, 676, 679, 680, 682, 683, 684, 685, 688, 689, 690, 691, 692, 693, 694, 696, 698, 699, 701, 703, 704, 706, 710, 711, 712, 713, 714, 715, 716, 717, 719, 721, 722, 723, 724, 725, 726, 728, 729, 730, 731, 732, 735, 736, 737, 738, 740, 741, 743, 744, 745, 746, 747, 748, 749, 750, 751, 752, 753, 755, 756, 761, 762, 763, 764, 767, 769, 770, 771, 772, 773, 774, 775, 776, 777, 778, 779, 780, 782, 783, 784, 785, 786, 788, 789, 790, 791, 793, 794, 795, 796, 798, 801, 802, 804, 805, 807, 809, 810, 811, 812, 814, 815, 816, 817, 818, 819, 822, 823, 824, 825, 828, 830, 831, 832, 833, 834, 836, 837, 839, 840, 841, 842, 843, 844, 845, 846, 847, 848, 849, 850, 851, 852, 853, 854, 855, 857, 858, 859, 861, 862, 863, 864, 865, 866, 868, 869, 870, 871, 873, 875, 876, 878, 879, 881, 883, 884, 885, 886, 887, 888, 889]
[3, 11, 14, 33, 43, 44, 45, 49, 56, 57, 63, 71, 83, 84, 101, 113, 115, 128, 129, 140, 165, 169, 183, 187, 189, 194, 203, 216, 223, 232, 236, 243, 244, 254, 258, 261, 270, 276, 278, 284, 287, 289, 314, 315, 328, 334, 335, 343, 367, 369, 370, 373, 375, 380, 382, 394, 396, 402, 406, 407, 408, 413, 429, 442, 469, 474, 476, 483, 490, 493, 496, 499, 510, 511, 514, 536, 555, 559, 564, 577, 578, 588, 606, 614, 623, 633, 648, 664, 669, 671, 673, 676, 684, 693, 694, 705, 716, 723, 732, 739, 752, 762, 763, 764, 768, 772, 778, 783, 787, 792, 793, 797, 803, 814, 822, 838, 848, 852, 873, 875, 885, 886]

[0, 1, 2, 3, 4, 5, 7, 8, 9, 10, 11, 12, 13, 14, 15, 16, 17, 18, 19, 20, 22, 23, 24, 25, 26, 28, 29, 30, 33, 34, 35, 36, 38, 41, 42, 43, 45, 46, 47, 48, 49, 50, 52, 53, 54, 55, 56, 57, 58, 59, 60, 61, 62, 63, 65, 68, 69, 71, 72, 73, 74, 75, 77, 78, 79, 80, 83, 84, 85, 86, 88, 90, 91, 92, 93, 95, 96, 98, 100, 101, 102, 103, 104, 105, 106, 107, 108, 109, 114, 115, 116, 117, 118, 119, 121, 122, 123, 124, 126, 127, 130, 131, 132, 133, 134, 135, 137, 138, 139, 140, 141, 142, 144, 145, 146, 148, 149, 150, 151, 152, 154, 156, 157, 158, 159, 160, 161, 162, 163, 164, 165, 167, 168, 171, 173, 174, 175, 176, 178, 179, 180, 182, 183, 184, 185, 186, 188, 190, 192, 193, 194, 195, 196, 197, 198, 200, 201, 202, 206, 207, 208, 209, 210, 211, 212, 214, 215, 216, 217, 218, 219, 221, 222, 223, 224, 226, 227, 228, 229, 230, 232, 234, 235, 236, 237, 238, 240, 241, 242, 243, 244, 246, 247, 248, 249, 251, 252, 255, 258, 259, 260, 261, 262, 263, 265, 266, 267, 269, 270, 271, 272, 273, 276, 277, 278, 280, 281, 282, 284, 285, 286, 288, 290, 291, 292, 293, 294, 295, 296, 297, 298, 302, 303, 304, 305, 307, 308, 309, 310, 312, 313, 314, 320, 322, 323, 324, 325, 326, 327, 328, 329, 331, 332, 333, 335, 336, 337, 338, 339, 340, 341, 342, 343, 344, 345, 347, 348, 349, 350, 351, 352, 353, 355, 357, 358, 359, 360, 361, 362, 365, 366, 367, 368, 370, 371, 372, 376, 377, 378, 380, 381, 382, 383, 384, 385, 386, 387, 388, 389, 391, 393, 394, 395, 398, 400, 402, 403, 404, 405, 406, 409, 413, 414, 415, 416, 418, 419, 421, 423, 424, 425, 427, 428, 429, 430, 431, 432, 433, 434, 435, 436, 438, 439, 440, 441, 442, 443, 444, 445, 446, 448, 449, 451, 452, 453, 454, 456, 457, 458, 459, 461, 462, 464, 465, 466, 467, 468, 469, 470, 471, 473, 474, 475, 477, 478, 479, 480, 481, 482, 483, 484, 486, 487, 488, 489, 490, 491, 492, 493, 495, 496, 497, 498, 499, 501, 502, 504, 505, 506, 507, 509, 510, 511, 512, 513, 515, 517, 518, 519, 521, 522, 524, 525, 526, 529, 532, 533, 534, 535, 536, 537, 538, 539, 540, 542, 543, 544, 545, 546, 547, 549, 550, 551, 552, 554, 557, 558, 560, 561, 562, 563, 564, 565, 566, 567, 568, 571, 572, 573, 574, 575, 576, 577, 579, 580, 581, 583, 584, 586, 587, 588, 589, 590, 591, 592, 593, 594, 595, 596, 597, 598, 599, 601, 602, 603, 604, 605, 606, 608, 609, 610, 611, 612, 613, 615, 617, 619, 621, 622, 623, 625, 626, 627, 629, 630, 631, 635, 637, 638, 639, 640, 641, 642, 643, 645, 647, 649, 650, 651, 652, 653, 654, 657, 658, 659, 660, 661, 663, 664, 665, 666, 667, 668, 669, 671, 673, 674, 675, 676, 679, 680, 682, 683, 684, 685, 688, 689, 690, 691, 692, 693, 694, 696, 698, 699, 700, 701, 703, 704, 706, 710, 711, 712, 713, 714, 715, 716, 717, 719, 721, 722, 723, 724, 725, 726, 727, 728, 729, 730, 731, 732, 735, 736, 737, 738, 740, 741, 742, 743, 744, 745, 746, 747, 748, 749, 750, 751, 752, 753, 755, 756, 761, 762, 763, 764, 767, 768, 769, 770, 771, 772, 773, 774, 775, 776, 777, 778, 779, 780, 782, 783, 784, 785, 786, 787, 788, 789, 790, 791, 793, 794, 795, 796, 798, 799, 801, 802, 804, 805, 807, 809, 810, 811, 812, 814, 815, 816, 817, 818, 819, 822, 823, 824, 825, 828, 830, 831, 832, 833, 834, 836, 837, 839, 840, 841, 842, 843, 844, 845, 846, 847, 848, 849, 850, 851, 852, 853, 854, 855, 857, 858, 859, 861, 862, 863, 864, 865, 866, 868, 869, 870, 871, 873, 875, 876, 878, 879, 881, 883, 884, 885, 886, 887, 888, 889]
[3, 11, 14, 33, 43, 44, 45, 49, 56, 57, 63, 71, 83, 84, 101, 113, 115, 128, 129, 140, 165, 169, 183, 187, 189, 194, 203, 216, 223, 232, 236, 243, 244, 254, 258, 261, 270, 276, 278, 284, 287, 289, 314, 315, 328, 334, 335, 343, 367, 369, 370, 373, 375, 380, 382, 394, 396, 402, 406, 407, 408, 413, 429, 442, 469, 474, 476, 483, 490, 493, 496, 499, 510, 511, 514, 536, 555, 559, 564, 577, 578, 588, 606, 614, 623, 633, 648, 664, 669, 671, 673, 676, 684, 693, 694, 705, 716, 723, 732, 739, 752, 762, 763, 764, 768, 772, 778, 783, 787, 792, 793, 797, 803, 814, 822, 838, 848, 852, 873, 875, 885, 886]

[0, 1, 2, 3, 4, 5, 7, 8, 9, 10, 11, 12, 13, 14, 15, 16, 17, 18, 19, 20, 22, 23, 24, 25, 26, 28, 29, 30, 33, 34, 35, 36, 38, 41, 42, 43, 45, 46, 47, 48, 49, 50, 52, 53, 54, 55, 56, 57, 58, 59, 60, 61, 62, 63, 65, 68, 69, 71, 72, 73, 74, 75, 77, 78, 79, 80, 82, 83, 84, 85, 86, 87, 88, 90, 91, 92, 93, 95, 96, 98, 100, 101, 102, 103, 104, 105, 106, 107, 108, 109, 114, 115, 116, 117, 118, 119, 121, 122, 123, 124, 126, 127, 130, 131, 132, 133, 134, 135, 136, 137, 138, 139, 140, 141, 142, 144, 145, 146, 148, 149, 150, 151, 152, 154, 156, 157, 158, 159, 160, 161, 162, 163, 164, 165, 166, 167, 168, 171, 173, 174, 175, 176, 178, 179, 180, 182, 183, 184, 185, 186, 188, 190, 192, 193, 194, 195, 196, 197, 198, 200, 201, 202, 206, 207, 208, 209, 210, 211, 212, 214, 215, 216, 217, 218, 219, 221, 222, 223, 224, 226, 227, 228, 229, 230, 232, 234, 235, 236, 237, 238, 240, 241, 242, 243, 244, 246, 247, 248, 249, 251, 252, 254, 255, 258, 259, 260, 261, 262, 263, 265, 266, 267, 269, 270, 271, 272, 273, 276, 277, 278, 280, 281, 282, 284, 285, 286, 288, 290, 291, 292, 293, 294, 295, 296, 297, 298, 299, 300, 302, 303, 304, 305, 307, 308, 309, 310, 312, 313, 314, 320, 321, 322, 323, 324, 325, 326, 327, 328, 329, 331, 332, 333, 335, 336, 337, 338, 339, 340, 341, 342, 343, 344, 345, 347, 348, 349, 350, 351, 352, 353, 354, 355, 357, 358, 359, 360, 361, 362, 365, 366, 367, 368, 370, 371, 372, 376, 377, 378, 380, 381, 382, 383, 384, 385, 386, 387, 388, 389, 391, 393, 394, 395, 398, 400, 402, 403, 404, 405, 406, 409, 412, 413, 414, 415, 416, 417, 418, 419, 421, 423, 424, 425, 427, 428, 429, 430, 431, 432, 433, 434, 435, 436, 438, 439, 440, 441, 442, 443, 444, 445, 446, 447, 448, 449, 451, 452, 453, 454, 456, 457, 458, 459, 461, 462, 464, 465, 466, 467, 468, 469, 470, 471, 472, 473, 474, 475, 477, 478, 479, 480, 481, 482, 483, 484, 486, 487, 488, 489, 490, 491, 492, 493, 495, 496, 497, 498, 499, 501, 502, 504, 505, 506, 507, 509, 510, 511, 512, 513, 515, 517, 518, 519, 520, 521, 522, 524, 525, 526, 529, 532, 533, 534, 535, 536, 537, 538, 539, 540, 542, 543, 544, 545, 546, 547, 549, 550, 551, 552, 554, 557, 558, 560, 561, 562, 563, 564, 565, 566, 567, 568, 570, 571, 572, 573, 574, 575, 576, 577, 578, 579, 580, 581, 583, 584, 586, 587, 588, 589, 590, 591, 592, 593, 594, 595, 596, 597, 598, 599, 601, 602, 603, 604, 605, 606, 608, 609, 610, 611, 612, 613, 615, 617, 619, 621, 622, 623, 624, 625, 626, 627, 628, 629, 630, 631, 632, 635, 637, 638, 639, 640, 641, 642, 643, 645, 647, 649, 650, 651, 652, 653, 654, 657, 658, 659, 660, 661, 663, 664, 665, 666, 667, 668, 669, 670, 671, 673, 674, 675, 676, 679, 680, 682, 683, 684, 685, 688, 689, 690, 691, 692, 693, 694, 695, 696, 698, 699, 700, 701, 703, 704, 706, 710, 711, 712, 713, 714, 715, 716, 717, 719, 721, 722, 723, 724, 725, 726, 727, 728, 729, 730, 731, 732, 734, 735, 736, 737, 738, 740, 741, 742, 743, 744, 745, 746, 747, 748, 749, 750, 751, 752, 753, 755, 756, 761, 762, 763, 764, 766, 767, 768, 769, 770, 771, 772, 773, 774, 775, 776, 777, 778, 779, 780, 782, 783, 784, 785, 786, 787, 788, 789, 790, 791, 793, 794, 795, 796, 798, 799, 800, 801, 802, 804, 805, 807, 809, 810, 811, 812, 814, 815, 816, 817, 818, 819, 822, 823, 824, 825, 828, 830, 831, 832, 833, 834, 836, 837, 839, 840, 841, 842, 843, 844, 845, 846, 847, 848, 849, 850, 851, 852, 853, 854, 855, 857, 858, 859, 861, 862, 863, 864, 865, 866, 868, 869, 870, 871, 873, 875, 876, 878, 879, 880, 881, 883, 884, 885, 886, 887, 888, 889]
[3, 11, 14, 33, 43, 44, 45, 49, 56, 57, 63, 71, 83, 84, 101, 113, 115, 128, 129, 140, 165, 169, 183, 187, 189, 194, 203, 216, 223, 232, 236, 243, 244, 254, 258, 261, 270, 276, 278, 284, 287, 289, 314, 315, 328, 334, 335, 343, 367, 369, 370, 373, 375, 380, 382, 394, 396, 402, 406, 407, 408, 413, 429, 442, 469, 474, 476, 483, 490, 493, 496, 499, 510, 511, 514, 536, 555, 559, 564, 577, 578, 588, 606, 614, 623, 633, 648, 664, 669, 671, 673, 676, 684, 693, 694, 705, 716, 723, 732, 739, 752, 762, 763, 764, 768, 772, 778, 783, 787, 792, 793, 797, 803, 814, 822, 838, 848, 852, 873, 875, 885, 886]

[0, 1, 2, 3, 4, 5, 7, 8, 9, 10, 11, 12, 13, 14, 15, 16, 17, 18, 19, 20, 22, 23, 24, 25, 26, 28, 29, 30, 33, 34, 35, 36, 38, 41, 42, 43, 45, 46, 47, 48, 49, 50, 52, 53, 54, 55, 56, 57, 58, 59, 60, 61, 62, 63, 65, 68, 69, 71, 72, 73, 74, 75, 77, 78, 79, 80, 82, 83, 84, 85, 86, 87, 88, 90, 91, 92, 93, 94, 95, 96, 98, 100, 101, 102, 103, 104, 105, 106, 107, 108, 109, 114, 115, 116, 117, 118, 119, 121, 122, 123, 124, 126, 127, 128, 130, 131, 132, 133, 134, 135, 136, 137, 138, 139, 140, 141, 142, 144, 145, 146, 148, 149, 150, 151, 152, 154, 156, 157, 158, 159, 160, 161, 162, 163, 164, 165, 166, 167, 168, 169, 171, 172, 173, 174, 175, 176, 178, 179, 180, 182, 183, 184, 185, 186, 188, 190, 192, 193, 194, 195, 196, 197, 198, 200, 201, 202, 206, 207, 208, 209, 210, 211, 212, 213, 214, 215, 216, 217, 218, 219, 221, 222, 223, 224, 226, 227, 228, 229, 230, 232, 234, 235, 236, 237, 238, 239, 240, 241, 242, 243, 244, 246, 247, 248, 249, 251, 252, 254, 255, 256, 258, 259, 260, 261, 262, 263, 264, 265, 266, 267, 269, 270, 271, 272, 273, 276, 277, 278, 280, 281, 282, 284, 285, 286, 288, 290, 291, 292, 293, 294, 295, 296, 297, 298, 299, 300, 302, 303, 304, 305, 307, 308, 309, 310, 312, 313, 314, 320, 321, 322, 323, 324, 325, 326, 327, 328, 329, 331, 332, 333, 335, 336, 337, 338, 339, 340, 341, 342, 343, 344, 345, 347, 348, 349, 350, 351, 352, 353, 354, 355, 356, 357, 358, 359, 360, 361, 362, 364, 365, 366, 367, 368, 370, 371, 372, 374, 376, 377, 378, 379, 380, 381, 382, 383, 384, 385, 386, 387, 388, 389, 391, 393, 394, 395, 398, 400, 402, 403, 404, 405, 406, 409, 412, 413, 414, 415, 416, 417, 418, 419, 421, 423, 424, 425, 427, 428, 429, 430, 431, 432, 433, 434, 435, 436, 438, 439, 440, 441, 442, 443, 444, 445, 446, 447, 448, 449, 451, 452, 453, 454, 456, 457, 458, 459, 460, 461, 462, 464, 465, 466, 467, 468, 469, 470, 471, 472, 473, 474, 475, 477, 478, 479, 480, 481, 482, 483, 484, 485, 486, 487, 488, 489, 490, 491, 492, 493, 495, 496, 497, 498, 499, 500, 501, 502, 504, 505, 506, 507, 508, 509, 510, 511, 512, 513, 515, 516, 517, 518, 519, 520, 521, 522, 524, 525, 526, 529, 532, 533, 534, 535, 536, 537, 538, 539, 540, 541, 542, 543, 544, 545, 546, 547, 549, 550, 551, 552, 554, 557, 558, 560, 561, 562, 563, 564, 565, 566, 567, 568, 570, 571, 572, 573, 574, 575, 576, 577, 578, 579, 580, 581, 583, 584, 586, 587, 588, 589, 590, 591, 592, 593, 594, 595, 596, 597, 598, 599, 601, 602, 603, 604, 605, 606, 608, 609, 610, 611, 612, 613, 615, 617, 619, 621, 622, 623, 624, 625, 626, 627, 628, 629, 630, 631, 632, 635, 637, 638, 639, 640, 641, 642, 643, 645, 647, 649, 650, 651, 652, 653, 654, 655, 657, 658, 659, 660, 661, 663, 664, 665, 666, 667, 668, 669, 670, 671, 673, 674, 675, 676, 679, 680, 682, 683, 684, 685, 688, 689, 690, 691, 692, 693, 694, 695, 696, 698, 699, 700, 701, 703, 704, 706, 710, 711, 712, 713, 714, 715, 716, 717, 718, 719, 721, 722, 723, 724, 725, 726, 727, 728, 729, 730, 731, 732, 734, 735, 736, 737, 738, 740, 741, 742, 743, 744, 745, 746, 747, 748, 749, 750, 751, 752, 753, 755, 756, 759, 761, 762, 763, 764, 766, 767, 768, 769, 770, 771, 772, 773, 774, 775, 776, 777, 778, 779, 780, 782, 783, 784, 785, 786, 787, 788, 789, 790, 791, 793, 794, 795, 796, 798, 799, 800, 801, 802, 803, 804, 805, 807, 808, 809, 810, 811, 812, 814, 815, 816, 817, 818, 819, 820, 822, 823, 824, 825, 828, 830, 831, 832, 833, 834, 835, 836, 837, 839, 840, 841, 842, 843, 844, 845, 846, 847, 848, 849, 850, 851, 852, 853, 854, 855, 857, 858, 859, 861, 862, 863, 864, 865, 866, 868, 869, 870, 871, 873, 875, 876, 878, 879, 880, 881, 883, 884, 885, 886, 887, 888, 889]
[3, 11, 14, 33, 43, 44, 45, 49, 56, 57, 63, 71, 83, 84, 101, 113, 115, 128, 129, 140, 165, 169, 183, 187, 189, 194, 203, 216, 223, 232, 236, 243, 244, 254, 258, 261, 270, 276, 278, 284, 287, 289, 314, 315, 328, 334, 335, 343, 367, 369, 370, 373, 375, 380, 382, 394, 396, 402, 406, 407, 408, 413, 429, 442, 469, 474, 476, 483, 490, 493, 496, 499, 510, 511, 514, 536, 555, 559, 564, 577, 578, 588, 606, 614, 623, 633, 648, 664, 669, 671, 673, 676, 684, 693, 694, 705, 716, 723, 732, 739, 752, 762, 763, 764, 768, 772, 778, 783, 787, 792, 793, 797, 803, 814, 822, 838, 848, 852, 873, 875, 885, 886]

[0, 1, 2, 3, 4, 5, 7, 8, 9, 10, 11, 12, 13, 14, 15, 16, 17, 18, 19, 20, 22, 23, 24, 25, 26, 28, 29, 30, 32, 33, 34, 35, 36, 38, 41, 42, 43, 45, 46, 47, 48, 49, 50, 52, 53, 54, 55, 56, 57, 58, 59, 60, 61, 62, 63, 64, 65, 68, 69, 71, 72, 73, 74, 75, 77, 78, 79, 80, 82, 83, 84, 85, 86, 87, 88, 90, 91, 92, 93, 94, 95, 96, 98, 100, 101, 102, 103, 104, 105, 106, 107, 108, 109, 110, 114, 115, 116, 117, 118, 119, 120, 121, 122, 123, 124, 126, 127, 128, 130, 131, 132, 133, 134, 135, 136, 137, 138, 139, 140, 141, 142, 143, 144, 145, 146, 148, 149, 150, 151, 152, 154, 156, 157, 158, 159, 160, 161, 162, 163, 164, 165, 166, 167, 168, 169, 171, 172, 173, 174, 175, 176, 178, 179, 180, 182, 183, 184, 185, 186, 188, 190, 192, 193, 194, 195, 196, 197, 198, 200, 201, 202, 206, 207, 208, 209, 210, 211, 212, 213, 214, 215, 216, 217, 218, 219, 220, 221, 222, 223, 224, 226, 227, 228, 229, 230, 232, 234, 235, 236, 237, 238, 239, 240, 241, 242, 243, 244, 245, 246, 247, 248, 249, 251, 252, 254, 255, 256, 258, 259, 260, 261, 262, 263, 264, 265, 266, 267, 269, 270, 271, 272, 273, 276, 277, 278, 280, 281, 282, 284, 285, 286, 287, 288, 290, 291, 292, 293, 294, 295, 296, 297, 298, 299, 300, 302, 303, 304, 305, 307, 308, 309, 310, 312, 313, 314, 318, 319, 320, 321, 322, 323, 324, 325, 326, 327, 328, 329, 331, 332, 333, 335, 336, 337, 338, 339, 340, 341, 342, 343, 344, 345, 347, 348, 349, 350, 351, 352, 353, 354, 355, 356, 357, 358, 359, 360, 361, 362, 364, 365, 366, 367, 368, 370, 371, 372, 374, 376, 377, 378, 379, 380, 381, 382, 383, 384, 385, 386, 387, 388, 389, 391, 393, 394, 395, 396, 398, 400, 402, 403, 404, 405, 406, 409, 412, 413, 414, 415, 416, 417, 418, 419, 421, 423, 424, 425, 427, 428, 429, 430, 431, 432, 433, 434, 435, 436, 437, 438, 439, 440, 441, 442, 443, 444, 445, 446, 447, 448, 449, 451, 452, 453, 454, 455, 456, 457, 458, 459, 460, 461, 462, 463, 464, 465, 466, 467, 468, 469, 470, 471, 472, 473, 474, 475, 477, 478, 479, 480, 481, 482, 483, 484, 485, 486, 487, 488, 489, 490, 491, 492, 493, 494, 495, 496, 497, 498, 499, 500, 501, 502, 504, 505, 506, 507, 508, 509, 510, 511, 512, 513, 514, 515, 516, 517, 518, 519, 520, 521, 522, 524, 525, 526, 529, 532, 533, 534, 535, 536, 537, 538, 539, 540, 541, 542, 543, 544, 545, 546, 547, 549, 550, 551, 552, 554, 557, 558, 560, 561, 562, 563, 564, 565, 566, 567, 568, 570, 571, 572, 573, 574, 575, 576, 577, 578, 579, 580, 581, 583, 584, 585, 586, 587, 588, 589, 590, 591, 592, 593, 594, 595, 596, 597, 598, 599, 601, 602, 603, 604, 605, 606, 608, 609, 610, 611, 612, 613, 615, 617, 618, 619, 621, 622, 623, 624, 625, 626, 627, 628, 629, 630, 631, 632, 635, 637, 638, 639, 640, 641, 642, 643, 645, 647, 649, 650, 651, 652, 653, 654, 655, 657, 658, 659, 660, 661, 663, 664, 665, 666, 667, 668, 669, 670, 671, 673, 674, 675, 676, 678, 679, 680, 682, 683, 684, 685, 688, 689, 690, 691, 692, 693, 694, 695, 696, 697, 698, 699, 700, 701, 703, 704, 706, 710, 711, 712, 713, 714, 715, 716, 717, 718, 719, 721, 722, 723, 724, 725, 726, 727, 728, 729, 730, 731, 732, 734, 735, 736, 737, 738, 740, 741, 742, 743, 744, 745, 746, 747, 748, 749, 750, 751, 752, 753, 755, 756, 758, 759, 761, 762, 763, 764, 766, 767, 768, 769, 770, 771, 772, 773, 774, 775, 776, 777, 778, 779, 780, 781, 782, 783, 784, 785, 786, 787, 788, 789, 790, 791, 793, 794, 795, 796, 798, 799, 800, 801, 802, 803, 804, 805, 807, 808, 809, 810, 811, 812, 814, 815, 816, 817, 818, 819, 820, 822, 823, 824, 825, 827, 828, 829, 830, 831, 832, 833, 834, 835, 836, 837, 839, 840, 841, 842, 843, 844, 845, 846, 847, 848, 849, 850, 851, 852, 853, 854, 855, 857, 858, 859, 861, 862, 863, 864, 865, 866, 868, 869, 870, 871, 873, 875, 876, 878, 879, 880, 881, 882, 883, 884, 885, 886, 887, 888, 889]
[3, 11, 14, 33, 43, 44, 45, 49, 56, 57, 63, 71, 83, 84, 101, 113, 115, 128, 129, 140, 165, 169, 183, 187, 189, 194, 203, 216, 223, 232, 236, 243, 244, 254, 258, 261, 270, 276, 278, 284, 287, 289, 314, 315, 328, 334, 335, 343, 367, 369, 370, 373, 375, 380, 382, 394, 396, 402, 406, 407, 408, 413, 429, 442, 469, 474, 476, 483, 490, 493, 496, 499, 510, 511, 514, 536, 555, 559, 564, 577, 578, 588, 606, 614, 623, 633, 648, 664, 669, 671, 673, 676, 684, 693, 694, 705, 716, 723, 732, 739, 752, 762, 763, 764, 768, 772, 778, 783, 787, 792, 793, 797, 803, 814, 822, 838, 848, 852, 873, 875, 885, 886]

[0, 1, 2, 3, 4, 5, 7, 8, 9, 10, 11, 12, 13, 14, 15, 16, 17, 18, 19, 20, 22, 23, 24, 25, 26, 28, 29, 30, 31, 32, 33, 34, 35, 36, 38, 39, 40, 41, 42, 43, 45, 46, 47, 48, 49, 50, 52, 53, 54, 55, 56, 57, 58, 59, 60, 61, 62, 63, 64, 65, 68, 69, 71, 72, 73, 74, 75, 77, 78, 79, 80, 82, 83, 84, 85, 86, 87, 88, 90, 91, 92, 93, 94, 95, 96, 98, 100, 101, 102, 103, 104, 105, 106, 107, 108, 109, 110, 114, 115, 116, 117, 118, 119, 120, 121, 122, 123, 124, 126, 127, 128, 130, 131, 132, 133, 134, 135, 136, 137, 138, 139, 140, 141, 142, 143, 144, 145, 146, 148, 149, 150, 151, 152, 153, 154, 156, 157, 158, 159, 160, 161, 162, 163, 164, 165, 166, 167, 168, 169, 170, 171, 172, 173, 174, 175, 176, 178, 179, 180, 181, 182, 183, 184, 185, 186, 188, 190, 192, 193, 194, 195, 196, 197, 198, 200, 201, 202, 204, 206, 207, 208, 209, 210, 211, 212, 213, 214, 215, 216, 217, 218, 219, 220, 221, 222, 223, 224, 225, 226, 227, 228, 229, 230, 232, 234, 235, 236, 237, 238, 239, 240, 241, 242, 243, 244, 245, 246, 247, 248, 249, 251, 252, 254, 255, 256, 258, 259, 260, 261, 262, 263, 264, 265, 266, 267, 268, 269, 270, 271, 272, 273, 276, 277, 278, 280, 281, 282, 284, 285, 286, 287, 288, 290, 291, 292, 293, 294, 295, 296, 297, 298, 299, 300, 302, 303, 304, 305, 307, 308, 309, 310, 312, 313, 314, 316, 317, 318, 319, 320, 321, 322, 323, 324, 325, 326, 327, 328, 329, 331, 332, 333, 335, 336, 337, 338, 339, 340, 341, 342, 343, 344, 345, 347, 348, 349, 350, 351, 352, 353, 354, 355, 356, 357, 358, 359, 360, 361, 362, 364, 365, 366, 367, 368, 370, 371, 372, 374, 376, 377, 378, 379, 380, 381, 382, 383, 384, 385, 386, 387, 388, 389, 391, 392, 393, 394, 395, 396, 398, 400, 402, 403, 404, 405, 406, 409, 412, 413, 414, 415, 416, 417, 418, 419, 421, 423, 424, 425, 427, 428, 429, 430, 431, 432, 433, 434, 435, 436, 437, 438, 439, 440, 441, 442, 443, 444, 445, 446, 447, 448, 449, 450, 451, 452, 453, 454, 455, 456, 457, 458, 459, 460, 461, 462, 463, 464, 465, 466, 467, 468, 469, 470, 471, 472, 473, 474, 475, 476, 477, 478, 479, 480, 481, 482, 483, 484, 485, 486, 487, 488, 489, 490, 491, 492, 493, 494, 495, 496, 497, 498, 499, 500, 501, 502, 504, 505, 506, 507, 508, 509, 510, 511, 512, 513, 514, 515, 516, 517, 518, 519, 520, 521, 522, 524, 525, 526, 529, 532, 533, 534, 535, 536, 537, 538, 539, 540, 541, 542, 543, 544, 545, 546, 547, 549, 550, 551, 552, 554, 556, 557, 558, 560, 561, 562, 563, 564, 565, 566, 567, 568, 570, 571, 572, 573, 574, 575, 576, 577, 578, 579, 580, 581, 583, 584, 585, 586, 587, 588, 589, 590, 591, 592, 593, 594, 595, 596, 597, 598, 599, 601, 602, 603, 604, 605, 606, 608, 609, 610, 611, 612, 613, 615, 616, 617, 618, 619, 621, 622, 623, 624, 625, 626, 627, 628, 629, 630, 631, 632, 635, 637, 638, 639, 640, 641, 642, 643, 645, 647, 649, 650, 651, 652, 653, 654, 655, 657, 658, 659, 660, 661, 662, 663, 664, 665, 666, 667, 668, 669, 670, 671, 672, 673, 674, 675, 676, 678, 679, 680, 682, 683, 684, 685, 688, 689, 690, 691, 692, 693, 694, 695, 696, 697, 698, 699, 700, 701, 703, 704, 706, 708, 710, 711, 712, 713, 714, 715, 716, 717, 718, 719, 721, 722, 723, 724, 725, 726, 727, 728, 729, 730, 731, 732, 734, 735, 736, 737, 738, 740, 741, 742, 743, 744, 745, 746, 747, 748, 749, 750, 751, 752, 753, 755, 756, 758, 759, 760, 761, 762, 763, 764, 766, 767, 768, 769, 770, 771, 772, 773, 774, 775, 776, 777, 778, 779, 780, 781, 782, 783, 784, 785, 786, 787, 788, 789, 790, 791, 792, 793, 794, 795, 796, 798, 799, 800, 801, 802, 803, 804, 805, 807, 808, 809, 810, 811, 812, 814, 815, 816, 817, 818, 819, 820, 822, 823, 824, 825, 826, 827, 828, 829, 830, 831, 832, 833, 834, 835, 836, 837, 839, 840, 841, 842, 843, 844, 845, 846, 847, 848, 849, 850, 851, 852, 853, 854, 855, 857, 858, 859, 861, 862, 863, 864, 865, 866, 867, 868, 869, 870, 871, 872, 873, 875, 876, 878, 879, 880, 881, 882, 883, 884, 885, 886, 887, 888, 889]
[3, 11, 14, 33, 43, 44, 45, 49, 56, 57, 63, 71, 83, 84, 101, 113, 115, 128, 129, 140, 165, 169, 183, 187, 189, 194, 203, 216, 223, 232, 236, 243, 244, 254, 258, 261, 270, 276, 278, 284, 287, 289, 314, 315, 328, 334, 335, 343, 367, 369, 370, 373, 375, 380, 382, 394, 396, 402, 406, 407, 408, 413, 429, 442, 469, 474, 476, 483, 490, 493, 496, 499, 510, 511, 514, 536, 555, 559, 564, 577, 578, 588, 606, 614, 623, 633, 648, 664, 669, 671, 673, 676, 684, 693, 694, 705, 716, 723, 732, 739, 752, 762, 763, 764, 768, 772, 778, 783, 787, 792, 793, 797, 803, 814, 822, 838, 848, 852, 873, 875, 885, 886]

