[45, 66, 86, 105, 114, 129, 178, 206, 425, 448, 522, 651, 691, 711, 750, 772, 778, 788, 811, 861, 882, 883]
[4, 59, 73, 153, 170, 181, 242, 307, 350, 361, 388, 401, 413, 464, 482, 525, 595, 719, 747, 753, 775, 829]

[45, 66, 86, 105, 114, 129, 178, 206, 425, 448, 522, 651, 691, 711, 750, 772, 778, 788, 811, 861, 882, 883]
[4, 13, 17, 21, 22, 35, 36, 46, 59, 61, 62, 64, 70, 73, 84, 108, 136, 137, 148, 153, 159, 170, 172, 181, 185, 187, 189, 197, 200, 208, 217, 219, 226, 230, 237, 242, 243, 260, 267, 270, 271, 283, 291, 301, 306, 307, 316, 317, 343, 345, 347, 348, 350, 356, 357, 358, 361, 373, 374, 388, 401, 403, 405, 406, 408, 413, 453, 454, 464, 482, 487, 503, 515, 525, 526, 540, 553, 562, 566, 568, 583, 595, 604, 608, 615, 627, 643, 648, 658, 674, 678, 683, 689, 690, 692, 709, 712, 719, 723, 732, 747, 753, 757, 758, 759, 765, 766, 770, 775, 780, 805, 806, 807, 809, 819, 825, 829, 832, 851, 854, 862, 868, 875, 877]

[9, 14, 45, 49, 66, 86, 93, 102, 105, 114, 129, 178, 206, 245, 315, 353, 376, 380, 403, 425, 448, 482, 499, 522, 586, 599, 628, 651, 686, 691, 711, 737, 741, 750, 772, 778, 788, 811, 820, 838, 839, 860, 861, 870, 879, 882, 883]
[4, 13, 17, 21, 22, 35, 36, 46, 59, 61, 62, 64, 70, 73, 84, 108, 136, 137, 148, 153, 159, 170, 172, 181, 185, 187, 189, 197, 200, 208, 217, 219, 226, 230, 237, 242, 243, 260, 267, 270, 271, 283, 291, 301, 306, 307, 316, 317, 343, 345, 347, 348, 350, 356, 357, 358, 361, 373, 374, 388, 401, 403, 405, 406, 408, 413, 453, 454, 464, 482, 487, 503, 515, 525, 526, 540, 553, 562, 566, 568, 583, 595, 604, 608, 615, 627, 643, 648, 658, 674, 678, 683, 689, 690, 692, 709, 712, 719, 723, 732, 747, 753, 757, 758, 759, 765, 766, 770, 775, 780, 805, 806, 807, 809, 819, 825, 829, 832, 851, 854, 862, 868, 875, 877]

[9, 10, 14, 45, 49, 59, 66, 86, 93, 102, 105, 114, 129, 178, 179, 196, 206, 245, 295, 297, 315, 335, 338, 350, 353, 376, 380, 383, 391, 403, 425, 448, 473, 482, 499, 522, 526, 537, 586, 599, 603, 605, 610, 612, 628, 651, 658, 686, 689, 691, 697, 701, 709, 711, 729, 732, 733, 737, 741, 750, 772, 778, 788, 811, 820, 831, 838, 839, 860, 861, 870, 879, 882, 883]
[4, 13, 17, 21, 22, 35, 36, 46, 59, 61, 62, 64, 70, 73, 84, 108, 136, 137, 148, 153, 159, 170, 172, 181, 185, 187, 189, 197, 200, 208, 217, 219, 226, 230, 237, 242, 243, 260, 267, 270, 271, 283, 291, 301, 306, 307, 316, 317, 343, 345, 347, 348, 350, 356, 357, 358, 361, 373, 374, 388, 401, 403, 405, 406, 408, 413, 453, 454, 464, 482, 487, 503, 515, 525, 526, 540, 553, 562, 566, 568, 583, 595, 604, 608, 615, 627, 643, 648, 658, 674, 678, 683, 689, 690, 692, 709, 712, 719, 723, 732, 747, 753, 757, 758, 759, 765, 766, 770, 775, 780, 805, 806, 807, 809, 819, 825, 829, 832, 851, 854, 862, 868, 875, 877]

[9, 10, 14, 18, 45, 49, 59, 66, 86, 93, 95, 102, 105, 114, 118, 127, 129, 172, 178, 179, 196, 206, 240, 245, 271, 275, 277, 286, 295, 297, 302, 304, 312, 315, 330, 335, 338, 350, 353, 366, 376, 380, 383, 391, 403, 425, 429, 448, 473, 482, 491, 499, 501, 516, 522, 526, 537, 586, 599, 603, 605, 610, 612, 623, 628, 651, 655, 658, 684, 686, 689, 691, 697, 701, 709, 711, 729, 732, 733, 734, 735, 737, 741, 750, 772, 778, 787, 788, 811, 820, 831, 838, 839, 860, 861, 870, 879, 882, 883]
[4, 13, 17, 21, 22, 35, 36, 46, 59, 61, 62, 64, 70, 73, 84, 108, 136, 137, 148, 153, 159, 170, 172, 181, 185, 187, 189, 197, 200, 208, 217, 219, 226, 230, 237, 242, 243, 260, 267, 270, 271, 283, 291, 301, 306, 307, 316, 317, 343, 345, 347, 348, 350, 356, 357, 358, 361, 373, 374, 388, 401, 403, 405, 406, 408, 413, 453, 454, 464, 482, 487, 503, 515, 525, 526, 540, 553, 562, 566, 568, 583, 595, 604, 608, 615, 627, 643, 648, 658, 674, 678, 683, 689, 690, 692, 709, 712, 719, 723, 732, 747, 753, 757, 758, 759, 765, 766, 770, 775, 780, 805, 806, 807, 809, 819, 825, 829, 832, 851, 854, 862, 868, 875, 877]

[9, 10, 14, 17, 18, 45, 49, 59, 66, 86, 93, 95, 102, 105, 114, 118, 127, 129, 131, 136, 137, 154, 172, 178, 179, 196, 206, 219, 223, 240, 245, 269, 271, 275, 277, 286, 295, 297, 302, 304, 312, 315, 330, 335, 338, 350, 353, 360, 366, 376, 380, 383, 391, 403, 415, 425, 429, 448, 473, 474, 482, 491, 499, 501, 516, 518, 522, 525, 526, 537, 541, 558, 568, 569, 586, 599, 603, 605, 610, 612, 617, 623, 628, 651, 655, 658, 661, 662, 672, 684, 685, 686, 687, 689, 691, 697, 701, 705, 709, 711, 725, 729, 731, 732, 733, 734, 735, 737, 741, 750, 763, 772, 778, 787, 788, 791, 800, 811, 820, 831, 838, 839, 860, 861, 870, 879, 882, 883]
[4, 13, 17, 21, 22, 35, 36, 46, 59, 61, 62, 64, 70, 73, 84, 108, 136, 137, 148, 153, 159, 170, 172, 181, 185, 187, 189, 197, 200, 208, 217, 219, 226, 230, 237, 242, 243, 260, 267, 270, 271, 283, 291, 301, 306, 307, 316, 317, 343, 345, 347, 348, 350, 356, 357, 358, 361, 373, 374, 388, 401, 403, 405, 406, 408, 413, 453, 454, 464, 482, 487, 503, 515, 525, 526, 540, 553, 562, 566, 568, 583, 595, 604, 608, 615, 627, 643, 648, 658, 674, 678, 683, 689, 690, 692, 709, 712, 719, 723, 732, 747, 753, 757, 758, 759, 765, 766, 770, 775, 780, 805, 806, 807, 809, 819, 825, 829, 832, 851, 854, 862, 868, 875, 877]

[1, 9, 10, 14, 17, 18, 30, 45, 48, 49, 59, 66, 83, 85, 86, 93, 95, 102, 105, 114, 118, 127, 129, 131, 136, 137, 139, 154, 172, 178, 179, 183, 196, 206, 212, 213, 219, 223, 236, 240, 245, 251, 262, 269, 271, 275, 277, 285, 286, 295, 297, 302, 304, 312, 315, 330, 331, 335, 338, 350, 353, 360, 366, 376, 380, 383, 387, 391, 403, 404, 415, 425, 429, 448, 473, 474, 482, 489, 491, 499, 501, 516, 517, 518, 522, 523, 525, 526, 537, 541, 558, 559, 568, 569, 586, 599, 603, 605, 610, 612, 617, 623, 628, 629, 651, 655, 658, 661, 662, 665, 672, 684, 685, 686, 687, 689, 691, 697, 701, 705, 709, 711, 712, 725, 729, 731, 732, 733, 734, 735, 737, 741, 750, 763, 765, 772, 778, 787, 788, 789, 791, 800, 811, 820, 823, 831, 838, 839, 840, 856, 860, 861, 870, 879, 882, 883, 886]
[4, 13, 17, 21, 22, 35, 36, 46, 59, 61, 62, 64, 70, 73, 84, 108, 136, 137, 148, 153, 159, 170, 172, 181, 185, 187, 189, 197, 200, 208, 217, 219, 226, 230, 237, 242, 243, 260, 267, 270, 271, 283, 291, 301, 306, 307, 316, 317, 343, 345, 347, 348, 350, 356, 357, 358, 361, 373, 374, 388, 401, 403, 405, 406, 408, 413, 453, 454, 464, 482, 487, 503, 515, 525, 526, 540, 553, 562, 566, 568, 583, 595, 604, 608, 615, 627, 643, 648, 658, 674, 678, 683, 689, 690, 692, 709, 712, 719, 723, 732, 747, 753, 757, 758, 759, 765, 766, 770, 775, 780, 805, 806, 807, 809, 819, 825, 829, 832, 851, 854, 862, 868, 875, 877]

[1, 9, 10, 11, 14, 17, 18, 30, 45, 48, 49, 59, 64, 66, 67, 82, 83, 85, 86, 93, 95, 102, 105, 106, 107, 114, 118, 127, 129, 131, 136, 137, 139, 147, 154, 172, 176, 178, 179, 183, 196, 206, 212, 213, 219, 223, 236, 240, 245, 248, 251, 262, 269, 271, 275, 277, 280, 285, 286, 292, 295, 297, 302, 304, 305, 312, 315, 330, 331, 335, 336, 338, 350, 353, 360, 366, 376, 380, 383, 386, 387, 391, 403, 404, 405, 407, 415, 425, 429, 448, 473, 474, 482, 489, 491, 499, 501, 516, 517, 518, 522, 523, 525, 526, 537, 541, 555, 558, 559, 562, 568, 569, 573, 586, 589, 599, 603, 605, 610, 612, 617, 623, 628, 629, 637, 651, 655, 658, 661, 662, 665, 667, 672, 684, 685, 686, 687, 689, 691, 692, 697, 699, 701, 705, 709, 711, 712, 713, 725, 729, 731, 732, 733, 734, 735, 737, 741, 750, 753, 763, 765, 766, 772, 778, 787, 788, 789, 791, 800, 811, 820, 823, 831, 838, 839, 840, 856, 860, 861, 870, 875, 879, 882, 883, 886]
[4, 13, 17, 21, 22, 35, 36, 46, 59, 61, 62, 64, 70, 73, 84, 108, 136, 137, 148, 153, 159, 170, 172, 181, 185, 187, 189, 197, 200, 208, 217, 219, 226, 230, 237, 242, 243, 260, 267, 270, 271, 283, 291, 301, 306, 307, 316, 317, 343, 345, 347, 348, 350, 356, 357, 358, 361, 373, 374, 388, 401, 403, 405, 406, 408, 413, 453, 454, 464, 482, 487, 503, 515, 525, 526, 540, 553, 562, 566, 568, 583, 595, 604, 608, 615, 627, 643, 648, 658, 674, 678, 683, 689, 690, 692, 709, 712, 719, 723, 732, 747, 753, 757, 758, 759, 765, 766, 770, 775, 780, 805, 806, 807, 809, 819, 825, 829, 832, 851, 854, 862, 868, 875, 877]

[1, 9, 10, 11, 14, 17, 18, 28, 30, 45, 48, 49, 59, 64, 66, 67, 71, 78, 82, 83, 85, 86, 93, 95, 102, 105, 106, 107, 112, 114, 117, 118, 127, 129, 131, 133, 136, 137, 139, 147, 154, 166, 167, 172, 176, 178, 179, 183, 196, 206, 212, 213, 219, 222, 223, 236, 240, 245, 248, 251, 262, 269, 271, 275, 277, 280, 285, 286, 292, 295, 297, 302, 304, 305, 312, 315, 330, 331, 335, 336, 338, 350, 353, 354, 360, 366, 376, 380, 383, 386, 387, 391, 396, 403, 404, 405, 407, 415, 425, 429, 448, 473, 474, 482, 489, 491, 499, 501, 516, 517, 518, 522, 523, 525, 526, 537, 541, 555, 558, 559, 562, 568, 569, 573, 586, 589, 598, 599, 603, 604, 605, 610, 612, 617, 618, 621, 623, 625, 628, 629, 637, 651, 655, 658, 661, 662, 665, 667, 672, 682, 684, 685, 686, 687, 689, 691, 692, 697, 699, 701, 705, 709, 711, 712, 713, 725, 726, 729, 731, 732, 733, 734, 735, 737, 741, 750, 751, 753, 763, 765, 766, 772, 778, 783, 787, 788, 789, 791, 795, 800, 802, 811, 820, 823, 828, 830, 831, 838, 839, 840, 848, 856, 860, 861, 870, 875, 879, 882, 883, 886]
[4, 13, 17, 21, 22, 35, 36, 46, 59, 61, 62, 64, 70, 73, 84, 108, 136, 137, 148, 153, 159, 170, 172, 181, 185, 187, 189, 197, 200, 208, 217, 219, 226, 230, 237, 242, 243, 260, 267, 270, 271, 283, 291, 301, 306, 307, 316, 317, 343, 345, 347, 348, 350, 356, 357, 358, 361, 373, 374, 388, 401, 403, 405, 406, 408, 413, 453, 454, 464, 482, 487, 503, 515, 525, 526, 540, 553, 562, 566, 568, 583, 595, 604, 608, 615, 627, 643, 648, 658, 674, 678, 683, 689, 690, 692, 709, 712, 719, 723, 732, 747, 753, 757, 758, 759, 765, 766, 770, 775, 780, 805, 806, 807, 809, 819, 825, 829, 832, 851, 854, 862, 868, 875, 877]

[1, 9, 10, 11, 14, 17, 18, 23, 28, 30, 45, 48, 49, 54, 59, 64, 66, 67, 71, 78, 82, 83, 85, 86, 87, 93, 95, 102, 103, 104, 105, 106, 107, 112, 114, 117, 118, 127, 129, 131, 133, 136, 137, 139, 147, 154, 166, 167, 172, 176, 177, 178, 179, 183, 190, 196, 206, 212, 213, 219, 222, 223, 236, 240, 245, 248, 249, 251, 262, 269, 271, 275, 277, 280, 285, 286, 292, 294, 295, 297, 302, 304, 305, 312, 315, 319, 330, 331, 335, 336, 338, 347, 350, 353, 354, 359, 360, 366, 376, 380, 383, 386, 387, 391, 396, 403, 404, 405, 407, 415, 418, 425, 429, 447, 448, 473, 474, 482, 488, 489, 491, 499, 501, 502, 516, 517, 518, 520, 522, 523, 525, 526, 537, 541, 555, 558, 559, 562, 566, 568, 569, 573, 586, 589, 598, 599, 603, 604, 605, 610, 612, 617, 618, 621, 623, 625, 628, 629, 637, 651, 653, 655, 658, 661, 662, 665, 667, 672, 682, 684, 685, 686, 687, 689, 691, 692, 695, 697, 699, 701, 703, 704, 705, 709, 711, 712, 713, 725, 726, 729, 731, 732, 733, 734, 735, 737, 740, 741, 750, 751, 753, 763, 765, 766, 772, 778, 783, 787, 788, 789, 791, 795, 800, 802, 809, 811, 813, 820, 823, 828, 830, 831, 838, 839, 840, 848, 856, 860, 861, 870, 875, 879, 882, 883, 886]
[4, 13, 17, 21, 22, 35, 36, 46, 59, 61, 62, 64, 70, 73, 84, 108, 136, 137, 148, 153, 159, 170, 172, 181, 185, 187, 189, 197, 200, 208, 217, 219, 226, 230, 237, 242, 243, 260, 267, 270, 271, 283, 291, 301, 306, 307, 316, 317, 343, 345, 347, 348, 350, 356, 357, 358, 361, 373, 374, 388, 401, 403, 405, 406, 408, 413, 453, 454, 464, 482, 487, 503, 515, 525, 526, 540, 553, 562, 566, 568, 583, 595, 604, 608, 615, 627, 643, 648, 658, 674, 678, 683, 689, 690, 692, 709, 712, 719, 723, 732, 747, 753, 757, 758, 759, 765, 766, 770, 775, 780, 805, 806, 807, 809, 819, 825, 829, 832, 851, 854, 862, 868, 875, 877]

[1, 8, 9, 10, 11, 14, 17, 18, 23, 28, 30, 39, 45, 48, 49, 54, 59, 64, 66, 67, 71, 78, 82, 83, 85, 86, 87, 93, 95, 102, 103, 104, 105, 106, 107, 112, 114, 115, 117, 118, 127, 129, 131, 133, 136, 137, 139, 143, 146, 147, 154, 166, 167, 172, 176, 177, 178, 179, 183, 190, 196, 206, 212, 213, 217, 219, 222, 223, 224, 228, 230, 236, 240, 245, 248, 249, 251, 262, 269, 271, 275, 277, 280, 285, 286, 287, 292, 294, 295, 297, 301, 302, 304, 305, 312, 315, 319, 330, 331, 335, 336, 338, 347, 350, 353, 354, 359, 360, 366, 373, 376, 380, 383, 386, 387, 391, 393, 396, 403, 404, 405, 407, 415, 418, 419, 425, 429, 447, 448, 473, 474, 482, 488, 489, 491, 497, 499, 501, 502, 516, 517, 518, 520, 522, 523, 525, 526, 536, 537, 541, 545, 552, 555, 558, 559, 562, 566, 568, 569, 572, 573, 586, 589, 598, 599, 601, 603, 604, 605, 610, 612, 617, 618, 621, 623, 625, 628, 629, 637, 651, 653, 655, 658, 661, 662, 665, 667, 672, 682, 684, 685, 686, 687, 689, 691, 692, 695, 697, 699, 701, 703, 704, 705, 709, 711, 712, 713, 722, 725, 726, 729, 731, 732, 733, 734, 735, 737, 740, 741, 750, 751, 753, 760, 763, 765, 766, 772, 778, 783, 787, 788, 789, 791, 795, 800, 802, 809, 811, 813, 816, 817, 820, 823, 828, 830, 831, 838, 839, 840, 848, 856, 860, 861, 870, 875, 879, 882, 883, 886, 889]
[4, 13, 17, 21, 22, 35, 36, 46, 59, 61, 62, 64, 70, 73, 84, 108, 136, 137, 148, 153, 159, 170, 172, 181, 185, 187, 189, 197, 200, 208, 217, 219, 226, 230, 237, 242, 243, 260, 267, 270, 271, 283, 291, 301, 306, 307, 316, 317, 343, 345, 347, 348, 350, 356, 357, 358, 361, 373, 374, 388, 401, 403, 405, 406, 408, 413, 453, 454, 464, 482, 487, 503, 515, 525, 526, 540, 553, 562, 566, 568, 583, 595, 604, 608, 615, 627, 643, 648, 658, 674, 678, 683, 689, 690, 692, 709, 712, 719, 723, 732, 747, 753, 757, 758, 759, 765, 766, 770, 775, 780, 805, 806, 807, 809, 819, 825, 829, 832, 851, 854, 862, 868, 875, 877]

[1, 8, 9, 10, 11, 14, 17, 18, 23, 28, 29, 30, 34, 39, 45, 48, 49, 54, 59, 64, 66, 67, 71, 78, 82, 83, 84, 85, 86, 87, 93, 95, 102, 103, 104, 105, 106, 107, 112, 114, 115, 117, 118, 127, 129, 131, 133, 136, 137, 139, 143, 146, 147, 154, 166, 167, 172, 176, 177, 178, 179, 183, 190, 196, 199, 206, 208, 212, 213, 217, 218, 219, 222, 223, 224, 228, 230, 236, 240, 245, 248, 249, 251, 262, 269, 271, 275, 277, 279, 280, 285, 286, 287, 292, 293, 294, 295, 297, 299, 301, 302, 304, 305, 312, 315, 319, 330, 331, 335, 336, 338, 347, 350, 353, 354, 359, 360, 366, 373, 376, 380, 383, 386, 387, 391, 393, 395, 396, 403, 404, 405, 407, 411, 415, 418, 419, 425, 429, 435, 441, 447, 448, 465, 473, 474, 482, 488, 489, 491, 495, 497, 499, 501, 502, 514, 516, 517, 518, 520, 522, 523, 525, 526, 536, 537, 540, 541, 545, 552, 555, 558, 559, 562, 566, 568, 569, 572, 573, 586, 589, 590, 598, 599, 601, 603, 604, 605, 610, 612, 617, 618, 621, 623, 625, 628, 629, 637, 651, 653, 655, 658, 661, 662, 665, 667, 671, 672, 677, 681, 682, 684, 685, 686, 687, 689, 690, 691, 692, 694, 695, 697, 699, 701, 703, 704, 705, 709, 711, 712, 713, 722, 725, 726, 727, 729, 731, 732, 733, 734, 735, 737, 740, 741, 750, 751, 753, 760, 763, 765, 766, 772, 778, 783, 787, 788, 789, 791, 795, 800, 802, 809, 811, 813, 816, 817, 820, 823, 828, 830, 831, 832, 838, 839, 840, 848, 856, 860, 861, 870, 875, 879, 882, 883, 886, 889]
[4, 13, 17, 21, 22, 35, 36, 46, 59, 61, 62, 64, 70, 73, 84, 108, 136, 137, 148, 153, 159, 170, 172, 181, 185, 187, 189, 197, 200, 208, 217, 219, 226, 230, 237, 242, 243, 260, 267, 270, 271, 283, 291, 301, 306, 307, 316, 317, 343, 345, 347, 348, 350, 356, 357, 358, 361, 373, 374, 388, 401, 403, 405, 406, 408, 413, 453, 454, 464, 482, 487, 503, 515, 525, 526, 540, 553, 562, 566, 568, 583, 595, 604, 608, 615, 627, 643, 648, 658, 674, 678, 683, 689, 690, 692, 709, 712, 719, 723, 732, 747, 753, 757, 758, 759, 765, 766, 770, 775, 780, 805, 806, 807, 809, 819, 825, 829, 832, 851, 854, 862, 868, 875, 877]

[1, 8, 9, 10, 11, 14, 17, 18, 23, 28, 29, 30, 34, 37, 39, 45, 48, 49, 54, 59, 64, 66, 67, 71, 78, 82, 83, 84, 85, 86, 87, 93, 95, 102, 103, 104, 105, 106, 107, 112, 114, 115, 117, 118, 127, 129, 131, 133, 134, 136, 137, 139, 143, 146, 147, 154, 166, 167, 168, 171, 172, 174, 175, 176, 177, 178, 179, 183, 190, 196, 198, 199, 200, 206, 208, 212, 213, 217, 218, 219, 222, 223, 224, 228, 230, 236, 240, 245, 248, 249, 251, 262, 269, 271, 275, 277, 279, 280, 285, 286, 287, 292, 293, 294, 295, 297, 299, 301, 302, 304, 305, 308, 312, 315, 318, 319, 330, 331, 335, 336, 338, 347, 350, 353, 354, 357, 359, 360, 366, 368, 373, 376, 380, 383, 386, 387, 391, 393, 395, 396, 399, 403, 404, 405, 407, 411, 415, 418, 419, 425, 429, 430, 435, 441, 447, 448, 465, 473, 474, 482, 487, 488, 489, 491, 495, 497, 499, 501, 502, 503, 514, 516, 517, 518, 520, 522, 523, 525, 526, 527, 536, 537, 540, 541, 545, 548, 552, 555, 558, 559, 562, 566, 568, 569, 572, 573, 585, 586, 589, 590, 598, 599, 601, 603, 604, 605, 610, 612, 617, 618, 621, 623, 625, 628, 629, 637, 651, 653, 655, 658, 661, 662, 665, 667, 671, 672, 677, 680, 681, 682, 684, 685, 686, 687, 689, 690, 691, 692, 694, 695, 696, 697, 699, 701, 703, 704, 705, 709, 711, 712, 713, 722, 725, 726, 727, 729, 731, 732, 733, 734, 735, 737, 740, 741, 750, 751, 753, 760, 763, 765, 766, 772, 778, 783, 787, 788, 789, 791, 795, 800, 802, 806, 809, 811, 813, 816, 817, 820, 823, 828, 830, 831, 832, 834, 838, 839, 840, 848, 852, 856, 860, 861, 870, 875, 879, 882, 883, 885, 886, 889]
[4, 13, 17, 21, 22, 35, 36, 46, 59, 61, 62, 64, 70, 73, 84, 108, 136, 137, 148, 153, 159, 170, 172, 181, 185, 187, 189, 197, 200, 208, 217, 219, 226, 230, 237, 242, 243, 260, 267, 270, 271, 283, 291, 301, 306, 307, 316, 317, 343, 345, 347, 348, 350, 356, 357, 358, 361, 373, 374, 388, 401, 403, 405, 406, 408, 413, 453, 454, 464, 482, 487, 503, 515, 525, 526, 540, 553, 562, 566, 568, 583, 595, 604, 608, 615, 627, 643, 648, 658, 674, 678, 683, 689, 690, 692, 709, 712, 719, 723, 732, 747, 753, 757, 758, 759, 765, 766, 770, 775, 780, 805, 806, 807, 809, 819, 825, 829, 832, 851, 854, 862, 868, 875, 877]

[1, 8, 9, 10, 11, 14, 17, 18, 23, 28, 29, 30, 34, 37, 39, 45, 48, 49, 52, 54, 58, 59, 64, 66, 67, 71, 78, 82, 83, 84, 85, 86, 87, 93, 95, 102, 103, 104, 105, 106, 107, 112, 114, 115, 117, 118, 119, 127, 129, 130, 131, 133, 134, 136, 137, 139, 143, 146, 147, 154, 160, 166, 167, 168, 171, 172, 174, 175, 176, 177, 178, 179, 183, 190, 196, 198, 199, 200, 206, 208, 212, 213, 217, 218, 219, 222, 223, 224, 228, 230, 236, 240, 245, 248, 249, 250, 251, 253, 262, 269, 271, 275, 276, 277, 278, 279, 280, 285, 286, 287, 292, 293, 294, 295, 297, 299, 301, 302, 304, 305, 308, 312, 315, 318, 319, 330, 331, 335, 336, 338, 347, 350, 353, 354, 357, 359, 360, 366, 368, 373, 376, 380, 383, 386, 387, 391, 393, 395, 396, 399, 403, 404, 405, 407, 411, 415, 418, 419, 425, 429, 430, 435, 441, 447, 448, 452, 465, 473, 474, 482, 487, 488, 489, 491, 495, 497, 499, 501, 502, 503, 514, 516, 517, 518, 520, 522, 523, 525, 526, 527, 534, 536, 537, 540, 541, 545, 548, 552, 555, 558, 559, 562, 563, 565, 566, 568, 569, 572, 573, 585, 586, 589, 590, 593, 598, 599, 600, 601, 603, 604, 605, 610, 612, 617, 618, 620, 621, 623, 625, 628, 629, 630, 637, 640, 651, 653, 655, 658, 661, 662, 665, 667, 671, 672, 677, 680, 681, 682, 684, 685, 686, 687, 688, 689, 690, 691, 692, 694, 695, 696, 697, 699, 701, 703, 704, 705, 709, 711, 712, 713, 719, 722, 725, 726, 727, 729, 730, 731, 732, 733, 734, 735, 737, 740, 741, 750, 751, 753, 760, 762, 763, 765, 766, 772, 778, 780, 783, 787, 788, 789, 791, 795, 800, 802, 806, 809, 811, 813, 816, 817, 820, 823, 828, 830, 831, 832, 834, 837, 838, 839, 840, 848, 852, 856, 860, 861, 870, 875, 879, 881, 882, 883, 885, 886, 889]
[4, 13, 17, 21, 22, 35, 36, 46, 59, 61, 62, 64, 70, 73, 84, 108, 136, 137, 148, 153, 159, 170, 172, 181, 185, 187, 189, 197, 200, 208, 217, 219, 226, 230, 237, 242, 243, 260, 267, 270, 271, 283, 291, 301, 306, 307, 316, 317, 343, 345, 347, 348, 350, 356, 357, 358, 361, 373, 374, 388, 401, 403, 405, 406, 408, 413, 453, 454, 464, 482, 487, 503, 515, 525, 526, 540, 553, 562, 566, 568, 583, 595, 604, 608, 615, 627, 643, 648, 658, 674, 678, 683, 689, 690, 692, 709, 712, 719, 723, 732, 747, 753, 757, 758, 759, 765, 766, 770, 775, 780, 805, 806, 807, 809, 819, 825, 829, 832, 851, 854, 862, 868, 875, 877]

[1, 8, 9, 10, 11, 14, 17, 18, 23, 28, 29, 30, 34, 37, 39, 43, 45, 48, 49, 52, 54, 58, 59, 62, 64, 66, 67, 71, 73, 78, 82, 83, 84, 85, 86, 87, 93, 95, 98, 102, 103, 104, 105, 106, 107, 112, 114, 115, 117, 118, 119, 127, 129, 130, 131, 133, 134, 136, 137, 139, 143, 146, 147, 152, 154, 156, 160, 166, 167, 168, 171, 172, 174, 175, 176, 177, 178, 179, 183, 190, 196, 198, 199, 200, 206, 208, 210, 212, 213, 217, 218, 219, 222, 223, 224, 228, 230, 236, 240, 245, 248, 249, 250, 251, 253, 262, 269, 271, 275, 276, 277, 278, 279, 280, 281, 283, 285, 286, 287, 292, 293, 294, 295, 297, 299, 301, 302, 304, 305, 308, 312, 315, 318, 319, 330, 331, 332, 335, 336, 338, 347, 350, 353, 354, 357, 359, 360, 366, 368, 373, 376, 380, 383, 386, 387, 391, 393, 395, 396, 399, 403, 404, 405, 407, 411, 415, 418, 419, 424, 425, 427, 429, 430, 435, 441, 447, 448, 452, 465, 473, 474, 482, 487, 488, 489, 491, 495, 497, 499, 501, 502, 503, 514, 516, 517, 518, 520, 522, 523, 525, 526, 527, 530, 534, 536, 537, 540, 541, 545, 548, 552, 555, 558, 559, 562, 563, 565, 566, 568, 569, 570, 572, 573, 583, 585, 586, 589, 590, 592, 593, 598, 599, 600, 601, 603, 604, 605, 610, 612, 617, 618, 620, 621, 623, 625, 628, 629, 630, 631, 637, 640, 644, 651, 653, 655, 658, 661, 662, 665, 667, 668, 671, 672, 677, 680, 681, 682, 684, 685, 686, 687, 688, 689, 690, 691, 692, 694, 695, 696, 697, 699, 701, 703, 704, 705, 709, 710, 711, 712, 713, 716, 719, 722, 725, 726, 727, 729, 730, 731, 732, 733, 734, 735, 737, 740, 741, 747, 750, 751, 753, 760, 762, 763, 765, 766, 772, 778, 780, 783, 787, 788, 789, 791, 795, 798, 800, 802, 806, 809, 811, 813, 814, 815, 816, 817, 820, 823, 828, 830, 831, 832, 834, 837, 838, 839, 840, 848, 852, 856, 860, 861, 870, 875, 879, 881, 882, 883, 885, 886, 889]
[4, 13, 17, 21, 22, 35, 36, 46, 59, 61, 62, 64, 70, 73, 84, 108, 136, 137, 148, 153, 159, 170, 172, 181, 185, 187, 189, 197, 200, 208, 217, 219, 226, 230, 237, 242, 243, 260, 267, 270, 271, 283, 291, 301, 306, 307, 316, 317, 343, 345, 347, 348, 350, 356, 357, 358, 361, 373, 374, 388, 401, 403, 405, 406, 408, 413, 453, 454, 464, 482, 487, 503, 515, 525, 526, 540, 553, 562, 566, 568, 583, 595, 604, 608, 615, 627, 643, 648, 658, 674, 678, 683, 689, 690, 692, 709, 712, 719, 723, 732, 747, 753, 757, 758, 759, 765, 766, 770, 775, 780, 805, 806, 807, 809, 819, 825, 829, 832, 851, 854, 862, 868, 875, 877]

[1, 8, 9, 10, 11, 14, 17, 18, 23, 28, 29, 30, 34, 35, 37, 39, 43, 45, 48, 49, 52, 54, 58, 59, 62, 64, 66, 67, 71, 73, 78, 82, 83, 84, 85, 86, 87, 93, 95, 98, 101, 102, 103, 104, 105, 106, 107, 112, 114, 115, 117, 118, 119, 127, 129, 130, 131, 133, 134, 136, 137, 139, 143, 146, 147, 152, 154, 156, 159, 160, 166, 167, 168, 171, 172, 174, 175, 176, 177, 178, 179, 183, 188, 190, 196, 198, 199, 200, 201, 206, 208, 210, 212, 213, 217, 218, 219, 220, 222, 223, 224, 228, 230, 236, 238, 240, 245, 248, 249, 250, 251, 253, 256, 262, 269, 271, 272, 275, 276, 277, 278, 279, 280, 281, 283, 285, 286, 287, 292, 293, 294, 295, 297, 299, 301, 302, 304, 305, 308, 312, 315, 318, 319, 329, 330, 331, 332, 335, 336, 338, 347, 348, 350, 353, 354, 357, 359, 360, 366, 368, 373, 376, 380, 383, 386, 387, 391, 393, 395, 396, 399, 403, 404, 405, 407, 411, 415, 418, 419, 424, 425, 427, 428, 429, 430, 435, 441, 447, 448, 452, 465, 473, 474, 477, 482, 487, 488, 489, 491, 495, 497, 499, 500, 501, 502, 503, 514, 516, 517, 518, 520, 522, 523, 525, 526, 527, 529, 530, 532, 534, 536, 537, 540, 541, 545, 547, 548, 552, 555, 558, 559, 562, 563, 565, 566, 568, 569, 570, 572, 573, 580, 583, 585, 586, 589, 590, 592, 593, 598, 599, 600, 601, 603, 604, 605, 610, 612, 616, 617, 618, 620, 621, 623, 625, 628, 629, 630, 631, 637, 640, 644, 651, 653, 655, 658, 661, 662, 665, 667, 668, 671, 672, 676, 677, 680, 681, 682, 684, 685, 686, 687, 688, 689, 690, 691, 692, 694, 695, 696, 697, 699, 701, 703, 704, 705, 709, 710, 711, 712, 713, 716, 719, 722, 725, 726, 727, 729, 730, 731, 732, 733, 734, 735, 737, 740, 741, 744, 747, 750, 751, 753, 760, 762, 763, 765, 766, 767, 772, 774, 778, 780, 783, 787, 788, 789, 790, 791, 795, 798, 800, 802, 806, 809, 811, 813, 814, 815, 816, 817, 820, 823, 828, 830, 831, 832, 834, 837, 838, 839, 840, 848, 852, 856, 860, 861, 870, 871, 875, 879, 881, 882, 883, 885, 886, 889]
[4, 13, 17, 21, 22, 35, 36, 46, 59, 61, 62, 64, 70, 73, 84, 108, 136, 137, 148, 153, 159, 170, 172, 181, 185, 187, 189, 197, 200, 208, 217, 219, 226, 230, 237, 242, 243, 260, 267, 270, 271, 283, 291, 301, 306, 307, 316, 317, 343, 345, 347, 348, 350, 356, 357, 358, 361, 373, 374, 388, 401, 403, 405, 406, 408, 413, 453, 454, 464, 482, 487, 503, 515, 525, 526, 540, 553, 562, 566, 568, 583, 595, 604, 608, 615, 627, 643, 648, 658, 674, 678, 683, 689, 690, 692, 709, 712, 719, 723, 732, 747, 753, 757, 758, 759, 765, 766, 770, 775, 780, 805, 806, 807, 809, 819, 825, 829, 832, 851, 854, 862, 868, 875, 877]

[1, 3, 8, 9, 10, 11, 14, 17, 18, 21, 23, 24, 28, 29, 30, 32, 34, 35, 37, 39, 43, 45, 48, 49, 52, 54, 58, 59, 62, 64, 66, 67, 71, 73, 76, 78, 82, 83, 84, 85, 86, 87, 93, 95, 98, 101, 102, 103, 104, 105, 106, 107, 111, 112, 114, 115, 117, 118, 119, 127, 128, 129, 130, 131, 133, 134, 136, 137, 139, 143, 146, 147, 152, 154, 156, 159, 160, 166, 167, 168, 171, 172, 174, 175, 176, 177, 178, 179, 183, 188, 190, 196, 198, 199, 200, 201, 206, 208, 210, 212, 213, 217, 218, 219, 220, 222, 223, 224, 228, 230, 236, 238, 240, 245, 248, 249, 250, 251, 253, 256, 262, 269, 270, 271, 272, 275, 276, 277, 278, 279, 280, 281, 283, 285, 286, 287, 292, 293, 294, 295, 297, 298, 299, 301, 302, 304, 305, 308, 312, 315, 318, 319, 321, 329, 330, 331, 332, 335, 336, 338, 347, 348, 350, 353, 354, 357, 359, 360, 366, 368, 373, 376, 380, 383, 386, 387, 391, 393, 395, 396, 399, 403, 404, 405, 407, 411, 414, 415, 418, 419, 424, 425, 427, 428, 429, 430, 435, 439, 441, 447, 448, 452, 465, 466, 473, 474, 477, 482, 487, 488, 489, 491, 494, 495, 497, 499, 500, 501, 502, 503, 514, 516, 517, 518, 520, 522, 523, 524, 525, 526, 527, 529, 530, 532, 534, 536, 537, 540, 541, 545, 547, 548, 552, 555, 558, 559, 560, 562, 563, 565, 566, 568, 569, 570, 572, 573, 580, 583, 585, 586, 589, 590, 592, 593, 598, 599, 600, 601, 603, 604, 605, 610, 612, 616, 617, 618, 620, 621, 623, 625, 628, 629, 630, 631, 633, 637, 640, 644, 650, 651, 653, 655, 658, 661, 662, 665, 667, 668, 671, 672, 676, 677, 680, 681, 682, 684, 685, 686, 687, 688, 689, 690, 691, 692, 694, 695, 696, 697, 699, 701, 703, 704, 705, 708, 709, 710, 711, 712, 713, 716, 719, 720, 722, 725, 726, 727, 729, 730, 731, 732, 733, 734, 735, 736, 737, 740, 741, 744, 747, 750, 751, 753, 760, 762, 763, 765, 766, 767, 768, 772, 774, 778, 780, 783, 787, 788, 789, 790, 791, 795, 798, 800, 802, 806, 809, 811, 813, 814, 815, 816, 817, 818, 820, 823, 828, 830, 831, 832, 834, 837, 838, 839, 840, 841, 848, 852, 856, 860, 861, 866, 870, 871, 875, 879, 881, 882, 883, 885, 886, 889]
[4, 13, 17, 21, 22, 35, 36, 46, 59, 61, 62, 64, 70, 73, 84, 108, 136, 137, 148, 153, 159, 170, 172, 181, 185, 187, 189, 197, 200, 208, 217, 219, 226, 230, 237, 242, 243, 260, 267, 270, 271, 283, 291, 301, 306, 307, 316, 317, 343, 345, 347, 348, 350, 356, 357, 358, 361, 373, 374, 388, 401, 403, 405, 406, 408, 413, 453, 454, 464, 482, 487, 503, 515, 525, 526, 540, 553, 562, 566, 568, 583, 595, 604, 608, 615, 627, 643, 648, 658, 674, 678, 683, 689, 690, 692, 709, 712, 719, 723, 732, 747, 753, 757, 758, 759, 765, 766, 770, 775, 780, 805, 806, 807, 809, 819, 825, 829, 832, 851, 854, 862, 868, 875, 877]

[1, 3, 8, 9, 10, 11, 13, 14, 17, 18, 21, 23, 24, 28, 29, 30, 32, 34, 35, 37, 39, 43, 45, 47, 48, 49, 51, 52, 54, 58, 59, 62, 64, 66, 67, 71, 73, 76, 78, 82, 83, 84, 85, 86, 87, 93, 95, 98, 101, 102, 103, 104, 105, 106, 107, 111, 112, 114, 115, 117, 118, 119, 127, 128, 129, 130, 131, 133, 134, 136, 137, 139, 143, 146, 147, 152, 154, 156, 159, 160, 166, 167, 168, 171, 172, 174, 175, 176, 177, 178, 179, 183, 188, 190, 193, 196, 198, 199, 200, 201, 206, 208, 210, 212, 213, 217, 218, 219, 220, 222, 223, 224, 226, 228, 230, 236, 238, 240, 245, 248, 249, 250, 251, 253, 256, 257, 259, 262, 269, 270, 271, 272, 274, 275, 276, 277, 278, 279, 280, 281, 283, 285, 286, 287, 292, 293, 294, 295, 297, 298, 299, 301, 302, 304, 305, 308, 311, 312, 315, 318, 319, 321, 329, 330, 331, 332, 335, 336, 338, 347, 348, 350, 353, 354, 357, 358, 359, 360, 366, 368, 373, 376, 380, 383, 386, 387, 391, 393, 394, 395, 396, 397, 399, 400, 403, 404, 405, 407, 411, 414, 415, 418, 419, 420, 424, 425, 427, 428, 429, 430, 435, 439, 441, 445, 447, 448, 452, 465, 466, 473, 474, 477, 482, 487, 488, 489, 491, 494, 495, 497, 499, 500, 501, 502, 503, 509, 514, 516, 517, 518, 520, 522, 523, 524, 525, 526, 527, 529, 530, 532, 534, 536, 537, 540, 541, 545, 547, 548, 552, 555, 558, 559, 560, 562, 563, 565, 566, 567, 568, 569, 570, 572, 573, 580, 582, 583, 585, 586, 589, 590, 592, 593, 598, 599, 600, 601, 603, 604, 605, 609, 610, 612, 614, 616, 617, 618, 620, 621, 623, 625, 628, 629, 630, 631, 633, 637, 640, 644, 646, 650, 651, 653, 655, 658, 661, 662, 665, 667, 668, 671, 672, 676, 677, 680, 681, 682, 684, 685, 686, 687, 688, 689, 690, 691, 692, 694, 695, 696, 697, 699, 701, 703, 704, 705, 708, 709, 710, 711, 712, 713, 716, 719, 720, 722, 725, 726, 727, 729, 730, 731, 732, 733, 734, 735, 736, 737, 740, 741, 744, 747, 750, 751, 753, 760, 762, 763, 765, 766, 767, 768, 772, 774, 776, 778, 780, 783, 787, 788, 789, 790, 791, 795, 798, 800, 802, 806, 809, 811, 813, 814, 815, 816, 817, 818, 820, 823, 828, 830, 831, 832, 834, 837, 838, 839, 840, 841, 844, 848, 852, 856, 860, 861, 862, 866, 870, 871, 872, 875, 879, 881, 882, 883, 885, 886, 889]
[4, 13, 17, 21, 22, 35, 36, 46, 59, 61, 62, 64, 70, 73, 84, 108, 136, 137, 148, 153, 159, 170, 172, 181, 185, 187, 189, 197, 200, 208, 217, 219, 226, 230, 237, 242, 243, 260, 267, 270, 271, 283, 291, 301, 306, 307, 316, 317, 343, 345, 347, 348, 350, 356, 357, 358, 361, 373, 374, 388, 401, 403, 405, 406, 408, 413, 453, 454, 464, 482, 487, 503, 515, 525, 526, 540, 553, 562, 566, 568, 583, 595, 604, 608, 615, 627, 643, 648, 658, 674, 678, 683, 689, 690, 692, 709, 712, 719, 723, 732, 747, 753, 757, 758, 759, 765, 766, 770, 775, 780, 805, 806, 807, 809, 819, 825, 829, 832, 851, 854, 862, 868, 875, 877]

[1, 3, 4, 8, 9, 10, 11, 13, 14, 17, 18, 21, 23, 24, 28, 29, 30, 32, 34, 35, 37, 39, 43, 45, 47, 48, 49, 51, 52, 54, 57, 58, 59, 62, 64, 66, 67, 71, 73, 76, 78, 82, 83, 84, 85, 86, 87, 93, 95, 98, 101, 102, 103, 104, 105, 106, 107, 111, 112, 114, 115, 117, 118, 119, 127, 128, 129, 130, 131, 133, 134, 136, 137, 139, 143, 146, 147, 152, 154, 156, 159, 160, 166, 167, 168, 171, 172, 174, 175, 176, 177, 178, 179, 183, 188, 190, 192, 193, 196, 198, 199, 200, 201, 202, 206, 208, 210, 212, 213, 214, 217, 218, 219, 220, 222, 223, 224, 226, 228, 230, 236, 238, 240, 245, 248, 249, 250, 251, 253, 256, 257, 258, 259, 262, 269, 270, 271, 272, 274, 275, 276, 277, 278, 279, 280, 281, 283, 285, 286, 287, 292, 293, 294, 295, 297, 298, 299, 301, 302, 304, 305, 308, 310, 311, 312, 315, 318, 319, 321, 323, 329, 330, 331, 332, 335, 336, 338, 347, 348, 350, 353, 354, 356, 357, 358, 359, 360, 366, 368, 373, 376, 380, 383, 386, 387, 391, 393, 394, 395, 396, 397, 399, 400, 403, 404, 405, 407, 411, 414, 415, 417, 418, 419, 420, 424, 425, 427, 428, 429, 430, 435, 439, 441, 445, 447, 448, 452, 455, 462, 465, 466, 468, 473, 474, 477, 482, 487, 488, 489, 491, 494, 495, 497, 499, 500, 501, 502, 503, 507, 509, 513, 514, 516, 517, 518, 520, 522, 523, 524, 525, 526, 527, 529, 530, 532, 534, 536, 537, 540, 541, 543, 545, 547, 548, 552, 555, 558, 559, 560, 562, 563, 565, 566, 567, 568, 569, 570, 572, 573, 580, 582, 583, 585, 586, 589, 590, 592, 593, 597, 598, 599, 600, 601, 603, 604, 605, 609, 610, 612, 614, 616, 617, 618, 619, 620, 621, 623, 625, 628, 629, 630, 631, 633, 637, 640, 644, 646, 650, 651, 653, 654, 655, 658, 659, 661, 662, 665, 667, 668, 671, 672, 676, 677, 678, 680, 681, 682, 684, 685, 686, 687, 688, 689, 690, 691, 692, 694, 695, 696, 697, 699, 701, 702, 703, 704, 705, 708, 709, 710, 711, 712, 713, 716, 719, 720, 722, 725, 726, 727, 729, 730, 731, 732, 733, 734, 735, 736, 737, 740, 741, 744, 747, 750, 751, 753, 760, 762, 763, 765, 766, 767, 768, 772, 774, 776, 778, 780, 783, 787, 788, 789, 790, 791, 795, 798, 800, 802, 806, 809, 811, 813, 814, 815, 816, 817, 818, 820, 823, 828, 830, 831, 832, 834, 837, 838, 839, 840, 841, 844, 846, 848, 852, 856, 860, 861, 862, 866, 868, 870, 871, 872, 874, 875, 879, 881, 882, 883, 885, 886, 889]
[4, 13, 17, 21, 22, 35, 36, 46, 59, 61, 62, 64, 70, 73, 84, 108, 136, 137, 148, 153, 159, 170, 172, 181, 185, 187, 189, 197, 200, 208, 217, 219, 226, 230, 237, 242, 243, 260, 267, 270, 271, 283, 291, 301, 306, 307, 316, 317, 343, 345, 347, 348, 350, 356, 357, 358, 361, 373, 374, 388, 401, 403, 405, 406, 408, 413, 453, 454, 464, 482, 487, 503, 515, 525, 526, 540, 553, 562, 566, 568, 583, 595, 604, 608, 615, 627, 643, 648, 658, 674, 678, 683, 689, 690, 692, 709, 712, 719, 723, 732, 747, 753, 757, 758, 759, 765, 766, 770, 775, 780, 805, 806, 807, 809, 819, 825, 829, 832, 851, 854, 862, 868, 875, 877]

[1, 3, 4, 8, 9, 10, 11, 13, 14, 17, 18, 21, 23, 24, 28, 29, 30, 32, 34, 35, 37, 39, 43, 45, 47, 48, 49, 51, 52, 54, 57, 58, 59, 62, 64, 66, 67, 71, 73, 76, 78, 82, 83, 84, 85, 86, 87, 93, 95, 98, 101, 102, 103, 104, 105, 106, 107, 111, 112, 114, 115, 117, 118, 119, 122, 127, 128, 129, 130, 131, 133, 134, 136, 137, 139, 143, 146, 147, 152, 154, 156, 159, 160, 166, 167, 168, 171, 172, 174, 175, 176, 177, 178, 179, 183, 188, 190, 192, 193, 196, 198, 199, 200, 201, 202, 206, 208, 210, 212, 213, 214, 217, 218, 219, 220, 221, 222, 223, 224, 226, 228, 230, 236, 238, 240, 245, 246, 248, 249, 250, 251, 253, 256, 257, 258, 259, 261, 262, 267, 269, 270, 271, 272, 274, 275, 276, 277, 278, 279, 280, 281, 283, 285, 286, 287, 292, 293, 294, 295, 297, 298, 299, 301, 302, 304, 305, 308, 310, 311, 312, 315, 318, 319, 321, 323, 329, 330, 331, 332, 335, 336, 338, 340, 347, 348, 350, 353, 354, 356, 357, 358, 359, 360, 366, 368, 373, 376, 380, 383, 386, 387, 391, 393, 394, 395, 396, 397, 399, 400, 403, 404, 405, 407, 411, 413, 414, 415, 417, 418, 419, 420, 424, 425, 427, 428, 429, 430, 431, 435, 436, 438, 439, 441, 445, 447, 448, 452, 455, 462, 465, 466, 468, 473, 474, 476, 477, 482, 487, 488, 489, 491, 494, 495, 497, 499, 500, 501, 502, 503, 504, 507, 509, 512, 513, 514, 516, 517, 518, 520, 522, 523, 524, 525, 526, 527, 529, 530, 532, 534, 536, 537, 540, 541, 543, 545, 547, 548, 552, 554, 555, 558, 559, 560, 562, 563, 565, 566, 567, 568, 569, 570, 572, 573, 577, 580, 582, 583, 585, 586, 589, 590, 592, 593, 596, 597, 598, 599, 600, 601, 603, 604, 605, 609, 610, 612, 614, 615, 616, 617, 618, 619, 620, 621, 623, 625, 628, 629, 630, 631, 633, 637, 639, 640, 644, 646, 650, 651, 653, 654, 655, 658, 659, 661, 662, 665, 667, 668, 671, 672, 676, 677, 678, 680, 681, 682, 684, 685, 686, 687, 688, 689, 690, 691, 692, 694, 695, 696, 697, 699, 701, 702, 703, 704, 705, 708, 709, 710, 711, 712, 713, 716, 719, 720, 722, 725, 726, 727, 729, 730, 731, 732, 733, 734, 735, 736, 737, 740, 741, 744, 747, 750, 751, 753, 760, 762, 763, 765, 766, 767, 768, 772, 774, 776, 778, 780, 783, 787, 788, 789, 790, 791, 795, 798, 800, 802, 806, 808, 809, 811, 812, 813, 814, 815, 816, 817, 818, 820, 823, 826, 828, 830, 831, 832, 834, 836, 837, 838, 839, 840, 841, 844, 846, 848, 852, 853, 856, 860, 861, 862, 866, 868, 870, 871, 872, 874, 875, 879, 880, 881, 882, 883, 885, 886, 887, 889]
[4, 13, 17, 21, 22, 35, 36, 46, 59, 61, 62, 64, 70, 73, 84, 108, 136, 137, 148, 153, 159, 170, 172, 181, 185, 187, 189, 197, 200, 208, 217, 219, 226, 230, 237, 242, 243, 260, 267, 270, 271, 283, 291, 301, 306, 307, 316, 317, 343, 345, 347, 348, 350, 356, 357, 358, 361, 373, 374, 388, 401, 403, 405, 406, 408, 413, 453, 454, 464, 482, 487, 503, 515, 525, 526, 540, 553, 562, 566, 568, 583, 595, 604, 608, 615, 627, 643, 648, 658, 674, 678, 683, 689, 690, 692, 709, 712, 719, 723, 732, 747, 753, 757, 758, 759, 765, 766, 770, 775, 780, 805, 806, 807, 809, 819, 825, 829, 832, 851, 854, 862, 868, 875, 877]

[1, 3, 4, 8, 9, 10, 11, 13, 14, 17, 18, 21, 23, 24, 28, 29, 30, 32, 34, 35, 37, 39, 43, 45, 47, 48, 49, 51, 52, 54, 57, 58, 59, 62, 63, 64, 66, 67, 71, 73, 76, 78, 82, 83, 84, 85, 86, 87, 91, 93, 95, 98, 101, 102, 103, 104, 105, 106, 107, 109, 111, 112, 114, 115, 117, 118, 119, 122, 127, 128, 129, 130, 131, 133, 134, 135, 136, 137, 139, 141, 143, 146, 147, 152, 154, 156, 159, 160, 166, 167, 168, 171, 172, 174, 175, 176, 177, 178, 179, 183, 188, 190, 192, 193, 196, 198, 199, 200, 201, 202, 206, 208, 209, 210, 211, 212, 213, 214, 217, 218, 219, 220, 221, 222, 223, 224, 226, 228, 230, 236, 238, 239, 240, 245, 246, 248, 249, 250, 251, 253, 256, 257, 258, 259, 261, 262, 267, 269, 270, 271, 272, 274, 275, 276, 277, 278, 279, 280, 281, 283, 285, 286, 287, 292, 293, 294, 295, 297, 298, 299, 301, 302, 304, 305, 308, 310, 311, 312, 315, 318, 319, 321, 322, 323, 325, 326, 329, 330, 331, 332, 335, 336, 338, 340, 347, 348, 350, 353, 354, 356, 357, 358, 359, 360, 366, 368, 373, 376, 380, 383, 386, 387, 391, 393, 394, 395, 396, 397, 399, 400, 401, 403, 404, 405, 407, 411, 413, 414, 415, 417, 418, 419, 420, 423, 424, 425, 427, 428, 429, 430, 431, 435, 436, 438, 439, 441, 444, 445, 447, 448, 452, 455, 460, 461, 462, 465, 466, 468, 473, 474, 476, 477, 482, 487, 488, 489, 491, 494, 495, 497, 498, 499, 500, 501, 502, 503, 504, 507, 509, 512, 513, 514, 516, 517, 518, 520, 522, 523, 524, 525, 526, 527, 529, 530, 532, 534, 536, 537, 540, 541, 543, 545, 547, 548, 549, 552, 554, 555, 558, 559, 560, 562, 563, 565, 566, 567, 568, 569, 570, 572, 573, 577, 580, 582, 583, 585, 586, 589, 590, 592, 593, 596, 597, 598, 599, 600, 601, 603, 604, 605, 609, 610, 612, 614, 615, 616, 617, 618, 619, 620, 621, 623, 625, 628, 629, 630, 631, 633, 637, 639, 640, 641, 642, 644, 646, 649, 650, 651, 653, 654, 655, 658, 659, 661, 662, 665, 667, 668, 671, 672, 676, 677, 678, 680, 681, 682, 684, 685, 686, 687, 688, 689, 690, 691, 692, 694, 695, 696, 697, 699, 701, 702, 703, 704, 705, 708, 709, 710, 711, 712, 713, 716, 719, 720, 721, 722, 725, 726, 727, 729, 730, 731, 732, 733, 734, 735, 736, 737, 740, 741, 744, 747, 748, 749, 750, 751, 753, 760, 762, 763, 765, 766, 767, 768, 772, 774, 775, 776, 778, 780, 783, 787, 788, 789, 790, 791, 795, 798, 800, 802, 806, 808, 809, 811, 812, 813, 814, 815, 816, 817, 818, 820, 823, 826, 828, 830, 831, 832, 834, 836, 837, 838, 839, 840, 841, 844, 846, 848, 852, 853, 856, 860, 861, 862, 866, 868, 870, 871, 872, 874, 875, 879, 880, 881, 882, 883, 885, 886, 887, 889]
[4, 13, 17, 21, 22, 35, 36, 46, 59, 61, 62, 64, 70, 73, 84, 108, 136, 137, 148, 153, 159, 170, 172, 181, 185, 187, 189, 197, 200, 208, 217, 219, 226, 230, 237, 242, 243, 260, 267, 270, 271, 283, 291, 301, 306, 307, 316, 317, 343, 345, 347, 348, 350, 356, 357, 358, 361, 373, 374, 388, 401, 403, 405, 406, 408, 413, 453, 454, 464, 482, 487, 503, 515, 525, 526, 540, 553, 562, 566, 568, 583, 595, 604, 608, 615, 627, 643, 648, 658, 674, 678, 683, 689, 690, 692, 709, 712, 719, 723, 732, 747, 753, 757, 758, 759, 765, 766, 770, 775, 780, 805, 806, 807, 809, 819, 825, 829, 832, 851, 854, 862, 868, 875, 877]

[1, 3, 4, 8, 9, 10, 11, 13, 14, 17, 18, 21, 23, 24, 28, 29, 30, 32, 34, 35, 37, 39, 43, 45, 46, 47, 48, 49, 51, 52, 54, 57, 58, 59, 62, 63, 64, 66, 67, 71, 73, 76, 78, 82, 83, 84, 85, 86, 87, 90, 91, 93, 95, 98, 101, 102, 103, 104, 105, 106, 107, 109, 111, 112, 114, 115, 116, 117, 118, 119, 122, 127, 128, 129, 130, 131, 133, 134, 135, 136, 137, 139, 141, 143, 145, 146, 147, 151, 152, 154, 156, 159, 160, 166, 167, 168, 171, 172, 174, 175, 176, 177, 178, 179, 183, 185, 188, 190, 192, 193, 196, 198, 199, 200, 201, 202, 205, 206, 208, 209, 210, 211, 212, 213, 214, 217, 218, 219, 220, 221, 222, 223, 224, 226, 228, 230, 236, 238, 239, 240, 245, 246, 248, 249, 250, 251, 253, 256, 257, 258, 259, 261, 262, 267, 269, 270, 271, 272, 274, 275, 276, 277, 278, 279, 280, 281, 283, 285, 286, 287, 291, 292, 293, 294, 295, 297, 298, 299, 301, 302, 304, 305, 308, 310, 311, 312, 315, 318, 319, 321, 322, 323, 325, 326, 329, 330, 331, 332, 335, 336, 338, 340, 347, 348, 350, 353, 354, 356, 357, 358, 359, 360, 366, 368, 373, 374, 376, 380, 383, 386, 387, 391, 392, 393, 394, 395, 396, 397, 399, 400, 401, 403, 404, 405, 406, 407, 411, 413, 414, 415, 417, 418, 419, 420, 423, 424, 425, 426, 427, 428, 429, 430, 431, 435, 436, 438, 439, 441, 444, 445, 447, 448, 449, 452, 455, 458, 460, 461, 462, 465, 466, 468, 471, 473, 474, 476, 477, 482, 487, 488, 489, 491, 492, 494, 495, 497, 498, 499, 500, 501, 502, 503, 504, 507, 509, 511, 512, 513, 514, 516, 517, 518, 520, 522, 523, 524, 525, 526, 527, 529, 530, 532, 533, 534, 536, 537, 539, 540, 541, 543, 545, 547, 548, 549, 552, 554, 555, 558, 559, 560, 562, 563, 565, 566, 567, 568, 569, 570, 572, 573, 575, 577, 580, 582, 583, 585, 586, 589, 590, 591, 592, 593, 596, 597, 598, 599, 600, 601, 603, 604, 605, 609, 610, 612, 614, 615, 616, 617, 618, 619, 620, 621, 623, 625, 628, 629, 630, 631, 633, 637, 639, 640, 641, 642, 644, 646, 649, 650, 651, 653, 654, 655, 658, 659, 661, 662, 665, 667, 668, 671, 672, 674, 676, 677, 678, 680, 681, 682, 684, 685, 686, 687, 688, 689, 690, 691, 692, 694, 695, 696, 697, 699, 701, 702, 703, 704, 705, 706, 708, 709, 710, 711, 712, 713, 716, 719, 720, 721, 722, 723, 725, 726, 727, 728, 729, 730, 731, 732, 733, 734, 735, 736, 737, 740, 741, 744, 747, 748, 749, 750, 751, 753, 760, 762, 763, 765, 766, 767, 768, 772, 774, 775, 776, 778, 780, 783, 787, 788, 789, 790, 791, 795, 798, 800, 802, 806, 808, 809, 811, 812, 813, 814, 815, 816, 817, 818, 820, 823, 826, 828, 830, 831, 832, 834, 836, 837, 838, 839, 840, 841, 844, 846, 848, 852, 853, 856, 860, 861, 862, 866, 868, 870, 871, 872, 874, 875, 879, 880, 881, 882, 883, 885, 886, 887, 889]
[4, 13, 17, 21, 22, 35, 36, 46, 59, 61, 62, 64, 70, 73, 84, 108, 136, 137, 148, 153, 159, 170, 172, 181, 185, 187, 189, 197, 200, 208, 217, 219, 226, 230, 237, 242, 243, 260, 267, 270, 271, 283, 291, 301, 306, 307, 316, 317, 343, 345, 347, 348, 350, 356, 357, 358, 361, 373, 374, 388, 401, 403, 405, 406, 408, 413, 453, 454, 464, 482, 487, 503, 515, 525, 526, 540, 553, 562, 566, 568, 583, 595, 604, 608, 615, 627, 643, 648, 658, 674, 678, 683, 689, 690, 692, 709, 712, 719, 723, 732, 747, 753, 757, 758, 759, 765, 766, 770, 775, 780, 805, 806, 807, 809, 819, 825, 829, 832, 851, 854, 862, 868, 875, 877]

[1, 3, 4, 8, 9, 10, 11, 13, 14, 17, 18, 21, 23, 24, 28, 29, 30, 32, 34, 35, 37, 39, 43, 45, 46, 47, 48, 49, 51, 52, 54, 57, 58, 59, 62, 63, 64, 65, 66, 67, 71, 73, 76, 78, 79, 82, 83, 84, 85, 86, 87, 90, 91, 93, 95, 98, 101, 102, 103, 104, 105, 106, 107, 109, 111, 112, 114, 115, 116, 117, 118, 119, 122, 127, 128, 129, 130, 131, 133, 134, 135, 136, 137, 138, 139, 140, 141, 143, 145, 146, 147, 151, 152, 154, 156, 157, 159, 160, 166, 167, 168, 171, 172, 174, 175, 176, 177, 178, 179, 183, 185, 186, 188, 190, 192, 193, 196, 198, 199, 200, 201, 202, 205, 206, 208, 209, 210, 211, 212, 213, 214, 217, 218, 219, 220, 221, 222, 223, 224, 226, 227, 228, 230, 233, 236, 238, 239, 240, 245, 246, 248, 249, 250, 251, 253, 256, 257, 258, 259, 261, 262, 267, 269, 270, 271, 272, 273, 274, 275, 276, 277, 278, 279, 280, 281, 283, 285, 286, 287, 289, 291, 292, 293, 294, 295, 297, 298, 299, 301, 302, 304, 305, 308, 310, 311, 312, 314, 315, 318, 319, 321, 322, 323, 325, 326, 329, 330, 331, 332, 335, 336, 338, 340, 343, 344, 347, 348, 350, 353, 354, 356, 357, 358, 359, 360, 365, 366, 368, 373, 374, 376, 377, 380, 383, 385, 386, 387, 391, 392, 393, 394, 395, 396, 397, 399, 400, 401, 403, 404, 405, 406, 407, 411, 413, 414, 415, 417, 418, 419, 420, 423, 424, 425, 426, 427, 428, 429, 430, 431, 435, 436, 438, 439, 441, 444, 445, 447, 448, 449, 450, 452, 455, 458, 460, 461, 462, 465, 466, 468, 471, 473, 474, 476, 477, 482, 487, 488, 489, 491, 492, 494, 495, 497, 498, 499, 500, 501, 502, 503, 504, 507, 509, 511, 512, 513, 514, 516, 517, 518, 520, 522, 523, 524, 525, 526, 527, 529, 530, 532, 533, 534, 536, 537, 539, 540, 541, 543, 544, 545, 547, 548, 549, 550, 552, 554, 555, 558, 559, 560, 562, 563, 565, 566, 567, 568, 569, 570, 572, 573, 575, 577, 580, 582, 583, 585, 586, 589, 590, 591, 592, 593, 596, 597, 598, 599, 600, 601, 603, 604, 605, 609, 610, 612, 614, 615, 616, 617, 618, 619, 620, 621, 623, 625, 628, 629, 630, 631, 633, 635, 637, 639, 640, 641, 642, 644, 646, 649, 650, 651, 653, 654, 655, 658, 659, 661, 662, 665, 667, 668, 671, 672, 674, 676, 677, 678, 680, 681, 682, 684, 685, 686, 687, 688, 689, 690, 691, 692, 694, 695, 696, 697, 699, 701, 702, 703, 704, 705, 706, 708, 709, 710, 711, 712, 713, 716, 719, 720, 721, 722, 723, 725, 726, 727, 728, 729, 730, 731, 732, 733, 734, 735, 736, 737, 740, 741, 744, 747, 748, 749, 750, 751, 753, 759, 760, 762, 763, 765, 766, 767, 768, 772, 774, 775, 776, 778, 780, 783, 787, 788, 789, 790, 791, 795, 798, 800, 802, 806, 808, 809, 810, 811, 812, 813, 814, 815, 816, 817, 818, 820, 823, 826, 828, 830, 831, 832, 834, 836, 837, 838, 839, 840, 841, 844, 846, 848, 852, 853, 856, 859, 860, 861, 862, 865, 866, 868, 870, 871, 872, 874, 875, 879, 880, 881, 882, 883, 884, 885, 886, 887, 889]
[4, 13, 17, 21, 22, 35, 36, 46, 59, 61, 62, 64, 70, 73, 84, 108, 136, 137, 148, 153, 159, 170, 172, 181, 185, 187, 189, 197, 200, 208, 217, 219, 226, 230, 237, 242, 243, 260, 267, 270, 271, 283, 291, 301, 306, 307, 316, 317, 343, 345, 347, 348, 350, 356, 357, 358, 361, 373, 374, 388, 401, 403, 405, 406, 408, 413, 453, 454, 464, 482, 487, 503, 515, 525, 526, 540, 553, 562, 566, 568, 583, 595, 604, 608, 615, 627, 643, 648, 658, 674, 678, 683, 689, 690, 692, 709, 712, 719, 723, 732, 747, 753, 757, 758, 759, 765, 766, 770, 775, 780, 805, 806, 807, 809, 819, 825, 829, 832, 851, 854, 862, 868, 875, 877]

[1, 3, 4, 5, 8, 9, 10, 11, 13, 14, 17, 18, 21, 23, 24, 25, 28, 29, 30, 32, 34, 35, 37, 38, 39, 43, 45, 46, 47, 48, 49, 51, 52, 54, 55, 57, 58, 59, 62, 63, 64, 65, 66, 67, 71, 73, 76, 78, 79, 82, 83, 84, 85, 86, 87, 88, 90, 91, 93, 95, 98, 101, 102, 103, 104, 105, 106, 107, 109, 111, 112, 114, 115, 116, 117, 118, 119, 122, 127, 128, 129, 130, 131, 133, 134, 135, 136, 137, 138, 139, 140, 141, 143, 145, 146, 147, 151, 152, 154, 156, 157, 159, 160, 166, 167, 168, 171, 172, 174, 175, 176, 177, 178, 179, 183, 185, 186, 188, 190, 192, 193, 196, 198, 199, 200, 201, 202, 205, 206, 208, 209, 210, 211, 212, 213, 214, 216, 217, 218, 219, 220, 221, 222, 223, 224, 226, 227, 228, 230, 231, 233, 236, 238, 239, 240, 245, 246, 248, 249, 250, 251, 253, 256, 257, 258, 259, 261, 262, 267, 269, 270, 271, 272, 273, 274, 275, 276, 277, 278, 279, 280, 281, 283, 285, 286, 287, 289, 291, 292, 293, 294, 295, 297, 298, 299, 301, 302, 304, 305, 308, 310, 311, 312, 314, 315, 318, 319, 321, 322, 323, 324, 325, 326, 329, 330, 331, 332, 335, 336, 338, 340, 343, 344, 347, 348, 349, 350, 353, 354, 356, 357, 358, 359, 360, 362, 365, 366, 368, 370, 373, 374, 376, 377, 380, 382, 383, 385, 386, 387, 391, 392, 393, 394, 395, 396, 397, 399, 400, 401, 403, 404, 405, 406, 407, 411, 413, 414, 415, 417, 418, 419, 420, 423, 424, 425, 426, 427, 428, 429, 430, 431, 435, 436, 438, 439, 441, 444, 445, 447, 448, 449, 450, 452, 455, 458, 460, 461, 462, 465, 466, 468, 471, 473, 474, 476, 477, 482, 483, 487, 488, 489, 491, 492, 494, 495, 497, 498, 499, 500, 501, 502, 503, 504, 507, 508, 509, 510, 511, 512, 513, 514, 516, 517, 518, 520, 522, 523, 524, 525, 526, 527, 528, 529, 530, 532, 533, 534, 536, 537, 539, 540, 541, 543, 544, 545, 547, 548, 549, 550, 552, 554, 555, 557, 558, 559, 560, 562, 563, 565, 566, 567, 568, 569, 570, 572, 573, 575, 577, 579, 580, 582, 583, 585, 586, 589, 590, 591, 592, 593, 596, 597, 598, 599, 600, 601, 603, 604, 605, 609, 610, 612, 614, 615, 616, 617, 618, 619, 620, 621, 623, 625, 627, 628, 629, 630, 631, 633, 635, 637, 639, 640, 641, 642, 644, 646, 649, 650, 651, 652, 653, 654, 655, 658, 659, 661, 662, 665, 667, 668, 671, 672, 674, 676, 677, 678, 680, 681, 682, 684, 685, 686, 687, 688, 689, 690, 691, 692, 694, 695, 696, 697, 699, 701, 702, 703, 704, 705, 706, 708, 709, 710, 711, 712, 713, 716, 719, 720, 721, 722, 723, 725, 726, 727, 728, 729, 730, 731, 732, 733, 734, 735, 736, 737, 739, 740, 741, 744, 747, 748, 749, 750, 751, 753, 759, 760, 762, 763, 765, 766, 767, 768, 772, 774, 775, 776, 778, 780, 783, 787, 788, 789, 790, 791, 795, 796, 798, 800, 802, 803, 806, 808, 809, 810, 811, 812, 813, 814, 815, 816, 817, 818, 819, 820, 823, 826, 828, 830, 831, 832, 834, 836, 837, 838, 839, 840, 841, 844, 846, 848, 851, 852, 853, 856, 859, 860, 861, 862, 865, 866, 868, 870, 871, 872, 874, 875, 879, 880, 881, 882, 883, 884, 885, 886, 887, 889]
[4, 13, 17, 21, 22, 35, 36, 46, 59, 61, 62, 64, 70, 73, 84, 108, 136, 137, 148, 153, 159, 170, 172, 181, 185, 187, 189, 197, 200, 208, 217, 219, 226, 230, 237, 242, 243, 260, 267, 270, 271, 283, 291, 301, 306, 307, 316, 317, 343, 345, 347, 348, 350, 356, 357, 358, 361, 373, 374, 388, 401, 403, 405, 406, 408, 413, 453, 454, 464, 482, 487, 503, 515, 525, 526, 540, 553, 562, 566, 568, 583, 595, 604, 608, 615, 627, 643, 648, 658, 674, 678, 683, 689, 690, 692, 709, 712, 719, 723, 732, 747, 753, 757, 758, 759, 765, 766, 770, 775, 780, 805, 806, 807, 809, 819, 825, 829, 832, 851, 854, 862, 868, 875, 877]

[1, 3, 4, 5, 8, 9, 10, 11, 13, 14, 17, 18, 21, 23, 24, 25, 28, 29, 30, 32, 34, 35, 37, 38, 39, 43, 45, 46, 47, 48, 49, 51, 52, 54, 55, 57, 58, 59, 62, 63, 64, 65, 66, 67, 70, 71, 73, 76, 78, 79, 82, 83, 84, 85, 86, 87, 88, 90, 91, 93, 94, 95, 97, 98, 101, 102, 103, 104, 105, 106, 107, 109, 111, 112, 113, 114, 115, 116, 117, 118, 119, 120, 122, 127, 128, 129, 130, 131, 133, 134, 135, 136, 137, 138, 139, 140, 141, 143, 145, 146, 147, 151, 152, 154, 156, 157, 159, 160, 166, 167, 168, 171, 172, 174, 175, 176, 177, 178, 179, 183, 185, 186, 188, 190, 192, 193, 195, 196, 198, 199, 200, 201, 202, 205, 206, 208, 209, 210, 211, 212, 213, 214, 216, 217, 218, 219, 220, 221, 222, 223, 224, 226, 227, 228, 230, 231, 233, 236, 238, 239, 240, 243, 245, 246, 248, 249, 250, 251, 253, 256, 257, 258, 259, 261, 262, 263, 267, 269, 270, 271, 272, 273, 274, 275, 276, 277, 278, 279, 280, 281, 283, 285, 286, 287, 289, 291, 292, 293, 294, 295, 297, 298, 299, 301, 302, 304, 305, 308, 310, 311, 312, 314, 315, 318, 319, 321, 322, 323, 324, 325, 326, 329, 330, 331, 332, 335, 336, 338, 339, 340, 343, 344, 347, 348, 349, 350, 353, 354, 356, 357, 358, 359, 360, 362, 365, 366, 368, 369, 370, 373, 374, 376, 377, 380, 382, 383, 385, 386, 387, 391, 392, 393, 394, 395, 396, 397, 399, 400, 401, 403, 404, 405, 406, 407, 411, 413, 414, 415, 417, 418, 419, 420, 423, 424, 425, 426, 427, 428, 429, 430, 431, 435, 436, 438, 439, 441, 444, 445, 447, 448, 449, 450, 452, 455, 458, 460, 461, 462, 465, 466, 468, 471, 473, 474, 476, 477, 481, 482, 483, 487, 488, 489, 491, 492, 494, 495, 497, 498, 499, 500, 501, 502, 503, 504, 507, 508, 509, 510, 511, 512, 513, 514, 516, 517, 518, 520, 522, 523, 524, 525, 526, 527, 528, 529, 530, 532, 533, 534, 536, 537, 539, 540, 541, 543, 544, 545, 547, 548, 549, 550, 552, 554, 555, 556, 557, 558, 559, 560, 562, 563, 565, 566, 567, 568, 569, 570, 572, 573, 574, 575, 577, 578, 579, 580, 582, 583, 585, 586, 589, 590, 591, 592, 593, 596, 597, 598, 599, 600, 601, 603, 604, 605, 608, 609, 610, 612, 614, 615, 616, 617, 618, 619, 620, 621, 623, 625, 627, 628, 629, 630, 631, 633, 635, 636, 637, 639, 640, 641, 642, 644, 646, 649, 650, 651, 652, 653, 654, 655, 656, 658, 659, 661, 662, 663, 665, 667, 668, 671, 672, 674, 676, 677, 678, 680, 681, 682, 684, 685, 686, 687, 688, 689, 690, 691, 692, 693, 694, 695, 696, 697, 699, 701, 702, 703, 704, 705, 706, 708, 709, 710, 711, 712, 713, 716, 719, 720, 721, 722, 723, 725, 726, 727, 728, 729, 730, 731, 732, 733, 734, 735, 736, 737, 738, 739, 740, 741, 744, 747, 748, 749, 750, 751, 753, 759, 760, 762, 763, 765, 766, 767, 768, 772, 774, 775, 776, 778, 780, 781, 783, 784, 785, 787, 788, 789, 790, 791, 795, 796, 798, 800, 802, 803, 806, 808, 809, 810, 811, 812, 813, 814, 815, 816, 817, 818, 819, 820, 822, 823, 826, 828, 830, 831, 832, 834, 836, 837, 838, 839, 840, 841, 844, 846, 848, 851, 852, 853, 856, 859, 860, 861, 862, 865, 866, 868, 870, 871, 872, 874, 875, 879, 880, 881, 882, 883, 884, 885, 886, 887, 888, 889]
[4, 13, 17, 21, 22, 35, 36, 46, 59, 61, 62, 64, 70, 73, 84, 108, 136, 137, 148, 153, 159, 170, 172, 181, 185, 187, 189, 197, 200, 208, 217, 219, 226, 230, 237, 242, 243, 260, 267, 270, 271, 283, 291, 301, 306, 307, 316, 317, 343, 345, 347, 348, 350, 356, 357, 358, 361, 373, 374, 388, 401, 403, 405, 406, 408, 413, 453, 454, 464, 482, 487, 503, 515, 525, 526, 540, 553, 562, 566, 568, 583, 595, 604, 608, 615, 627, 643, 648, 658, 674, 678, 683, 689, 690, 692, 709, 712, 719, 723, 732, 747, 753, 757, 758, 759, 765, 766, 770, 775, 780, 805, 806, 807, 809, 819, 825, 829, 832, 851, 854, 862, 868, 875, 877]

[1, 3, 4, 5, 8, 9, 10, 11, 13, 14, 16, 17, 18, 20, 21, 22, 23, 24, 25, 28, 29, 30, 32, 34, 35, 37, 38, 39, 43, 45, 46, 47, 48, 49, 51, 52, 54, 55, 57, 58, 59, 62, 63, 64, 65, 66, 67, 70, 71, 73, 75, 76, 78, 79, 82, 83, 84, 85, 86, 87, 88, 90, 91, 93, 94, 95, 97, 98, 100, 101, 102, 103, 104, 105, 106, 107, 108, 109, 111, 112, 113, 114, 115, 116, 117, 118, 119, 120, 122, 123, 127, 128, 129, 130, 131, 133, 134, 135, 136, 137, 138, 139, 140, 141, 143, 145, 146, 147, 151, 152, 154, 156, 157, 159, 160, 166, 167, 168, 171, 172, 174, 175, 176, 177, 178, 179, 183, 185, 186, 188, 190, 192, 193, 195, 196, 198, 199, 200, 201, 202, 205, 206, 208, 209, 210, 211, 212, 213, 214, 216, 217, 218, 219, 220, 221, 222, 223, 224, 225, 226, 227, 228, 229, 230, 231, 233, 236, 238, 239, 240, 243, 245, 246, 248, 249, 250, 251, 253, 256, 257, 258, 259, 261, 262, 263, 267, 269, 270, 271, 272, 273, 274, 275, 276, 277, 278, 279, 280, 281, 283, 285, 286, 287, 289, 291, 292, 293, 294, 295, 296, 297, 298, 299, 301, 302, 304, 305, 308, 310, 311, 312, 314, 315, 317, 318, 319, 321, 322, 323, 324, 325, 326, 329, 330, 331, 332, 335, 336, 338, 339, 340, 343, 344, 347, 348, 349, 350, 353, 354, 356, 357, 358, 359, 360, 362, 365, 366, 368, 369, 370, 373, 374, 376, 377, 380, 382, 383, 384, 385, 386, 387, 391, 392, 393, 394, 395, 396, 397, 399, 400, 401, 403, 404, 405, 406, 407, 411, 413, 414, 415, 417, 418, 419, 420, 422, 423, 424, 425, 426, 427, 428, 429, 430, 431, 435, 436, 438, 439, 441, 444, 445, 447, 448, 449, 450, 452, 454, 455, 458, 460, 461, 462, 464, 465, 466, 467, 468, 471, 473, 474, 476, 477, 481, 482, 483, 485, 487, 488, 489, 491, 492, 494, 495, 497, 498, 499, 500, 501, 502, 503, 504, 507, 508, 509, 510, 511, 512, 513, 514, 516, 517, 518, 519, 520, 522, 523, 524, 525, 526, 527, 528, 529, 530, 532, 533, 534, 535, 536, 537, 539, 540, 541, 543, 544, 545, 547, 548, 549, 550, 552, 554, 555, 556, 557, 558, 559, 560, 562, 563, 565, 566, 567, 568, 569, 570, 572, 573, 574, 575, 577, 578, 579, 580, 582, 583, 585, 586, 588, 589, 590, 591, 592, 593, 596, 597, 598, 599, 600, 601, 603, 604, 605, 607, 608, 609, 610, 612, 614, 615, 616, 617, 618, 619, 620, 621, 623, 625, 627, 628, 629, 630, 631, 633, 635, 636, 637, 639, 640, 641, 642, 644, 646, 649, 650, 651, 652, 653, 654, 655, 656, 657, 658, 659, 661, 662, 663, 665, 667, 668, 671, 672, 674, 676, 677, 678, 680, 681, 682, 684, 685, 686, 687, 688, 689, 690, 691, 692, 693, 694, 695, 696, 697, 699, 700, 701, 702, 703, 704, 705, 706, 708, 709, 710, 711, 712, 713, 716, 719, 720, 721, 722, 723, 725, 726, 727, 728, 729, 730, 731, 732, 733, 734, 735, 736, 737, 738, 739, 740, 741, 744, 747, 748, 749, 750, 751, 753, 759, 760, 762, 763, 765, 766, 767, 768, 771, 772, 774, 775, 776, 778, 780, 781, 783, 784, 785, 787, 788, 789, 790, 791, 795, 796, 798, 800, 802, 803, 806, 808, 809, 810, 811, 812, 813, 814, 815, 816, 817, 818, 819, 820, 822, 823, 826, 828, 830, 831, 832, 834, 836, 837, 838, 839, 840, 841, 843, 844, 846, 848, 851, 852, 853, 856, 859, 860, 861, 862, 865, 866, 868, 870, 871, 872, 874, 875, 879, 880, 881, 882, 883, 884, 885, 886, 887, 888, 889]
[4, 13, 17, 21, 22, 35, 36, 46, 59, 61, 62, 64, 70, 73, 84, 108, 136, 137, 148, 153, 159, 170, 172, 181, 185, 187, 189, 197, 200, 208, 217, 219, 226, 230, 237, 242, 243, 260, 267, 270, 271, 283, 291, 301, 306, 307, 316, 317, 343, 345, 347, 348, 350, 356, 357, 358, 361, 373, 374, 388, 401, 403, 405, 406, 408, 413, 453, 454, 464, 482, 487, 503, 515, 525, 526, 540, 553, 562, 566, 568, 583, 595, 604, 608, 615, 627, 643, 648, 658, 674, 678, 683, 689, 690, 692, 709, 712, 719, 723, 732, 747, 753, 757, 758, 759, 765, 766, 770, 775, 780, 805, 806, 807, 809, 819, 825, 829, 832, 851, 854, 862, 868, 875, 877]

[1, 3, 4, 5, 8, 9, 10, 11, 13, 14, 16, 17, 18, 20, 21, 22, 23, 24, 25, 28, 29, 30, 32, 34, 35, 37, 38, 39, 43, 45, 46, 47, 48, 49, 51, 52, 54, 55, 57, 58, 59, 62, 63, 64, 65, 66, 67, 70, 71, 73, 75, 76, 78, 79, 82, 83, 84, 85, 86, 87, 88, 90, 91, 93, 94, 95, 97, 98, 100, 101, 102, 103, 104, 105, 106, 107, 108, 109, 110, 111, 112, 113, 114, 115, 116, 117, 118, 119, 120, 122, 123, 127, 128, 129, 130, 131, 133, 134, 135, 136, 137, 138, 139, 140, 141, 143, 144, 145, 146, 147, 151, 152, 154, 156, 157, 159, 160, 166, 167, 168, 171, 172, 174, 175, 176, 177, 178, 179, 183, 185, 186, 188, 190, 192, 193, 195, 196, 198, 199, 200, 201, 202, 205, 206, 208, 209, 210, 211, 212, 213, 214, 216, 217, 218, 219, 220, 221, 222, 223, 224, 225, 226, 227, 228, 229, 230, 231, 233, 236, 238, 239, 240, 243, 245, 246, 248, 249, 250, 251, 252, 253, 255, 256, 257, 258, 259, 261, 262, 263, 267, 269, 270, 271, 272, 273, 274, 275, 276, 277, 278, 279, 280, 281, 283, 285, 286, 287, 288, 289, 291, 292, 293, 294, 295, 296, 297, 298, 299, 300, 301, 302, 304, 305, 308, 310, 311, 312, 314, 315, 317, 318, 319, 321, 322, 323, 324, 325, 326, 329, 330, 331, 332, 335, 336, 337, 338, 339, 340, 343, 344, 347, 348, 349, 350, 353, 354, 356, 357, 358, 359, 360, 362, 365, 366, 368, 369, 370, 373, 374, 376, 377, 380, 382, 383, 384, 385, 386, 387, 390, 391, 392, 393, 394, 395, 396, 397, 399, 400, 401, 403, 404, 405, 406, 407, 411, 413, 414, 415, 417, 418, 419, 420, 421, 422, 423, 424, 425, 426, 427, 428, 429, 430, 431, 435, 436, 438, 439, 441, 444, 445, 447, 448, 449, 450, 452, 453, 454, 455, 456, 458, 459, 460, 461, 462, 464, 465, 466, 467, 468, 471, 473, 474, 476, 477, 479, 481, 482, 483, 485, 487, 488, 489, 491, 492, 494, 495, 497, 498, 499, 500, 501, 502, 503, 504, 507, 508, 509, 510, 511, 512, 513, 514, 516, 517, 518, 519, 520, 521, 522, 523, 524, 525, 526, 527, 528, 529, 530, 532, 533, 534, 535, 536, 537, 538, 539, 540, 541, 543, 544, 545, 546, 547, 548, 549, 550, 552, 554, 555, 556, 557, 558, 559, 560, 562, 563, 565, 566, 567, 568, 569, 570, 572, 573, 574, 575, 577, 578, 579, 580, 582, 583, 585, 586, 588, 589, 590, 591, 592, 593, 596, 597, 598, 599, 600, 601, 603, 604, 605, 607, 608, 609, 610, 612, 613, 614, 615, 616, 617, 618, 619, 620, 621, 623, 625, 627, 628, 629, 630, 631, 633, 635, 636, 637, 639, 640, 641, 642, 644, 646, 649, 650, 651, 652, 653, 654, 655, 656, 657, 658, 659, 661, 662, 663, 664, 665, 667, 668, 671, 672, 674, 676, 677, 678, 679, 680, 681, 682, 684, 685, 686, 687, 688, 689, 690, 691, 692, 693, 694, 695, 696, 697, 699, 700, 701, 702, 703, 704, 705, 706, 708, 709, 710, 711, 712, 713, 716, 719, 720, 721, 722, 723, 725, 726, 727, 728, 729, 730, 731, 732, 733, 734, 735, 736, 737, 738, 739, 740, 741, 744, 747, 748, 749, 750, 751, 753, 759, 760, 762, 763, 765, 766, 767, 768, 769, 771, 772, 774, 775, 776, 778, 780, 781, 783, 784, 785, 787, 788, 789, 790, 791, 795, 796, 797, 798, 800, 802, 803, 806, 808, 809, 810, 811, 812, 813, 814, 815, 816, 817, 818, 819, 820, 822, 823, 826, 828, 830, 831, 832, 834, 835, 836, 837, 838, 839, 840, 841, 843, 844, 846, 847, 848, 850, 851, 852, 853, 856, 858, 859, 860, 861, 862, 865, 866, 868, 870, 871, 872, 874, 875, 879, 880, 881, 882, 883, 884, 885, 886, 887, 888, 889]
[4, 13, 17, 21, 22, 35, 36, 46, 59, 61, 62, 64, 70, 73, 84, 108, 136, 137, 148, 153, 159, 170, 172, 181, 185, 187, 189, 197, 200, 208, 217, 219, 226, 230, 237, 242, 243, 260, 267, 270, 271, 283, 291, 301, 306, 307, 316, 317, 343, 345, 347, 348, 350, 356, 357, 358, 361, 373, 374, 388, 401, 403, 405, 406, 408, 413, 453, 454, 464, 482, 487, 503, 515, 525, 526, 540, 553, 562, 566, 568, 583, 595, 604, 608, 615, 627, 643, 648, 658, 674, 678, 683, 689, 690, 692, 709, 712, 719, 723, 732, 747, 753, 757, 758, 759, 765, 766, 770, 775, 780, 805, 806, 807, 809, 819, 825, 829, 832, 851, 854, 862, 868, 875, 877]

[0, 1, 3, 4, 5, 8, 9, 10, 11, 13, 14, 16, 17, 18, 20, 21, 22, 23, 24, 25, 28, 29, 30, 32, 34, 35, 37, 38, 39, 43, 45, 46, 47, 48, 49, 51, 52, 54, 55, 57, 58, 59, 62, 63, 64, 65, 66, 67, 68, 70, 71, 73, 75, 76, 78, 79, 82, 83, 84, 85, 86, 87, 88, 90, 91, 93, 94, 95, 97, 98, 100, 101, 102, 103, 104, 105, 106, 107, 108, 109, 110, 111, 112, 113, 114, 115, 116, 117, 118, 119, 120, 122, 123, 127, 128, 129, 130, 131, 133, 134, 135, 136, 137, 138, 139, 140, 141, 143, 144, 145, 146, 147, 150, 151, 152, 154, 156, 157, 158, 159, 160, 162, 166, 167, 168, 171, 172, 174, 175, 176, 177, 178, 179, 180, 183, 185, 186, 188, 190, 192, 193, 195, 196, 198, 199, 200, 201, 202, 205, 206, 208, 209, 210, 211, 212, 213, 214, 216, 217, 218, 219, 220, 221, 222, 223, 224, 225, 226, 227, 228, 229, 230, 231, 233, 236, 238, 239, 240, 243, 245, 246, 248, 249, 250, 251, 252, 253, 255, 256, 257, 258, 259, 261, 262, 263, 264, 267, 269, 270, 271, 272, 273, 274, 275, 276, 277, 278, 279, 280, 281, 283, 284, 285, 286, 287, 288, 289, 291, 292, 293, 294, 295, 296, 297, 298, 299, 300, 301, 302, 304, 305, 308, 310, 311, 312, 314, 315, 317, 318, 319, 321, 322, 323, 324, 325, 326, 329, 330, 331, 332, 335, 336, 337, 338, 339, 340, 343, 344, 347, 348, 349, 350, 353, 354, 355, 356, 357, 358, 359, 360, 362, 365, 366, 367, 368, 369, 370, 373, 374, 376, 377, 380, 382, 383, 384, 385, 386, 387, 390, 391, 392, 393, 394, 395, 396, 397, 399, 400, 401, 403, 404, 405, 406, 407, 411, 413, 414, 415, 417, 418, 419, 420, 421, 422, 423, 424, 425, 426, 427, 428, 429, 430, 431, 435, 436, 438, 439, 440, 441, 443, 444, 445, 447, 448, 449, 450, 452, 453, 454, 455, 456, 458, 459, 460, 461, 462, 464, 465, 466, 467, 468, 471, 473, 474, 476, 477, 479, 481, 482, 483, 485, 487, 488, 489, 490, 491, 492, 493, 494, 495, 497, 498, 499, 500, 501, 502, 503, 504, 506, 507, 508, 509, 510, 511, 512, 513, 514, 516, 517, 518, 519, 520, 521, 522, 523, 524, 525, 526, 527, 528, 529, 530, 532, 533, 534, 535, 536, 537, 538, 539, 540, 541, 543, 544, 545, 546, 547, 548, 549, 550, 552, 554, 555, 556, 557, 558, 559, 560, 562, 563, 565, 566, 567, 568, 569, 570, 572, 573, 574, 575, 577, 578, 579, 580, 582, 583, 585, 586, 588, 589, 590, 591, 592, 593, 596, 597, 598, 599, 600, 601, 603, 604, 605, 606, 607, 608, 609, 610, 612, 613, 614, 615, 616, 617, 618, 619, 620, 621, 623, 624, 625, 627, 628, 629, 630, 631, 633, 635, 636, 637, 639, 640, 641, 642, 644, 646, 647, 649, 650, 651, 652, 653, 654, 655, 656, 657, 658, 659, 661, 662, 663, 664, 665, 667, 668, 671, 672, 674, 676, 677, 678, 679, 680, 681, 682, 684, 685, 686, 687, 688, 689, 690, 691, 692, 693, 694, 695, 696, 697, 699, 700, 701, 702, 703, 704, 705, 706, 708, 709, 710, 711, 712, 713, 716, 719, 720, 721, 722, 723, 724, 725, 726, 727, 728, 729, 730, 731, 732, 733, 734, 735, 736, 737, 738, 739, 740, 741, 744, 747, 748, 749, 750, 751, 753, 759, 760, 762, 763, 764, 765, 766, 767, 768, 769, 771, 772, 773, 774, 775, 776, 778, 779, 780, 781, 783, 784, 785, 787, 788, 789, 790, 791, 792, 795, 796, 797, 798, 800, 802, 803, 806, 808, 809, 810, 811, 812, 813, 814, 815, 816, 817, 818, 819, 820, 822, 823, 824, 826, 828, 829, 830, 831, 832, 834, 835, 836, 837, 838, 839, 840, 841, 843, 844, 846, 847, 848, 850, 851, 852, 853, 856, 858, 859, 860, 861, 862, 865, 866, 868, 870, 871, 872, 874, 875, 879, 880, 881, 882, 883, 884, 885, 886, 887, 888, 889]
[4, 13, 17, 21, 22, 35, 36, 46, 59, 61, 62, 64, 70, 73, 84, 108, 136, 137, 148, 153, 159, 170, 172, 181, 185, 187, 189, 197, 200, 208, 217, 219, 226, 230, 237, 242, 243, 260, 267, 270, 271, 283, 291, 301, 306, 307, 316, 317, 343, 345, 347, 348, 350, 356, 357, 358, 361, 373, 374, 388, 401, 403, 405, 406, 408, 413, 453, 454, 464, 482, 487, 503, 515, 525, 526, 540, 553, 562, 566, 568, 583, 595, 604, 608, 615, 627, 643, 648, 658, 674, 678, 683, 689, 690, 692, 709, 712, 719, 723, 732, 747, 753, 757, 758, 759, 765, 766, 770, 775, 780, 805, 806, 807, 809, 819, 825, 829, 832, 851, 854, 862, 868, 875, 877]

[0, 1, 3, 4, 5, 7, 8, 9, 10, 11, 13, 14, 16, 17, 18, 20, 21, 22, 23, 24, 25, 28, 29, 30, 32, 34, 35, 37, 38, 39, 43, 45, 46, 47, 48, 49, 51, 52, 54, 55, 56, 57, 58, 59, 62, 63, 64, 65, 66, 67, 68, 70, 71, 73, 75, 76, 78, 79, 82, 83, 84, 85, 86, 87, 88, 90, 91, 92, 93, 94, 95, 97, 98, 99, 100, 101, 102, 103, 104, 105, 106, 107, 108, 109, 110, 111, 112, 113, 114, 115, 116, 117, 118, 119, 120, 121, 122, 123, 127, 128, 129, 130, 131, 133, 134, 135, 136, 137, 138, 139, 140, 141, 143, 144, 145, 146, 147, 150, 151, 152, 154, 156, 157, 158, 159, 160, 162, 166, 167, 168, 170, 171, 172, 173, 174, 175, 176, 177, 178, 179, 180, 183, 185, 186, 188, 189, 190, 192, 193, 194, 195, 196, 197, 198, 199, 200, 201, 202, 205, 206, 208, 209, 210, 211, 212, 213, 214, 216, 217, 218, 219, 220, 221, 222, 223, 224, 225, 226, 227, 228, 229, 230, 231, 233, 234, 236, 238, 239, 240, 243, 245, 246, 248, 249, 250, 251, 252, 253, 255, 256, 257, 258, 259, 260, 261, 262, 263, 264, 267, 269, 270, 271, 272, 273, 274, 275, 276, 277, 278, 279, 280, 281, 283, 284, 285, 286, 287, 288, 289, 291, 292, 293, 294, 295, 296, 297, 298, 299, 300, 301, 302, 304, 305, 308, 310, 311, 312, 314, 315, 316, 317, 318, 319, 321, 322, 323, 324, 325, 326, 327, 329, 330, 331, 332, 335, 336, 337, 338, 339, 340, 343, 344, 346, 347, 348, 349, 350, 353, 354, 355, 356, 357, 358, 359, 360, 362, 365, 366, 367, 368, 369, 370, 373, 374, 376, 377, 380, 382, 383, 384, 385, 386, 387, 390, 391, 392, 393, 394, 395, 396, 397, 399, 400, 401, 403, 404, 405, 406, 407, 411, 413, 414, 415, 417, 418, 419, 420, 421, 422, 423, 424, 425, 426, 427, 428, 429, 430, 431, 435, 436, 438, 439, 440, 441, 443, 444, 445, 447, 448, 449, 450, 452, 453, 454, 455, 456, 458, 459, 460, 461, 462, 464, 465, 466, 467, 468, 470, 471, 473, 474, 476, 477, 479, 480, 481, 482, 483, 484, 485, 487, 488, 489, 490, 491, 492, 493, 494, 495, 497, 498, 499, 500, 501, 502, 503, 504, 506, 507, 508, 509, 510, 511, 512, 513, 514, 516, 517, 518, 519, 520, 521, 522, 523, 524, 525, 526, 527, 528, 529, 530, 532, 533, 534, 535, 536, 537, 538, 539, 540, 541, 543, 544, 545, 546, 547, 548, 549, 550, 552, 554, 555, 556, 557, 558, 559, 560, 562, 563, 565, 566, 567, 568, 569, 570, 572, 573, 574, 575, 577, 578, 579, 580, 582, 583, 585, 586, 588, 589, 590, 591, 592, 593, 594, 596, 597, 598, 599, 600, 601, 603, 604, 605, 606, 607, 608, 609, 610, 612, 613, 614, 615, 616, 617, 618, 619, 620, 621, 623, 624, 625, 627, 628, 629, 630, 631, 633, 635, 636, 637, 639, 640, 641, 642, 644, 646, 647, 648, 649, 650, 651, 652, 653, 654, 655, 656, 657, 658, 659, 661, 662, 663, 664, 665, 667, 668, 671, 672, 674, 676, 677, 678, 679, 680, 681, 682, 684, 685, 686, 687, 688, 689, 690, 691, 692, 693, 694, 695, 696, 697, 699, 700, 701, 702, 703, 704, 705, 706, 708, 709, 710, 711, 712, 713, 715, 716, 719, 720, 721, 722, 723, 724, 725, 726, 727, 728, 729, 730, 731, 732, 733, 734, 735, 736, 737, 738, 739, 740, 741, 744, 747, 748, 749, 750, 751, 753, 759, 760, 761, 762, 763, 764, 765, 766, 767, 768, 769, 771, 772, 773, 774, 775, 776, 778, 779, 780, 781, 783, 784, 785, 787, 788, 789, 790, 791, 792, 795, 796, 797, 798, 800, 802, 803, 806, 808, 809, 810, 811, 812, 813, 814, 815, 816, 817, 818, 819, 820, 822, 823, 824, 826, 827, 828, 829, 830, 831, 832, 834, 835, 836, 837, 838, 839, 840, 841, 842, 843, 844, 846, 847, 848, 850, 851, 852, 853, 856, 858, 859, 860, 861, 862, 864, 865, 866, 868, 870, 871, 872, 874, 875, 879, 880, 881, 882, 883, 884, 885, 886, 887, 888, 889]
[4, 13, 17, 21, 22, 35, 36, 46, 59, 61, 62, 64, 70, 73, 84, 108, 136, 137, 148, 153, 159, 170, 172, 181, 185, 187, 189, 197, 200, 208, 217, 219, 226, 230, 237, 242, 243, 260, 267, 270, 271, 283, 291, 301, 306, 307, 316, 317, 343, 345, 347, 348, 350, 356, 357, 358, 361, 373, 374, 388, 401, 403, 405, 406, 408, 413, 453, 454, 464, 482, 487, 503, 515, 525, 526, 540, 553, 562, 566, 568, 583, 595, 604, 608, 615, 627, 643, 648, 658, 674, 678, 683, 689, 690, 692, 709, 712, 719, 723, 732, 747, 753, 757, 758, 759, 765, 766, 770, 775, 780, 805, 806, 807, 809, 819, 825, 829, 832, 851, 854, 862, 868, 875, 877]

[0, 1, 2, 3, 4, 5, 7, 8, 9, 10, 11, 13, 14, 16, 17, 18, 20, 21, 22, 23, 24, 25, 26, 28, 29, 30, 32, 34, 35, 37, 38, 39, 43, 45, 46, 47, 48, 49, 51, 52, 54, 55, 56, 57, 58, 59, 62, 63, 64, 65, 66, 67, 68, 70, 71, 73, 75, 76, 78, 79, 82, 83, 84, 85, 86, 87, 88, 90, 91, 92, 93, 94, 95, 97, 98, 99, 100, 101, 102, 103, 104, 105, 106, 107, 108, 109, 110, 111, 112, 113, 114, 115, 116, 117, 118, 119, 120, 121, 122, 123, 127, 128, 129, 130, 131, 133, 134, 135, 136, 137, 138, 139, 140, 141, 143, 144, 145, 146, 147, 148, 150, 151, 152, 154, 156, 157, 158, 159, 160, 162, 166, 167, 168, 170, 171, 172, 173, 174, 175, 176, 177, 178, 179, 180, 183, 185, 186, 188, 189, 190, 191, 192, 193, 194, 195, 196, 197, 198, 199, 200, 201, 202, 205, 206, 208, 209, 210, 211, 212, 213, 214, 216, 217, 218, 219, 220, 221, 222, 223, 224, 225, 226, 227, 228, 229, 230, 231, 233, 234, 236, 238, 239, 240, 243, 245, 246, 248, 249, 250, 251, 252, 253, 255, 256, 257, 258, 259, 260, 261, 262, 263, 264, 267, 269, 270, 271, 272, 273, 274, 275, 276, 277, 278, 279, 280, 281, 283, 284, 285, 286, 287, 288, 289, 291, 292, 293, 294, 295, 296, 297, 298, 299, 300, 301, 302, 303, 304, 305, 308, 310, 311, 312, 314, 315, 316, 317, 318, 319, 321, 322, 323, 324, 325, 326, 327, 328, 329, 330, 331, 332, 333, 335, 336, 337, 338, 339, 340, 341, 343, 344, 346, 347, 348, 349, 350, 353, 354, 355, 356, 357, 358, 359, 360, 361, 362, 365, 366, 367, 368, 369, 370, 373, 374, 376, 377, 380, 382, 383, 384, 385, 386, 387, 390, 391, 392, 393, 394, 395, 396, 397, 399, 400, 401, 403, 404, 405, 406, 407, 411, 413, 414, 415, 417, 418, 419, 420, 421, 422, 423, 424, 425, 426, 427, 428, 429, 430, 431, 435, 436, 438, 439, 440, 441, 443, 444, 445, 447, 448, 449, 450, 452, 453, 454, 455, 456, 458, 459, 460, 461, 462, 463, 464, 465, 466, 467, 468, 470, 471, 472, 473, 474, 476, 477, 479, 480, 481, 482, 483, 484, 485, 487, 488, 489, 490, 491, 492, 493, 494, 495, 496, 497, 498, 499, 500, 501, 502, 503, 504, 505, 506, 507, 508, 509, 510, 511, 512, 513, 514, 515, 516, 517, 518, 519, 520, 521, 522, 523, 524, 525, 526, 527, 528, 529, 530, 532, 533, 534, 535, 536, 537, 538, 539, 540, 541, 543, 544, 545, 546, 547, 548, 549, 550, 552, 554, 555, 556, 557, 558, 559, 560, 561, 562, 563, 565, 566, 567, 568, 569, 570, 572, 573, 574, 575, 576, 577, 578, 579, 580, 582, 583, 585, 586, 588, 589, 590, 591, 592, 593, 594, 596, 597, 598, 599, 600, 601, 603, 604, 605, 606, 607, 608, 609, 610, 612, 613, 614, 615, 616, 617, 618, 619, 620, 621, 623, 624, 625, 627, 628, 629, 630, 631, 633, 635, 636, 637, 639, 640, 641, 642, 644, 646, 647, 648, 649, 650, 651, 652, 653, 654, 655, 656, 657, 658, 659, 660, 661, 662, 663, 664, 665, 667, 668, 671, 672, 674, 676, 677, 678, 679, 680, 681, 682, 684, 685, 686, 687, 688, 689, 690, 691, 692, 693, 694, 695, 696, 697, 699, 700, 701, 702, 703, 704, 705, 706, 708, 709, 710, 711, 712, 713, 714, 715, 716, 719, 720, 721, 722, 723, 724, 725, 726, 727, 728, 729, 730, 731, 732, 733, 734, 735, 736, 737, 738, 739, 740, 741, 744, 746, 747, 748, 749, 750, 751, 753, 756, 758, 759, 760, 761, 762, 763, 764, 765, 766, 767, 768, 769, 771, 772, 773, 774, 775, 776, 778, 779, 780, 781, 783, 784, 785, 787, 788, 789, 790, 791, 792, 795, 796, 797, 798, 800, 802, 803, 806, 807, 808, 809, 810, 811, 812, 813, 814, 815, 816, 817, 818, 819, 820, 822, 823, 824, 826, 827, 828, 829, 830, 831, 832, 834, 835, 836, 837, 838, 839, 840, 841, 842, 843, 844, 846, 847, 848, 849, 850, 851, 852, 853, 856, 857, 858, 859, 860, 861, 862, 863, 864, 865, 866, 868, 870, 871, 872, 874, 875, 879, 880, 881, 882, 883, 884, 885, 886, 887, 888, 889]
[4, 13, 17, 21, 22, 35, 36, 46, 59, 61, 62, 64, 70, 73, 84, 108, 136, 137, 148, 153, 159, 170, 172, 181, 185, 187, 189, 197, 200, 208, 217, 219, 226, 230, 237, 242, 243, 260, 267, 270, 271, 283, 291, 301, 306, 307, 316, 317, 343, 345, 347, 348, 350, 356, 357, 358, 361, 373, 374, 388, 401, 403, 405, 406, 408, 413, 453, 454, 464, 482, 487, 503, 515, 525, 526, 540, 553, 562, 566, 568, 583, 595, 604, 608, 615, 627, 643, 648, 658, 674, 678, 683, 689, 690, 692, 709, 712, 719, 723, 732, 747, 753, 757, 758, 759, 765, 766, 770, 775, 780, 805, 806, 807, 809, 819, 825, 829, 832, 851, 854, 862, 868, 875, 877]

[0, 1, 2, 3, 4, 5, 6, 7, 8, 9, 10, 11, 13, 14, 16, 17, 18, 20, 21, 22, 23, 24, 25, 26, 28, 29, 30, 32, 34, 35, 37, 38, 39, 40, 43, 45, 46, 47, 48, 49, 50, 51, 52, 53, 54, 55, 56, 57, 58, 59, 62, 63, 64, 65, 66, 67, 68, 70, 71, 72, 73, 75, 76, 78, 79, 82, 83, 84, 85, 86, 87, 88, 90, 91, 92, 93, 94, 95, 97, 98, 99, 100, 101, 102, 103, 104, 105, 106, 107, 108, 109, 110, 111, 112, 113, 114, 115, 116, 117, 118, 119, 120, 121, 122, 123, 127, 128, 129, 130, 131, 133, 134, 135, 136, 137, 138, 139, 140, 141, 142, 143, 144, 145, 146, 147, 148, 150, 151, 152, 154, 156, 157, 158, 159, 160, 162, 166, 167, 168, 170, 171, 172, 173, 174, 175, 176, 177, 178, 179, 180, 183, 185, 186, 188, 189, 190, 191, 192, 193, 194, 195, 196, 197, 198, 199, 200, 201, 202, 203, 205, 206, 208, 209, 210, 211, 212, 213, 214, 216, 217, 218, 219, 220, 221, 222, 223, 224, 225, 226, 227, 228, 229, 230, 231, 233, 234, 236, 238, 239, 240, 242, 243, 245, 246, 247, 248, 249, 250, 251, 252, 253, 254, 255, 256, 257, 258, 259, 260, 261, 262, 263, 264, 267, 269, 270, 271, 272, 273, 274, 275, 276, 277, 278, 279, 280, 281, 283, 284, 285, 286, 287, 288, 289, 291, 292, 293, 294, 295, 296, 297, 298, 299, 300, 301, 302, 303, 304, 305, 308, 310, 311, 312, 314, 315, 316, 317, 318, 319, 321, 322, 323, 324, 325, 326, 327, 328, 329, 330, 331, 332, 333, 335, 336, 337, 338, 339, 340, 341, 343, 344, 346, 347, 348, 349, 350, 353, 354, 355, 356, 357, 358, 359, 360, 361, 362, 365, 366, 367, 368, 369, 370, 373, 374, 375, 376, 377, 380, 382, 383, 384, 385, 386, 387, 390, 391, 392, 393, 394, 395, 396, 397, 399, 400, 401, 403, 404, 405, 406, 407, 408, 411, 413, 414, 415, 417, 418, 419, 420, 421, 422, 423, 424, 425, 426, 427, 428, 429, 430, 431, 435, 436, 437, 438, 439, 440, 441, 443, 444, 445, 446, 447, 448, 449, 450, 451, 452, 453, 454, 455, 456, 457, 458, 459, 460, 461, 462, 463, 464, 465, 466, 467, 468, 469, 470, 471, 472, 473, 474, 476, 477, 478, 479, 480, 481, 482, 483, 484, 485, 487, 488, 489, 490, 491, 492, 493, 494, 495, 496, 497, 498, 499, 500, 501, 502, 503, 504, 505, 506, 507, 508, 509, 510, 511, 512, 513, 514, 515, 516, 517, 518, 519, 520, 521, 522, 523, 524, 525, 526, 527, 528, 529, 530, 532, 533, 534, 535, 536, 537, 538, 539, 540, 541, 543, 544, 545, 546, 547, 548, 549, 550, 552, 554, 555, 556, 557, 558, 559, 560, 561, 562, 563, 565, 566, 567, 568, 569, 570, 572, 573, 574, 575, 576, 577, 578, 579, 580, 581, 582, 583, 585, 586, 588, 589, 590, 591, 592, 593, 594, 596, 597, 598, 599, 600, 601, 603, 604, 605, 606, 607, 608, 609, 610, 611, 612, 613, 614, 615, 616, 617, 618, 619, 620, 621, 623, 624, 625, 627, 628, 629, 630, 631, 633, 635, 636, 637, 639, 640, 641, 642, 644, 646, 647, 648, 649, 650, 651, 652, 653, 654, 655, 656, 657, 658, 659, 660, 661, 662, 663, 664, 665, 667, 668, 671, 672, 674, 676, 677, 678, 679, 680, 681, 682, 684, 685, 686, 687, 688, 689, 690, 691, 692, 693, 694, 695, 696, 697, 698, 699, 700, 701, 702, 703, 704, 705, 706, 708, 709, 710, 711, 712, 713, 714, 715, 716, 719, 720, 721, 722, 723, 724, 725, 726, 727, 728, 729, 730, 731, 732, 733, 734, 735, 736, 737, 738, 739, 740, 741, 744, 745, 746, 747, 748, 749, 750, 751, 753, 754, 756, 758, 759, 760, 761, 762, 763, 764, 765, 766, 767, 768, 769, 771, 772, 773, 774, 775, 776, 778, 779, 780, 781, 783, 784, 785, 787, 788, 789, 790, 791, 792, 795, 796, 797, 798, 800, 802, 803, 806, 807, 808, 809, 810, 811, 812, 813, 814, 815, 816, 817, 818, 819, 820, 822, 823, 824, 825, 826, 827, 828, 829, 830, 831, 832, 834, 835, 836, 837, 838, 839, 840, 841, 842, 843, 844, 846, 847, 848, 849, 850, 851, 852, 853, 854, 856, 857, 858, 859, 860, 861, 862, 863, 864, 865, 866, 868, 870, 871, 872, 874, 875, 879, 880, 881, 882, 883, 884, 885, 886, 887, 888, 889]
[4, 13, 17, 21, 22, 35, 36, 46, 59, 61, 62, 64, 70, 73, 84, 108, 136, 137, 148, 153, 159, 170, 172, 181, 185, 187, 189, 197, 200, 208, 217, 219, 226, 230, 237, 242, 243, 260, 267, 270, 271, 283, 291, 301, 306, 307, 316, 317, 343, 345, 347, 348, 350, 356, 357, 358, 361, 373, 374, 388, 401, 403, 405, 406, 408, 413, 453, 454, 464, 482, 487, 503, 515, 525, 526, 540, 553, 562, 566, 568, 583, 595, 604, 608, 615, 627, 643, 648, 658, 674, 678, 683, 689, 690, 692, 709, 712, 719, 723, 732, 747, 753, 757, 758, 759, 765, 766, 770, 775, 780, 805, 806, 807, 809, 819, 825, 829, 832, 851, 854, 862, 868, 875, 877]

[0, 1, 2, 3, 4, 5, 6, 7, 8, 9, 10, 11, 12, 13, 14, 16, 17, 18, 20, 21, 22, 23, 24, 25, 26, 28, 29, 30, 32, 34, 35, 36, 37, 38, 39, 40, 41, 43, 45, 46, 47, 48, 49, 50, 51, 52, 53, 54, 55, 56, 57, 58, 59, 60, 62, 63, 64, 65, 66, 67, 68, 70, 71, 72, 73, 75, 76, 77, 78, 79, 81, 82, 83, 84, 85, 86, 87, 88, 90, 91, 92, 93, 94, 95, 97, 98, 99, 100, 101, 102, 103, 104, 105, 106, 107, 108, 109, 110, 111, 112, 113, 114, 115, 116, 117, 118, 119, 120, 121, 122, 123, 127, 128, 129, 130, 131, 133, 134, 135, 136, 137, 138, 139, 140, 141, 142, 143, 144, 145, 146, 147, 148, 150, 151, 152, 154, 156, 157, 158, 159, 160, 162, 163, 166, 167, 168, 169, 170, 171, 172, 173, 174, 175, 176, 177, 178, 179, 180, 183, 184, 185, 186, 188, 189, 190, 191, 192, 193, 194, 195, 196, 197, 198, 199, 200, 201, 202, 203, 205, 206, 207, 208, 209, 210, 211, 212, 213, 214, 216, 217, 218, 219, 220, 221, 222, 223, 224, 225, 226, 227, 228, 229, 230, 231, 233, 234, 236, 238, 239, 240, 242, 243, 245, 246, 247, 248, 249, 250, 251, 252, 253, 254, 255, 256, 257, 258, 259, 260, 261, 262, 263, 264, 267, 269, 270, 271, 272, 273, 274, 275, 276, 277, 278, 279, 280, 281, 282, 283, 284, 285, 286, 287, 288, 289, 291, 292, 293, 294, 295, 296, 297, 298, 299, 300, 301, 302, 303, 304, 305, 308, 310, 311, 312, 314, 315, 316, 317, 318, 319, 321, 322, 323, 324, 325, 326, 327, 328, 329, 330, 331, 332, 333, 335, 336, 337, 338, 339, 340, 341, 342, 343, 344, 346, 347, 348, 349, 350, 353, 354, 355, 356, 357, 358, 359, 360, 361, 362, 363, 364, 365, 366, 367, 368, 369, 370, 373, 374, 375, 376, 377, 380, 382, 383, 384, 385, 386, 387, 390, 391, 392, 393, 394, 395, 396, 397, 399, 400, 401, 403, 404, 405, 406, 407, 408, 411, 413, 414, 415, 417, 418, 419, 420, 421, 422, 423, 424, 425, 426, 427, 428, 429, 430, 431, 434, 435, 436, 437, 438, 439, 440, 441, 443, 444, 445, 446, 447, 448, 449, 450, 451, 452, 453, 454, 455, 456, 457, 458, 459, 460, 461, 462, 463, 464, 465, 466, 467, 468, 469, 470, 471, 472, 473, 474, 476, 477, 478, 479, 480, 481, 482, 483, 484, 485, 487, 488, 489, 490, 491, 492, 493, 494, 495, 496, 497, 498, 499, 500, 501, 502, 503, 504, 505, 506, 507, 508, 509, 510, 511, 512, 513, 514, 515, 516, 517, 518, 519, 520, 521, 522, 523, 524, 525, 526, 527, 528, 529, 530, 532, 533, 534, 535, 536, 537, 538, 539, 540, 541, 543, 544, 545, 546, 547, 548, 549, 550, 551, 552, 554, 555, 556, 557, 558, 559, 560, 561, 562, 563, 565, 566, 567, 568, 569, 570, 572, 573, 574, 575, 576, 577, 578, 579, 580, 581, 582, 583, 585, 586, 588, 589, 590, 591, 592, 593, 594, 596, 597, 598, 599, 600, 601, 603, 604, 605, 606, 607, 608, 609, 610, 611, 612, 613, 614, 615, 616, 617, 618, 619, 620, 621, 623, 624, 625, 627, 628, 629, 630, 631, 633, 635, 636, 637, 639, 640, 641, 642, 644, 646, 647, 648, 649, 650, 651, 652, 653, 654, 655, 656, 657, 658, 659, 660, 661, 662, 663, 664, 665, 667, 668, 671, 672, 673, 674, 676, 677, 678, 679, 680, 681, 682, 684, 685, 686, 687, 688, 689, 690, 691, 692, 693, 694, 695, 696, 697, 698, 699, 700, 701, 702, 703, 704, 705, 706, 708, 709, 710, 711, 712, 713, 714, 715, 716, 718, 719, 720, 721, 722, 723, 724, 725, 726, 727, 728, 729, 730, 731, 732, 733, 734, 735, 736, 737, 738, 739, 740, 741, 744, 745, 746, 747, 748, 749, 750, 751, 753, 754, 756, 758, 759, 760, 761, 762, 763, 764, 765, 766, 767, 768, 769, 770, 771, 772, 773, 774, 775, 776, 777, 778, 779, 780, 781, 782, 783, 784, 785, 786, 787, 788, 789, 790, 791, 792, 795, 796, 797, 798, 800, 802, 803, 805, 806, 807, 808, 809, 810, 811, 812, 813, 814, 815, 816, 817, 818, 819, 820, 822, 823, 824, 825, 826, 827, 828, 829, 830, 831, 832, 834, 835, 836, 837, 838, 839, 840, 841, 842, 843, 844, 846, 847, 848, 849, 850, 851, 852, 853, 854, 856, 857, 858, 859, 860, 861, 862, 863, 864, 865, 866, 868, 869, 870, 871, 872, 874, 875, 879, 880, 881, 882, 883, 884, 885, 886, 887, 888, 889]
[4, 13, 17, 21, 22, 35, 36, 46, 59, 61, 62, 64, 70, 73, 84, 108, 136, 137, 148, 153, 159, 170, 172, 181, 185, 187, 189, 197, 200, 208, 217, 219, 226, 230, 237, 242, 243, 260, 267, 270, 271, 283, 291, 301, 306, 307, 316, 317, 343, 345, 347, 348, 350, 356, 357, 358, 361, 373, 374, 388, 401, 403, 405, 406, 408, 413, 453, 454, 464, 482, 487, 503, 515, 525, 526, 540, 553, 562, 566, 568, 583, 595, 604, 608, 615, 627, 643, 648, 658, 674, 678, 683, 689, 690, 692, 709, 712, 719, 723, 732, 747, 753, 757, 758, 759, 765, 766, 770, 775, 780, 805, 806, 807, 809, 819, 825, 829, 832, 851, 854, 862, 868, 875, 877]

