[19, 72, 145, 153, 247, 269, 280, 281, 294, 306, 319, 427, 445, 483, 637, 642, 684, 721, 805, 810, 851, 882]
[36, 49, 54, 96, 97, 124, 171, 194, 217, 249, 255, 259, 321, 350, 375, 378, 517, 528, 668, 686, 789, 832]

[19, 72, 145, 153, 247, 269, 280, 281, 294, 306, 319, 427, 445, 483, 637, 642, 684, 721, 805, 810, 851, 882]
[9, 14, 32, 36, 45, 49, 51, 54, 57, 64, 65, 78, 93, 96, 97, 99, 122, 124, 132, 160, 161, 171, 173, 175, 176, 184, 188, 194, 212, 217, 225, 240, 243, 245, 249, 251, 255, 257, 259, 275, 277, 285, 286, 289, 295, 321, 331, 349, 350, 361, 368, 369, 374, 375, 378, 380, 383, 387, 392, 397, 398, 406, 418, 423, 424, 446, 461, 465, 498, 503, 508, 517, 523, 526, 528, 531, 533, 535, 543, 553, 563, 582, 587, 601, 603, 623, 630, 631, 648, 649, 655, 663, 668, 669, 670, 686, 692, 695, 708, 715, 717, 723, 731, 742, 762, 763, 764, 768, 778, 779, 787, 789, 794, 799, 809, 813, 815, 832, 835, 847, 878, 883]

[19, 72, 102, 145, 153, 211, 228, 240, 247, 264, 269, 280, 281, 294, 306, 319, 321, 374, 383, 384, 390, 424, 427, 445, 483, 505, 518, 606, 614, 637, 642, 659, 684, 707, 721, 727, 742, 747, 780, 796, 805, 810, 823, 849, 851, 882, 885]
[9, 14, 32, 36, 45, 49, 51, 54, 57, 64, 65, 78, 93, 96, 97, 99, 122, 124, 132, 160, 161, 171, 173, 175, 176, 184, 188, 194, 212, 217, 225, 240, 243, 245, 249, 251, 255, 257, 259, 275, 277, 285, 286, 289, 295, 321, 331, 349, 350, 361, 368, 369, 374, 375, 378, 380, 383, 387, 392, 397, 398, 406, 418, 423, 424, 446, 461, 465, 498, 503, 508, 517, 523, 526, 528, 531, 533, 535, 543, 553, 563, 582, 587, 601, 603, 623, 630, 631, 648, 649, 655, 663, 668, 669, 670, 686, 692, 695, 708, 715, 717, 723, 731, 742, 762, 763, 764, 768, 778, 779, 787, 789, 794, 799, 809, 813, 815, 832, 835, 847, 878, 883]

[19, 35, 46, 53, 62, 72, 85, 102, 116, 134, 136, 145, 153, 198, 211, 228, 240, 241, 247, 264, 269, 280, 281, 294, 306, 319, 321, 362, 374, 383, 384, 390, 412, 424, 427, 430, 444, 445, 483, 486, 495, 505, 510, 512, 518, 589, 606, 614, 618, 623, 637, 642, 659, 684, 707, 721, 727, 738, 742, 747, 780, 796, 805, 809, 810, 823, 849, 851, 857, 861, 882, 885]
[9, 14, 32, 36, 45, 49, 51, 54, 57, 64, 65, 78, 93, 96, 97, 99, 122, 124, 132, 160, 161, 171, 173, 175, 176, 184, 188, 194, 212, 217, 225, 240, 243, 245, 249, 251, 255, 257, 259, 275, 277, 285, 286, 289, 295, 321, 331, 349, 350, 361, 368, 369, 374, 375, 378, 380, 383, 387, 392, 397, 398, 406, 418, 423, 424, 446, 461, 465, 498, 503, 508, 517, 523, 526, 528, 531, 533, 535, 543, 553, 563, 582, 587, 601, 603, 623, 630, 631, 648, 649, 655, 663, 668, 669, 670, 686, 692, 695, 708, 715, 717, 723, 731, 742, 762, 763, 764, 768, 778, 779, 787, 789, 794, 799, 809, 813, 815, 832, 835, 847, 878, 883]

[4, 19, 29, 35, 46, 53, 57, 62, 72, 85, 102, 116, 134, 136, 145, 153, 176, 197, 198, 206, 208, 211, 228, 240, 241, 247, 262, 264, 269, 279, 280, 281, 294, 295, 306, 307, 319, 321, 332, 362, 365, 374, 379, 383, 384, 390, 403, 411, 412, 416, 424, 427, 430, 444, 445, 460, 483, 486, 495, 505, 510, 512, 518, 567, 584, 589, 590, 606, 614, 618, 623, 637, 642, 659, 671, 684, 707, 721, 727, 738, 739, 742, 747, 778, 780, 796, 805, 809, 810, 820, 823, 829, 832, 849, 851, 857, 861, 862, 882, 883, 885]
[9, 14, 32, 36, 45, 49, 51, 54, 57, 64, 65, 78, 93, 96, 97, 99, 122, 124, 132, 160, 161, 171, 173, 175, 176, 184, 188, 194, 212, 217, 225, 240, 243, 245, 249, 251, 255, 257, 259, 275, 277, 285, 286, 289, 295, 321, 331, 349, 350, 361, 368, 369, 374, 375, 378, 380, 383, 387, 392, 397, 398, 406, 418, 423, 424, 446, 461, 465, 498, 503, 508, 517, 523, 526, 528, 531, 533, 535, 543, 553, 563, 582, 587, 601, 603, 623, 630, 631, 648, 649, 655, 663, 668, 669, 670, 686, 692, 695, 708, 715, 717, 723, 731, 742, 762, 763, 764, 768, 778, 779, 787, 789, 794, 799, 809, 813, 815, 832, 835, 847, 878, 883]

[4, 9, 16, 19, 29, 32, 35, 46, 53, 57, 62, 72, 85, 92, 101, 102, 116, 120, 122, 134, 136, 145, 153, 176, 197, 198, 206, 208, 211, 217, 228, 235, 240, 241, 247, 262, 264, 269, 279, 280, 281, 294, 295, 297, 306, 307, 308, 319, 320, 321, 328, 332, 346, 362, 365, 369, 374, 379, 383, 384, 390, 398, 399, 403, 411, 412, 416, 424, 426, 427, 430, 444, 445, 458, 460, 462, 483, 486, 495, 503, 505, 510, 512, 518, 567, 574, 576, 582, 584, 589, 590, 606, 614, 617, 618, 623, 628, 637, 642, 659, 671, 684, 698, 707, 721, 727, 729, 738, 739, 742, 747, 764, 778, 780, 791, 796, 805, 809, 810, 816, 820, 823, 827, 829, 832, 841, 849, 851, 857, 861, 862, 882, 883, 884, 885]
[9, 14, 32, 36, 45, 49, 51, 54, 57, 64, 65, 78, 93, 96, 97, 99, 122, 124, 132, 160, 161, 171, 173, 175, 176, 184, 188, 194, 212, 217, 225, 240, 243, 245, 249, 251, 255, 257, 259, 275, 277, 285, 286, 289, 295, 321, 331, 349, 350, 361, 368, 369, 374, 375, 378, 380, 383, 387, 392, 397, 398, 406, 418, 423, 424, 446, 461, 465, 498, 503, 508, 517, 523, 526, 528, 531, 533, 535, 543, 553, 563, 582, 587, 601, 603, 623, 630, 631, 648, 649, 655, 663, 668, 669, 670, 686, 692, 695, 708, 715, 717, 723, 731, 742, 762, 763, 764, 768, 778, 779, 787, 789, 794, 799, 809, 813, 815, 832, 835, 847, 878, 883]

[4, 9, 16, 19, 29, 32, 35, 46, 53, 57, 62, 72, 77, 79, 83, 85, 91, 92, 101, 102, 108, 116, 120, 122, 134, 136, 145, 151, 153, 176, 178, 197, 198, 205, 206, 208, 211, 217, 228, 235, 237, 240, 241, 247, 248, 255, 262, 264, 269, 279, 280, 281, 294, 295, 297, 306, 307, 308, 319, 320, 321, 328, 332, 346, 352, 362, 365, 368, 369, 374, 376, 379, 383, 384, 390, 398, 399, 403, 411, 412, 416, 424, 426, 427, 430, 436, 444, 445, 458, 460, 462, 483, 486, 495, 503, 505, 510, 512, 518, 561, 567, 574, 576, 582, 584, 589, 590, 606, 614, 617, 618, 621, 623, 628, 637, 642, 659, 671, 684, 698, 707, 721, 727, 729, 738, 739, 742, 744, 747, 749, 764, 778, 780, 791, 796, 805, 809, 810, 812, 816, 819, 820, 823, 827, 828, 829, 832, 833, 841, 849, 851, 857, 861, 862, 867, 876, 882, 883, 884, 885]
[9, 14, 32, 36, 45, 49, 51, 54, 57, 64, 65, 78, 93, 96, 97, 99, 122, 124, 132, 160, 161, 171, 173, 175, 176, 184, 188, 194, 212, 217, 225, 240, 243, 245, 249, 251, 255, 257, 259, 275, 277, 285, 286, 289, 295, 321, 331, 349, 350, 361, 368, 369, 374, 375, 378, 380, 383, 387, 392, 397, 398, 406, 418, 423, 424, 446, 461, 465, 498, 503, 508, 517, 523, 526, 528, 531, 533, 535, 543, 553, 563, 582, 587, 601, 603, 623, 630, 631, 648, 649, 655, 663, 668, 669, 670, 686, 692, 695, 708, 715, 717, 723, 731, 742, 762, 763, 764, 768, 778, 779, 787, 789, 794, 799, 809, 813, 815, 832, 835, 847, 878, 883]

[4, 9, 16, 19, 29, 32, 35, 46, 53, 57, 62, 64, 72, 74, 77, 79, 83, 85, 91, 92, 101, 102, 108, 111, 116, 120, 122, 134, 136, 138, 145, 148, 151, 153, 176, 178, 197, 198, 205, 206, 208, 211, 217, 218, 228, 235, 237, 240, 241, 247, 248, 250, 255, 262, 263, 264, 269, 279, 280, 281, 286, 294, 295, 297, 306, 307, 308, 318, 319, 320, 321, 328, 332, 344, 346, 352, 362, 365, 368, 369, 374, 376, 379, 383, 384, 390, 398, 399, 403, 410, 411, 412, 416, 424, 426, 427, 430, 436, 444, 445, 452, 458, 460, 462, 483, 486, 495, 503, 505, 510, 512, 518, 549, 561, 566, 567, 574, 576, 582, 584, 589, 590, 606, 614, 617, 618, 621, 623, 628, 632, 637, 642, 654, 659, 671, 684, 689, 698, 702, 707, 708, 721, 727, 729, 738, 739, 742, 744, 747, 749, 755, 764, 778, 780, 791, 796, 805, 808, 809, 810, 812, 816, 819, 820, 821, 823, 827, 828, 829, 832, 833, 839, 841, 849, 851, 852, 857, 861, 862, 867, 876, 882, 883, 884, 885]
[9, 14, 32, 36, 45, 49, 51, 54, 57, 64, 65, 78, 93, 96, 97, 99, 122, 124, 132, 160, 161, 171, 173, 175, 176, 184, 188, 194, 212, 217, 225, 240, 243, 245, 249, 251, 255, 257, 259, 275, 277, 285, 286, 289, 295, 321, 331, 349, 350, 361, 368, 369, 374, 375, 378, 380, 383, 387, 392, 397, 398, 406, 418, 423, 424, 446, 461, 465, 498, 503, 508, 517, 523, 526, 528, 531, 533, 535, 543, 553, 563, 582, 587, 601, 603, 623, 630, 631, 648, 649, 655, 663, 668, 669, 670, 686, 692, 695, 708, 715, 717, 723, 731, 742, 762, 763, 764, 768, 778, 779, 787, 789, 794, 799, 809, 813, 815, 832, 835, 847, 878, 883]

[2, 4, 9, 16, 19, 27, 29, 32, 35, 46, 53, 57, 62, 64, 72, 74, 77, 79, 83, 85, 91, 92, 101, 102, 108, 111, 116, 120, 122, 123, 134, 136, 138, 145, 148, 151, 153, 176, 178, 182, 197, 198, 205, 206, 208, 211, 217, 218, 222, 228, 235, 237, 240, 241, 247, 248, 250, 255, 262, 263, 264, 269, 279, 280, 281, 286, 294, 295, 297, 306, 307, 308, 318, 319, 320, 321, 326, 328, 332, 344, 346, 352, 362, 365, 368, 369, 374, 376, 379, 383, 384, 390, 398, 399, 403, 409, 410, 411, 412, 416, 424, 425, 426, 427, 430, 436, 444, 445, 452, 455, 458, 460, 461, 462, 483, 486, 495, 503, 505, 510, 512, 513, 518, 523, 542, 544, 549, 561, 566, 567, 574, 576, 578, 582, 584, 589, 590, 606, 614, 617, 618, 621, 623, 624, 628, 632, 637, 642, 654, 659, 670, 671, 672, 684, 689, 690, 698, 702, 707, 708, 712, 721, 727, 729, 738, 739, 742, 744, 747, 749, 755, 758, 764, 775, 778, 780, 791, 796, 805, 808, 809, 810, 812, 815, 816, 819, 820, 821, 823, 825, 827, 828, 829, 832, 833, 839, 841, 849, 851, 852, 857, 861, 862, 867, 876, 878, 882, 883, 884, 885]
[9, 14, 32, 36, 45, 49, 51, 54, 57, 64, 65, 78, 93, 96, 97, 99, 122, 124, 132, 160, 161, 171, 173, 175, 176, 184, 188, 194, 212, 217, 225, 240, 243, 245, 249, 251, 255, 257, 259, 275, 277, 285, 286, 289, 295, 321, 331, 349, 350, 361, 368, 369, 374, 375, 378, 380, 383, 387, 392, 397, 398, 406, 418, 423, 424, 446, 461, 465, 498, 503, 508, 517, 523, 526, 528, 531, 533, 535, 543, 553, 563, 582, 587, 601, 603, 623, 630, 631, 648, 649, 655, 663, 668, 669, 670, 686, 692, 695, 708, 715, 717, 723, 731, 742, 762, 763, 764, 768, 778, 779, 787, 789, 794, 799, 809, 813, 815, 832, 835, 847, 878, 883]

[2, 4, 8, 9, 12, 16, 19, 27, 29, 32, 35, 46, 53, 57, 62, 64, 71, 72, 74, 77, 79, 83, 85, 86, 91, 92, 95, 98, 99, 101, 102, 108, 111, 116, 120, 122, 123, 129, 134, 136, 138, 145, 148, 151, 152, 153, 176, 178, 182, 197, 198, 205, 206, 208, 211, 217, 218, 222, 228, 235, 237, 240, 241, 245, 247, 248, 250, 255, 262, 263, 264, 269, 279, 280, 281, 286, 294, 295, 297, 306, 307, 308, 318, 319, 320, 321, 326, 328, 332, 341, 344, 346, 352, 362, 365, 368, 369, 374, 376, 379, 383, 384, 390, 398, 399, 403, 409, 410, 411, 412, 416, 424, 425, 426, 427, 430, 436, 444, 445, 452, 455, 458, 460, 461, 462, 483, 486, 488, 494, 495, 503, 505, 510, 512, 513, 514, 518, 522, 523, 542, 544, 549, 561, 566, 567, 574, 576, 578, 582, 584, 589, 590, 596, 606, 614, 617, 618, 621, 623, 624, 628, 631, 632, 637, 642, 651, 654, 659, 670, 671, 672, 684, 689, 690, 691, 697, 698, 702, 707, 708, 712, 721, 727, 729, 738, 739, 742, 744, 747, 749, 755, 758, 764, 775, 778, 780, 788, 791, 796, 805, 808, 809, 810, 812, 815, 816, 819, 820, 821, 823, 825, 827, 828, 829, 830, 832, 833, 839, 841, 842, 847, 849, 851, 852, 857, 861, 862, 866, 867, 876, 878, 882, 883, 884, 885]
[9, 14, 32, 36, 45, 49, 51, 54, 57, 64, 65, 78, 93, 96, 97, 99, 122, 124, 132, 160, 161, 171, 173, 175, 176, 184, 188, 194, 212, 217, 225, 240, 243, 245, 249, 251, 255, 257, 259, 275, 277, 285, 286, 289, 295, 321, 331, 349, 350, 361, 368, 369, 374, 375, 378, 380, 383, 387, 392, 397, 398, 406, 418, 423, 424, 446, 461, 465, 498, 503, 508, 517, 523, 526, 528, 531, 533, 535, 543, 553, 563, 582, 587, 601, 603, 623, 630, 631, 648, 649, 655, 663, 668, 669, 670, 686, 692, 695, 708, 715, 717, 723, 731, 742, 762, 763, 764, 768, 778, 779, 787, 789, 794, 799, 809, 813, 815, 832, 835, 847, 878, 883]

[2, 4, 8, 9, 12, 16, 19, 27, 29, 32, 35, 38, 46, 53, 57, 62, 64, 66, 71, 72, 74, 77, 79, 83, 85, 86, 91, 92, 95, 98, 99, 101, 102, 108, 111, 116, 120, 122, 123, 129, 134, 136, 138, 145, 147, 148, 151, 152, 153, 157, 176, 177, 178, 182, 197, 198, 205, 206, 208, 211, 217, 218, 222, 226, 228, 235, 237, 240, 241, 245, 247, 248, 250, 255, 262, 263, 264, 269, 272, 279, 280, 281, 286, 294, 295, 296, 297, 301, 306, 307, 308, 309, 318, 319, 320, 321, 325, 326, 328, 332, 341, 343, 344, 346, 352, 362, 365, 367, 368, 369, 374, 376, 379, 383, 384, 388, 390, 398, 399, 403, 408, 409, 410, 411, 412, 416, 424, 425, 426, 427, 430, 436, 444, 445, 452, 455, 458, 460, 461, 462, 467, 469, 483, 486, 488, 494, 495, 503, 505, 510, 512, 513, 514, 518, 522, 523, 526, 541, 542, 544, 549, 559, 561, 566, 567, 574, 576, 578, 582, 584, 589, 590, 593, 596, 605, 606, 610, 614, 617, 618, 621, 623, 624, 628, 631, 632, 637, 642, 651, 654, 659, 670, 671, 672, 684, 689, 690, 691, 697, 698, 702, 707, 708, 712, 721, 727, 729, 738, 739, 741, 742, 744, 747, 749, 755, 758, 764, 775, 778, 780, 788, 791, 796, 805, 808, 809, 810, 812, 815, 816, 819, 820, 821, 823, 825, 827, 828, 829, 830, 832, 833, 839, 840, 841, 842, 847, 849, 851, 852, 857, 861, 862, 866, 867, 876, 878, 882, 883, 884, 885]
[9, 14, 32, 36, 45, 49, 51, 54, 57, 64, 65, 78, 93, 96, 97, 99, 122, 124, 132, 160, 161, 171, 173, 175, 176, 184, 188, 194, 212, 217, 225, 240, 243, 245, 249, 251, 255, 257, 259, 275, 277, 285, 286, 289, 295, 321, 331, 349, 350, 361, 368, 369, 374, 375, 378, 380, 383, 387, 392, 397, 398, 406, 418, 423, 424, 446, 461, 465, 498, 503, 508, 517, 523, 526, 528, 531, 533, 535, 543, 553, 563, 582, 587, 601, 603, 623, 630, 631, 648, 649, 655, 663, 668, 669, 670, 686, 692, 695, 708, 715, 717, 723, 731, 742, 762, 763, 764, 768, 778, 779, 787, 789, 794, 799, 809, 813, 815, 832, 835, 847, 878, 883]

[2, 4, 8, 9, 12, 14, 16, 19, 27, 29, 32, 35, 38, 46, 53, 57, 62, 64, 66, 70, 71, 72, 74, 77, 79, 83, 85, 86, 88, 91, 92, 95, 98, 99, 101, 102, 108, 111, 116, 120, 121, 122, 123, 129, 134, 136, 138, 145, 147, 148, 151, 152, 153, 157, 170, 176, 177, 178, 182, 188, 189, 197, 198, 203, 205, 206, 208, 211, 217, 218, 222, 226, 228, 231, 235, 237, 240, 241, 245, 246, 247, 248, 250, 255, 262, 263, 264, 269, 272, 279, 280, 281, 286, 294, 295, 296, 297, 301, 306, 307, 308, 309, 318, 319, 320, 321, 325, 326, 328, 332, 341, 343, 344, 346, 352, 354, 362, 365, 367, 368, 369, 374, 376, 379, 383, 384, 388, 390, 398, 399, 403, 408, 409, 410, 411, 412, 416, 424, 425, 426, 427, 430, 436, 444, 445, 452, 455, 458, 460, 461, 462, 467, 469, 477, 483, 486, 488, 493, 494, 495, 500, 503, 505, 510, 512, 513, 514, 518, 522, 523, 526, 541, 542, 544, 549, 558, 559, 561, 566, 567, 574, 576, 578, 582, 584, 589, 590, 593, 596, 605, 606, 610, 614, 617, 618, 621, 623, 624, 627, 628, 631, 632, 637, 642, 651, 654, 659, 670, 671, 672, 684, 689, 690, 691, 697, 698, 702, 707, 708, 712, 721, 726, 727, 729, 737, 738, 739, 741, 742, 744, 747, 749, 755, 758, 764, 775, 778, 779, 780, 788, 791, 796, 805, 808, 809, 810, 812, 815, 816, 819, 820, 821, 823, 825, 827, 828, 829, 830, 831, 832, 833, 839, 840, 841, 842, 844, 847, 849, 850, 851, 852, 855, 857, 861, 862, 866, 867, 871, 873, 876, 878, 882, 883, 884, 885]
[9, 14, 32, 36, 45, 49, 51, 54, 57, 64, 65, 78, 93, 96, 97, 99, 122, 124, 132, 160, 161, 171, 173, 175, 176, 184, 188, 194, 212, 217, 225, 240, 243, 245, 249, 251, 255, 257, 259, 275, 277, 285, 286, 289, 295, 321, 331, 349, 350, 361, 368, 369, 374, 375, 378, 380, 383, 387, 392, 397, 398, 406, 418, 423, 424, 446, 461, 465, 498, 503, 508, 517, 523, 526, 528, 531, 533, 535, 543, 553, 563, 582, 587, 601, 603, 623, 630, 631, 648, 649, 655, 663, 668, 669, 670, 686, 692, 695, 708, 715, 717, 723, 731, 742, 762, 763, 764, 768, 778, 779, 787, 789, 794, 799, 809, 813, 815, 832, 835, 847, 878, 883]

[2, 4, 8, 9, 12, 14, 16, 19, 27, 29, 32, 35, 38, 43, 46, 53, 57, 62, 64, 66, 70, 71, 72, 74, 77, 79, 83, 85, 86, 88, 91, 92, 95, 98, 99, 101, 102, 104, 108, 111, 116, 120, 121, 122, 123, 129, 134, 136, 138, 145, 146, 147, 148, 151, 152, 153, 157, 168, 169, 170, 176, 177, 178, 182, 188, 189, 197, 198, 201, 203, 205, 206, 208, 211, 217, 218, 222, 226, 227, 228, 231, 235, 236, 237, 240, 241, 245, 246, 247, 248, 250, 255, 259, 262, 263, 264, 269, 272, 279, 280, 281, 286, 294, 295, 296, 297, 301, 303, 306, 307, 308, 309, 318, 319, 320, 321, 325, 326, 328, 332, 337, 341, 343, 344, 346, 352, 354, 362, 365, 367, 368, 369, 374, 376, 379, 383, 384, 388, 390, 398, 399, 403, 408, 409, 410, 411, 412, 416, 424, 425, 426, 427, 430, 436, 444, 445, 452, 455, 458, 459, 460, 461, 462, 465, 467, 469, 477, 483, 486, 488, 493, 494, 495, 500, 503, 505, 510, 512, 513, 514, 518, 522, 523, 526, 536, 541, 542, 544, 546, 549, 558, 559, 561, 566, 567, 568, 574, 576, 578, 582, 584, 589, 590, 593, 596, 605, 606, 610, 614, 617, 618, 621, 623, 624, 627, 628, 631, 632, 637, 642, 643, 646, 650, 651, 652, 654, 659, 670, 671, 672, 684, 689, 690, 691, 697, 698, 700, 702, 707, 708, 712, 721, 726, 727, 729, 736, 737, 738, 739, 741, 742, 744, 747, 749, 755, 758, 761, 764, 775, 778, 779, 780, 788, 789, 791, 796, 805, 808, 809, 810, 812, 815, 816, 819, 820, 821, 823, 825, 827, 828, 829, 830, 831, 832, 833, 839, 840, 841, 842, 844, 847, 849, 850, 851, 852, 855, 857, 861, 862, 866, 867, 871, 873, 875, 876, 878, 882, 883, 884, 885]
[9, 14, 32, 36, 45, 49, 51, 54, 57, 64, 65, 78, 93, 96, 97, 99, 122, 124, 132, 160, 161, 171, 173, 175, 176, 184, 188, 194, 212, 217, 225, 240, 243, 245, 249, 251, 255, 257, 259, 275, 277, 285, 286, 289, 295, 321, 331, 349, 350, 361, 368, 369, 374, 375, 378, 380, 383, 387, 392, 397, 398, 406, 418, 423, 424, 446, 461, 465, 498, 503, 508, 517, 523, 526, 528, 531, 533, 535, 543, 553, 563, 582, 587, 601, 603, 623, 630, 631, 648, 649, 655, 663, 668, 669, 670, 686, 692, 695, 708, 715, 717, 723, 731, 742, 762, 763, 764, 768, 778, 779, 787, 789, 794, 799, 809, 813, 815, 832, 835, 847, 878, 883]

[2, 4, 8, 9, 12, 14, 16, 19, 27, 29, 32, 35, 38, 43, 46, 53, 54, 57, 62, 64, 66, 70, 71, 72, 74, 77, 79, 83, 85, 86, 88, 91, 92, 95, 98, 99, 101, 102, 104, 108, 111, 115, 116, 120, 121, 122, 123, 126, 129, 134, 136, 138, 144, 145, 146, 147, 148, 151, 152, 153, 157, 168, 169, 170, 176, 177, 178, 182, 188, 189, 197, 198, 201, 203, 205, 206, 208, 211, 215, 216, 217, 218, 222, 223, 226, 227, 228, 231, 234, 235, 236, 237, 240, 241, 245, 246, 247, 248, 250, 255, 259, 262, 263, 264, 269, 272, 279, 280, 281, 286, 294, 295, 296, 297, 298, 301, 303, 306, 307, 308, 309, 318, 319, 320, 321, 325, 326, 328, 332, 337, 341, 343, 344, 346, 352, 354, 362, 365, 367, 368, 369, 371, 374, 376, 379, 382, 383, 384, 388, 390, 398, 399, 403, 408, 409, 410, 411, 412, 416, 417, 424, 425, 426, 427, 430, 436, 444, 445, 452, 455, 458, 459, 460, 461, 462, 463, 465, 467, 469, 477, 483, 486, 488, 490, 491, 493, 494, 495, 500, 503, 505, 510, 512, 513, 514, 518, 522, 523, 526, 536, 538, 541, 542, 544, 546, 549, 558, 559, 561, 566, 567, 568, 574, 576, 578, 581, 582, 584, 585, 589, 590, 591, 593, 596, 605, 606, 610, 614, 617, 618, 621, 623, 624, 627, 628, 631, 632, 637, 642, 643, 646, 650, 651, 652, 654, 657, 659, 670, 671, 672, 673, 684, 689, 690, 691, 697, 698, 700, 701, 702, 707, 708, 712, 721, 726, 727, 729, 736, 737, 738, 739, 741, 742, 744, 747, 749, 751, 755, 758, 761, 764, 775, 778, 779, 780, 788, 789, 791, 796, 805, 808, 809, 810, 812, 815, 816, 819, 820, 821, 823, 825, 827, 828, 829, 830, 831, 832, 833, 835, 839, 840, 841, 842, 844, 847, 849, 850, 851, 852, 855, 857, 861, 862, 866, 867, 871, 873, 875, 876, 878, 882, 883, 884, 885, 886]
[9, 14, 32, 36, 45, 49, 51, 54, 57, 64, 65, 78, 93, 96, 97, 99, 122, 124, 132, 160, 161, 171, 173, 175, 176, 184, 188, 194, 212, 217, 225, 240, 243, 245, 249, 251, 255, 257, 259, 275, 277, 285, 286, 289, 295, 321, 331, 349, 350, 361, 368, 369, 374, 375, 378, 380, 383, 387, 392, 397, 398, 406, 418, 423, 424, 446, 461, 465, 498, 503, 508, 517, 523, 526, 528, 531, 533, 535, 543, 553, 563, 582, 587, 601, 603, 623, 630, 631, 648, 649, 655, 663, 668, 669, 670, 686, 692, 695, 708, 715, 717, 723, 731, 742, 762, 763, 764, 768, 778, 779, 787, 789, 794, 799, 809, 813, 815, 832, 835, 847, 878, 883]

[2, 4, 8, 9, 12, 14, 16, 19, 20, 27, 29, 32, 35, 38, 43, 46, 49, 53, 54, 57, 62, 63, 64, 66, 70, 71, 72, 74, 77, 79, 83, 85, 86, 88, 91, 92, 95, 98, 99, 101, 102, 104, 108, 111, 115, 116, 120, 121, 122, 123, 126, 129, 134, 136, 138, 144, 145, 146, 147, 148, 151, 152, 153, 157, 168, 169, 170, 176, 177, 178, 182, 188, 189, 197, 198, 201, 203, 205, 206, 208, 211, 212, 215, 216, 217, 218, 221, 222, 223, 226, 227, 228, 231, 234, 235, 236, 237, 240, 241, 245, 246, 247, 248, 250, 255, 259, 262, 263, 264, 269, 272, 279, 280, 281, 286, 294, 295, 296, 297, 298, 301, 303, 306, 307, 308, 309, 318, 319, 320, 321, 325, 326, 327, 328, 332, 337, 341, 343, 344, 346, 352, 354, 357, 362, 365, 367, 368, 369, 371, 374, 376, 379, 382, 383, 384, 388, 390, 396, 397, 398, 399, 403, 406, 408, 409, 410, 411, 412, 416, 417, 424, 425, 426, 427, 430, 436, 442, 444, 445, 452, 455, 458, 459, 460, 461, 462, 463, 465, 467, 469, 477, 483, 486, 488, 490, 491, 493, 494, 495, 500, 503, 504, 505, 510, 512, 513, 514, 518, 522, 523, 526, 536, 538, 541, 542, 544, 546, 549, 558, 559, 561, 566, 567, 568, 574, 576, 577, 578, 581, 582, 584, 585, 589, 590, 591, 593, 596, 605, 606, 610, 611, 614, 617, 618, 621, 623, 624, 627, 628, 631, 632, 637, 639, 642, 643, 646, 650, 651, 652, 654, 656, 657, 659, 670, 671, 672, 673, 684, 689, 690, 691, 697, 698, 700, 701, 702, 707, 708, 712, 721, 723, 726, 727, 729, 736, 737, 738, 739, 741, 742, 744, 745, 747, 749, 751, 755, 758, 761, 763, 764, 775, 778, 779, 780, 788, 789, 791, 796, 805, 808, 809, 810, 811, 812, 815, 816, 818, 819, 820, 821, 823, 825, 826, 827, 828, 829, 830, 831, 832, 833, 835, 839, 840, 841, 842, 844, 847, 849, 850, 851, 852, 855, 857, 858, 860, 861, 862, 864, 866, 867, 871, 873, 875, 876, 878, 882, 883, 884, 885, 886]
[9, 14, 32, 36, 45, 49, 51, 54, 57, 64, 65, 78, 93, 96, 97, 99, 122, 124, 132, 160, 161, 171, 173, 175, 176, 184, 188, 194, 212, 217, 225, 240, 243, 245, 249, 251, 255, 257, 259, 275, 277, 285, 286, 289, 295, 321, 331, 349, 350, 361, 368, 369, 374, 375, 378, 380, 383, 387, 392, 397, 398, 406, 418, 423, 424, 446, 461, 465, 498, 503, 508, 517, 523, 526, 528, 531, 533, 535, 543, 553, 563, 582, 587, 601, 603, 623, 630, 631, 648, 649, 655, 663, 668, 669, 670, 686, 692, 695, 708, 715, 717, 723, 731, 742, 762, 763, 764, 768, 778, 779, 787, 789, 794, 799, 809, 813, 815, 832, 835, 847, 878, 883]

[2, 4, 5, 8, 9, 10, 12, 14, 16, 19, 20, 27, 29, 32, 35, 37, 38, 43, 46, 49, 53, 54, 57, 61, 62, 63, 64, 66, 70, 71, 72, 74, 77, 79, 83, 85, 86, 88, 91, 92, 95, 97, 98, 99, 101, 102, 104, 108, 111, 115, 116, 120, 121, 122, 123, 126, 128, 129, 134, 136, 138, 144, 145, 146, 147, 148, 150, 151, 152, 153, 157, 168, 169, 170, 176, 177, 178, 182, 186, 188, 189, 194, 195, 197, 198, 201, 203, 205, 206, 208, 211, 212, 215, 216, 217, 218, 221, 222, 223, 226, 227, 228, 231, 234, 235, 236, 237, 240, 241, 245, 246, 247, 248, 250, 255, 259, 262, 263, 264, 269, 272, 279, 280, 281, 286, 287, 294, 295, 296, 297, 298, 301, 303, 306, 307, 308, 309, 318, 319, 320, 321, 325, 326, 327, 328, 330, 332, 337, 341, 343, 344, 346, 352, 354, 357, 361, 362, 365, 367, 368, 369, 371, 374, 376, 379, 382, 383, 384, 388, 390, 396, 397, 398, 399, 403, 406, 408, 409, 410, 411, 412, 416, 417, 423, 424, 425, 426, 427, 430, 436, 442, 444, 445, 447, 452, 453, 455, 458, 459, 460, 461, 462, 463, 465, 466, 467, 469, 477, 483, 486, 488, 490, 491, 493, 494, 495, 500, 503, 504, 505, 508, 510, 512, 513, 514, 518, 522, 523, 526, 536, 538, 541, 542, 544, 546, 549, 558, 559, 561, 566, 567, 568, 574, 576, 577, 578, 581, 582, 584, 585, 589, 590, 591, 593, 596, 599, 605, 606, 610, 611, 613, 614, 617, 618, 621, 623, 624, 627, 628, 631, 632, 637, 639, 642, 643, 646, 650, 651, 652, 654, 656, 657, 659, 664, 670, 671, 672, 673, 684, 689, 690, 691, 697, 698, 700, 701, 702, 707, 708, 712, 721, 723, 726, 727, 729, 736, 737, 738, 739, 741, 742, 743, 744, 745, 747, 749, 751, 755, 758, 761, 763, 764, 775, 778, 779, 780, 788, 789, 790, 791, 796, 805, 808, 809, 810, 811, 812, 815, 816, 818, 819, 820, 821, 823, 825, 826, 827, 828, 829, 830, 831, 832, 833, 835, 839, 840, 841, 842, 844, 847, 849, 850, 851, 852, 855, 857, 858, 860, 861, 862, 864, 866, 867, 871, 873, 875, 876, 878, 880, 882, 883, 884, 885, 886, 887]
[9, 14, 32, 36, 45, 49, 51, 54, 57, 64, 65, 78, 93, 96, 97, 99, 122, 124, 132, 160, 161, 171, 173, 175, 176, 184, 188, 194, 212, 217, 225, 240, 243, 245, 249, 251, 255, 257, 259, 275, 277, 285, 286, 289, 295, 321, 331, 349, 350, 361, 368, 369, 374, 375, 378, 380, 383, 387, 392, 397, 398, 406, 418, 423, 424, 446, 461, 465, 498, 503, 508, 517, 523, 526, 528, 531, 533, 535, 543, 553, 563, 582, 587, 601, 603, 623, 630, 631, 648, 649, 655, 663, 668, 669, 670, 686, 692, 695, 708, 715, 717, 723, 731, 742, 762, 763, 764, 768, 778, 779, 787, 789, 794, 799, 809, 813, 815, 832, 835, 847, 878, 883]

[0, 2, 4, 5, 8, 9, 10, 12, 14, 16, 19, 20, 27, 29, 32, 35, 37, 38, 43, 46, 49, 53, 54, 57, 61, 62, 63, 64, 66, 69, 70, 71, 72, 74, 77, 79, 83, 85, 86, 88, 91, 92, 95, 96, 97, 98, 99, 101, 102, 104, 108, 111, 115, 116, 119, 120, 121, 122, 123, 126, 128, 129, 131, 134, 136, 138, 144, 145, 146, 147, 148, 150, 151, 152, 153, 157, 168, 169, 170, 176, 177, 178, 180, 182, 184, 186, 188, 189, 191, 194, 195, 197, 198, 201, 203, 205, 206, 208, 211, 212, 215, 216, 217, 218, 221, 222, 223, 226, 227, 228, 231, 234, 235, 236, 237, 240, 241, 245, 246, 247, 248, 250, 255, 259, 262, 263, 264, 269, 272, 278, 279, 280, 281, 286, 287, 294, 295, 296, 297, 298, 301, 303, 306, 307, 308, 309, 318, 319, 320, 321, 325, 326, 327, 328, 330, 331, 332, 337, 341, 343, 344, 345, 346, 348, 352, 354, 357, 361, 362, 365, 367, 368, 369, 371, 374, 376, 379, 382, 383, 384, 388, 390, 396, 397, 398, 399, 403, 404, 406, 408, 409, 410, 411, 412, 416, 417, 423, 424, 425, 426, 427, 430, 436, 442, 444, 445, 447, 452, 453, 455, 458, 459, 460, 461, 462, 463, 465, 466, 467, 469, 476, 477, 482, 483, 486, 488, 490, 491, 493, 494, 495, 497, 500, 503, 504, 505, 508, 510, 512, 513, 514, 518, 522, 523, 524, 526, 536, 538, 541, 542, 544, 546, 549, 557, 558, 559, 561, 566, 567, 568, 574, 576, 577, 578, 581, 582, 584, 585, 588, 589, 590, 591, 593, 596, 599, 605, 606, 609, 610, 611, 613, 614, 617, 618, 621, 623, 624, 627, 628, 631, 632, 637, 639, 642, 643, 646, 650, 651, 652, 654, 656, 657, 659, 662, 664, 670, 671, 672, 673, 684, 689, 690, 691, 697, 698, 700, 701, 702, 703, 707, 708, 712, 721, 723, 726, 727, 729, 736, 737, 738, 739, 741, 742, 743, 744, 745, 747, 749, 751, 755, 758, 761, 763, 764, 775, 778, 779, 780, 788, 789, 790, 791, 796, 797, 798, 805, 808, 809, 810, 811, 812, 815, 816, 818, 819, 820, 821, 823, 825, 826, 827, 828, 829, 830, 831, 832, 833, 835, 839, 840, 841, 842, 844, 847, 849, 850, 851, 852, 855, 857, 858, 860, 861, 862, 864, 866, 867, 870, 871, 873, 875, 876, 878, 880, 882, 883, 884, 885, 886, 887]
[9, 14, 32, 36, 45, 49, 51, 54, 57, 64, 65, 78, 93, 96, 97, 99, 122, 124, 132, 160, 161, 171, 173, 175, 176, 184, 188, 194, 212, 217, 225, 240, 243, 245, 249, 251, 255, 257, 259, 275, 277, 285, 286, 289, 295, 321, 331, 349, 350, 361, 368, 369, 374, 375, 378, 380, 383, 387, 392, 397, 398, 406, 418, 423, 424, 446, 461, 465, 498, 503, 508, 517, 523, 526, 528, 531, 533, 535, 543, 553, 563, 582, 587, 601, 603, 623, 630, 631, 648, 649, 655, 663, 668, 669, 670, 686, 692, 695, 708, 715, 717, 723, 731, 742, 762, 763, 764, 768, 778, 779, 787, 789, 794, 799, 809, 813, 815, 832, 835, 847, 878, 883]

[0, 2, 4, 5, 8, 9, 10, 12, 14, 16, 19, 20, 27, 29, 30, 32, 34, 35, 37, 38, 43, 46, 49, 53, 54, 57, 58, 61, 62, 63, 64, 66, 67, 69, 70, 71, 72, 74, 77, 79, 83, 85, 86, 88, 91, 92, 95, 96, 97, 98, 99, 101, 102, 104, 108, 111, 115, 116, 117, 119, 120, 121, 122, 123, 126, 128, 129, 130, 131, 134, 136, 138, 144, 145, 146, 147, 148, 150, 151, 152, 153, 157, 168, 169, 170, 171, 176, 177, 178, 180, 182, 184, 186, 188, 189, 191, 194, 195, 197, 198, 201, 203, 205, 206, 208, 211, 212, 215, 216, 217, 218, 221, 222, 223, 226, 227, 228, 231, 234, 235, 236, 237, 240, 241, 245, 246, 247, 248, 250, 255, 259, 262, 263, 264, 269, 272, 278, 279, 280, 281, 286, 287, 294, 295, 296, 297, 298, 301, 303, 306, 307, 308, 309, 311, 318, 319, 320, 321, 325, 326, 327, 328, 330, 331, 332, 337, 341, 343, 344, 345, 346, 348, 351, 352, 353, 354, 356, 357, 360, 361, 362, 365, 367, 368, 369, 371, 374, 376, 379, 382, 383, 384, 388, 390, 396, 397, 398, 399, 400, 403, 404, 406, 408, 409, 410, 411, 412, 416, 417, 423, 424, 425, 426, 427, 430, 436, 442, 444, 445, 447, 452, 453, 455, 458, 459, 460, 461, 462, 463, 465, 466, 467, 469, 476, 477, 482, 483, 484, 486, 488, 490, 491, 493, 494, 495, 497, 500, 503, 504, 505, 508, 510, 512, 513, 514, 518, 522, 523, 524, 526, 536, 538, 541, 542, 544, 546, 549, 557, 558, 559, 561, 566, 567, 568, 574, 576, 577, 578, 581, 582, 584, 585, 588, 589, 590, 591, 593, 596, 599, 605, 606, 609, 610, 611, 613, 614, 617, 618, 621, 623, 624, 627, 628, 631, 632, 636, 637, 639, 642, 643, 646, 650, 651, 652, 654, 656, 657, 659, 662, 664, 669, 670, 671, 672, 673, 684, 687, 689, 690, 691, 697, 698, 700, 701, 702, 703, 707, 708, 710, 712, 721, 723, 726, 727, 729, 736, 737, 738, 739, 741, 742, 743, 744, 745, 747, 749, 751, 755, 758, 761, 763, 764, 765, 768, 774, 775, 778, 779, 780, 785, 788, 789, 790, 791, 796, 797, 798, 805, 808, 809, 810, 811, 812, 815, 816, 818, 819, 820, 821, 823, 825, 826, 827, 828, 829, 830, 831, 832, 833, 835, 836, 837, 839, 840, 841, 842, 843, 844, 847, 849, 850, 851, 852, 855, 857, 858, 860, 861, 862, 864, 866, 867, 870, 871, 873, 875, 876, 878, 880, 882, 883, 884, 885, 886, 887]
[9, 14, 32, 36, 45, 49, 51, 54, 57, 64, 65, 78, 93, 96, 97, 99, 122, 124, 132, 160, 161, 171, 173, 175, 176, 184, 188, 194, 212, 217, 225, 240, 243, 245, 249, 251, 255, 257, 259, 275, 277, 285, 286, 289, 295, 321, 331, 349, 350, 361, 368, 369, 374, 375, 378, 380, 383, 387, 392, 397, 398, 406, 418, 423, 424, 446, 461, 465, 498, 503, 508, 517, 523, 526, 528, 531, 533, 535, 543, 553, 563, 582, 587, 601, 603, 623, 630, 631, 648, 649, 655, 663, 668, 669, 670, 686, 692, 695, 708, 715, 717, 723, 731, 742, 762, 763, 764, 768, 778, 779, 787, 789, 794, 799, 809, 813, 815, 832, 835, 847, 878, 883]

[0, 2, 4, 5, 8, 9, 10, 12, 14, 16, 19, 20, 27, 28, 29, 30, 32, 34, 35, 37, 38, 43, 46, 49, 53, 54, 57, 58, 61, 62, 63, 64, 66, 67, 69, 70, 71, 72, 74, 77, 79, 83, 84, 85, 86, 88, 91, 92, 95, 96, 97, 98, 99, 101, 102, 104, 105, 108, 111, 112, 115, 116, 117, 119, 120, 121, 122, 123, 126, 128, 129, 130, 131, 134, 136, 138, 144, 145, 146, 147, 148, 150, 151, 152, 153, 157, 168, 169, 170, 171, 176, 177, 178, 180, 182, 184, 186, 188, 189, 191, 194, 195, 197, 198, 201, 203, 205, 206, 208, 210, 211, 212, 215, 216, 217, 218, 221, 222, 223, 226, 227, 228, 231, 234, 235, 236, 237, 240, 241, 245, 246, 247, 248, 250, 255, 259, 261, 262, 263, 264, 269, 272, 278, 279, 280, 281, 286, 287, 294, 295, 296, 297, 298, 300, 301, 303, 306, 307, 308, 309, 311, 318, 319, 320, 321, 325, 326, 327, 328, 330, 331, 332, 335, 337, 340, 341, 343, 344, 345, 346, 348, 351, 352, 353, 354, 356, 357, 360, 361, 362, 365, 367, 368, 369, 371, 374, 376, 379, 382, 383, 384, 388, 390, 396, 397, 398, 399, 400, 403, 404, 406, 408, 409, 410, 411, 412, 413, 416, 417, 423, 424, 425, 426, 427, 430, 433, 436, 442, 444, 445, 447, 452, 453, 455, 458, 459, 460, 461, 462, 463, 465, 466, 467, 469, 474, 476, 477, 482, 483, 484, 486, 487, 488, 490, 491, 493, 494, 495, 497, 500, 502, 503, 504, 505, 508, 510, 512, 513, 514, 518, 522, 523, 524, 526, 530, 536, 538, 541, 542, 544, 546, 549, 557, 558, 559, 561, 566, 567, 568, 574, 576, 577, 578, 581, 582, 584, 585, 588, 589, 590, 591, 593, 596, 599, 605, 606, 608, 609, 610, 611, 613, 614, 617, 618, 621, 623, 624, 627, 628, 631, 632, 636, 637, 639, 642, 643, 646, 650, 651, 652, 654, 656, 657, 659, 662, 664, 669, 670, 671, 672, 673, 684, 685, 687, 688, 689, 690, 691, 697, 698, 700, 701, 702, 703, 707, 708, 710, 712, 721, 723, 726, 727, 729, 734, 736, 737, 738, 739, 741, 742, 743, 744, 745, 747, 748, 749, 751, 754, 755, 758, 761, 763, 764, 765, 768, 774, 775, 778, 779, 780, 785, 788, 789, 790, 791, 792, 793, 796, 797, 798, 799, 805, 808, 809, 810, 811, 812, 815, 816, 818, 819, 820, 821, 823, 825, 826, 827, 828, 829, 830, 831, 832, 833, 835, 836, 837, 839, 840, 841, 842, 843, 844, 847, 849, 850, 851, 852, 855, 857, 858, 860, 861, 862, 864, 866, 867, 870, 871, 872, 873, 875, 876, 878, 880, 882, 883, 884, 885, 886, 887]
[9, 14, 32, 36, 45, 49, 51, 54, 57, 64, 65, 78, 93, 96, 97, 99, 122, 124, 132, 160, 161, 171, 173, 175, 176, 184, 188, 194, 212, 217, 225, 240, 243, 245, 249, 251, 255, 257, 259, 275, 277, 285, 286, 289, 295, 321, 331, 349, 350, 361, 368, 369, 374, 375, 378, 380, 383, 387, 392, 397, 398, 406, 418, 423, 424, 446, 461, 465, 498, 503, 508, 517, 523, 526, 528, 531, 533, 535, 543, 553, 563, 582, 587, 601, 603, 623, 630, 631, 648, 649, 655, 663, 668, 669, 670, 686, 692, 695, 708, 715, 717, 723, 731, 742, 762, 763, 764, 768, 778, 779, 787, 789, 794, 799, 809, 813, 815, 832, 835, 847, 878, 883]

[0, 2, 4, 5, 8, 9, 10, 12, 13, 14, 16, 18, 19, 20, 27, 28, 29, 30, 32, 34, 35, 37, 38, 42, 43, 46, 49, 53, 54, 57, 58, 61, 62, 63, 64, 66, 67, 69, 70, 71, 72, 74, 77, 79, 83, 84, 85, 86, 88, 91, 92, 95, 96, 97, 98, 99, 101, 102, 104, 105, 108, 111, 112, 115, 116, 117, 119, 120, 121, 122, 123, 126, 127, 128, 129, 130, 131, 134, 136, 138, 142, 144, 145, 146, 147, 148, 150, 151, 152, 153, 157, 159, 162, 168, 169, 170, 171, 176, 177, 178, 180, 182, 184, 186, 188, 189, 191, 194, 195, 197, 198, 201, 203, 205, 206, 208, 210, 211, 212, 215, 216, 217, 218, 221, 222, 223, 226, 227, 228, 231, 232, 234, 235, 236, 237, 240, 241, 245, 246, 247, 248, 250, 255, 257, 259, 261, 262, 263, 264, 266, 269, 272, 278, 279, 280, 281, 286, 287, 292, 294, 295, 296, 297, 298, 300, 301, 303, 306, 307, 308, 309, 311, 318, 319, 320, 321, 324, 325, 326, 327, 328, 330, 331, 332, 335, 337, 340, 341, 343, 344, 345, 346, 348, 351, 352, 353, 354, 356, 357, 360, 361, 362, 365, 367, 368, 369, 371, 374, 376, 379, 382, 383, 384, 388, 390, 391, 396, 397, 398, 399, 400, 403, 404, 406, 408, 409, 410, 411, 412, 413, 416, 417, 423, 424, 425, 426, 427, 429, 430, 433, 436, 438, 442, 444, 445, 447, 452, 453, 455, 458, 459, 460, 461, 462, 463, 465, 466, 467, 469, 474, 476, 477, 481, 482, 483, 484, 486, 487, 488, 490, 491, 493, 494, 495, 497, 500, 502, 503, 504, 505, 508, 510, 512, 513, 514, 518, 522, 523, 524, 526, 530, 536, 538, 541, 542, 544, 545, 546, 549, 552, 557, 558, 559, 561, 563, 566, 567, 568, 573, 574, 576, 577, 578, 581, 582, 584, 585, 588, 589, 590, 591, 593, 596, 599, 605, 606, 608, 609, 610, 611, 613, 614, 617, 618, 621, 623, 624, 627, 628, 631, 632, 636, 637, 639, 642, 643, 646, 650, 651, 652, 654, 656, 657, 659, 662, 664, 669, 670, 671, 672, 673, 684, 685, 687, 688, 689, 690, 691, 696, 697, 698, 700, 701, 702, 703, 707, 708, 710, 712, 714, 721, 723, 726, 727, 729, 734, 736, 737, 738, 739, 741, 742, 743, 744, 745, 747, 748, 749, 751, 754, 755, 758, 761, 763, 764, 765, 768, 773, 774, 775, 778, 779, 780, 785, 788, 789, 790, 791, 792, 793, 796, 797, 798, 799, 805, 808, 809, 810, 811, 812, 813, 815, 816, 818, 819, 820, 821, 823, 825, 826, 827, 828, 829, 830, 831, 832, 833, 834, 835, 836, 837, 839, 840, 841, 842, 843, 844, 847, 849, 850, 851, 852, 855, 857, 858, 860, 861, 862, 864, 866, 867, 870, 871, 872, 873, 875, 876, 878, 880, 882, 883, 884, 885, 886, 887]
[9, 14, 32, 36, 45, 49, 51, 54, 57, 64, 65, 78, 93, 96, 97, 99, 122, 124, 132, 160, 161, 171, 173, 175, 176, 184, 188, 194, 212, 217, 225, 240, 243, 245, 249, 251, 255, 257, 259, 275, 277, 285, 286, 289, 295, 321, 331, 349, 350, 361, 368, 369, 374, 375, 378, 380, 383, 387, 392, 397, 398, 406, 418, 423, 424, 446, 461, 465, 498, 503, 508, 517, 523, 526, 528, 531, 533, 535, 543, 553, 563, 582, 587, 601, 603, 623, 630, 631, 648, 649, 655, 663, 668, 669, 670, 686, 692, 695, 708, 715, 717, 723, 731, 742, 762, 763, 764, 768, 778, 779, 787, 789, 794, 799, 809, 813, 815, 832, 835, 847, 878, 883]

[0, 2, 4, 5, 7, 8, 9, 10, 12, 13, 14, 16, 18, 19, 20, 27, 28, 29, 30, 31, 32, 33, 34, 35, 37, 38, 42, 43, 46, 49, 53, 54, 57, 58, 61, 62, 63, 64, 66, 67, 69, 70, 71, 72, 74, 77, 79, 83, 84, 85, 86, 88, 89, 91, 92, 95, 96, 97, 98, 99, 101, 102, 104, 105, 108, 109, 111, 112, 115, 116, 117, 119, 120, 121, 122, 123, 126, 127, 128, 129, 130, 131, 134, 135, 136, 138, 141, 142, 144, 145, 146, 147, 148, 150, 151, 152, 153, 157, 159, 162, 168, 169, 170, 171, 176, 177, 178, 180, 182, 184, 186, 188, 189, 191, 194, 195, 197, 198, 201, 203, 205, 206, 208, 210, 211, 212, 215, 216, 217, 218, 221, 222, 223, 226, 227, 228, 231, 232, 234, 235, 236, 237, 240, 241, 245, 246, 247, 248, 249, 250, 251, 255, 257, 259, 261, 262, 263, 264, 266, 269, 272, 275, 278, 279, 280, 281, 286, 287, 292, 294, 295, 296, 297, 298, 300, 301, 303, 306, 307, 308, 309, 311, 318, 319, 320, 321, 322, 324, 325, 326, 327, 328, 329, 330, 331, 332, 335, 337, 340, 341, 343, 344, 345, 346, 348, 351, 352, 353, 354, 356, 357, 360, 361, 362, 365, 367, 368, 369, 371, 372, 374, 376, 379, 382, 383, 384, 386, 388, 389, 390, 391, 396, 397, 398, 399, 400, 403, 404, 406, 408, 409, 410, 411, 412, 413, 416, 417, 423, 424, 425, 426, 427, 429, 430, 433, 436, 438, 442, 444, 445, 447, 449, 452, 453, 455, 458, 459, 460, 461, 462, 463, 465, 466, 467, 469, 474, 476, 477, 478, 481, 482, 483, 484, 486, 487, 488, 490, 491, 493, 494, 495, 497, 500, 502, 503, 504, 505, 508, 510, 512, 513, 514, 518, 522, 523, 524, 525, 526, 530, 536, 538, 539, 541, 542, 544, 545, 546, 549, 552, 557, 558, 559, 561, 563, 566, 567, 568, 573, 574, 576, 577, 578, 579, 581, 582, 584, 585, 588, 589, 590, 591, 593, 596, 599, 605, 606, 608, 609, 610, 611, 613, 614, 617, 618, 621, 623, 624, 627, 628, 631, 632, 636, 637, 639, 640, 642, 643, 645, 646, 650, 651, 652, 653, 654, 656, 657, 659, 662, 664, 669, 670, 671, 672, 673, 684, 685, 687, 688, 689, 690, 691, 696, 697, 698, 700, 701, 702, 703, 707, 708, 710, 712, 713, 714, 721, 723, 726, 727, 729, 730, 734, 736, 737, 738, 739, 741, 742, 743, 744, 745, 747, 748, 749, 751, 754, 755, 758, 761, 763, 764, 765, 768, 773, 774, 775, 778, 779, 780, 785, 788, 789, 790, 791, 792, 793, 796, 797, 798, 799, 805, 808, 809, 810, 811, 812, 813, 815, 816, 818, 819, 820, 821, 823, 825, 826, 827, 828, 829, 830, 831, 832, 833, 834, 835, 836, 837, 839, 840, 841, 842, 843, 844, 847, 849, 850, 851, 852, 855, 857, 858, 860, 861, 862, 864, 866, 867, 870, 871, 872, 873, 875, 876, 878, 880, 882, 883, 884, 885, 886, 887]
[9, 14, 32, 36, 45, 49, 51, 54, 57, 64, 65, 78, 93, 96, 97, 99, 122, 124, 132, 160, 161, 171, 173, 175, 176, 184, 188, 194, 212, 217, 225, 240, 243, 245, 249, 251, 255, 257, 259, 275, 277, 285, 286, 289, 295, 321, 331, 349, 350, 361, 368, 369, 374, 375, 378, 380, 383, 387, 392, 397, 398, 406, 418, 423, 424, 446, 461, 465, 498, 503, 508, 517, 523, 526, 528, 531, 533, 535, 543, 553, 563, 582, 587, 601, 603, 623, 630, 631, 648, 649, 655, 663, 668, 669, 670, 686, 692, 695, 708, 715, 717, 723, 731, 742, 762, 763, 764, 768, 778, 779, 787, 789, 794, 799, 809, 813, 815, 832, 835, 847, 878, 883]

[0, 2, 4, 5, 7, 8, 9, 10, 12, 13, 14, 16, 18, 19, 20, 27, 28, 29, 30, 31, 32, 33, 34, 35, 37, 38, 42, 43, 46, 49, 53, 54, 57, 58, 61, 62, 63, 64, 66, 67, 68, 69, 70, 71, 72, 74, 77, 79, 82, 83, 84, 85, 86, 88, 89, 91, 92, 93, 95, 96, 97, 98, 99, 101, 102, 104, 105, 106, 108, 109, 111, 112, 115, 116, 117, 119, 120, 121, 122, 123, 125, 126, 127, 128, 129, 130, 131, 134, 135, 136, 138, 141, 142, 144, 145, 146, 147, 148, 150, 151, 152, 153, 157, 159, 161, 162, 168, 169, 170, 171, 176, 177, 178, 180, 182, 184, 186, 188, 189, 191, 194, 195, 196, 197, 198, 201, 203, 205, 206, 208, 210, 211, 212, 215, 216, 217, 218, 221, 222, 223, 226, 227, 228, 231, 232, 234, 235, 236, 237, 240, 241, 245, 246, 247, 248, 249, 250, 251, 255, 257, 259, 260, 261, 262, 263, 264, 266, 269, 272, 275, 278, 279, 280, 281, 286, 287, 292, 294, 295, 296, 297, 298, 300, 301, 303, 305, 306, 307, 308, 309, 311, 318, 319, 320, 321, 322, 324, 325, 326, 327, 328, 329, 330, 331, 332, 335, 337, 340, 341, 343, 344, 345, 346, 348, 351, 352, 353, 354, 356, 357, 360, 361, 362, 365, 367, 368, 369, 371, 372, 374, 376, 379, 382, 383, 384, 386, 388, 389, 390, 391, 396, 397, 398, 399, 400, 403, 404, 406, 408, 409, 410, 411, 412, 413, 416, 417, 423, 424, 425, 426, 427, 429, 430, 433, 436, 438, 441, 442, 444, 445, 447, 449, 452, 453, 455, 458, 459, 460, 461, 462, 463, 465, 466, 467, 469, 474, 476, 477, 478, 481, 482, 483, 484, 486, 487, 488, 490, 491, 493, 494, 495, 496, 497, 498, 500, 502, 503, 504, 505, 508, 510, 512, 513, 514, 517, 518, 522, 523, 524, 525, 526, 530, 536, 538, 539, 541, 542, 544, 545, 546, 547, 549, 552, 556, 557, 558, 559, 561, 562, 563, 566, 567, 568, 571, 573, 574, 576, 577, 578, 579, 581, 582, 584, 585, 588, 589, 590, 591, 593, 596, 599, 605, 606, 608, 609, 610, 611, 613, 614, 617, 618, 619, 621, 623, 624, 627, 628, 630, 631, 632, 636, 637, 639, 640, 642, 643, 645, 646, 650, 651, 652, 653, 654, 656, 657, 659, 662, 664, 669, 670, 671, 672, 673, 684, 685, 687, 688, 689, 690, 691, 696, 697, 698, 700, 701, 702, 703, 707, 708, 710, 712, 713, 714, 721, 723, 726, 727, 729, 730, 734, 736, 737, 738, 739, 741, 742, 743, 744, 745, 747, 748, 749, 751, 754, 755, 758, 761, 763, 764, 765, 768, 773, 774, 775, 778, 779, 780, 781, 785, 788, 789, 790, 791, 792, 793, 796, 797, 798, 799, 801, 805, 808, 809, 810, 811, 812, 813, 814, 815, 816, 818, 819, 820, 821, 822, 823, 825, 826, 827, 828, 829, 830, 831, 832, 833, 834, 835, 836, 837, 838, 839, 840, 841, 842, 843, 844, 847, 849, 850, 851, 852, 855, 857, 858, 860, 861, 862, 864, 866, 867, 870, 871, 872, 873, 875, 876, 878, 880, 882, 883, 884, 885, 886, 887, 888]
[9, 14, 32, 36, 45, 49, 51, 54, 57, 64, 65, 78, 93, 96, 97, 99, 122, 124, 132, 160, 161, 171, 173, 175, 176, 184, 188, 194, 212, 217, 225, 240, 243, 245, 249, 251, 255, 257, 259, 275, 277, 285, 286, 289, 295, 321, 331, 349, 350, 361, 368, 369, 374, 375, 378, 380, 383, 387, 392, 397, 398, 406, 418, 423, 424, 446, 461, 465, 498, 503, 508, 517, 523, 526, 528, 531, 533, 535, 543, 553, 563, 582, 587, 601, 603, 623, 630, 631, 648, 649, 655, 663, 668, 669, 670, 686, 692, 695, 708, 715, 717, 723, 731, 742, 762, 763, 764, 768, 778, 779, 787, 789, 794, 799, 809, 813, 815, 832, 835, 847, 878, 883]

[0, 2, 4, 5, 7, 8, 9, 10, 12, 13, 14, 16, 18, 19, 20, 22, 27, 28, 29, 30, 31, 32, 33, 34, 35, 37, 38, 42, 43, 46, 49, 53, 54, 57, 58, 61, 62, 63, 64, 66, 67, 68, 69, 70, 71, 72, 74, 77, 79, 82, 83, 84, 85, 86, 88, 89, 91, 92, 93, 95, 96, 97, 98, 99, 101, 102, 104, 105, 106, 108, 109, 111, 112, 115, 116, 117, 119, 120, 121, 122, 123, 124, 125, 126, 127, 128, 129, 130, 131, 134, 135, 136, 138, 141, 142, 144, 145, 146, 147, 148, 150, 151, 152, 153, 157, 159, 160, 161, 162, 165, 168, 169, 170, 171, 176, 177, 178, 180, 182, 184, 186, 188, 189, 191, 194, 195, 196, 197, 198, 201, 203, 205, 206, 208, 210, 211, 212, 215, 216, 217, 218, 221, 222, 223, 226, 227, 228, 231, 232, 234, 235, 236, 237, 240, 241, 245, 246, 247, 248, 249, 250, 251, 255, 257, 259, 260, 261, 262, 263, 264, 265, 266, 269, 272, 275, 278, 279, 280, 281, 286, 287, 292, 294, 295, 296, 297, 298, 300, 301, 303, 304, 305, 306, 307, 308, 309, 311, 317, 318, 319, 320, 321, 322, 324, 325, 326, 327, 328, 329, 330, 331, 332, 333, 335, 337, 340, 341, 343, 344, 345, 346, 348, 351, 352, 353, 354, 356, 357, 360, 361, 362, 365, 367, 368, 369, 371, 372, 374, 376, 377, 379, 380, 382, 383, 384, 386, 388, 389, 390, 391, 396, 397, 398, 399, 400, 401, 403, 404, 406, 408, 409, 410, 411, 412, 413, 416, 417, 421, 423, 424, 425, 426, 427, 429, 430, 433, 436, 438, 441, 442, 444, 445, 447, 449, 452, 453, 455, 458, 459, 460, 461, 462, 463, 465, 466, 467, 469, 474, 475, 476, 477, 478, 481, 482, 483, 484, 486, 487, 488, 490, 491, 493, 494, 495, 496, 497, 498, 500, 502, 503, 504, 505, 508, 510, 512, 513, 514, 517, 518, 522, 523, 524, 525, 526, 527, 530, 534, 536, 538, 539, 540, 541, 542, 544, 545, 546, 547, 549, 552, 556, 557, 558, 559, 560, 561, 562, 563, 566, 567, 568, 571, 573, 574, 576, 577, 578, 579, 581, 582, 584, 585, 588, 589, 590, 591, 593, 596, 599, 605, 606, 608, 609, 610, 611, 613, 614, 617, 618, 619, 621, 623, 624, 626, 627, 628, 630, 631, 632, 636, 637, 639, 640, 642, 643, 645, 646, 650, 651, 652, 653, 654, 656, 657, 659, 662, 664, 667, 669, 670, 671, 672, 673, 675, 683, 684, 685, 687, 688, 689, 690, 691, 696, 697, 698, 700, 701, 702, 703, 707, 708, 710, 712, 713, 714, 721, 723, 724, 726, 727, 729, 730, 734, 736, 737, 738, 739, 741, 742, 743, 744, 745, 747, 748, 749, 751, 754, 755, 758, 761, 763, 764, 765, 768, 773, 774, 775, 777, 778, 779, 780, 781, 785, 788, 789, 790, 791, 792, 793, 796, 797, 798, 799, 801, 804, 805, 808, 809, 810, 811, 812, 813, 814, 815, 816, 818, 819, 820, 821, 822, 823, 825, 826, 827, 828, 829, 830, 831, 832, 833, 834, 835, 836, 837, 838, 839, 840, 841, 842, 843, 844, 847, 849, 850, 851, 852, 853, 855, 857, 858, 860, 861, 862, 864, 866, 867, 870, 871, 872, 873, 875, 876, 878, 880, 882, 883, 884, 885, 886, 887, 888]
[9, 14, 32, 36, 45, 49, 51, 54, 57, 64, 65, 78, 93, 96, 97, 99, 122, 124, 132, 160, 161, 171, 173, 175, 176, 184, 188, 194, 212, 217, 225, 240, 243, 245, 249, 251, 255, 257, 259, 275, 277, 285, 286, 289, 295, 321, 331, 349, 350, 361, 368, 369, 374, 375, 378, 380, 383, 387, 392, 397, 398, 406, 418, 423, 424, 446, 461, 465, 498, 503, 508, 517, 523, 526, 528, 531, 533, 535, 543, 553, 563, 582, 587, 601, 603, 623, 630, 631, 648, 649, 655, 663, 668, 669, 670, 686, 692, 695, 708, 715, 717, 723, 731, 742, 762, 763, 764, 768, 778, 779, 787, 789, 794, 799, 809, 813, 815, 832, 835, 847, 878, 883]

[0, 2, 4, 5, 7, 8, 9, 10, 11, 12, 13, 14, 16, 18, 19, 20, 22, 27, 28, 29, 30, 31, 32, 33, 34, 35, 36, 37, 38, 42, 43, 46, 49, 53, 54, 57, 58, 60, 61, 62, 63, 64, 66, 67, 68, 69, 70, 71, 72, 74, 77, 79, 82, 83, 84, 85, 86, 88, 89, 91, 92, 93, 95, 96, 97, 98, 99, 101, 102, 104, 105, 106, 108, 109, 111, 112, 115, 116, 117, 119, 120, 121, 122, 123, 124, 125, 126, 127, 128, 129, 130, 131, 134, 135, 136, 138, 141, 142, 144, 145, 146, 147, 148, 150, 151, 152, 153, 157, 159, 160, 161, 162, 165, 168, 169, 170, 171, 176, 177, 178, 180, 182, 184, 186, 188, 189, 191, 194, 195, 196, 197, 198, 201, 203, 205, 206, 208, 210, 211, 212, 215, 216, 217, 218, 221, 222, 223, 224, 226, 227, 228, 229, 231, 232, 234, 235, 236, 237, 240, 241, 245, 246, 247, 248, 249, 250, 251, 252, 255, 257, 258, 259, 260, 261, 262, 263, 264, 265, 266, 269, 272, 275, 278, 279, 280, 281, 282, 286, 287, 292, 294, 295, 296, 297, 298, 300, 301, 303, 304, 305, 306, 307, 308, 309, 311, 313, 316, 317, 318, 319, 320, 321, 322, 324, 325, 326, 327, 328, 329, 330, 331, 332, 333, 335, 337, 340, 341, 343, 344, 345, 346, 348, 350, 351, 352, 353, 354, 356, 357, 360, 361, 362, 365, 367, 368, 369, 371, 372, 373, 374, 376, 377, 379, 380, 382, 383, 384, 386, 388, 389, 390, 391, 396, 397, 398, 399, 400, 401, 403, 404, 406, 408, 409, 410, 411, 412, 413, 416, 417, 421, 423, 424, 425, 426, 427, 429, 430, 433, 436, 438, 441, 442, 444, 445, 447, 449, 452, 453, 455, 458, 459, 460, 461, 462, 463, 465, 466, 467, 469, 470, 474, 475, 476, 477, 478, 481, 482, 483, 484, 486, 487, 488, 490, 491, 493, 494, 495, 496, 497, 498, 500, 502, 503, 504, 505, 507, 508, 510, 512, 513, 514, 517, 518, 522, 523, 524, 525, 526, 527, 530, 534, 535, 536, 537, 538, 539, 540, 541, 542, 544, 545, 546, 547, 548, 549, 552, 556, 557, 558, 559, 560, 561, 562, 563, 566, 567, 568, 571, 573, 574, 576, 577, 578, 579, 581, 582, 584, 585, 588, 589, 590, 591, 593, 596, 599, 604, 605, 606, 608, 609, 610, 611, 613, 614, 617, 618, 619, 621, 623, 624, 626, 627, 628, 630, 631, 632, 636, 637, 639, 640, 642, 643, 645, 646, 650, 651, 652, 653, 654, 656, 657, 659, 662, 664, 667, 669, 670, 671, 672, 673, 675, 682, 683, 684, 685, 686, 687, 688, 689, 690, 691, 696, 697, 698, 700, 701, 702, 703, 707, 708, 710, 712, 713, 714, 721, 723, 724, 726, 727, 729, 730, 734, 736, 737, 738, 739, 741, 742, 743, 744, 745, 747, 748, 749, 751, 752, 754, 755, 756, 758, 761, 763, 764, 765, 768, 773, 774, 775, 777, 778, 779, 780, 781, 783, 785, 788, 789, 790, 791, 792, 793, 796, 797, 798, 799, 801, 804, 805, 808, 809, 810, 811, 812, 813, 814, 815, 816, 818, 819, 820, 821, 822, 823, 825, 826, 827, 828, 829, 830, 831, 832, 833, 834, 835, 836, 837, 838, 839, 840, 841, 842, 843, 844, 847, 849, 850, 851, 852, 853, 854, 855, 857, 858, 860, 861, 862, 864, 866, 867, 870, 871, 872, 873, 875, 876, 878, 880, 882, 883, 884, 885, 886, 887, 888, 889]
[9, 14, 32, 36, 45, 49, 51, 54, 57, 64, 65, 78, 93, 96, 97, 99, 122, 124, 132, 160, 161, 171, 173, 175, 176, 184, 188, 194, 212, 217, 225, 240, 243, 245, 249, 251, 255, 257, 259, 275, 277, 285, 286, 289, 295, 321, 331, 349, 350, 361, 368, 369, 374, 375, 378, 380, 383, 387, 392, 397, 398, 406, 418, 423, 424, 446, 461, 465, 498, 503, 508, 517, 523, 526, 528, 531, 533, 535, 543, 553, 563, 582, 587, 601, 603, 623, 630, 631, 648, 649, 655, 663, 668, 669, 670, 686, 692, 695, 708, 715, 717, 723, 731, 742, 762, 763, 764, 768, 778, 779, 787, 789, 794, 799, 809, 813, 815, 832, 835, 847, 878, 883]

[0, 2, 4, 5, 7, 8, 9, 10, 11, 12, 13, 14, 16, 18, 19, 20, 22, 27, 28, 29, 30, 31, 32, 33, 34, 35, 36, 37, 38, 40, 42, 43, 46, 47, 49, 53, 54, 56, 57, 58, 60, 61, 62, 63, 64, 66, 67, 68, 69, 70, 71, 72, 74, 76, 77, 79, 82, 83, 84, 85, 86, 88, 89, 90, 91, 92, 93, 95, 96, 97, 98, 99, 101, 102, 104, 105, 106, 108, 109, 111, 112, 115, 116, 117, 119, 120, 121, 122, 123, 124, 125, 126, 127, 128, 129, 130, 131, 134, 135, 136, 137, 138, 141, 142, 143, 144, 145, 146, 147, 148, 150, 151, 152, 153, 157, 159, 160, 161, 162, 165, 168, 169, 170, 171, 176, 177, 178, 180, 182, 184, 186, 188, 189, 191, 194, 195, 196, 197, 198, 201, 202, 203, 205, 206, 208, 210, 211, 212, 215, 216, 217, 218, 220, 221, 222, 223, 224, 226, 227, 228, 229, 231, 232, 234, 235, 236, 237, 240, 241, 245, 246, 247, 248, 249, 250, 251, 252, 254, 255, 257, 258, 259, 260, 261, 262, 263, 264, 265, 266, 269, 272, 273, 275, 278, 279, 280, 281, 282, 286, 287, 292, 294, 295, 296, 297, 298, 300, 301, 303, 304, 305, 306, 307, 308, 309, 311, 313, 316, 317, 318, 319, 320, 321, 322, 324, 325, 326, 327, 328, 329, 330, 331, 332, 333, 335, 337, 340, 341, 343, 344, 345, 346, 347, 348, 350, 351, 352, 353, 354, 356, 357, 359, 360, 361, 362, 365, 367, 368, 369, 371, 372, 373, 374, 376, 377, 379, 380, 382, 383, 384, 386, 388, 389, 390, 391, 396, 397, 398, 399, 400, 401, 403, 404, 406, 408, 409, 410, 411, 412, 413, 415, 416, 417, 421, 423, 424, 425, 426, 427, 429, 430, 433, 436, 437, 438, 441, 442, 444, 445, 447, 449, 452, 453, 455, 458, 459, 460, 461, 462, 463, 465, 466, 467, 469, 470, 474, 475, 476, 477, 478, 481, 482, 483, 484, 486, 487, 488, 490, 491, 493, 494, 495, 496, 497, 498, 500, 502, 503, 504, 505, 507, 508, 510, 512, 513, 514, 517, 518, 521, 522, 523, 524, 525, 526, 527, 530, 534, 535, 536, 537, 538, 539, 540, 541, 542, 544, 545, 546, 547, 548, 549, 552, 556, 557, 558, 559, 560, 561, 562, 563, 566, 567, 568, 571, 573, 574, 576, 577, 578, 579, 581, 582, 584, 585, 588, 589, 590, 591, 592, 593, 595, 596, 597, 599, 604, 605, 606, 608, 609, 610, 611, 613, 614, 617, 618, 619, 621, 623, 624, 626, 627, 628, 630, 631, 632, 636, 637, 639, 640, 642, 643, 645, 646, 650, 651, 652, 653, 654, 656, 657, 659, 662, 664, 667, 669, 670, 671, 672, 673, 675, 678, 681, 682, 683, 684, 685, 686, 687, 688, 689, 690, 691, 696, 697, 698, 700, 701, 702, 703, 707, 708, 710, 712, 713, 714, 719, 721, 723, 724, 726, 727, 729, 730, 734, 736, 737, 738, 739, 741, 742, 743, 744, 745, 746, 747, 748, 749, 751, 752, 754, 755, 756, 758, 761, 763, 764, 765, 768, 773, 774, 775, 777, 778, 779, 780, 781, 783, 785, 788, 789, 790, 791, 792, 793, 796, 797, 798, 799, 801, 803, 804, 805, 808, 809, 810, 811, 812, 813, 814, 815, 816, 818, 819, 820, 821, 822, 823, 825, 826, 827, 828, 829, 830, 831, 832, 833, 834, 835, 836, 837, 838, 839, 840, 841, 842, 843, 844, 847, 849, 850, 851, 852, 853, 854, 855, 856, 857, 858, 860, 861, 862, 864, 866, 867, 870, 871, 872, 873, 875, 876, 878, 880, 882, 883, 884, 885, 886, 887, 888, 889]
[9, 14, 32, 36, 45, 49, 51, 54, 57, 64, 65, 78, 93, 96, 97, 99, 122, 124, 132, 160, 161, 171, 173, 175, 176, 184, 188, 194, 212, 217, 225, 240, 243, 245, 249, 251, 255, 257, 259, 275, 277, 285, 286, 289, 295, 321, 331, 349, 350, 361, 368, 369, 374, 375, 378, 380, 383, 387, 392, 397, 398, 406, 418, 423, 424, 446, 461, 465, 498, 503, 508, 517, 523, 526, 528, 531, 533, 535, 543, 553, 563, 582, 587, 601, 603, 623, 630, 631, 648, 649, 655, 663, 668, 669, 670, 686, 692, 695, 708, 715, 717, 723, 731, 742, 762, 763, 764, 768, 778, 779, 787, 789, 794, 799, 809, 813, 815, 832, 835, 847, 878, 883]

[0, 2, 4, 5, 7, 8, 9, 10, 11, 12, 13, 14, 16, 18, 19, 20, 22, 24, 27, 28, 29, 30, 31, 32, 33, 34, 35, 36, 37, 38, 40, 41, 42, 43, 46, 47, 49, 53, 54, 56, 57, 58, 60, 61, 62, 63, 64, 66, 67, 68, 69, 70, 71, 72, 74, 76, 77, 79, 82, 83, 84, 85, 86, 88, 89, 90, 91, 92, 93, 95, 96, 97, 98, 99, 101, 102, 104, 105, 106, 108, 109, 111, 112, 115, 116, 117, 119, 120, 121, 122, 123, 124, 125, 126, 127, 128, 129, 130, 131, 134, 135, 136, 137, 138, 141, 142, 143, 144, 145, 146, 147, 148, 149, 150, 151, 152, 153, 155, 157, 159, 160, 161, 162, 165, 168, 169, 170, 171, 176, 177, 178, 180, 182, 184, 186, 188, 189, 190, 191, 194, 195, 196, 197, 198, 201, 202, 203, 205, 206, 207, 208, 210, 211, 212, 215, 216, 217, 218, 220, 221, 222, 223, 224, 226, 227, 228, 229, 231, 232, 234, 235, 236, 237, 240, 241, 245, 246, 247, 248, 249, 250, 251, 252, 254, 255, 257, 258, 259, 260, 261, 262, 263, 264, 265, 266, 269, 270, 271, 272, 273, 275, 278, 279, 280, 281, 282, 283, 284, 286, 287, 288, 289, 292, 294, 295, 296, 297, 298, 300, 301, 302, 303, 304, 305, 306, 307, 308, 309, 311, 312, 313, 316, 317, 318, 319, 320, 321, 322, 324, 325, 326, 327, 328, 329, 330, 331, 332, 333, 335, 337, 340, 341, 343, 344, 345, 346, 347, 348, 350, 351, 352, 353, 354, 356, 357, 359, 360, 361, 362, 363, 364, 365, 367, 368, 369, 371, 372, 373, 374, 376, 377, 379, 380, 382, 383, 384, 385, 386, 388, 389, 390, 391, 396, 397, 398, 399, 400, 401, 403, 404, 406, 408, 409, 410, 411, 412, 413, 415, 416, 417, 421, 423, 424, 425, 426, 427, 429, 430, 433, 436, 437, 438, 441, 442, 444, 445, 447, 449, 452, 453, 455, 457, 458, 459, 460, 461, 462, 463, 465, 466, 467, 469, 470, 471, 474, 475, 476, 477, 478, 481, 482, 483, 484, 486, 487, 488, 490, 491, 493, 494, 495, 496, 497, 498, 500, 502, 503, 504, 505, 507, 508, 510, 512, 513, 514, 517, 518, 521, 522, 523, 524, 525, 526, 527, 530, 534, 535, 536, 537, 538, 539, 540, 541, 542, 544, 545, 546, 547, 548, 549, 551, 552, 556, 557, 558, 559, 560, 561, 562, 563, 566, 567, 568, 571, 573, 574, 576, 577, 578, 579, 581, 582, 584, 585, 588, 589, 590, 591, 592, 593, 595, 596, 597, 599, 604, 605, 606, 607, 608, 609, 610, 611, 613, 614, 617, 618, 619, 620, 621, 623, 624, 626, 627, 628, 630, 631, 632, 636, 637, 639, 640, 642, 643, 645, 646, 650, 651, 652, 653, 654, 656, 657, 659, 660, 662, 664, 667, 669, 670, 671, 672, 673, 675, 678, 681, 682, 683, 684, 685, 686, 687, 688, 689, 690, 691, 696, 697, 698, 700, 701, 702, 703, 707, 708, 710, 712, 713, 714, 719, 721, 723, 724, 726, 727, 729, 730, 732, 734, 736, 737, 738, 739, 740, 741, 742, 743, 744, 745, 746, 747, 748, 749, 751, 752, 754, 755, 756, 758, 761, 763, 764, 765, 768, 773, 774, 775, 777, 778, 779, 780, 781, 783, 785, 788, 789, 790, 791, 792, 793, 796, 797, 798, 799, 801, 803, 804, 805, 808, 809, 810, 811, 812, 813, 814, 815, 816, 818, 819, 820, 821, 822, 823, 825, 826, 827, 828, 829, 830, 831, 832, 833, 834, 835, 836, 837, 838, 839, 840, 841, 842, 843, 844, 847, 849, 850, 851, 852, 853, 854, 855, 856, 857, 858, 860, 861, 862, 864, 866, 867, 870, 871, 872, 873, 875, 876, 878, 880, 882, 883, 884, 885, 886, 887, 888, 889]
[9, 14, 32, 36, 45, 49, 51, 54, 57, 64, 65, 78, 93, 96, 97, 99, 122, 124, 132, 160, 161, 171, 173, 175, 176, 184, 188, 194, 212, 217, 225, 240, 243, 245, 249, 251, 255, 257, 259, 275, 277, 285, 286, 289, 295, 321, 331, 349, 350, 361, 368, 369, 374, 375, 378, 380, 383, 387, 392, 397, 398, 406, 418, 423, 424, 446, 461, 465, 498, 503, 508, 517, 523, 526, 528, 531, 533, 535, 543, 553, 563, 582, 587, 601, 603, 623, 630, 631, 648, 649, 655, 663, 668, 669, 670, 686, 692, 695, 708, 715, 717, 723, 731, 742, 762, 763, 764, 768, 778, 779, 787, 789, 794, 799, 809, 813, 815, 832, 835, 847, 878, 883]

[0, 2, 4, 5, 6, 7, 8, 9, 10, 11, 12, 13, 14, 16, 18, 19, 20, 22, 24, 25, 27, 28, 29, 30, 31, 32, 33, 34, 35, 36, 37, 38, 40, 41, 42, 43, 44, 46, 47, 48, 49, 53, 54, 56, 57, 58, 60, 61, 62, 63, 64, 66, 67, 68, 69, 70, 71, 72, 74, 76, 77, 79, 82, 83, 84, 85, 86, 88, 89, 90, 91, 92, 93, 95, 96, 97, 98, 99, 101, 102, 104, 105, 106, 108, 109, 111, 112, 115, 116, 117, 119, 120, 121, 122, 123, 124, 125, 126, 127, 128, 129, 130, 131, 134, 135, 136, 137, 138, 141, 142, 143, 144, 145, 146, 147, 148, 149, 150, 151, 152, 153, 155, 157, 159, 160, 161, 162, 165, 166, 168, 169, 170, 171, 173, 175, 176, 177, 178, 180, 182, 184, 186, 188, 189, 190, 191, 194, 195, 196, 197, 198, 201, 202, 203, 205, 206, 207, 208, 210, 211, 212, 215, 216, 217, 218, 220, 221, 222, 223, 224, 226, 227, 228, 229, 231, 232, 234, 235, 236, 237, 240, 241, 245, 246, 247, 248, 249, 250, 251, 252, 254, 255, 257, 258, 259, 260, 261, 262, 263, 264, 265, 266, 269, 270, 271, 272, 273, 275, 278, 279, 280, 281, 282, 283, 284, 286, 287, 288, 289, 292, 294, 295, 296, 297, 298, 300, 301, 302, 303, 304, 305, 306, 307, 308, 309, 311, 312, 313, 316, 317, 318, 319, 320, 321, 322, 324, 325, 326, 327, 328, 329, 330, 331, 332, 333, 335, 337, 338, 340, 341, 343, 344, 345, 346, 347, 348, 350, 351, 352, 353, 354, 356, 357, 359, 360, 361, 362, 363, 364, 365, 367, 368, 369, 371, 372, 373, 374, 375, 376, 377, 379, 380, 381, 382, 383, 384, 385, 386, 388, 389, 390, 391, 396, 397, 398, 399, 400, 401, 403, 404, 405, 406, 408, 409, 410, 411, 412, 413, 415, 416, 417, 421, 423, 424, 425, 426, 427, 429, 430, 433, 436, 437, 438, 441, 442, 443, 444, 445, 447, 448, 449, 452, 453, 455, 457, 458, 459, 460, 461, 462, 463, 465, 466, 467, 469, 470, 471, 474, 475, 476, 477, 478, 481, 482, 483, 484, 486, 487, 488, 490, 491, 493, 494, 495, 496, 497, 498, 500, 502, 503, 504, 505, 507, 508, 510, 512, 513, 514, 517, 518, 521, 522, 523, 524, 525, 526, 527, 530, 532, 534, 535, 536, 537, 538, 539, 540, 541, 542, 544, 545, 546, 547, 548, 549, 551, 552, 556, 557, 558, 559, 560, 561, 562, 563, 566, 567, 568, 571, 573, 574, 576, 577, 578, 579, 581, 582, 584, 585, 587, 588, 589, 590, 591, 592, 593, 595, 596, 597, 599, 604, 605, 606, 607, 608, 609, 610, 611, 613, 614, 617, 618, 619, 620, 621, 623, 624, 626, 627, 628, 630, 631, 632, 636, 637, 639, 640, 642, 643, 645, 646, 650, 651, 652, 653, 654, 656, 657, 659, 660, 662, 664, 667, 669, 670, 671, 672, 673, 675, 678, 680, 681, 682, 683, 684, 685, 686, 687, 688, 689, 690, 691, 693, 696, 697, 698, 700, 701, 702, 703, 707, 708, 710, 712, 713, 714, 715, 716, 719, 721, 723, 724, 726, 727, 729, 730, 731, 732, 733, 734, 736, 737, 738, 739, 740, 741, 742, 743, 744, 745, 746, 747, 748, 749, 750, 751, 752, 754, 755, 756, 758, 760, 761, 763, 764, 765, 768, 773, 774, 775, 777, 778, 779, 780, 781, 783, 785, 788, 789, 790, 791, 792, 793, 796, 797, 798, 799, 801, 802, 803, 804, 805, 806, 808, 809, 810, 811, 812, 813, 814, 815, 816, 818, 819, 820, 821, 822, 823, 825, 826, 827, 828, 829, 830, 831, 832, 833, 834, 835, 836, 837, 838, 839, 840, 841, 842, 843, 844, 847, 849, 850, 851, 852, 853, 854, 855, 856, 857, 858, 860, 861, 862, 864, 866, 867, 870, 871, 872, 873, 875, 876, 878, 880, 882, 883, 884, 885, 886, 887, 888, 889]
[9, 14, 32, 36, 45, 49, 51, 54, 57, 64, 65, 78, 93, 96, 97, 99, 122, 124, 132, 160, 161, 171, 173, 175, 176, 184, 188, 194, 212, 217, 225, 240, 243, 245, 249, 251, 255, 257, 259, 275, 277, 285, 286, 289, 295, 321, 331, 349, 350, 361, 368, 369, 374, 375, 378, 380, 383, 387, 392, 397, 398, 406, 418, 423, 424, 446, 461, 465, 498, 503, 508, 517, 523, 526, 528, 531, 533, 535, 543, 553, 563, 582, 587, 601, 603, 623, 630, 631, 648, 649, 655, 663, 668, 669, 670, 686, 692, 695, 708, 715, 717, 723, 731, 742, 762, 763, 764, 768, 778, 779, 787, 789, 794, 799, 809, 813, 815, 832, 835, 847, 878, 883]

[0, 2, 4, 5, 6, 7, 8, 9, 10, 11, 12, 13, 14, 16, 17, 18, 19, 20, 22, 24, 25, 27, 28, 29, 30, 31, 32, 33, 34, 35, 36, 37, 38, 40, 41, 42, 43, 44, 46, 47, 48, 49, 52, 53, 54, 56, 57, 58, 59, 60, 61, 62, 63, 64, 66, 67, 68, 69, 70, 71, 72, 74, 76, 77, 79, 82, 83, 84, 85, 86, 88, 89, 90, 91, 92, 93, 95, 96, 97, 98, 99, 101, 102, 104, 105, 106, 108, 109, 111, 112, 115, 116, 117, 119, 120, 121, 122, 123, 124, 125, 126, 127, 128, 129, 130, 131, 134, 135, 136, 137, 138, 140, 141, 142, 143, 144, 145, 146, 147, 148, 149, 150, 151, 152, 153, 155, 157, 159, 160, 161, 162, 163, 165, 166, 167, 168, 169, 170, 171, 173, 175, 176, 177, 178, 180, 182, 184, 185, 186, 188, 189, 190, 191, 194, 195, 196, 197, 198, 201, 202, 203, 205, 206, 207, 208, 210, 211, 212, 215, 216, 217, 218, 220, 221, 222, 223, 224, 226, 227, 228, 229, 231, 232, 233, 234, 235, 236, 237, 240, 241, 242, 245, 246, 247, 248, 249, 250, 251, 252, 254, 255, 257, 258, 259, 260, 261, 262, 263, 264, 265, 266, 269, 270, 271, 272, 273, 275, 278, 279, 280, 281, 282, 283, 284, 286, 287, 288, 289, 292, 294, 295, 296, 297, 298, 300, 301, 302, 303, 304, 305, 306, 307, 308, 309, 311, 312, 313, 316, 317, 318, 319, 320, 321, 322, 324, 325, 326, 327, 328, 329, 330, 331, 332, 333, 335, 337, 338, 340, 341, 343, 344, 345, 346, 347, 348, 350, 351, 352, 353, 354, 356, 357, 359, 360, 361, 362, 363, 364, 365, 366, 367, 368, 369, 370, 371, 372, 373, 374, 375, 376, 377, 379, 380, 381, 382, 383, 384, 385, 386, 388, 389, 390, 391, 396, 397, 398, 399, 400, 401, 403, 404, 405, 406, 408, 409, 410, 411, 412, 413, 415, 416, 417, 420, 421, 422, 423, 424, 425, 426, 427, 429, 430, 431, 433, 436, 437, 438, 439, 441, 442, 443, 444, 445, 447, 448, 449, 450, 452, 453, 455, 457, 458, 459, 460, 461, 462, 463, 465, 466, 467, 469, 470, 471, 474, 475, 476, 477, 478, 481, 482, 483, 484, 485, 486, 487, 488, 490, 491, 493, 494, 495, 496, 497, 498, 500, 502, 503, 504, 505, 507, 508, 509, 510, 512, 513, 514, 517, 518, 521, 522, 523, 524, 525, 526, 527, 530, 532, 534, 535, 536, 537, 538, 539, 540, 541, 542, 544, 545, 546, 547, 548, 549, 551, 552, 556, 557, 558, 559, 560, 561, 562, 563, 566, 567, 568, 571, 573, 574, 576, 577, 578, 579, 581, 582, 584, 585, 587, 588, 589, 590, 591, 592, 593, 595, 596, 597, 599, 604, 605, 606, 607, 608, 609, 610, 611, 613, 614, 617, 618, 619, 620, 621, 623, 624, 625, 626, 627, 628, 630, 631, 632, 636, 637, 639, 640, 642, 643, 645, 646, 650, 651, 652, 653, 654, 656, 657, 659, 660, 662, 664, 667, 668, 669, 670, 671, 672, 673, 675, 676, 678, 680, 681, 682, 683, 684, 685, 686, 687, 688, 689, 690, 691, 693, 696, 697, 698, 700, 701, 702, 703, 707, 708, 710, 712, 713, 714, 715, 716, 719, 721, 723, 724, 726, 727, 729, 730, 731, 732, 733, 734, 736, 737, 738, 739, 740, 741, 742, 743, 744, 745, 746, 747, 748, 749, 750, 751, 752, 754, 755, 756, 758, 760, 761, 763, 764, 765, 768, 769, 773, 774, 775, 777, 778, 779, 780, 781, 783, 785, 788, 789, 790, 791, 792, 793, 794, 796, 797, 798, 799, 801, 802, 803, 804, 805, 806, 808, 809, 810, 811, 812, 813, 814, 815, 816, 818, 819, 820, 821, 822, 823, 825, 826, 827, 828, 829, 830, 831, 832, 833, 834, 835, 836, 837, 838, 839, 840, 841, 842, 843, 844, 845, 847, 849, 850, 851, 852, 853, 854, 855, 856, 857, 858, 860, 861, 862, 864, 866, 867, 870, 871, 872, 873, 875, 876, 878, 879, 880, 882, 883, 884, 885, 886, 887, 888, 889]
[9, 14, 32, 36, 45, 49, 51, 54, 57, 64, 65, 78, 93, 96, 97, 99, 122, 124, 132, 160, 161, 171, 173, 175, 176, 184, 188, 194, 212, 217, 225, 240, 243, 245, 249, 251, 255, 257, 259, 275, 277, 285, 286, 289, 295, 321, 331, 349, 350, 361, 368, 369, 374, 375, 378, 380, 383, 387, 392, 397, 398, 406, 418, 423, 424, 446, 461, 465, 498, 503, 508, 517, 523, 526, 528, 531, 533, 535, 543, 553, 563, 582, 587, 601, 603, 623, 630, 631, 648, 649, 655, 663, 668, 669, 670, 686, 692, 695, 708, 715, 717, 723, 731, 742, 762, 763, 764, 768, 778, 779, 787, 789, 794, 799, 809, 813, 815, 832, 835, 847, 878, 883]

[0, 2, 4, 5, 6, 7, 8, 9, 10, 11, 12, 13, 14, 16, 17, 18, 19, 20, 22, 24, 25, 27, 28, 29, 30, 31, 32, 33, 34, 35, 36, 37, 38, 40, 41, 42, 43, 44, 46, 47, 48, 49, 52, 53, 54, 56, 57, 58, 59, 60, 61, 62, 63, 64, 66, 67, 68, 69, 70, 71, 72, 73, 74, 76, 77, 79, 82, 83, 84, 85, 86, 88, 89, 90, 91, 92, 93, 95, 96, 97, 98, 99, 101, 102, 104, 105, 106, 108, 109, 111, 112, 115, 116, 117, 119, 120, 121, 122, 123, 124, 125, 126, 127, 128, 129, 130, 131, 134, 135, 136, 137, 138, 139, 140, 141, 142, 143, 144, 145, 146, 147, 148, 149, 150, 151, 152, 153, 155, 157, 159, 160, 161, 162, 163, 165, 166, 167, 168, 169, 170, 171, 173, 175, 176, 177, 178, 180, 182, 183, 184, 185, 186, 188, 189, 190, 191, 194, 195, 196, 197, 198, 200, 201, 202, 203, 204, 205, 206, 207, 208, 210, 211, 212, 215, 216, 217, 218, 220, 221, 222, 223, 224, 226, 227, 228, 229, 231, 232, 233, 234, 235, 236, 237, 239, 240, 241, 242, 245, 246, 247, 248, 249, 250, 251, 252, 253, 254, 255, 257, 258, 259, 260, 261, 262, 263, 264, 265, 266, 269, 270, 271, 272, 273, 275, 278, 279, 280, 281, 282, 283, 284, 286, 287, 288, 289, 292, 294, 295, 296, 297, 298, 300, 301, 302, 303, 304, 305, 306, 307, 308, 309, 311, 312, 313, 316, 317, 318, 319, 320, 321, 322, 324, 325, 326, 327, 328, 329, 330, 331, 332, 333, 335, 336, 337, 338, 340, 341, 343, 344, 345, 346, 347, 348, 349, 350, 351, 352, 353, 354, 356, 357, 359, 360, 361, 362, 363, 364, 365, 366, 367, 368, 369, 370, 371, 372, 373, 374, 375, 376, 377, 379, 380, 381, 382, 383, 384, 385, 386, 388, 389, 390, 391, 396, 397, 398, 399, 400, 401, 403, 404, 405, 406, 408, 409, 410, 411, 412, 413, 415, 416, 417, 418, 420, 421, 422, 423, 424, 425, 426, 427, 429, 430, 431, 433, 436, 437, 438, 439, 441, 442, 443, 444, 445, 447, 448, 449, 450, 451, 452, 453, 455, 457, 458, 459, 460, 461, 462, 463, 465, 466, 467, 469, 470, 471, 474, 475, 476, 477, 478, 481, 482, 483, 484, 485, 486, 487, 488, 489, 490, 491, 493, 494, 495, 496, 497, 498, 500, 502, 503, 504, 505, 506, 507, 508, 509, 510, 512, 513, 514, 517, 518, 521, 522, 523, 524, 525, 526, 527, 528, 529, 530, 532, 534, 535, 536, 537, 538, 539, 540, 541, 542, 544, 545, 546, 547, 548, 549, 551, 552, 553, 556, 557, 558, 559, 560, 561, 562, 563, 566, 567, 568, 569, 571, 573, 574, 576, 577, 578, 579, 580, 581, 582, 584, 585, 587, 588, 589, 590, 591, 592, 593, 594, 595, 596, 597, 599, 601, 604, 605, 606, 607, 608, 609, 610, 611, 613, 614, 617, 618, 619, 620, 621, 623, 624, 625, 626, 627, 628, 630, 631, 632, 636, 637, 639, 640, 642, 643, 645, 646, 650, 651, 652, 653, 654, 656, 657, 659, 660, 662, 664, 667, 668, 669, 670, 671, 672, 673, 675, 676, 678, 680, 681, 682, 683, 684, 685, 686, 687, 688, 689, 690, 691, 693, 695, 696, 697, 698, 700, 701, 702, 703, 707, 708, 710, 712, 713, 714, 715, 716, 719, 721, 723, 724, 726, 727, 729, 730, 731, 732, 733, 734, 736, 737, 738, 739, 740, 741, 742, 743, 744, 745, 746, 747, 748, 749, 750, 751, 752, 754, 755, 756, 758, 760, 761, 763, 764, 765, 768, 769, 773, 774, 775, 777, 778, 779, 780, 781, 783, 785, 788, 789, 790, 791, 792, 793, 794, 796, 797, 798, 799, 801, 802, 803, 804, 805, 806, 807, 808, 809, 810, 811, 812, 813, 814, 815, 816, 818, 819, 820, 821, 822, 823, 825, 826, 827, 828, 829, 830, 831, 832, 833, 834, 835, 836, 837, 838, 839, 840, 841, 842, 843, 844, 845, 847, 849, 850, 851, 852, 853, 854, 855, 856, 857, 858, 859, 860, 861, 862, 863, 864, 866, 867, 870, 871, 872, 873, 874, 875, 876, 878, 879, 880, 882, 883, 884, 885, 886, 887, 888, 889]
[9, 14, 32, 36, 45, 49, 51, 54, 57, 64, 65, 78, 93, 96, 97, 99, 122, 124, 132, 160, 161, 171, 173, 175, 176, 184, 188, 194, 212, 217, 225, 240, 243, 245, 249, 251, 255, 257, 259, 275, 277, 285, 286, 289, 295, 321, 331, 349, 350, 361, 368, 369, 374, 375, 378, 380, 383, 387, 392, 397, 398, 406, 418, 423, 424, 446, 461, 465, 498, 503, 508, 517, 523, 526, 528, 531, 533, 535, 543, 553, 563, 582, 587, 601, 603, 623, 630, 631, 648, 649, 655, 663, 668, 669, 670, 686, 692, 695, 708, 715, 717, 723, 731, 742, 762, 763, 764, 768, 778, 779, 787, 789, 794, 799, 809, 813, 815, 832, 835, 847, 878, 883]

[0, 2, 3, 4, 5, 6, 7, 8, 9, 10, 11, 12, 13, 14, 16, 17, 18, 19, 20, 21, 22, 24, 25, 27, 28, 29, 30, 31, 32, 33, 34, 35, 36, 37, 38, 39, 40, 41, 42, 43, 44, 46, 47, 48, 49, 52, 53, 54, 56, 57, 58, 59, 60, 61, 62, 63, 64, 66, 67, 68, 69, 70, 71, 72, 73, 74, 76, 77, 79, 82, 83, 84, 85, 86, 88, 89, 90, 91, 92, 93, 95, 96, 97, 98, 99, 101, 102, 104, 105, 106, 108, 109, 111, 112, 115, 116, 117, 118, 119, 120, 121, 122, 123, 124, 125, 126, 127, 128, 129, 130, 131, 134, 135, 136, 137, 138, 139, 140, 141, 142, 143, 144, 145, 146, 147, 148, 149, 150, 151, 152, 153, 155, 156, 157, 159, 160, 161, 162, 163, 165, 166, 167, 168, 169, 170, 171, 173, 175, 176, 177, 178, 180, 182, 183, 184, 185, 186, 188, 189, 190, 191, 194, 195, 196, 197, 198, 200, 201, 202, 203, 204, 205, 206, 207, 208, 210, 211, 212, 213, 215, 216, 217, 218, 220, 221, 222, 223, 224, 225, 226, 227, 228, 229, 231, 232, 233, 234, 235, 236, 237, 239, 240, 241, 242, 245, 246, 247, 248, 249, 250, 251, 252, 253, 254, 255, 257, 258, 259, 260, 261, 262, 263, 264, 265, 266, 269, 270, 271, 272, 273, 275, 276, 278, 279, 280, 281, 282, 283, 284, 285, 286, 287, 288, 289, 292, 294, 295, 296, 297, 298, 300, 301, 302, 303, 304, 305, 306, 307, 308, 309, 311, 312, 313, 316, 317, 318, 319, 320, 321, 322, 324, 325, 326, 327, 328, 329, 330, 331, 332, 333, 335, 336, 337, 338, 340, 341, 343, 344, 345, 346, 347, 348, 349, 350, 351, 352, 353, 354, 356, 357, 358, 359, 360, 361, 362, 363, 364, 365, 366, 367, 368, 369, 370, 371, 372, 373, 374, 375, 376, 377, 379, 380, 381, 382, 383, 384, 385, 386, 388, 389, 390, 391, 396, 397, 398, 399, 400, 401, 403, 404, 405, 406, 408, 409, 410, 411, 412, 413, 414, 415, 416, 417, 418, 420, 421, 422, 423, 424, 425, 426, 427, 429, 430, 431, 433, 434, 436, 437, 438, 439, 441, 442, 443, 444, 445, 447, 448, 449, 450, 451, 452, 453, 455, 457, 458, 459, 460, 461, 462, 463, 465, 466, 467, 469, 470, 471, 474, 475, 476, 477, 478, 481, 482, 483, 484, 485, 486, 487, 488, 489, 490, 491, 493, 494, 495, 496, 497, 498, 500, 502, 503, 504, 505, 506, 507, 508, 509, 510, 512, 513, 514, 517, 518, 521, 522, 523, 524, 525, 526, 527, 528, 529, 530, 532, 534, 535, 536, 537, 538, 539, 540, 541, 542, 544, 545, 546, 547, 548, 549, 551, 552, 553, 554, 556, 557, 558, 559, 560, 561, 562, 563, 566, 567, 568, 569, 570, 571, 573, 574, 576, 577, 578, 579, 580, 581, 582, 583, 584, 585, 587, 588, 589, 590, 591, 592, 593, 594, 595, 596, 597, 598, 599, 601, 604, 605, 606, 607, 608, 609, 610, 611, 613, 614, 617, 618, 619, 620, 621, 623, 624, 625, 626, 627, 628, 630, 631, 632, 636, 637, 639, 640, 641, 642, 643, 645, 646, 648, 650, 651, 652, 653, 654, 656, 657, 659, 660, 662, 664, 666, 667, 668, 669, 670, 671, 672, 673, 675, 676, 678, 680, 681, 682, 683, 684, 685, 686, 687, 688, 689, 690, 691, 693, 695, 696, 697, 698, 700, 701, 702, 703, 707, 708, 710, 712, 713, 714, 715, 716, 719, 721, 723, 724, 726, 727, 729, 730, 731, 732, 733, 734, 736, 737, 738, 739, 740, 741, 742, 743, 744, 745, 746, 747, 748, 749, 750, 751, 752, 754, 755, 756, 758, 759, 760, 761, 763, 764, 765, 766, 768, 769, 773, 774, 775, 777, 778, 779, 780, 781, 783, 785, 786, 788, 789, 790, 791, 792, 793, 794, 796, 797, 798, 799, 801, 802, 803, 804, 805, 806, 807, 808, 809, 810, 811, 812, 813, 814, 815, 816, 818, 819, 820, 821, 822, 823, 824, 825, 826, 827, 828, 829, 830, 831, 832, 833, 834, 835, 836, 837, 838, 839, 840, 841, 842, 843, 844, 845, 847, 849, 850, 851, 852, 853, 854, 855, 856, 857, 858, 859, 860, 861, 862, 863, 864, 865, 866, 867, 870, 871, 872, 873, 874, 875, 876, 878, 879, 880, 881, 882, 883, 884, 885, 886, 887, 888, 889]
[9, 14, 32, 36, 45, 49, 51, 54, 57, 64, 65, 78, 93, 96, 97, 99, 122, 124, 132, 160, 161, 171, 173, 175, 176, 184, 188, 194, 212, 217, 225, 240, 243, 245, 249, 251, 255, 257, 259, 275, 277, 285, 286, 289, 295, 321, 331, 349, 350, 361, 368, 369, 374, 375, 378, 380, 383, 387, 392, 397, 398, 406, 418, 423, 424, 446, 461, 465, 498, 503, 508, 517, 523, 526, 528, 531, 533, 535, 543, 553, 563, 582, 587, 601, 603, 623, 630, 631, 648, 649, 655, 663, 668, 669, 670, 686, 692, 695, 708, 715, 717, 723, 731, 742, 762, 763, 764, 768, 778, 779, 787, 789, 794, 799, 809, 813, 815, 832, 835, 847, 878, 883]

[0, 2, 3, 4, 5, 6, 7, 8, 9, 10, 11, 12, 13, 14, 16, 17, 18, 19, 20, 21, 22, 23, 24, 25, 27, 28, 29, 30, 31, 32, 33, 34, 35, 36, 37, 38, 39, 40, 41, 42, 43, 44, 46, 47, 48, 49, 50, 52, 53, 54, 56, 57, 58, 59, 60, 61, 62, 63, 64, 66, 67, 68, 69, 70, 71, 72, 73, 74, 76, 77, 79, 82, 83, 84, 85, 86, 87, 88, 89, 90, 91, 92, 93, 95, 96, 97, 98, 99, 101, 102, 104, 105, 106, 107, 108, 109, 111, 112, 115, 116, 117, 118, 119, 120, 121, 122, 123, 124, 125, 126, 127, 128, 129, 130, 131, 134, 135, 136, 137, 138, 139, 140, 141, 142, 143, 144, 145, 146, 147, 148, 149, 150, 151, 152, 153, 155, 156, 157, 159, 160, 161, 162, 163, 165, 166, 167, 168, 169, 170, 171, 173, 175, 176, 177, 178, 180, 182, 183, 184, 185, 186, 188, 189, 190, 191, 192, 194, 195, 196, 197, 198, 199, 200, 201, 202, 203, 204, 205, 206, 207, 208, 210, 211, 212, 213, 215, 216, 217, 218, 219, 220, 221, 222, 223, 224, 225, 226, 227, 228, 229, 231, 232, 233, 234, 235, 236, 237, 239, 240, 241, 242, 245, 246, 247, 248, 249, 250, 251, 252, 253, 254, 255, 256, 257, 258, 259, 260, 261, 262, 263, 264, 265, 266, 269, 270, 271, 272, 273, 275, 276, 278, 279, 280, 281, 282, 283, 284, 285, 286, 287, 288, 289, 292, 294, 295, 296, 297, 298, 300, 301, 302, 303, 304, 305, 306, 307, 308, 309, 311, 312, 313, 315, 316, 317, 318, 319, 320, 321, 322, 324, 325, 326, 327, 328, 329, 330, 331, 332, 333, 335, 336, 337, 338, 340, 341, 342, 343, 344, 345, 346, 347, 348, 349, 350, 351, 352, 353, 354, 355, 356, 357, 358, 359, 360, 361, 362, 363, 364, 365, 366, 367, 368, 369, 370, 371, 372, 373, 374, 375, 376, 377, 378, 379, 380, 381, 382, 383, 384, 385, 386, 388, 389, 390, 391, 394, 396, 397, 398, 399, 400, 401, 402, 403, 404, 405, 406, 408, 409, 410, 411, 412, 413, 414, 415, 416, 417, 418, 420, 421, 422, 423, 424, 425, 426, 427, 429, 430, 431, 433, 434, 436, 437, 438, 439, 441, 442, 443, 444, 445, 447, 448, 449, 450, 451, 452, 453, 454, 455, 456, 457, 458, 459, 460, 461, 462, 463, 464, 465, 466, 467, 469, 470, 471, 474, 475, 476, 477, 478, 481, 482, 483, 484, 485, 486, 487, 488, 489, 490, 491, 493, 494, 495, 496, 497, 498, 500, 502, 503, 504, 505, 506, 507, 508, 509, 510, 512, 513, 514, 516, 517, 518, 521, 522, 523, 524, 525, 526, 527, 528, 529, 530, 532, 534, 535, 536, 537, 538, 539, 540, 541, 542, 544, 545, 546, 547, 548, 549, 551, 552, 553, 554, 556, 557, 558, 559, 560, 561, 562, 563, 564, 566, 567, 568, 569, 570, 571, 573, 574, 576, 577, 578, 579, 580, 581, 582, 583, 584, 585, 587, 588, 589, 590, 591, 592, 593, 594, 595, 596, 597, 598, 599, 601, 604, 605, 606, 607, 608, 609, 610, 611, 613, 614, 616, 617, 618, 619, 620, 621, 623, 624, 625, 626, 627, 628, 630, 631, 632, 633, 636, 637, 639, 640, 641, 642, 643, 644, 645, 646, 648, 650, 651, 652, 653, 654, 656, 657, 659, 660, 662, 664, 666, 667, 668, 669, 670, 671, 672, 673, 675, 676, 678, 680, 681, 682, 683, 684, 685, 686, 687, 688, 689, 690, 691, 693, 695, 696, 697, 698, 700, 701, 702, 703, 707, 708, 710, 712, 713, 714, 715, 716, 719, 721, 723, 724, 726, 727, 729, 730, 731, 732, 733, 734, 736, 737, 738, 739, 740, 741, 742, 743, 744, 745, 746, 747, 748, 749, 750, 751, 752, 754, 755, 756, 758, 759, 760, 761, 763, 764, 765, 766, 768, 769, 770, 773, 774, 775, 777, 778, 779, 780, 781, 783, 784, 785, 786, 788, 789, 790, 791, 792, 793, 794, 796, 797, 798, 799, 801, 802, 803, 804, 805, 806, 807, 808, 809, 810, 811, 812, 813, 814, 815, 816, 818, 819, 820, 821, 822, 823, 824, 825, 826, 827, 828, 829, 830, 831, 832, 833, 834, 835, 836, 837, 838, 839, 840, 841, 842, 843, 844, 845, 847, 848, 849, 850, 851, 852, 853, 854, 855, 856, 857, 858, 859, 860, 861, 862, 863, 864, 865, 866, 867, 870, 871, 872, 873, 874, 875, 876, 878, 879, 880, 881, 882, 883, 884, 885, 886, 887, 888, 889]
[9, 14, 32, 36, 45, 49, 51, 54, 57, 64, 65, 78, 93, 96, 97, 99, 122, 124, 132, 160, 161, 171, 173, 175, 176, 184, 188, 194, 212, 217, 225, 240, 243, 245, 249, 251, 255, 257, 259, 275, 277, 285, 286, 289, 295, 321, 331, 349, 350, 361, 368, 369, 374, 375, 378, 380, 383, 387, 392, 397, 398, 406, 418, 423, 424, 446, 461, 465, 498, 503, 508, 517, 523, 526, 528, 531, 533, 535, 543, 553, 563, 582, 587, 601, 603, 623, 630, 631, 648, 649, 655, 663, 668, 669, 670, 686, 692, 695, 708, 715, 717, 723, 731, 742, 762, 763, 764, 768, 778, 779, 787, 789, 794, 799, 809, 813, 815, 832, 835, 847, 878, 883]

[0, 1, 2, 3, 4, 5, 6, 7, 8, 9, 10, 11, 12, 13, 14, 16, 17, 18, 19, 20, 21, 22, 23, 24, 25, 27, 28, 29, 30, 31, 32, 33, 34, 35, 36, 37, 38, 39, 40, 41, 42, 43, 44, 46, 47, 48, 49, 50, 52, 53, 54, 56, 57, 58, 59, 60, 61, 62, 63, 64, 65, 66, 67, 68, 69, 70, 71, 72, 73, 74, 76, 77, 79, 82, 83, 84, 85, 86, 87, 88, 89, 90, 91, 92, 93, 95, 96, 97, 98, 99, 101, 102, 103, 104, 105, 106, 107, 108, 109, 111, 112, 115, 116, 117, 118, 119, 120, 121, 122, 123, 124, 125, 126, 127, 128, 129, 130, 131, 134, 135, 136, 137, 138, 139, 140, 141, 142, 143, 144, 145, 146, 147, 148, 149, 150, 151, 152, 153, 154, 155, 156, 157, 158, 159, 160, 161, 162, 163, 165, 166, 167, 168, 169, 170, 171, 173, 174, 175, 176, 177, 178, 179, 180, 182, 183, 184, 185, 186, 188, 189, 190, 191, 192, 194, 195, 196, 197, 198, 199, 200, 201, 202, 203, 204, 205, 206, 207, 208, 210, 211, 212, 213, 215, 216, 217, 218, 219, 220, 221, 222, 223, 224, 225, 226, 227, 228, 229, 231, 232, 233, 234, 235, 236, 237, 239, 240, 241, 242, 245, 246, 247, 248, 249, 250, 251, 252, 253, 254, 255, 256, 257, 258, 259, 260, 261, 262, 263, 264, 265, 266, 269, 270, 271, 272, 273, 274, 275, 276, 278, 279, 280, 281, 282, 283, 284, 285, 286, 287, 288, 289, 292, 294, 295, 296, 297, 298, 300, 301, 302, 303, 304, 305, 306, 307, 308, 309, 310, 311, 312, 313, 315, 316, 317, 318, 319, 320, 321, 322, 324, 325, 326, 327, 328, 329, 330, 331, 332, 333, 334, 335, 336, 337, 338, 339, 340, 341, 342, 343, 344, 345, 346, 347, 348, 349, 350, 351, 352, 353, 354, 355, 356, 357, 358, 359, 360, 361, 362, 363, 364, 365, 366, 367, 368, 369, 370, 371, 372, 373, 374, 375, 376, 377, 378, 379, 380, 381, 382, 383, 384, 385, 386, 388, 389, 390, 391, 394, 396, 397, 398, 399, 400, 401, 402, 403, 404, 405, 406, 408, 409, 410, 411, 412, 413, 414, 415, 416, 417, 418, 420, 421, 422, 423, 424, 425, 426, 427, 429, 430, 431, 432, 433, 434, 436, 437, 438, 439, 441, 442, 443, 444, 445, 447, 448, 449, 450, 451, 452, 453, 454, 455, 456, 457, 458, 459, 460, 461, 462, 463, 464, 465, 466, 467, 468, 469, 470, 471, 474, 475, 476, 477, 478, 479, 481, 482, 483, 484, 485, 486, 487, 488, 489, 490, 491, 493, 494, 495, 496, 497, 498, 500, 502, 503, 504, 505, 506, 507, 508, 509, 510, 512, 513, 514, 516, 517, 518, 521, 522, 523, 524, 525, 526, 527, 528, 529, 530, 532, 534, 535, 536, 537, 538, 539, 540, 541, 542, 544, 545, 546, 547, 548, 549, 551, 552, 553, 554, 556, 557, 558, 559, 560, 561, 562, 563, 564, 566, 567, 568, 569, 570, 571, 573, 574, 576, 577, 578, 579, 580, 581, 582, 583, 584, 585, 586, 587, 588, 589, 590, 591, 592, 593, 594, 595, 596, 597, 598, 599, 601, 604, 605, 606, 607, 608, 609, 610, 611, 613, 614, 616, 617, 618, 619, 620, 621, 623, 624, 625, 626, 627, 628, 630, 631, 632, 633, 636, 637, 639, 640, 641, 642, 643, 644, 645, 646, 647, 648, 650, 651, 652, 653, 654, 656, 657, 659, 660, 661, 662, 664, 665, 666, 667, 668, 669, 670, 671, 672, 673, 675, 676, 677, 678, 680, 681, 682, 683, 684, 685, 686, 687, 688, 689, 690, 691, 693, 694, 695, 696, 697, 698, 700, 701, 702, 703, 704, 706, 707, 708, 710, 712, 713, 714, 715, 716, 718, 719, 721, 723, 724, 726, 727, 729, 730, 731, 732, 733, 734, 736, 737, 738, 739, 740, 741, 742, 743, 744, 745, 746, 747, 748, 749, 750, 751, 752, 753, 754, 755, 756, 758, 759, 760, 761, 763, 764, 765, 766, 768, 769, 770, 773, 774, 775, 777, 778, 779, 780, 781, 783, 784, 785, 786, 788, 789, 790, 791, 792, 793, 794, 796, 797, 798, 799, 801, 802, 803, 804, 805, 806, 807, 808, 809, 810, 811, 812, 813, 814, 815, 816, 818, 819, 820, 821, 822, 823, 824, 825, 826, 827, 828, 829, 830, 831, 832, 833, 834, 835, 836, 837, 838, 839, 840, 841, 842, 843, 844, 845, 847, 848, 849, 850, 851, 852, 853, 854, 855, 856, 857, 858, 859, 860, 861, 862, 863, 864, 865, 866, 867, 870, 871, 872, 873, 874, 875, 876, 878, 879, 880, 881, 882, 883, 884, 885, 886, 887, 888, 889]
[9, 14, 32, 36, 45, 49, 51, 54, 57, 64, 65, 78, 93, 96, 97, 99, 122, 124, 132, 160, 161, 171, 173, 175, 176, 184, 188, 194, 212, 217, 225, 240, 243, 245, 249, 251, 255, 257, 259, 275, 277, 285, 286, 289, 295, 321, 331, 349, 350, 361, 368, 369, 374, 375, 378, 380, 383, 387, 392, 397, 398, 406, 418, 423, 424, 446, 461, 465, 498, 503, 508, 517, 523, 526, 528, 531, 533, 535, 543, 553, 563, 582, 587, 601, 603, 623, 630, 631, 648, 649, 655, 663, 668, 669, 670, 686, 692, 695, 708, 715, 717, 723, 731, 742, 762, 763, 764, 768, 778, 779, 787, 789, 794, 799, 809, 813, 815, 832, 835, 847, 878, 883]

