[16, 22, 61, 67, 92, 139, 175, 198, 276, 395, 403, 481, 491, 541, 572, 583, 587, 597, 612, 635, 682, 854]
[59, 181, 202, 212, 221, 253, 284, 314, 319, 346, 425, 429, 447, 461, 501, 510, 584, 616, 655, 728, 796, 821]

[16, 22, 61, 67, 92, 139, 175, 198, 276, 395, 403, 481, 491, 541, 572, 583, 587, 597, 612, 635, 682, 854]
[0, 9, 27, 31, 37, 39, 41, 47, 56, 59, 70, 71, 81, 86, 95, 112, 118, 132, 138, 142, 154, 166, 168, 180, 181, 185, 195, 199, 202, 212, 218, 221, 223, 231, 232, 233, 243, 247, 248, 250, 253, 284, 286, 306, 312, 314, 319, 329, 335, 336, 342, 346, 358, 359, 362, 368, 372, 374, 376, 377, 382, 385, 410, 425, 429, 447, 449, 450, 452, 457, 461, 466, 487, 493, 494, 501, 510, 511, 514, 520, 529, 539, 551, 553, 558, 560, 564, 571, 584, 601, 613, 616, 648, 650, 655, 656, 664, 677, 687, 690, 693, 694, 696, 712, 728, 739, 742, 744, 766, 770, 778, 795, 796, 804, 819, 821, 834, 839, 852, 853, 869, 871]

[0, 1, 13, 16, 22, 36, 57, 61, 67, 71, 76, 92, 139, 172, 175, 198, 240, 247, 276, 305, 309, 346, 395, 403, 438, 465, 481, 491, 512, 533, 541, 542, 572, 583, 587, 597, 612, 620, 635, 682, 691, 756, 781, 811, 826, 837, 841, 854, 885]
[0, 9, 27, 31, 37, 39, 41, 47, 56, 59, 70, 71, 81, 86, 95, 112, 118, 132, 138, 142, 154, 166, 168, 180, 181, 185, 195, 199, 202, 212, 218, 221, 223, 231, 232, 233, 243, 247, 248, 250, 253, 284, 286, 306, 312, 314, 319, 329, 335, 336, 342, 346, 358, 359, 362, 368, 372, 374, 376, 377, 382, 385, 410, 425, 429, 447, 449, 450, 452, 457, 461, 466, 487, 493, 494, 501, 510, 511, 514, 520, 529, 539, 551, 553, 558, 560, 564, 571, 584, 601, 613, 616, 648, 650, 655, 656, 664, 677, 687, 690, 693, 694, 696, 712, 728, 739, 742, 744, 766, 770, 778, 795, 796, 804, 819, 821, 834, 839, 852, 853, 869, 871]

[0, 1, 13, 16, 22, 36, 53, 57, 61, 67, 70, 71, 76, 90, 92, 139, 172, 173, 175, 198, 240, 247, 276, 279, 284, 305, 309, 311, 326, 340, 346, 363, 365, 370, 391, 395, 403, 435, 438, 465, 481, 491, 512, 533, 541, 542, 569, 572, 583, 587, 597, 612, 620, 635, 658, 672, 682, 691, 694, 698, 712, 714, 756, 762, 773, 781, 811, 826, 833, 837, 841, 854, 883, 885]
[0, 9, 27, 31, 37, 39, 41, 47, 56, 59, 70, 71, 81, 86, 95, 112, 118, 132, 138, 142, 154, 166, 168, 180, 181, 185, 195, 199, 202, 212, 218, 221, 223, 231, 232, 233, 243, 247, 248, 250, 253, 284, 286, 306, 312, 314, 319, 329, 335, 336, 342, 346, 358, 359, 362, 368, 372, 374, 376, 377, 382, 385, 410, 425, 429, 447, 449, 450, 452, 457, 461, 466, 487, 493, 494, 501, 510, 511, 514, 520, 529, 539, 551, 553, 558, 560, 564, 571, 584, 601, 613, 616, 648, 650, 655, 656, 664, 677, 687, 690, 693, 694, 696, 712, 728, 739, 742, 744, 766, 770, 778, 795, 796, 804, 819, 821, 834, 839, 852, 853, 869, 871]

[0, 1, 13, 16, 21, 22, 27, 36, 53, 57, 61, 67, 70, 71, 76, 90, 92, 96, 98, 130, 135, 139, 164, 172, 173, 175, 198, 218, 223, 240, 247, 255, 276, 279, 281, 284, 286, 288, 305, 309, 311, 326, 340, 346, 363, 365, 367, 370, 384, 385, 391, 395, 403, 435, 438, 465, 481, 491, 512, 531, 533, 534, 541, 542, 569, 572, 578, 583, 587, 597, 612, 620, 635, 658, 672, 682, 691, 694, 698, 701, 712, 714, 730, 750, 756, 762, 773, 781, 794, 801, 811, 813, 826, 833, 837, 841, 842, 847, 854, 859, 867, 883, 885]
[0, 9, 27, 31, 37, 39, 41, 47, 56, 59, 70, 71, 81, 86, 95, 112, 118, 132, 138, 142, 154, 166, 168, 180, 181, 185, 195, 199, 202, 212, 218, 221, 223, 231, 232, 233, 243, 247, 248, 250, 253, 284, 286, 306, 312, 314, 319, 329, 335, 336, 342, 346, 358, 359, 362, 368, 372, 374, 376, 377, 382, 385, 410, 425, 429, 447, 449, 450, 452, 457, 461, 466, 487, 493, 494, 501, 510, 511, 514, 520, 529, 539, 551, 553, 558, 560, 564, 571, 584, 601, 613, 616, 648, 650, 655, 656, 664, 677, 687, 690, 693, 694, 696, 712, 728, 739, 742, 744, 766, 770, 778, 795, 796, 804, 819, 821, 834, 839, 852, 853, 869, 871]

[0, 1, 13, 16, 21, 22, 27, 32, 36, 48, 52, 53, 54, 57, 61, 67, 70, 71, 76, 90, 92, 96, 98, 130, 135, 139, 145, 147, 164, 170, 172, 173, 175, 198, 218, 223, 240, 241, 247, 255, 267, 276, 279, 281, 284, 286, 288, 300, 305, 309, 311, 326, 340, 346, 363, 364, 365, 367, 370, 384, 385, 391, 393, 395, 400, 403, 404, 408, 435, 438, 455, 465, 481, 491, 503, 512, 521, 531, 533, 534, 541, 542, 563, 569, 572, 578, 583, 587, 597, 612, 620, 635, 649, 658, 659, 672, 682, 691, 694, 698, 701, 712, 714, 730, 746, 750, 756, 762, 773, 781, 794, 801, 811, 813, 826, 833, 837, 838, 841, 842, 847, 854, 859, 867, 875, 881, 883, 885]
[0, 9, 27, 31, 37, 39, 41, 47, 56, 59, 70, 71, 81, 86, 95, 112, 118, 132, 138, 142, 154, 166, 168, 180, 181, 185, 195, 199, 202, 212, 218, 221, 223, 231, 232, 233, 243, 247, 248, 250, 253, 284, 286, 306, 312, 314, 319, 329, 335, 336, 342, 346, 358, 359, 362, 368, 372, 374, 376, 377, 382, 385, 410, 425, 429, 447, 449, 450, 452, 457, 461, 466, 487, 493, 494, 501, 510, 511, 514, 520, 529, 539, 551, 553, 558, 560, 564, 571, 584, 601, 613, 616, 648, 650, 655, 656, 664, 677, 687, 690, 693, 694, 696, 712, 728, 739, 742, 744, 766, 770, 778, 795, 796, 804, 819, 821, 834, 839, 852, 853, 869, 871]

[0, 1, 13, 16, 21, 22, 27, 32, 36, 48, 52, 53, 54, 57, 59, 61, 67, 70, 71, 76, 90, 92, 96, 98, 130, 135, 139, 145, 147, 164, 170, 172, 173, 175, 185, 198, 218, 220, 223, 226, 240, 241, 245, 247, 255, 267, 273, 276, 277, 279, 281, 284, 286, 288, 300, 305, 309, 311, 322, 326, 340, 346, 362, 363, 364, 365, 367, 370, 384, 385, 391, 393, 395, 400, 403, 404, 408, 412, 435, 438, 455, 465, 481, 491, 503, 512, 521, 527, 531, 533, 534, 536, 541, 542, 563, 564, 569, 572, 573, 578, 583, 587, 597, 612, 620, 635, 643, 649, 658, 659, 672, 682, 691, 694, 696, 697, 698, 699, 701, 710, 712, 714, 730, 746, 750, 756, 762, 773, 781, 794, 795, 801, 811, 813, 819, 826, 830, 833, 837, 838, 841, 842, 847, 854, 859, 865, 867, 875, 881, 883, 884, 885, 887]
[0, 9, 27, 31, 37, 39, 41, 47, 56, 59, 70, 71, 81, 86, 95, 112, 118, 132, 138, 142, 154, 166, 168, 180, 181, 185, 195, 199, 202, 212, 218, 221, 223, 231, 232, 233, 243, 247, 248, 250, 253, 284, 286, 306, 312, 314, 319, 329, 335, 336, 342, 346, 358, 359, 362, 368, 372, 374, 376, 377, 382, 385, 410, 425, 429, 447, 449, 450, 452, 457, 461, 466, 487, 493, 494, 501, 510, 511, 514, 520, 529, 539, 551, 553, 558, 560, 564, 571, 584, 601, 613, 616, 648, 650, 655, 656, 664, 677, 687, 690, 693, 694, 696, 712, 728, 739, 742, 744, 766, 770, 778, 795, 796, 804, 819, 821, 834, 839, 852, 853, 869, 871]

[0, 1, 13, 16, 21, 22, 27, 32, 36, 48, 52, 53, 54, 56, 57, 59, 61, 67, 70, 71, 72, 76, 85, 90, 91, 92, 96, 98, 106, 125, 130, 135, 139, 145, 147, 149, 164, 170, 172, 173, 175, 185, 198, 218, 220, 223, 226, 240, 241, 245, 247, 255, 267, 273, 276, 277, 279, 281, 284, 286, 287, 288, 300, 305, 309, 311, 322, 326, 327, 330, 337, 340, 346, 362, 363, 364, 365, 367, 370, 384, 385, 391, 393, 395, 397, 398, 400, 401, 403, 404, 408, 412, 435, 438, 440, 444, 455, 462, 465, 481, 491, 503, 511, 512, 521, 527, 531, 533, 534, 536, 541, 542, 550, 563, 564, 569, 572, 573, 578, 583, 587, 597, 612, 616, 620, 628, 635, 643, 649, 658, 659, 672, 681, 682, 683, 689, 691, 694, 696, 697, 698, 699, 701, 710, 712, 714, 730, 746, 750, 756, 762, 770, 773, 781, 794, 795, 801, 803, 807, 811, 813, 819, 826, 830, 833, 837, 838, 841, 842, 847, 854, 859, 865, 867, 875, 881, 883, 884, 885, 887]
[0, 9, 27, 31, 37, 39, 41, 47, 56, 59, 70, 71, 81, 86, 95, 112, 118, 132, 138, 142, 154, 166, 168, 180, 181, 185, 195, 199, 202, 212, 218, 221, 223, 231, 232, 233, 243, 247, 248, 250, 253, 284, 286, 306, 312, 314, 319, 329, 335, 336, 342, 346, 358, 359, 362, 368, 372, 374, 376, 377, 382, 385, 410, 425, 429, 447, 449, 450, 452, 457, 461, 466, 487, 493, 494, 501, 510, 511, 514, 520, 529, 539, 551, 553, 558, 560, 564, 571, 584, 601, 613, 616, 648, 650, 655, 656, 664, 677, 687, 690, 693, 694, 696, 712, 728, 739, 742, 744, 766, 770, 778, 795, 796, 804, 819, 821, 834, 839, 852, 853, 869, 871]

[0, 1, 13, 16, 21, 22, 27, 32, 36, 48, 52, 53, 54, 56, 57, 59, 61, 67, 70, 71, 72, 76, 85, 90, 91, 92, 95, 96, 98, 106, 125, 130, 135, 139, 145, 147, 149, 150, 162, 164, 170, 172, 173, 175, 185, 193, 198, 218, 220, 223, 226, 235, 240, 241, 245, 247, 255, 267, 273, 276, 277, 279, 281, 284, 286, 287, 288, 300, 305, 309, 311, 322, 324, 326, 327, 330, 337, 340, 346, 355, 362, 363, 364, 365, 367, 370, 384, 385, 391, 392, 393, 395, 397, 398, 400, 401, 402, 403, 404, 406, 408, 412, 420, 435, 438, 440, 444, 455, 462, 465, 473, 481, 485, 489, 491, 503, 511, 512, 517, 521, 522, 527, 531, 533, 534, 536, 541, 542, 550, 559, 563, 564, 569, 572, 573, 578, 583, 587, 597, 612, 616, 620, 628, 635, 643, 649, 658, 659, 672, 676, 681, 682, 683, 685, 689, 691, 694, 696, 697, 698, 699, 701, 710, 712, 714, 715, 730, 731, 746, 750, 751, 756, 762, 770, 773, 777, 781, 788, 794, 795, 799, 801, 803, 806, 807, 811, 813, 819, 822, 826, 830, 833, 837, 838, 841, 842, 847, 854, 859, 865, 867, 875, 877, 881, 883, 884, 885, 886, 887]
[0, 9, 27, 31, 37, 39, 41, 47, 56, 59, 70, 71, 81, 86, 95, 112, 118, 132, 138, 142, 154, 166, 168, 180, 181, 185, 195, 199, 202, 212, 218, 221, 223, 231, 232, 233, 243, 247, 248, 250, 253, 284, 286, 306, 312, 314, 319, 329, 335, 336, 342, 346, 358, 359, 362, 368, 372, 374, 376, 377, 382, 385, 410, 425, 429, 447, 449, 450, 452, 457, 461, 466, 487, 493, 494, 501, 510, 511, 514, 520, 529, 539, 551, 553, 558, 560, 564, 571, 584, 601, 613, 616, 648, 650, 655, 656, 664, 677, 687, 690, 693, 694, 696, 712, 728, 739, 742, 744, 766, 770, 778, 795, 796, 804, 819, 821, 834, 839, 852, 853, 869, 871]

[0, 1, 13, 16, 21, 22, 27, 32, 36, 48, 52, 53, 54, 56, 57, 59, 61, 63, 67, 68, 69, 70, 71, 72, 75, 76, 85, 90, 91, 92, 95, 96, 98, 106, 125, 130, 135, 139, 145, 147, 149, 150, 162, 164, 170, 172, 173, 175, 185, 193, 198, 203, 218, 220, 223, 226, 235, 240, 241, 245, 247, 255, 264, 266, 267, 273, 276, 277, 279, 281, 284, 286, 287, 288, 300, 302, 305, 309, 311, 322, 323, 324, 326, 327, 330, 336, 337, 340, 346, 347, 355, 362, 363, 364, 365, 367, 370, 373, 384, 385, 391, 392, 393, 395, 397, 398, 400, 401, 402, 403, 404, 406, 408, 411, 412, 420, 435, 438, 440, 444, 449, 455, 462, 465, 472, 473, 481, 485, 489, 491, 503, 504, 511, 512, 517, 521, 522, 527, 531, 533, 534, 536, 541, 542, 550, 559, 563, 564, 567, 569, 572, 573, 578, 583, 587, 589, 592, 597, 612, 616, 620, 622, 628, 635, 639, 643, 644, 649, 650, 658, 659, 672, 676, 681, 682, 683, 685, 689, 691, 694, 696, 697, 698, 699, 701, 710, 712, 714, 715, 730, 731, 743, 746, 750, 751, 756, 762, 770, 773, 777, 781, 788, 792, 794, 795, 799, 801, 803, 806, 807, 811, 813, 819, 822, 826, 830, 833, 837, 838, 841, 842, 847, 854, 858, 859, 865, 867, 875, 877, 881, 883, 884, 885, 886, 887]
[0, 9, 27, 31, 37, 39, 41, 47, 56, 59, 70, 71, 81, 86, 95, 112, 118, 132, 138, 142, 154, 166, 168, 180, 181, 185, 195, 199, 202, 212, 218, 221, 223, 231, 232, 233, 243, 247, 248, 250, 253, 284, 286, 306, 312, 314, 319, 329, 335, 336, 342, 346, 358, 359, 362, 368, 372, 374, 376, 377, 382, 385, 410, 425, 429, 447, 449, 450, 452, 457, 461, 466, 487, 493, 494, 501, 510, 511, 514, 520, 529, 539, 551, 553, 558, 560, 564, 571, 584, 601, 613, 616, 648, 650, 655, 656, 664, 677, 687, 690, 693, 694, 696, 712, 728, 739, 742, 744, 766, 770, 778, 795, 796, 804, 819, 821, 834, 839, 852, 853, 869, 871]

[0, 1, 3, 13, 16, 21, 22, 27, 32, 34, 36, 48, 52, 53, 54, 56, 57, 59, 61, 63, 67, 68, 69, 70, 71, 72, 75, 76, 85, 90, 91, 92, 95, 96, 98, 106, 125, 130, 135, 139, 145, 147, 149, 150, 152, 162, 164, 166, 170, 172, 173, 175, 185, 190, 193, 198, 203, 217, 218, 220, 223, 226, 235, 238, 240, 241, 245, 247, 255, 264, 266, 267, 273, 276, 277, 279, 281, 283, 284, 286, 287, 288, 300, 302, 305, 308, 309, 311, 322, 323, 324, 326, 327, 330, 336, 337, 340, 346, 347, 355, 359, 362, 363, 364, 365, 367, 370, 373, 384, 385, 391, 392, 393, 395, 397, 398, 400, 401, 402, 403, 404, 406, 408, 411, 412, 414, 420, 435, 438, 440, 444, 449, 454, 455, 462, 465, 472, 473, 481, 485, 489, 491, 503, 504, 511, 512, 517, 520, 521, 522, 527, 531, 533, 534, 536, 541, 542, 549, 550, 551, 559, 561, 562, 563, 564, 567, 569, 572, 573, 578, 583, 587, 589, 592, 597, 606, 612, 614, 616, 620, 622, 628, 635, 639, 643, 644, 649, 650, 652, 658, 659, 670, 672, 676, 681, 682, 683, 685, 689, 691, 694, 696, 697, 698, 699, 701, 703, 710, 712, 714, 715, 730, 731, 743, 746, 750, 751, 756, 762, 770, 773, 777, 781, 788, 792, 794, 795, 799, 801, 803, 806, 807, 811, 813, 819, 822, 826, 830, 833, 836, 837, 838, 841, 842, 847, 854, 858, 859, 864, 865, 867, 875, 877, 881, 882, 883, 884, 885, 886, 887]
[0, 9, 27, 31, 37, 39, 41, 47, 56, 59, 70, 71, 81, 86, 95, 112, 118, 132, 138, 142, 154, 166, 168, 180, 181, 185, 195, 199, 202, 212, 218, 221, 223, 231, 232, 233, 243, 247, 248, 250, 253, 284, 286, 306, 312, 314, 319, 329, 335, 336, 342, 346, 358, 359, 362, 368, 372, 374, 376, 377, 382, 385, 410, 425, 429, 447, 449, 450, 452, 457, 461, 466, 487, 493, 494, 501, 510, 511, 514, 520, 529, 539, 551, 553, 558, 560, 564, 571, 584, 601, 613, 616, 648, 650, 655, 656, 664, 677, 687, 690, 693, 694, 696, 712, 728, 739, 742, 744, 766, 770, 778, 795, 796, 804, 819, 821, 834, 839, 852, 853, 869, 871]

[0, 1, 3, 8, 13, 16, 21, 22, 27, 32, 34, 36, 48, 52, 53, 54, 56, 57, 59, 61, 63, 67, 68, 69, 70, 71, 72, 75, 76, 84, 85, 90, 91, 92, 95, 96, 98, 103, 106, 125, 130, 135, 139, 145, 147, 149, 150, 152, 162, 164, 166, 170, 172, 173, 175, 185, 190, 193, 198, 203, 217, 218, 220, 223, 226, 230, 235, 238, 240, 241, 245, 247, 253, 255, 264, 266, 267, 273, 276, 277, 279, 281, 283, 284, 286, 287, 288, 300, 302, 305, 308, 309, 311, 322, 323, 324, 326, 327, 330, 333, 336, 337, 340, 346, 347, 355, 359, 362, 363, 364, 365, 367, 370, 373, 383, 384, 385, 391, 392, 393, 395, 397, 398, 400, 401, 402, 403, 404, 406, 408, 411, 412, 414, 420, 435, 438, 440, 441, 444, 449, 454, 455, 457, 462, 465, 472, 473, 481, 485, 489, 491, 503, 504, 507, 510, 511, 512, 517, 520, 521, 522, 525, 527, 531, 533, 534, 536, 541, 542, 549, 550, 551, 556, 559, 561, 562, 563, 564, 567, 569, 572, 573, 578, 583, 587, 589, 592, 597, 606, 612, 614, 616, 620, 622, 628, 635, 639, 643, 644, 649, 650, 652, 658, 659, 663, 666, 670, 672, 676, 680, 681, 682, 683, 685, 689, 691, 694, 696, 697, 698, 699, 701, 703, 710, 712, 714, 715, 730, 731, 732, 743, 744, 746, 750, 751, 754, 756, 757, 762, 769, 770, 773, 777, 781, 788, 792, 794, 795, 799, 801, 803, 804, 806, 807, 811, 813, 817, 819, 822, 826, 830, 833, 836, 837, 838, 841, 842, 844, 847, 848, 854, 858, 859, 864, 865, 867, 875, 877, 881, 882, 883, 884, 885, 886, 887]
[0, 9, 27, 31, 37, 39, 41, 47, 56, 59, 70, 71, 81, 86, 95, 112, 118, 132, 138, 142, 154, 166, 168, 180, 181, 185, 195, 199, 202, 212, 218, 221, 223, 231, 232, 233, 243, 247, 248, 250, 253, 284, 286, 306, 312, 314, 319, 329, 335, 336, 342, 346, 358, 359, 362, 368, 372, 374, 376, 377, 382, 385, 410, 425, 429, 447, 449, 450, 452, 457, 461, 466, 487, 493, 494, 501, 510, 511, 514, 520, 529, 539, 551, 553, 558, 560, 564, 571, 584, 601, 613, 616, 648, 650, 655, 656, 664, 677, 687, 690, 693, 694, 696, 712, 728, 739, 742, 744, 766, 770, 778, 795, 796, 804, 819, 821, 834, 839, 852, 853, 869, 871]

[0, 1, 3, 8, 13, 16, 21, 22, 23, 27, 32, 34, 36, 37, 48, 52, 53, 54, 56, 57, 59, 61, 63, 67, 68, 69, 70, 71, 72, 75, 76, 84, 85, 86, 90, 91, 92, 95, 96, 98, 103, 104, 106, 125, 130, 135, 139, 143, 145, 147, 149, 150, 152, 162, 164, 166, 170, 172, 173, 175, 185, 190, 193, 198, 203, 205, 217, 218, 220, 223, 226, 230, 235, 238, 240, 241, 245, 247, 253, 255, 259, 264, 266, 267, 273, 275, 276, 277, 279, 281, 283, 284, 286, 287, 288, 299, 300, 302, 304, 305, 308, 309, 311, 322, 323, 324, 326, 327, 330, 333, 336, 337, 340, 346, 347, 355, 359, 362, 363, 364, 365, 367, 370, 372, 373, 383, 384, 385, 391, 392, 393, 395, 397, 398, 400, 401, 402, 403, 404, 406, 407, 408, 411, 412, 414, 420, 435, 438, 440, 441, 442, 444, 449, 454, 455, 457, 462, 465, 472, 473, 476, 481, 485, 489, 491, 503, 504, 507, 510, 511, 512, 514, 516, 517, 520, 521, 522, 525, 527, 531, 533, 534, 536, 541, 542, 549, 550, 551, 556, 557, 559, 561, 562, 563, 564, 567, 569, 572, 573, 578, 580, 583, 587, 589, 592, 597, 606, 612, 614, 616, 620, 622, 625, 628, 630, 635, 636, 639, 643, 644, 649, 650, 652, 658, 659, 663, 666, 667, 670, 672, 676, 679, 680, 681, 682, 683, 685, 689, 691, 694, 696, 697, 698, 699, 701, 703, 710, 712, 714, 715, 730, 731, 732, 743, 744, 746, 750, 751, 754, 756, 757, 762, 769, 770, 773, 777, 781, 788, 792, 794, 795, 799, 801, 803, 804, 806, 807, 811, 813, 817, 819, 822, 826, 830, 833, 836, 837, 838, 841, 842, 844, 847, 848, 850, 854, 858, 859, 864, 865, 867, 875, 876, 877, 881, 882, 883, 884, 885, 886, 887]
[0, 9, 27, 31, 37, 39, 41, 47, 56, 59, 70, 71, 81, 86, 95, 112, 118, 132, 138, 142, 154, 166, 168, 180, 181, 185, 195, 199, 202, 212, 218, 221, 223, 231, 232, 233, 243, 247, 248, 250, 253, 284, 286, 306, 312, 314, 319, 329, 335, 336, 342, 346, 358, 359, 362, 368, 372, 374, 376, 377, 382, 385, 410, 425, 429, 447, 449, 450, 452, 457, 461, 466, 487, 493, 494, 501, 510, 511, 514, 520, 529, 539, 551, 553, 558, 560, 564, 571, 584, 601, 613, 616, 648, 650, 655, 656, 664, 677, 687, 690, 693, 694, 696, 712, 728, 739, 742, 744, 766, 770, 778, 795, 796, 804, 819, 821, 834, 839, 852, 853, 869, 871]

[0, 1, 3, 8, 13, 16, 21, 22, 23, 27, 32, 34, 36, 37, 48, 52, 53, 54, 56, 57, 59, 61, 63, 67, 68, 69, 70, 71, 72, 74, 75, 76, 84, 85, 86, 90, 91, 92, 95, 96, 98, 102, 103, 104, 106, 108, 109, 125, 130, 135, 139, 143, 145, 147, 149, 150, 152, 162, 164, 166, 170, 171, 172, 173, 175, 185, 190, 193, 198, 203, 205, 217, 218, 220, 222, 223, 226, 230, 235, 238, 240, 241, 245, 247, 253, 255, 259, 261, 264, 266, 267, 273, 275, 276, 277, 279, 281, 283, 284, 286, 287, 288, 299, 300, 302, 304, 305, 308, 309, 311, 319, 322, 323, 324, 326, 327, 330, 331, 333, 336, 337, 340, 344, 346, 347, 349, 355, 359, 362, 363, 364, 365, 367, 370, 372, 373, 383, 384, 385, 391, 392, 393, 395, 397, 398, 400, 401, 402, 403, 404, 406, 407, 408, 411, 412, 414, 420, 431, 435, 438, 440, 441, 442, 444, 449, 453, 454, 455, 457, 462, 465, 472, 473, 476, 481, 485, 489, 491, 497, 503, 504, 507, 510, 511, 512, 514, 516, 517, 520, 521, 522, 525, 527, 528, 531, 533, 534, 536, 541, 542, 549, 550, 551, 556, 557, 559, 561, 562, 563, 564, 567, 569, 572, 573, 578, 580, 583, 584, 587, 589, 592, 597, 605, 606, 608, 612, 614, 616, 620, 622, 623, 624, 625, 628, 630, 635, 636, 639, 643, 644, 649, 650, 652, 658, 659, 663, 666, 667, 670, 672, 676, 679, 680, 681, 682, 683, 685, 689, 691, 694, 696, 697, 698, 699, 701, 703, 710, 712, 714, 715, 730, 731, 732, 740, 742, 743, 744, 746, 750, 751, 754, 756, 757, 762, 769, 770, 773, 777, 781, 788, 792, 794, 795, 799, 801, 803, 804, 806, 807, 811, 813, 817, 819, 822, 826, 830, 833, 836, 837, 838, 841, 842, 844, 847, 848, 850, 854, 858, 859, 862, 864, 865, 867, 871, 873, 875, 876, 877, 881, 882, 883, 884, 885, 886, 887]
[0, 9, 27, 31, 37, 39, 41, 47, 56, 59, 70, 71, 81, 86, 95, 112, 118, 132, 138, 142, 154, 166, 168, 180, 181, 185, 195, 199, 202, 212, 218, 221, 223, 231, 232, 233, 243, 247, 248, 250, 253, 284, 286, 306, 312, 314, 319, 329, 335, 336, 342, 346, 358, 359, 362, 368, 372, 374, 376, 377, 382, 385, 410, 425, 429, 447, 449, 450, 452, 457, 461, 466, 487, 493, 494, 501, 510, 511, 514, 520, 529, 539, 551, 553, 558, 560, 564, 571, 584, 601, 613, 616, 648, 650, 655, 656, 664, 677, 687, 690, 693, 694, 696, 712, 728, 739, 742, 744, 766, 770, 778, 795, 796, 804, 819, 821, 834, 839, 852, 853, 869, 871]

[0, 1, 3, 8, 13, 16, 21, 22, 23, 27, 32, 34, 36, 37, 48, 52, 53, 54, 56, 57, 59, 61, 63, 67, 68, 69, 70, 71, 72, 74, 75, 76, 84, 85, 86, 90, 91, 92, 95, 96, 98, 102, 103, 104, 106, 108, 109, 120, 125, 130, 135, 138, 139, 143, 145, 147, 149, 150, 152, 158, 162, 164, 166, 170, 171, 172, 173, 175, 177, 181, 185, 190, 193, 198, 200, 203, 205, 217, 218, 220, 222, 223, 226, 230, 235, 236, 238, 240, 241, 245, 247, 249, 253, 255, 259, 261, 264, 266, 267, 273, 275, 276, 277, 279, 281, 283, 284, 286, 287, 288, 295, 297, 299, 300, 302, 304, 305, 308, 309, 311, 319, 322, 323, 324, 326, 327, 330, 331, 333, 336, 337, 340, 344, 346, 347, 349, 351, 355, 356, 359, 362, 363, 364, 365, 367, 370, 372, 373, 383, 384, 385, 391, 392, 393, 395, 397, 398, 400, 401, 402, 403, 404, 406, 407, 408, 411, 412, 414, 420, 431, 433, 435, 438, 440, 441, 442, 444, 449, 453, 454, 455, 457, 462, 465, 472, 473, 476, 481, 485, 489, 491, 493, 497, 503, 504, 507, 510, 511, 512, 514, 516, 517, 520, 521, 522, 525, 527, 528, 531, 533, 534, 536, 541, 542, 549, 550, 551, 556, 557, 559, 561, 562, 563, 564, 567, 569, 572, 573, 578, 580, 583, 584, 587, 589, 592, 597, 605, 606, 608, 612, 614, 616, 620, 622, 623, 624, 625, 628, 630, 631, 635, 636, 637, 639, 643, 644, 649, 650, 652, 658, 659, 663, 666, 667, 668, 670, 672, 676, 679, 680, 681, 682, 683, 685, 689, 691, 694, 695, 696, 697, 698, 699, 701, 703, 704, 710, 712, 714, 715, 729, 730, 731, 732, 740, 742, 743, 744, 746, 750, 751, 753, 754, 756, 757, 762, 769, 770, 773, 777, 781, 783, 788, 792, 793, 794, 795, 799, 801, 803, 804, 806, 807, 811, 813, 817, 819, 822, 826, 827, 830, 831, 833, 836, 837, 838, 841, 842, 844, 847, 848, 850, 854, 858, 859, 862, 864, 865, 867, 871, 873, 875, 876, 877, 881, 882, 883, 884, 885, 886, 887]
[0, 9, 27, 31, 37, 39, 41, 47, 56, 59, 70, 71, 81, 86, 95, 112, 118, 132, 138, 142, 154, 166, 168, 180, 181, 185, 195, 199, 202, 212, 218, 221, 223, 231, 232, 233, 243, 247, 248, 250, 253, 284, 286, 306, 312, 314, 319, 329, 335, 336, 342, 346, 358, 359, 362, 368, 372, 374, 376, 377, 382, 385, 410, 425, 429, 447, 449, 450, 452, 457, 461, 466, 487, 493, 494, 501, 510, 511, 514, 520, 529, 539, 551, 553, 558, 560, 564, 571, 584, 601, 613, 616, 648, 650, 655, 656, 664, 677, 687, 690, 693, 694, 696, 712, 728, 739, 742, 744, 766, 770, 778, 795, 796, 804, 819, 821, 834, 839, 852, 853, 869, 871]

[0, 1, 3, 6, 8, 13, 16, 21, 22, 23, 24, 27, 32, 34, 36, 37, 48, 52, 53, 54, 56, 57, 59, 60, 61, 63, 67, 68, 69, 70, 71, 72, 74, 75, 76, 84, 85, 86, 90, 91, 92, 95, 96, 98, 102, 103, 104, 106, 108, 109, 120, 125, 130, 135, 138, 139, 143, 145, 147, 149, 150, 152, 153, 158, 162, 164, 166, 168, 170, 171, 172, 173, 175, 177, 181, 185, 190, 193, 198, 200, 203, 205, 217, 218, 220, 222, 223, 226, 230, 235, 236, 238, 240, 241, 245, 246, 247, 249, 253, 255, 259, 261, 264, 265, 266, 267, 273, 275, 276, 277, 279, 281, 283, 284, 286, 287, 288, 295, 297, 299, 300, 302, 304, 305, 308, 309, 311, 315, 319, 322, 323, 324, 326, 327, 329, 330, 331, 333, 336, 337, 340, 344, 346, 347, 349, 351, 355, 356, 359, 362, 363, 364, 365, 367, 369, 370, 372, 373, 383, 384, 385, 391, 392, 393, 395, 397, 398, 400, 401, 402, 403, 404, 406, 407, 408, 411, 412, 414, 420, 423, 431, 433, 435, 438, 440, 441, 442, 444, 449, 453, 454, 455, 456, 457, 459, 462, 465, 472, 473, 476, 481, 485, 489, 491, 493, 497, 503, 504, 507, 510, 511, 512, 514, 516, 517, 520, 521, 522, 525, 527, 528, 529, 531, 533, 534, 536, 541, 542, 543, 549, 550, 551, 556, 557, 559, 561, 562, 563, 564, 567, 569, 572, 573, 578, 580, 583, 584, 587, 589, 592, 597, 605, 606, 608, 612, 614, 616, 620, 622, 623, 624, 625, 628, 630, 631, 635, 636, 637, 639, 642, 643, 644, 647, 649, 650, 652, 658, 659, 663, 666, 667, 668, 670, 671, 672, 676, 679, 680, 681, 682, 683, 684, 685, 687, 689, 691, 694, 695, 696, 697, 698, 699, 701, 703, 704, 710, 712, 714, 715, 729, 730, 731, 732, 735, 740, 742, 743, 744, 746, 750, 751, 753, 754, 755, 756, 757, 762, 769, 770, 773, 777, 781, 783, 788, 792, 793, 794, 795, 799, 801, 803, 804, 806, 807, 811, 813, 817, 818, 819, 822, 826, 827, 830, 831, 833, 836, 837, 838, 840, 841, 842, 844, 847, 848, 850, 854, 858, 859, 862, 864, 865, 867, 871, 873, 875, 876, 877, 881, 882, 883, 884, 885, 886, 887, 889]
[0, 9, 27, 31, 37, 39, 41, 47, 56, 59, 70, 71, 81, 86, 95, 112, 118, 132, 138, 142, 154, 166, 168, 180, 181, 185, 195, 199, 202, 212, 218, 221, 223, 231, 232, 233, 243, 247, 248, 250, 253, 284, 286, 306, 312, 314, 319, 329, 335, 336, 342, 346, 358, 359, 362, 368, 372, 374, 376, 377, 382, 385, 410, 425, 429, 447, 449, 450, 452, 457, 461, 466, 487, 493, 494, 501, 510, 511, 514, 520, 529, 539, 551, 553, 558, 560, 564, 571, 584, 601, 613, 616, 648, 650, 655, 656, 664, 677, 687, 690, 693, 694, 696, 712, 728, 739, 742, 744, 766, 770, 778, 795, 796, 804, 819, 821, 834, 839, 852, 853, 869, 871]

[0, 1, 3, 6, 8, 13, 16, 21, 22, 23, 24, 27, 32, 34, 36, 37, 48, 52, 53, 54, 56, 57, 59, 60, 61, 63, 67, 68, 69, 70, 71, 72, 74, 75, 76, 78, 79, 81, 84, 85, 86, 90, 91, 92, 95, 96, 98, 102, 103, 104, 106, 108, 109, 120, 125, 130, 135, 138, 139, 143, 145, 147, 149, 150, 152, 153, 154, 158, 162, 164, 166, 168, 170, 171, 172, 173, 175, 177, 181, 185, 190, 191, 193, 198, 200, 203, 205, 217, 218, 220, 222, 223, 226, 230, 235, 236, 238, 240, 241, 245, 246, 247, 249, 253, 255, 259, 261, 264, 265, 266, 267, 273, 275, 276, 277, 279, 281, 283, 284, 286, 287, 288, 289, 295, 297, 299, 300, 302, 304, 305, 308, 309, 310, 311, 315, 319, 322, 323, 324, 326, 327, 329, 330, 331, 333, 336, 337, 340, 344, 346, 347, 349, 351, 355, 356, 359, 362, 363, 364, 365, 367, 369, 370, 372, 373, 383, 384, 385, 391, 392, 393, 395, 397, 398, 400, 401, 402, 403, 404, 406, 407, 408, 411, 412, 414, 418, 420, 423, 431, 433, 435, 438, 440, 441, 442, 444, 449, 452, 453, 454, 455, 456, 457, 458, 459, 462, 465, 472, 473, 476, 479, 481, 485, 486, 489, 491, 493, 495, 497, 503, 504, 507, 510, 511, 512, 514, 516, 517, 520, 521, 522, 525, 527, 528, 529, 531, 533, 534, 535, 536, 541, 542, 543, 549, 550, 551, 556, 557, 559, 561, 562, 563, 564, 567, 569, 572, 573, 578, 580, 583, 584, 587, 588, 589, 591, 592, 597, 603, 605, 606, 608, 612, 614, 616, 620, 622, 623, 624, 625, 628, 630, 631, 632, 635, 636, 637, 639, 642, 643, 644, 647, 649, 650, 652, 658, 659, 663, 666, 667, 668, 670, 671, 672, 676, 679, 680, 681, 682, 683, 684, 685, 687, 689, 691, 694, 695, 696, 697, 698, 699, 701, 703, 704, 710, 712, 714, 715, 722, 729, 730, 731, 732, 735, 740, 742, 743, 744, 746, 750, 751, 753, 754, 755, 756, 757, 762, 769, 770, 773, 777, 781, 783, 784, 785, 788, 792, 793, 794, 795, 799, 801, 803, 804, 806, 807, 811, 813, 817, 818, 819, 822, 824, 826, 827, 830, 831, 833, 836, 837, 838, 840, 841, 842, 844, 847, 848, 850, 854, 858, 859, 862, 864, 865, 867, 869, 871, 873, 875, 876, 877, 878, 879, 881, 882, 883, 884, 885, 886, 887, 889]
[0, 9, 27, 31, 37, 39, 41, 47, 56, 59, 70, 71, 81, 86, 95, 112, 118, 132, 138, 142, 154, 166, 168, 180, 181, 185, 195, 199, 202, 212, 218, 221, 223, 231, 232, 233, 243, 247, 248, 250, 253, 284, 286, 306, 312, 314, 319, 329, 335, 336, 342, 346, 358, 359, 362, 368, 372, 374, 376, 377, 382, 385, 410, 425, 429, 447, 449, 450, 452, 457, 461, 466, 487, 493, 494, 501, 510, 511, 514, 520, 529, 539, 551, 553, 558, 560, 564, 571, 584, 601, 613, 616, 648, 650, 655, 656, 664, 677, 687, 690, 693, 694, 696, 712, 728, 739, 742, 744, 766, 770, 778, 795, 796, 804, 819, 821, 834, 839, 852, 853, 869, 871]

[0, 1, 3, 6, 8, 13, 16, 21, 22, 23, 24, 26, 27, 32, 34, 36, 37, 39, 48, 51, 52, 53, 54, 56, 57, 59, 60, 61, 63, 67, 68, 69, 70, 71, 72, 74, 75, 76, 78, 79, 81, 84, 85, 86, 90, 91, 92, 95, 96, 97, 98, 102, 103, 104, 106, 108, 109, 120, 123, 125, 127, 130, 135, 138, 139, 142, 143, 145, 147, 149, 150, 152, 153, 154, 158, 159, 162, 163, 164, 166, 168, 170, 171, 172, 173, 175, 177, 181, 185, 190, 191, 193, 198, 200, 203, 205, 217, 218, 220, 222, 223, 226, 230, 235, 236, 238, 240, 241, 243, 245, 246, 247, 249, 251, 253, 255, 259, 261, 264, 265, 266, 267, 273, 275, 276, 277, 279, 281, 283, 284, 286, 287, 288, 289, 295, 297, 299, 300, 302, 304, 305, 308, 309, 310, 311, 313, 315, 319, 322, 323, 324, 326, 327, 329, 330, 331, 333, 336, 337, 340, 344, 346, 347, 349, 351, 355, 356, 359, 362, 363, 364, 365, 367, 369, 370, 372, 373, 383, 384, 385, 391, 392, 393, 395, 396, 397, 398, 400, 401, 402, 403, 404, 406, 407, 408, 411, 412, 413, 414, 418, 420, 423, 431, 433, 435, 438, 440, 441, 442, 444, 449, 452, 453, 454, 455, 456, 457, 458, 459, 462, 465, 468, 472, 473, 476, 479, 481, 485, 486, 487, 489, 491, 493, 495, 497, 502, 503, 504, 507, 510, 511, 512, 514, 516, 517, 520, 521, 522, 525, 527, 528, 529, 531, 533, 534, 535, 536, 541, 542, 543, 549, 550, 551, 556, 557, 559, 561, 562, 563, 564, 565, 567, 569, 572, 573, 578, 580, 583, 584, 587, 588, 589, 591, 592, 597, 603, 605, 606, 608, 612, 614, 616, 620, 622, 623, 624, 625, 628, 630, 631, 632, 635, 636, 637, 639, 642, 643, 644, 647, 649, 650, 652, 658, 659, 663, 666, 667, 668, 670, 671, 672, 676, 677, 679, 680, 681, 682, 683, 684, 685, 687, 689, 691, 694, 695, 696, 697, 698, 699, 701, 703, 704, 710, 712, 714, 715, 722, 724, 729, 730, 731, 732, 735, 740, 742, 743, 744, 746, 750, 751, 753, 754, 755, 756, 757, 759, 762, 769, 770, 771, 773, 775, 777, 781, 783, 784, 785, 788, 792, 793, 794, 795, 799, 801, 803, 804, 806, 807, 811, 813, 817, 818, 819, 822, 824, 826, 827, 830, 831, 833, 836, 837, 838, 840, 841, 842, 844, 847, 848, 850, 854, 858, 859, 862, 864, 865, 866, 867, 869, 871, 872, 873, 875, 876, 877, 878, 879, 881, 882, 883, 884, 885, 886, 887, 889]
[0, 9, 27, 31, 37, 39, 41, 47, 56, 59, 70, 71, 81, 86, 95, 112, 118, 132, 138, 142, 154, 166, 168, 180, 181, 185, 195, 199, 202, 212, 218, 221, 223, 231, 232, 233, 243, 247, 248, 250, 253, 284, 286, 306, 312, 314, 319, 329, 335, 336, 342, 346, 358, 359, 362, 368, 372, 374, 376, 377, 382, 385, 410, 425, 429, 447, 449, 450, 452, 457, 461, 466, 487, 493, 494, 501, 510, 511, 514, 520, 529, 539, 551, 553, 558, 560, 564, 571, 584, 601, 613, 616, 648, 650, 655, 656, 664, 677, 687, 690, 693, 694, 696, 712, 728, 739, 742, 744, 766, 770, 778, 795, 796, 804, 819, 821, 834, 839, 852, 853, 869, 871]

[0, 1, 3, 4, 6, 7, 8, 13, 16, 21, 22, 23, 24, 26, 27, 32, 34, 36, 37, 39, 40, 48, 51, 52, 53, 54, 56, 57, 58, 59, 60, 61, 63, 67, 68, 69, 70, 71, 72, 74, 75, 76, 78, 79, 81, 84, 85, 86, 90, 91, 92, 94, 95, 96, 97, 98, 100, 102, 103, 104, 106, 108, 109, 120, 123, 125, 127, 130, 135, 138, 139, 142, 143, 145, 147, 148, 149, 150, 152, 153, 154, 158, 159, 162, 163, 164, 166, 168, 170, 171, 172, 173, 175, 177, 181, 185, 188, 190, 191, 193, 198, 200, 203, 205, 217, 218, 220, 222, 223, 226, 230, 233, 235, 236, 238, 240, 241, 243, 245, 246, 247, 249, 251, 253, 255, 259, 261, 263, 264, 265, 266, 267, 273, 275, 276, 277, 279, 281, 282, 283, 284, 286, 287, 288, 289, 295, 297, 299, 300, 302, 304, 305, 308, 309, 310, 311, 313, 314, 315, 317, 319, 322, 323, 324, 326, 327, 329, 330, 331, 333, 336, 337, 340, 343, 344, 346, 347, 349, 351, 355, 356, 359, 362, 363, 364, 365, 367, 369, 370, 372, 373, 383, 384, 385, 391, 392, 393, 395, 396, 397, 398, 400, 401, 402, 403, 404, 406, 407, 408, 411, 412, 413, 414, 418, 420, 423, 431, 432, 433, 435, 438, 439, 440, 441, 442, 444, 449, 452, 453, 454, 455, 456, 457, 458, 459, 462, 465, 468, 472, 473, 476, 479, 481, 485, 486, 487, 489, 491, 492, 493, 495, 497, 502, 503, 504, 507, 509, 510, 511, 512, 514, 516, 517, 520, 521, 522, 525, 527, 528, 529, 531, 533, 534, 535, 536, 541, 542, 543, 549, 550, 551, 556, 557, 559, 561, 562, 563, 564, 565, 567, 569, 572, 573, 574, 578, 580, 583, 584, 587, 588, 589, 591, 592, 597, 603, 605, 606, 608, 612, 614, 616, 620, 622, 623, 624, 625, 628, 630, 631, 632, 635, 636, 637, 639, 642, 643, 644, 647, 649, 650, 652, 655, 658, 659, 663, 666, 667, 668, 670, 671, 672, 676, 677, 679, 680, 681, 682, 683, 684, 685, 687, 689, 690, 691, 694, 695, 696, 697, 698, 699, 701, 703, 704, 710, 712, 714, 715, 718, 722, 724, 729, 730, 731, 732, 735, 740, 742, 743, 744, 746, 750, 751, 753, 754, 755, 756, 757, 759, 762, 763, 769, 770, 771, 773, 775, 777, 781, 783, 784, 785, 788, 792, 793, 794, 795, 799, 801, 803, 804, 806, 807, 811, 813, 817, 818, 819, 822, 824, 826, 827, 830, 831, 833, 836, 837, 838, 840, 841, 842, 844, 847, 848, 850, 854, 856, 858, 859, 862, 864, 865, 866, 867, 869, 870, 871, 872, 873, 875, 876, 877, 878, 879, 881, 882, 883, 884, 885, 886, 887, 889]
[0, 9, 27, 31, 37, 39, 41, 47, 56, 59, 70, 71, 81, 86, 95, 112, 118, 132, 138, 142, 154, 166, 168, 180, 181, 185, 195, 199, 202, 212, 218, 221, 223, 231, 232, 233, 243, 247, 248, 250, 253, 284, 286, 306, 312, 314, 319, 329, 335, 336, 342, 346, 358, 359, 362, 368, 372, 374, 376, 377, 382, 385, 410, 425, 429, 447, 449, 450, 452, 457, 461, 466, 487, 493, 494, 501, 510, 511, 514, 520, 529, 539, 551, 553, 558, 560, 564, 571, 584, 601, 613, 616, 648, 650, 655, 656, 664, 677, 687, 690, 693, 694, 696, 712, 728, 739, 742, 744, 766, 770, 778, 795, 796, 804, 819, 821, 834, 839, 852, 853, 869, 871]

[0, 1, 3, 4, 6, 7, 8, 13, 16, 21, 22, 23, 24, 26, 27, 32, 34, 36, 37, 39, 40, 48, 51, 52, 53, 54, 56, 57, 58, 59, 60, 61, 62, 63, 67, 68, 69, 70, 71, 72, 74, 75, 76, 78, 79, 81, 83, 84, 85, 86, 90, 91, 92, 94, 95, 96, 97, 98, 100, 102, 103, 104, 106, 108, 109, 120, 121, 123, 125, 127, 130, 135, 138, 139, 142, 143, 145, 147, 148, 149, 150, 152, 153, 154, 158, 159, 162, 163, 164, 166, 168, 170, 171, 172, 173, 175, 177, 181, 185, 188, 190, 191, 193, 198, 199, 200, 203, 205, 217, 218, 220, 222, 223, 226, 230, 233, 235, 236, 238, 240, 241, 243, 244, 245, 246, 247, 249, 251, 253, 255, 259, 261, 263, 264, 265, 266, 267, 273, 274, 275, 276, 277, 279, 280, 281, 282, 283, 284, 285, 286, 287, 288, 289, 295, 297, 299, 300, 302, 304, 305, 307, 308, 309, 310, 311, 313, 314, 315, 317, 319, 322, 323, 324, 326, 327, 329, 330, 331, 333, 336, 337, 340, 343, 344, 346, 347, 349, 351, 355, 356, 359, 362, 363, 364, 365, 367, 369, 370, 372, 373, 383, 384, 385, 391, 392, 393, 395, 396, 397, 398, 399, 400, 401, 402, 403, 404, 406, 407, 408, 410, 411, 412, 413, 414, 418, 420, 423, 431, 432, 433, 435, 438, 439, 440, 441, 442, 444, 449, 452, 453, 454, 455, 456, 457, 458, 459, 462, 465, 468, 471, 472, 473, 476, 479, 481, 483, 484, 485, 486, 487, 489, 491, 492, 493, 495, 497, 502, 503, 504, 507, 509, 510, 511, 512, 514, 516, 517, 520, 521, 522, 525, 527, 528, 529, 531, 533, 534, 535, 536, 541, 542, 543, 549, 550, 551, 556, 557, 559, 561, 562, 563, 564, 565, 567, 569, 572, 573, 574, 578, 580, 583, 584, 587, 588, 589, 591, 592, 597, 598, 603, 604, 605, 606, 608, 611, 612, 613, 614, 616, 620, 622, 623, 624, 625, 628, 630, 631, 632, 635, 636, 637, 639, 642, 643, 644, 647, 649, 650, 652, 655, 658, 659, 663, 666, 667, 668, 670, 671, 672, 676, 677, 679, 680, 681, 682, 683, 684, 685, 687, 689, 690, 691, 694, 695, 696, 697, 698, 699, 701, 703, 704, 710, 712, 714, 715, 718, 722, 724, 725, 729, 730, 731, 732, 735, 740, 741, 742, 743, 744, 746, 750, 751, 753, 754, 755, 756, 757, 759, 762, 763, 769, 770, 771, 773, 775, 777, 781, 783, 784, 785, 788, 792, 793, 794, 795, 798, 799, 800, 801, 803, 804, 806, 807, 811, 813, 817, 818, 819, 822, 824, 826, 827, 830, 831, 833, 835, 836, 837, 838, 840, 841, 842, 844, 845, 847, 848, 850, 854, 856, 858, 859, 862, 863, 864, 865, 866, 867, 869, 870, 871, 872, 873, 875, 876, 877, 878, 879, 881, 882, 883, 884, 885, 886, 887, 889]
[0, 9, 27, 31, 37, 39, 41, 47, 56, 59, 70, 71, 81, 86, 95, 112, 118, 132, 138, 142, 154, 166, 168, 180, 181, 185, 195, 199, 202, 212, 218, 221, 223, 231, 232, 233, 243, 247, 248, 250, 253, 284, 286, 306, 312, 314, 319, 329, 335, 336, 342, 346, 358, 359, 362, 368, 372, 374, 376, 377, 382, 385, 410, 425, 429, 447, 449, 450, 452, 457, 461, 466, 487, 493, 494, 501, 510, 511, 514, 520, 529, 539, 551, 553, 558, 560, 564, 571, 584, 601, 613, 616, 648, 650, 655, 656, 664, 677, 687, 690, 693, 694, 696, 712, 728, 739, 742, 744, 766, 770, 778, 795, 796, 804, 819, 821, 834, 839, 852, 853, 869, 871]

[0, 1, 3, 4, 6, 7, 8, 13, 14, 16, 18, 21, 22, 23, 24, 26, 27, 32, 34, 36, 37, 39, 40, 41, 48, 51, 52, 53, 54, 56, 57, 58, 59, 60, 61, 62, 63, 67, 68, 69, 70, 71, 72, 73, 74, 75, 76, 78, 79, 81, 83, 84, 85, 86, 90, 91, 92, 94, 95, 96, 97, 98, 100, 102, 103, 104, 106, 108, 109, 110, 120, 121, 123, 125, 127, 130, 135, 138, 139, 142, 143, 145, 147, 148, 149, 150, 152, 153, 154, 158, 159, 162, 163, 164, 166, 168, 170, 171, 172, 173, 175, 176, 177, 181, 185, 188, 190, 191, 193, 198, 199, 200, 203, 204, 205, 207, 215, 217, 218, 220, 222, 223, 226, 230, 233, 235, 236, 238, 240, 241, 243, 244, 245, 246, 247, 249, 251, 253, 255, 259, 261, 263, 264, 265, 266, 267, 272, 273, 274, 275, 276, 277, 279, 280, 281, 282, 283, 284, 285, 286, 287, 288, 289, 295, 297, 299, 300, 302, 304, 305, 307, 308, 309, 310, 311, 313, 314, 315, 317, 318, 319, 322, 323, 324, 326, 327, 328, 329, 330, 331, 332, 333, 336, 337, 340, 343, 344, 346, 347, 348, 349, 351, 355, 356, 359, 362, 363, 364, 365, 367, 369, 370, 372, 373, 375, 383, 384, 385, 391, 392, 393, 395, 396, 397, 398, 399, 400, 401, 402, 403, 404, 406, 407, 408, 410, 411, 412, 413, 414, 418, 420, 423, 431, 432, 433, 435, 438, 439, 440, 441, 442, 444, 449, 452, 453, 454, 455, 456, 457, 458, 459, 462, 465, 468, 470, 471, 472, 473, 476, 479, 481, 483, 484, 485, 486, 487, 489, 491, 492, 493, 495, 497, 502, 503, 504, 507, 509, 510, 511, 512, 514, 516, 517, 520, 521, 522, 525, 527, 528, 529, 531, 533, 534, 535, 536, 539, 541, 542, 543, 547, 549, 550, 551, 556, 557, 559, 561, 562, 563, 564, 565, 567, 569, 572, 573, 574, 578, 580, 583, 584, 587, 588, 589, 591, 592, 597, 598, 603, 604, 605, 606, 608, 611, 612, 613, 614, 616, 620, 622, 623, 624, 625, 628, 630, 631, 632, 635, 636, 637, 639, 642, 643, 644, 647, 649, 650, 652, 655, 658, 659, 663, 666, 667, 668, 670, 671, 672, 676, 677, 679, 680, 681, 682, 683, 684, 685, 686, 687, 689, 690, 691, 694, 695, 696, 697, 698, 699, 701, 703, 704, 710, 712, 714, 715, 718, 722, 724, 725, 727, 729, 730, 731, 732, 735, 738, 740, 741, 742, 743, 744, 746, 750, 751, 753, 754, 755, 756, 757, 759, 762, 763, 769, 770, 771, 773, 775, 777, 781, 783, 784, 785, 787, 788, 792, 793, 794, 795, 798, 799, 800, 801, 803, 804, 806, 807, 811, 813, 817, 818, 819, 822, 824, 826, 827, 830, 831, 833, 835, 836, 837, 838, 840, 841, 842, 844, 845, 846, 847, 848, 850, 854, 856, 858, 859, 860, 862, 863, 864, 865, 866, 867, 869, 870, 871, 872, 873, 875, 876, 877, 878, 879, 880, 881, 882, 883, 884, 885, 886, 887, 889]
[0, 9, 27, 31, 37, 39, 41, 47, 56, 59, 70, 71, 81, 86, 95, 112, 118, 132, 138, 142, 154, 166, 168, 180, 181, 185, 195, 199, 202, 212, 218, 221, 223, 231, 232, 233, 243, 247, 248, 250, 253, 284, 286, 306, 312, 314, 319, 329, 335, 336, 342, 346, 358, 359, 362, 368, 372, 374, 376, 377, 382, 385, 410, 425, 429, 447, 449, 450, 452, 457, 461, 466, 487, 493, 494, 501, 510, 511, 514, 520, 529, 539, 551, 553, 558, 560, 564, 571, 584, 601, 613, 616, 648, 650, 655, 656, 664, 677, 687, 690, 693, 694, 696, 712, 728, 739, 742, 744, 766, 770, 778, 795, 796, 804, 819, 821, 834, 839, 852, 853, 869, 871]

[0, 1, 3, 4, 6, 7, 8, 9, 13, 14, 16, 18, 21, 22, 23, 24, 26, 27, 29, 32, 34, 36, 37, 39, 40, 41, 48, 51, 52, 53, 54, 56, 57, 58, 59, 60, 61, 62, 63, 66, 67, 68, 69, 70, 71, 72, 73, 74, 75, 76, 78, 79, 81, 83, 84, 85, 86, 90, 91, 92, 94, 95, 96, 97, 98, 100, 102, 103, 104, 106, 108, 109, 110, 120, 121, 123, 125, 127, 130, 135, 138, 139, 142, 143, 145, 147, 148, 149, 150, 152, 153, 154, 158, 159, 162, 163, 164, 166, 167, 168, 170, 171, 172, 173, 175, 176, 177, 181, 185, 188, 190, 191, 193, 198, 199, 200, 203, 204, 205, 207, 209, 215, 217, 218, 220, 222, 223, 226, 230, 233, 234, 235, 236, 238, 240, 241, 243, 244, 245, 246, 247, 249, 251, 253, 255, 259, 261, 263, 264, 265, 266, 267, 272, 273, 274, 275, 276, 277, 279, 280, 281, 282, 283, 284, 285, 286, 287, 288, 289, 294, 295, 297, 299, 300, 302, 304, 305, 307, 308, 309, 310, 311, 313, 314, 315, 317, 318, 319, 322, 323, 324, 326, 327, 328, 329, 330, 331, 332, 333, 336, 337, 340, 343, 344, 346, 347, 348, 349, 351, 355, 356, 359, 362, 363, 364, 365, 367, 369, 370, 371, 372, 373, 375, 383, 384, 385, 387, 390, 391, 392, 393, 395, 396, 397, 398, 399, 400, 401, 402, 403, 404, 406, 407, 408, 410, 411, 412, 413, 414, 418, 420, 423, 426, 431, 432, 433, 434, 435, 438, 439, 440, 441, 442, 444, 449, 452, 453, 454, 455, 456, 457, 458, 459, 462, 464, 465, 468, 470, 471, 472, 473, 476, 479, 481, 483, 484, 485, 486, 487, 489, 491, 492, 493, 495, 497, 502, 503, 504, 505, 507, 509, 510, 511, 512, 514, 516, 517, 520, 521, 522, 524, 525, 527, 528, 529, 531, 533, 534, 535, 536, 539, 541, 542, 543, 547, 549, 550, 551, 556, 557, 559, 560, 561, 562, 563, 564, 565, 567, 569, 572, 573, 574, 578, 580, 583, 584, 587, 588, 589, 591, 592, 597, 598, 603, 604, 605, 606, 608, 609, 611, 612, 613, 614, 616, 618, 620, 622, 623, 624, 625, 628, 630, 631, 632, 635, 636, 637, 639, 642, 643, 644, 647, 649, 650, 652, 655, 658, 659, 663, 665, 666, 667, 668, 669, 670, 671, 672, 675, 676, 677, 679, 680, 681, 682, 683, 684, 685, 686, 687, 689, 690, 691, 694, 695, 696, 697, 698, 699, 701, 703, 704, 706, 710, 712, 714, 715, 718, 722, 724, 725, 727, 729, 730, 731, 732, 735, 738, 740, 741, 742, 743, 744, 746, 750, 751, 753, 754, 755, 756, 757, 759, 762, 763, 769, 770, 771, 773, 775, 776, 777, 781, 783, 784, 785, 787, 788, 792, 793, 794, 795, 798, 799, 800, 801, 803, 804, 806, 807, 811, 813, 817, 818, 819, 822, 824, 826, 827, 830, 831, 832, 833, 835, 836, 837, 838, 840, 841, 842, 844, 845, 846, 847, 848, 850, 854, 856, 858, 859, 860, 862, 863, 864, 865, 866, 867, 869, 870, 871, 872, 873, 875, 876, 877, 878, 879, 880, 881, 882, 883, 884, 885, 886, 887, 888, 889]
[0, 9, 27, 31, 37, 39, 41, 47, 56, 59, 70, 71, 81, 86, 95, 112, 118, 132, 138, 142, 154, 166, 168, 180, 181, 185, 195, 199, 202, 212, 218, 221, 223, 231, 232, 233, 243, 247, 248, 250, 253, 284, 286, 306, 312, 314, 319, 329, 335, 336, 342, 346, 358, 359, 362, 368, 372, 374, 376, 377, 382, 385, 410, 425, 429, 447, 449, 450, 452, 457, 461, 466, 487, 493, 494, 501, 510, 511, 514, 520, 529, 539, 551, 553, 558, 560, 564, 571, 584, 601, 613, 616, 648, 650, 655, 656, 664, 677, 687, 690, 693, 694, 696, 712, 728, 739, 742, 744, 766, 770, 778, 795, 796, 804, 819, 821, 834, 839, 852, 853, 869, 871]

[0, 1, 3, 4, 6, 7, 8, 9, 11, 13, 14, 16, 18, 21, 22, 23, 24, 26, 27, 29, 32, 34, 36, 37, 38, 39, 40, 41, 48, 51, 52, 53, 54, 56, 57, 58, 59, 60, 61, 62, 63, 66, 67, 68, 69, 70, 71, 72, 73, 74, 75, 76, 78, 79, 81, 83, 84, 85, 86, 90, 91, 92, 94, 95, 96, 97, 98, 100, 102, 103, 104, 106, 108, 109, 110, 114, 120, 121, 123, 125, 127, 130, 135, 138, 139, 142, 143, 145, 147, 148, 149, 150, 152, 153, 154, 155, 156, 158, 159, 162, 163, 164, 165, 166, 167, 168, 170, 171, 172, 173, 175, 176, 177, 181, 185, 188, 190, 191, 193, 198, 199, 200, 203, 204, 205, 207, 209, 214, 215, 217, 218, 220, 222, 223, 226, 230, 231, 233, 234, 235, 236, 237, 238, 240, 241, 243, 244, 245, 246, 247, 249, 251, 253, 255, 259, 261, 263, 264, 265, 266, 267, 272, 273, 274, 275, 276, 277, 279, 280, 281, 282, 283, 284, 285, 286, 287, 288, 289, 294, 295, 297, 299, 300, 302, 304, 305, 307, 308, 309, 310, 311, 313, 314, 315, 317, 318, 319, 321, 322, 323, 324, 326, 327, 328, 329, 330, 331, 332, 333, 336, 337, 340, 343, 344, 345, 346, 347, 348, 349, 351, 355, 356, 359, 362, 363, 364, 365, 367, 369, 370, 371, 372, 373, 375, 382, 383, 384, 385, 387, 390, 391, 392, 393, 395, 396, 397, 398, 399, 400, 401, 402, 403, 404, 406, 407, 408, 410, 411, 412, 413, 414, 418, 420, 423, 426, 431, 432, 433, 434, 435, 438, 439, 440, 441, 442, 444, 445, 449, 450, 451, 452, 453, 454, 455, 456, 457, 458, 459, 462, 464, 465, 468, 469, 470, 471, 472, 473, 476, 479, 481, 483, 484, 485, 486, 487, 489, 491, 492, 493, 495, 497, 502, 503, 504, 505, 507, 509, 510, 511, 512, 514, 516, 517, 520, 521, 522, 524, 525, 527, 528, 529, 531, 533, 534, 535, 536, 539, 541, 542, 543, 547, 549, 550, 551, 552, 556, 557, 558, 559, 560, 561, 562, 563, 564, 565, 567, 569, 572, 573, 574, 576, 578, 580, 583, 584, 587, 588, 589, 591, 592, 597, 598, 603, 604, 605, 606, 608, 609, 610, 611, 612, 613, 614, 616, 618, 620, 622, 623, 624, 625, 628, 630, 631, 632, 635, 636, 637, 639, 642, 643, 644, 647, 649, 650, 652, 654, 655, 658, 659, 663, 665, 666, 667, 668, 669, 670, 671, 672, 675, 676, 677, 679, 680, 681, 682, 683, 684, 685, 686, 687, 689, 690, 691, 694, 695, 696, 697, 698, 699, 701, 703, 704, 706, 707, 710, 712, 714, 715, 718, 722, 724, 725, 727, 729, 730, 731, 732, 735, 738, 740, 741, 742, 743, 744, 746, 747, 750, 751, 753, 754, 755, 756, 757, 759, 762, 763, 769, 770, 771, 773, 775, 776, 777, 781, 783, 784, 785, 787, 788, 792, 793, 794, 795, 798, 799, 800, 801, 803, 804, 805, 806, 807, 811, 813, 817, 818, 819, 822, 824, 826, 827, 829, 830, 831, 832, 833, 835, 836, 837, 838, 840, 841, 842, 844, 845, 846, 847, 848, 850, 854, 856, 858, 859, 860, 862, 863, 864, 865, 866, 867, 869, 870, 871, 872, 873, 875, 876, 877, 878, 879, 880, 881, 882, 883, 884, 885, 886, 887, 888, 889]
[0, 9, 27, 31, 37, 39, 41, 47, 56, 59, 70, 71, 81, 86, 95, 112, 118, 132, 138, 142, 154, 166, 168, 180, 181, 185, 195, 199, 202, 212, 218, 221, 223, 231, 232, 233, 243, 247, 248, 250, 253, 284, 286, 306, 312, 314, 319, 329, 335, 336, 342, 346, 358, 359, 362, 368, 372, 374, 376, 377, 382, 385, 410, 425, 429, 447, 449, 450, 452, 457, 461, 466, 487, 493, 494, 501, 510, 511, 514, 520, 529, 539, 551, 553, 558, 560, 564, 571, 584, 601, 613, 616, 648, 650, 655, 656, 664, 677, 687, 690, 693, 694, 696, 712, 728, 739, 742, 744, 766, 770, 778, 795, 796, 804, 819, 821, 834, 839, 852, 853, 869, 871]

[0, 1, 3, 4, 6, 7, 8, 9, 11, 13, 14, 16, 18, 21, 22, 23, 24, 26, 27, 29, 32, 34, 36, 37, 38, 39, 40, 41, 47, 48, 51, 52, 53, 54, 56, 57, 58, 59, 60, 61, 62, 63, 66, 67, 68, 69, 70, 71, 72, 73, 74, 75, 76, 78, 79, 81, 83, 84, 85, 86, 88, 90, 91, 92, 94, 95, 96, 97, 98, 100, 102, 103, 104, 106, 108, 109, 110, 114, 116, 118, 120, 121, 123, 125, 126, 127, 130, 135, 137, 138, 139, 142, 143, 145, 146, 147, 148, 149, 150, 151, 152, 153, 154, 155, 156, 158, 159, 162, 163, 164, 165, 166, 167, 168, 170, 171, 172, 173, 175, 176, 177, 181, 185, 188, 190, 191, 193, 198, 199, 200, 203, 204, 205, 207, 209, 214, 215, 217, 218, 220, 222, 223, 226, 230, 231, 233, 234, 235, 236, 237, 238, 240, 241, 243, 244, 245, 246, 247, 249, 251, 253, 255, 259, 261, 263, 264, 265, 266, 267, 272, 273, 274, 275, 276, 277, 279, 280, 281, 282, 283, 284, 285, 286, 287, 288, 289, 294, 295, 297, 299, 300, 302, 304, 305, 307, 308, 309, 310, 311, 313, 314, 315, 317, 318, 319, 320, 321, 322, 323, 324, 326, 327, 328, 329, 330, 331, 332, 333, 336, 337, 338, 340, 343, 344, 345, 346, 347, 348, 349, 351, 355, 356, 359, 362, 363, 364, 365, 367, 368, 369, 370, 371, 372, 373, 375, 377, 380, 382, 383, 384, 385, 387, 390, 391, 392, 393, 395, 396, 397, 398, 399, 400, 401, 402, 403, 404, 406, 407, 408, 410, 411, 412, 413, 414, 418, 420, 423, 426, 429, 431, 432, 433, 434, 435, 438, 439, 440, 441, 442, 444, 445, 449, 450, 451, 452, 453, 454, 455, 456, 457, 458, 459, 462, 464, 465, 468, 469, 470, 471, 472, 473, 476, 479, 481, 483, 484, 485, 486, 487, 489, 490, 491, 492, 493, 495, 497, 502, 503, 504, 505, 507, 509, 510, 511, 512, 514, 516, 517, 520, 521, 522, 524, 525, 527, 528, 529, 531, 533, 534, 535, 536, 539, 541, 542, 543, 547, 549, 550, 551, 552, 556, 557, 558, 559, 560, 561, 562, 563, 564, 565, 567, 569, 571, 572, 573, 574, 575, 576, 578, 580, 583, 584, 587, 588, 589, 590, 591, 592, 597, 598, 603, 604, 605, 606, 608, 609, 610, 611, 612, 613, 614, 615, 616, 618, 620, 622, 623, 624, 625, 628, 630, 631, 632, 635, 636, 637, 639, 642, 643, 644, 647, 649, 650, 652, 654, 655, 658, 659, 663, 665, 666, 667, 668, 669, 670, 671, 672, 675, 676, 677, 679, 680, 681, 682, 683, 684, 685, 686, 687, 689, 690, 691, 694, 695, 696, 697, 698, 699, 701, 703, 704, 705, 706, 707, 710, 712, 714, 715, 718, 722, 724, 725, 727, 729, 730, 731, 732, 735, 738, 740, 741, 742, 743, 744, 746, 747, 750, 751, 753, 754, 755, 756, 757, 759, 761, 762, 763, 765, 769, 770, 771, 773, 774, 775, 776, 777, 781, 783, 784, 785, 787, 788, 792, 793, 794, 795, 798, 799, 800, 801, 803, 804, 805, 806, 807, 811, 813, 817, 818, 819, 822, 824, 825, 826, 827, 829, 830, 831, 832, 833, 835, 836, 837, 838, 840, 841, 842, 844, 845, 846, 847, 848, 850, 854, 856, 858, 859, 860, 862, 863, 864, 865, 866, 867, 869, 870, 871, 872, 873, 874, 875, 876, 877, 878, 879, 880, 881, 882, 883, 884, 885, 886, 887, 888, 889]
[0, 9, 27, 31, 37, 39, 41, 47, 56, 59, 70, 71, 81, 86, 95, 112, 118, 132, 138, 142, 154, 166, 168, 180, 181, 185, 195, 199, 202, 212, 218, 221, 223, 231, 232, 233, 243, 247, 248, 250, 253, 284, 286, 306, 312, 314, 319, 329, 335, 336, 342, 346, 358, 359, 362, 368, 372, 374, 376, 377, 382, 385, 410, 425, 429, 447, 449, 450, 452, 457, 461, 466, 487, 493, 494, 501, 510, 511, 514, 520, 529, 539, 551, 553, 558, 560, 564, 571, 584, 601, 613, 616, 648, 650, 655, 656, 664, 677, 687, 690, 693, 694, 696, 712, 728, 739, 742, 744, 766, 770, 778, 795, 796, 804, 819, 821, 834, 839, 852, 853, 869, 871]

[0, 1, 3, 4, 6, 7, 8, 9, 11, 13, 14, 16, 18, 21, 22, 23, 24, 26, 27, 29, 32, 34, 36, 37, 38, 39, 40, 41, 44, 47, 48, 51, 52, 53, 54, 55, 56, 57, 58, 59, 60, 61, 62, 63, 66, 67, 68, 69, 70, 71, 72, 73, 74, 75, 76, 78, 79, 81, 83, 84, 85, 86, 88, 90, 91, 92, 94, 95, 96, 97, 98, 100, 102, 103, 104, 106, 108, 109, 110, 114, 116, 118, 120, 121, 122, 123, 125, 126, 127, 130, 135, 137, 138, 139, 142, 143, 145, 146, 147, 148, 149, 150, 151, 152, 153, 154, 155, 156, 157, 158, 159, 160, 161, 162, 163, 164, 165, 166, 167, 168, 170, 171, 172, 173, 175, 176, 177, 181, 185, 188, 190, 191, 193, 196, 198, 199, 200, 203, 204, 205, 207, 209, 214, 215, 217, 218, 220, 221, 222, 223, 226, 230, 231, 233, 234, 235, 236, 237, 238, 240, 241, 243, 244, 245, 246, 247, 249, 251, 252, 253, 255, 259, 261, 263, 264, 265, 266, 267, 269, 272, 273, 274, 275, 276, 277, 279, 280, 281, 282, 283, 284, 285, 286, 287, 288, 289, 294, 295, 297, 299, 300, 302, 304, 305, 307, 308, 309, 310, 311, 313, 314, 315, 317, 318, 319, 320, 321, 322, 323, 324, 326, 327, 328, 329, 330, 331, 332, 333, 336, 337, 338, 340, 343, 344, 345, 346, 347, 348, 349, 351, 353, 354, 355, 356, 359, 362, 363, 364, 365, 367, 368, 369, 370, 371, 372, 373, 375, 377, 379, 380, 382, 383, 384, 385, 387, 390, 391, 392, 393, 395, 396, 397, 398, 399, 400, 401, 402, 403, 404, 406, 407, 408, 410, 411, 412, 413, 414, 418, 420, 423, 426, 429, 431, 432, 433, 434, 435, 436, 437, 438, 439, 440, 441, 442, 444, 445, 449, 450, 451, 452, 453, 454, 455, 456, 457, 458, 459, 462, 464, 465, 468, 469, 470, 471, 472, 473, 476, 479, 481, 483, 484, 485, 486, 487, 489, 490, 491, 492, 493, 495, 497, 501, 502, 503, 504, 505, 507, 509, 510, 511, 512, 514, 516, 517, 520, 521, 522, 524, 525, 527, 528, 529, 531, 533, 534, 535, 536, 539, 541, 542, 543, 547, 548, 549, 550, 551, 552, 556, 557, 558, 559, 560, 561, 562, 563, 564, 565, 567, 568, 569, 571, 572, 573, 574, 575, 576, 578, 580, 583, 584, 587, 588, 589, 590, 591, 592, 597, 598, 603, 604, 605, 606, 608, 609, 610, 611, 612, 613, 614, 615, 616, 618, 620, 622, 623, 624, 625, 628, 630, 631, 632, 635, 636, 637, 639, 642, 643, 644, 647, 648, 649, 650, 652, 654, 655, 658, 659, 663, 665, 666, 667, 668, 669, 670, 671, 672, 675, 676, 677, 679, 680, 681, 682, 683, 684, 685, 686, 687, 689, 690, 691, 694, 695, 696, 697, 698, 699, 701, 703, 704, 705, 706, 707, 710, 712, 713, 714, 715, 718, 722, 724, 725, 727, 729, 730, 731, 732, 734, 735, 738, 740, 741, 742, 743, 744, 746, 747, 750, 751, 753, 754, 755, 756, 757, 758, 759, 761, 762, 763, 765, 769, 770, 771, 773, 774, 775, 776, 777, 778, 781, 783, 784, 785, 787, 788, 792, 793, 794, 795, 798, 799, 800, 801, 803, 804, 805, 806, 807, 811, 813, 817, 818, 819, 821, 822, 824, 825, 826, 827, 829, 830, 831, 832, 833, 835, 836, 837, 838, 839, 840, 841, 842, 844, 845, 846, 847, 848, 850, 854, 856, 858, 859, 860, 862, 863, 864, 865, 866, 867, 869, 870, 871, 872, 873, 874, 875, 876, 877, 878, 879, 880, 881, 882, 883, 884, 885, 886, 887, 888, 889]
[0, 9, 27, 31, 37, 39, 41, 47, 56, 59, 70, 71, 81, 86, 95, 112, 118, 132, 138, 142, 154, 166, 168, 180, 181, 185, 195, 199, 202, 212, 218, 221, 223, 231, 232, 233, 243, 247, 248, 250, 253, 284, 286, 306, 312, 314, 319, 329, 335, 336, 342, 346, 358, 359, 362, 368, 372, 374, 376, 377, 382, 385, 410, 425, 429, 447, 449, 450, 452, 457, 461, 466, 487, 493, 494, 501, 510, 511, 514, 520, 529, 539, 551, 553, 558, 560, 564, 571, 584, 601, 613, 616, 648, 650, 655, 656, 664, 677, 687, 690, 693, 694, 696, 712, 728, 739, 742, 744, 766, 770, 778, 795, 796, 804, 819, 821, 834, 839, 852, 853, 869, 871]

[0, 1, 3, 4, 6, 7, 8, 9, 11, 13, 14, 16, 18, 20, 21, 22, 23, 24, 26, 27, 29, 32, 34, 36, 37, 38, 39, 40, 41, 44, 47, 48, 51, 52, 53, 54, 55, 56, 57, 58, 59, 60, 61, 62, 63, 66, 67, 68, 69, 70, 71, 72, 73, 74, 75, 76, 78, 79, 81, 83, 84, 85, 86, 88, 90, 91, 92, 94, 95, 96, 97, 98, 100, 102, 103, 104, 106, 108, 109, 110, 114, 116, 118, 120, 121, 122, 123, 125, 126, 127, 130, 133, 135, 137, 138, 139, 142, 143, 145, 146, 147, 148, 149, 150, 151, 152, 153, 154, 155, 156, 157, 158, 159, 160, 161, 162, 163, 164, 165, 166, 167, 168, 170, 171, 172, 173, 175, 176, 177, 181, 183, 185, 188, 190, 191, 193, 195, 196, 198, 199, 200, 203, 204, 205, 207, 209, 214, 215, 217, 218, 220, 221, 222, 223, 226, 230, 231, 233, 234, 235, 236, 237, 238, 240, 241, 243, 244, 245, 246, 247, 249, 251, 252, 253, 254, 255, 257, 259, 261, 263, 264, 265, 266, 267, 269, 272, 273, 274, 275, 276, 277, 279, 280, 281, 282, 283, 284, 285, 286, 287, 288, 289, 294, 295, 296, 297, 298, 299, 300, 302, 304, 305, 307, 308, 309, 310, 311, 312, 313, 314, 315, 317, 318, 319, 320, 321, 322, 323, 324, 326, 327, 328, 329, 330, 331, 332, 333, 336, 337, 338, 340, 343, 344, 345, 346, 347, 348, 349, 351, 352, 353, 354, 355, 356, 357, 359, 360, 362, 363, 364, 365, 367, 368, 369, 370, 371, 372, 373, 375, 377, 379, 380, 381, 382, 383, 384, 385, 387, 390, 391, 392, 393, 395, 396, 397, 398, 399, 400, 401, 402, 403, 404, 406, 407, 408, 410, 411, 412, 413, 414, 418, 420, 423, 426, 429, 431, 432, 433, 434, 435, 436, 437, 438, 439, 440, 441, 442, 444, 445, 449, 450, 451, 452, 453, 454, 455, 456, 457, 458, 459, 462, 464, 465, 468, 469, 470, 471, 472, 473, 476, 478, 479, 481, 483, 484, 485, 486, 487, 488, 489, 490, 491, 492, 493, 495, 497, 499, 501, 502, 503, 504, 505, 507, 509, 510, 511, 512, 514, 516, 517, 520, 521, 522, 524, 525, 527, 528, 529, 531, 533, 534, 535, 536, 539, 541, 542, 543, 547, 548, 549, 550, 551, 552, 556, 557, 558, 559, 560, 561, 562, 563, 564, 565, 566, 567, 568, 569, 571, 572, 573, 574, 575, 576, 578, 580, 583, 584, 587, 588, 589, 590, 591, 592, 597, 598, 601, 603, 604, 605, 606, 608, 609, 610, 611, 612, 613, 614, 615, 616, 618, 620, 621, 622, 623, 624, 625, 628, 630, 631, 632, 635, 636, 637, 639, 642, 643, 644, 647, 648, 649, 650, 651, 652, 654, 655, 658, 659, 663, 665, 666, 667, 668, 669, 670, 671, 672, 675, 676, 677, 679, 680, 681, 682, 683, 684, 685, 686, 687, 689, 690, 691, 694, 695, 696, 697, 698, 699, 701, 703, 704, 705, 706, 707, 710, 712, 713, 714, 715, 718, 722, 724, 725, 727, 729, 730, 731, 732, 734, 735, 737, 738, 740, 741, 742, 743, 744, 746, 747, 750, 751, 752, 753, 754, 755, 756, 757, 758, 759, 761, 762, 763, 765, 769, 770, 771, 773, 774, 775, 776, 777, 778, 781, 783, 784, 785, 787, 788, 792, 793, 794, 795, 798, 799, 800, 801, 803, 804, 805, 806, 807, 811, 813, 817, 818, 819, 821, 822, 824, 825, 826, 827, 829, 830, 831, 832, 833, 835, 836, 837, 838, 839, 840, 841, 842, 843, 844, 845, 846, 847, 848, 850, 851, 854, 856, 857, 858, 859, 860, 862, 863, 864, 865, 866, 867, 869, 870, 871, 872, 873, 874, 875, 876, 877, 878, 879, 880, 881, 882, 883, 884, 885, 886, 887, 888, 889]
[0, 9, 27, 31, 37, 39, 41, 47, 56, 59, 70, 71, 81, 86, 95, 112, 118, 132, 138, 142, 154, 166, 168, 180, 181, 185, 195, 199, 202, 212, 218, 221, 223, 231, 232, 233, 243, 247, 248, 250, 253, 284, 286, 306, 312, 314, 319, 329, 335, 336, 342, 346, 358, 359, 362, 368, 372, 374, 376, 377, 382, 385, 410, 425, 429, 447, 449, 450, 452, 457, 461, 466, 487, 493, 494, 501, 510, 511, 514, 520, 529, 539, 551, 553, 558, 560, 564, 571, 584, 601, 613, 616, 648, 650, 655, 656, 664, 677, 687, 690, 693, 694, 696, 712, 728, 739, 742, 744, 766, 770, 778, 795, 796, 804, 819, 821, 834, 839, 852, 853, 869, 871]

[0, 1, 3, 4, 5, 6, 7, 8, 9, 11, 13, 14, 16, 18, 20, 21, 22, 23, 24, 26, 27, 29, 31, 32, 34, 36, 37, 38, 39, 40, 41, 43, 44, 47, 48, 51, 52, 53, 54, 55, 56, 57, 58, 59, 60, 61, 62, 63, 66, 67, 68, 69, 70, 71, 72, 73, 74, 75, 76, 78, 79, 81, 83, 84, 85, 86, 87, 88, 90, 91, 92, 94, 95, 96, 97, 98, 100, 101, 102, 103, 104, 106, 108, 109, 110, 114, 116, 118, 120, 121, 122, 123, 125, 126, 127, 130, 132, 133, 134, 135, 137, 138, 139, 141, 142, 143, 145, 146, 147, 148, 149, 150, 151, 152, 153, 154, 155, 156, 157, 158, 159, 160, 161, 162, 163, 164, 165, 166, 167, 168, 170, 171, 172, 173, 175, 176, 177, 181, 183, 185, 188, 190, 191, 193, 195, 196, 198, 199, 200, 203, 204, 205, 207, 209, 213, 214, 215, 217, 218, 220, 221, 222, 223, 226, 230, 231, 233, 234, 235, 236, 237, 238, 240, 241, 243, 244, 245, 246, 247, 249, 251, 252, 253, 254, 255, 256, 257, 259, 261, 263, 264, 265, 266, 267, 268, 269, 272, 273, 274, 275, 276, 277, 279, 280, 281, 282, 283, 284, 285, 286, 287, 288, 289, 293, 294, 295, 296, 297, 298, 299, 300, 302, 304, 305, 307, 308, 309, 310, 311, 312, 313, 314, 315, 317, 318, 319, 320, 321, 322, 323, 324, 326, 327, 328, 329, 330, 331, 332, 333, 336, 337, 338, 340, 343, 344, 345, 346, 347, 348, 349, 351, 352, 353, 354, 355, 356, 357, 359, 360, 362, 363, 364, 365, 367, 368, 369, 370, 371, 372, 373, 375, 377, 379, 380, 381, 382, 383, 384, 385, 387, 390, 391, 392, 393, 395, 396, 397, 398, 399, 400, 401, 402, 403, 404, 406, 407, 408, 410, 411, 412, 413, 414, 415, 418, 420, 423, 424, 426, 429, 431, 432, 433, 434, 435, 436, 437, 438, 439, 440, 441, 442, 444, 445, 449, 450, 451, 452, 453, 454, 455, 456, 457, 458, 459, 460, 462, 464, 465, 468, 469, 470, 471, 472, 473, 476, 478, 479, 481, 483, 484, 485, 486, 487, 488, 489, 490, 491, 492, 493, 495, 497, 499, 501, 502, 503, 504, 505, 507, 508, 509, 510, 511, 512, 514, 516, 517, 520, 521, 522, 524, 525, 527, 528, 529, 531, 533, 534, 535, 536, 539, 541, 542, 543, 547, 548, 549, 550, 551, 552, 556, 557, 558, 559, 560, 561, 562, 563, 564, 565, 566, 567, 568, 569, 571, 572, 573, 574, 575, 576, 578, 580, 583, 584, 587, 588, 589, 590, 591, 592, 597, 598, 601, 603, 604, 605, 606, 608, 609, 610, 611, 612, 613, 614, 615, 616, 618, 620, 621, 622, 623, 624, 625, 626, 628, 630, 631, 632, 633, 635, 636, 637, 639, 642, 643, 644, 645, 647, 648, 649, 650, 651, 652, 654, 655, 657, 658, 659, 663, 665, 666, 667, 668, 669, 670, 671, 672, 675, 676, 677, 679, 680, 681, 682, 683, 684, 685, 686, 687, 689, 690, 691, 694, 695, 696, 697, 698, 699, 700, 701, 703, 704, 705, 706, 707, 710, 712, 713, 714, 715, 718, 719, 722, 724, 725, 727, 729, 730, 731, 732, 734, 735, 736, 737, 738, 739, 740, 741, 742, 743, 744, 746, 747, 750, 751, 752, 753, 754, 755, 756, 757, 758, 759, 761, 762, 763, 765, 769, 770, 771, 773, 774, 775, 776, 777, 778, 781, 783, 784, 785, 787, 788, 792, 793, 794, 795, 798, 799, 800, 801, 803, 804, 805, 806, 807, 811, 813, 817, 818, 819, 821, 822, 823, 824, 825, 826, 827, 829, 830, 831, 832, 833, 835, 836, 837, 838, 839, 840, 841, 842, 843, 844, 845, 846, 847, 848, 850, 851, 854, 856, 857, 858, 859, 860, 862, 863, 864, 865, 866, 867, 869, 870, 871, 872, 873, 874, 875, 876, 877, 878, 879, 880, 881, 882, 883, 884, 885, 886, 887, 888, 889]
[0, 9, 27, 31, 37, 39, 41, 47, 56, 59, 70, 71, 81, 86, 95, 112, 118, 132, 138, 142, 154, 166, 168, 180, 181, 185, 195, 199, 202, 212, 218, 221, 223, 231, 232, 233, 243, 247, 248, 250, 253, 284, 286, 306, 312, 314, 319, 329, 335, 336, 342, 346, 358, 359, 362, 368, 372, 374, 376, 377, 382, 385, 410, 425, 429, 447, 449, 450, 452, 457, 461, 466, 487, 493, 494, 501, 510, 511, 514, 520, 529, 539, 551, 553, 558, 560, 564, 571, 584, 601, 613, 616, 648, 650, 655, 656, 664, 677, 687, 690, 693, 694, 696, 712, 728, 739, 742, 744, 766, 770, 778, 795, 796, 804, 819, 821, 834, 839, 852, 853, 869, 871]

[0, 1, 3, 4, 5, 6, 7, 8, 9, 11, 13, 14, 16, 18, 20, 21, 22, 23, 24, 26, 27, 29, 31, 32, 34, 36, 37, 38, 39, 40, 41, 43, 44, 47, 48, 51, 52, 53, 54, 55, 56, 57, 58, 59, 60, 61, 62, 63, 66, 67, 68, 69, 70, 71, 72, 73, 74, 75, 76, 78, 79, 81, 83, 84, 85, 86, 87, 88, 90, 91, 92, 93, 94, 95, 96, 97, 98, 100, 101, 102, 103, 104, 105, 106, 107, 108, 109, 110, 114, 116, 118, 120, 121, 122, 123, 125, 126, 127, 130, 132, 133, 134, 135, 137, 138, 139, 140, 141, 142, 143, 145, 146, 147, 148, 149, 150, 151, 152, 153, 154, 155, 156, 157, 158, 159, 160, 161, 162, 163, 164, 165, 166, 167, 168, 170, 171, 172, 173, 175, 176, 177, 181, 183, 185, 186, 188, 190, 191, 193, 195, 196, 198, 199, 200, 203, 204, 205, 207, 209, 213, 214, 215, 217, 218, 220, 221, 222, 223, 226, 229, 230, 231, 233, 234, 235, 236, 237, 238, 240, 241, 243, 244, 245, 246, 247, 249, 251, 252, 253, 254, 255, 256, 257, 259, 261, 263, 264, 265, 266, 267, 268, 269, 272, 273, 274, 275, 276, 277, 278, 279, 280, 281, 282, 283, 284, 285, 286, 287, 288, 289, 293, 294, 295, 296, 297, 298, 299, 300, 302, 304, 305, 306, 307, 308, 309, 310, 311, 312, 313, 314, 315, 317, 318, 319, 320, 321, 322, 323, 324, 326, 327, 328, 329, 330, 331, 332, 333, 336, 337, 338, 340, 343, 344, 345, 346, 347, 348, 349, 351, 352, 353, 354, 355, 356, 357, 358, 359, 360, 362, 363, 364, 365, 367, 368, 369, 370, 371, 372, 373, 375, 377, 379, 380, 381, 382, 383, 384, 385, 387, 390, 391, 392, 393, 395, 396, 397, 398, 399, 400, 401, 402, 403, 404, 406, 407, 408, 410, 411, 412, 413, 414, 415, 417, 418, 419, 420, 423, 424, 426, 429, 431, 432, 433, 434, 435, 436, 437, 438, 439, 440, 441, 442, 444, 445, 449, 450, 451, 452, 453, 454, 455, 456, 457, 458, 459, 460, 462, 463, 464, 465, 468, 469, 470, 471, 472, 473, 476, 478, 479, 480, 481, 483, 484, 485, 486, 487, 488, 489, 490, 491, 492, 493, 495, 496, 497, 499, 500, 501, 502, 503, 504, 505, 506, 507, 508, 509, 510, 511, 512, 514, 516, 517, 520, 521, 522, 524, 525, 527, 528, 529, 531, 533, 534, 535, 536, 538, 539, 541, 542, 543, 547, 548, 549, 550, 551, 552, 556, 557, 558, 559, 560, 561, 562, 563, 564, 565, 566, 567, 568, 569, 571, 572, 573, 574, 575, 576, 578, 580, 583, 584, 587, 588, 589, 590, 591, 592, 597, 598, 601, 603, 604, 605, 606, 608, 609, 610, 611, 612, 613, 614, 615, 616, 618, 620, 621, 622, 623, 624, 625, 626, 628, 630, 631, 632, 633, 635, 636, 637, 639, 642, 643, 644, 645, 647, 648, 649, 650, 651, 652, 653, 654, 655, 657, 658, 659, 663, 665, 666, 667, 668, 669, 670, 671, 672, 675, 676, 677, 679, 680, 681, 682, 683, 684, 685, 686, 687, 689, 690, 691, 694, 695, 696, 697, 698, 699, 700, 701, 703, 704, 705, 706, 707, 709, 710, 712, 713, 714, 715, 718, 719, 722, 724, 725, 727, 729, 730, 731, 732, 734, 735, 736, 737, 738, 739, 740, 741, 742, 743, 744, 746, 747, 748, 750, 751, 752, 753, 754, 755, 756, 757, 758, 759, 761, 762, 763, 765, 766, 769, 770, 771, 773, 774, 775, 776, 777, 778, 781, 783, 784, 785, 787, 788, 791, 792, 793, 794, 795, 798, 799, 800, 801, 803, 804, 805, 806, 807, 811, 812, 813, 817, 818, 819, 820, 821, 822, 823, 824, 825, 826, 827, 828, 829, 830, 831, 832, 833, 835, 836, 837, 838, 839, 840, 841, 842, 843, 844, 845, 846, 847, 848, 850, 851, 854, 856, 857, 858, 859, 860, 862, 863, 864, 865, 866, 867, 869, 870, 871, 872, 873, 874, 875, 876, 877, 878, 879, 880, 881, 882, 883, 884, 885, 886, 887, 888, 889]
[0, 9, 27, 31, 37, 39, 41, 47, 56, 59, 70, 71, 81, 86, 95, 112, 118, 132, 138, 142, 154, 166, 168, 180, 181, 185, 195, 199, 202, 212, 218, 221, 223, 231, 232, 233, 243, 247, 248, 250, 253, 284, 286, 306, 312, 314, 319, 329, 335, 336, 342, 346, 358, 359, 362, 368, 372, 374, 376, 377, 382, 385, 410, 425, 429, 447, 449, 450, 452, 457, 461, 466, 487, 493, 494, 501, 510, 511, 514, 520, 529, 539, 551, 553, 558, 560, 564, 571, 584, 601, 613, 616, 648, 650, 655, 656, 664, 677, 687, 690, 693, 694, 696, 712, 728, 739, 742, 744, 766, 770, 778, 795, 796, 804, 819, 821, 834, 839, 852, 853, 869, 871]

[0, 1, 3, 4, 5, 6, 7, 8, 9, 11, 13, 14, 16, 18, 20, 21, 22, 23, 24, 26, 27, 29, 30, 31, 32, 34, 36, 37, 38, 39, 40, 41, 43, 44, 47, 48, 49, 50, 51, 52, 53, 54, 55, 56, 57, 58, 59, 60, 61, 62, 63, 66, 67, 68, 69, 70, 71, 72, 73, 74, 75, 76, 78, 79, 81, 83, 84, 85, 86, 87, 88, 90, 91, 92, 93, 94, 95, 96, 97, 98, 100, 101, 102, 103, 104, 105, 106, 107, 108, 109, 110, 112, 114, 116, 118, 119, 120, 121, 122, 123, 125, 126, 127, 130, 132, 133, 134, 135, 137, 138, 139, 140, 141, 142, 143, 145, 146, 147, 148, 149, 150, 151, 152, 153, 154, 155, 156, 157, 158, 159, 160, 161, 162, 163, 164, 165, 166, 167, 168, 170, 171, 172, 173, 175, 176, 177, 179, 181, 183, 185, 186, 188, 190, 191, 193, 194, 195, 196, 198, 199, 200, 202, 203, 204, 205, 207, 208, 209, 210, 213, 214, 215, 217, 218, 220, 221, 222, 223, 226, 229, 230, 231, 233, 234, 235, 236, 237, 238, 240, 241, 243, 244, 245, 246, 247, 249, 251, 252, 253, 254, 255, 256, 257, 259, 261, 262, 263, 264, 265, 266, 267, 268, 269, 272, 273, 274, 275, 276, 277, 278, 279, 280, 281, 282, 283, 284, 285, 286, 287, 288, 289, 293, 294, 295, 296, 297, 298, 299, 300, 302, 304, 305, 306, 307, 308, 309, 310, 311, 312, 313, 314, 315, 317, 318, 319, 320, 321, 322, 323, 324, 326, 327, 328, 329, 330, 331, 332, 333, 336, 337, 338, 339, 340, 343, 344, 345, 346, 347, 348, 349, 350, 351, 352, 353, 354, 355, 356, 357, 358, 359, 360, 362, 363, 364, 365, 367, 368, 369, 370, 371, 372, 373, 375, 376, 377, 379, 380, 381, 382, 383, 384, 385, 387, 390, 391, 392, 393, 395, 396, 397, 398, 399, 400, 401, 402, 403, 404, 405, 406, 407, 408, 410, 411, 412, 413, 414, 415, 417, 418, 419, 420, 423, 424, 426, 429, 431, 432, 433, 434, 435, 436, 437, 438, 439, 440, 441, 442, 443, 444, 445, 449, 450, 451, 452, 453, 454, 455, 456, 457, 458, 459, 460, 462, 463, 464, 465, 468, 469, 470, 471, 472, 473, 476, 478, 479, 480, 481, 483, 484, 485, 486, 487, 488, 489, 490, 491, 492, 493, 495, 496, 497, 499, 500, 501, 502, 503, 504, 505, 506, 507, 508, 509, 510, 511, 512, 514, 516, 517, 520, 521, 522, 524, 525, 527, 528, 529, 531, 533, 534, 535, 536, 538, 539, 541, 542, 543, 545, 547, 548, 549, 550, 551, 552, 556, 557, 558, 559, 560, 561, 562, 563, 564, 565, 566, 567, 568, 569, 571, 572, 573, 574, 575, 576, 578, 580, 583, 584, 585, 586, 587, 588, 589, 590, 591, 592, 593, 597, 598, 601, 603, 604, 605, 606, 608, 609, 610, 611, 612, 613, 614, 615, 616, 618, 620, 621, 622, 623, 624, 625, 626, 628, 629, 630, 631, 632, 633, 634, 635, 636, 637, 639, 642, 643, 644, 645, 647, 648, 649, 650, 651, 652, 653, 654, 655, 657, 658, 659, 663, 665, 666, 667, 668, 669, 670, 671, 672, 675, 676, 677, 679, 680, 681, 682, 683, 684, 685, 686, 687, 689, 690, 691, 694, 695, 696, 697, 698, 699, 700, 701, 703, 704, 705, 706, 707, 709, 710, 712, 713, 714, 715, 716, 718, 719, 722, 724, 725, 727, 729, 730, 731, 732, 734, 735, 736, 737, 738, 739, 740, 741, 742, 743, 744, 746, 747, 748, 750, 751, 752, 753, 754, 755, 756, 757, 758, 759, 761, 762, 763, 765, 766, 769, 770, 771, 772, 773, 774, 775, 776, 777, 778, 781, 783, 784, 785, 786, 787, 788, 791, 792, 793, 794, 795, 798, 799, 800, 801, 803, 804, 805, 806, 807, 811, 812, 813, 817, 818, 819, 820, 821, 822, 823, 824, 825, 826, 827, 828, 829, 830, 831, 832, 833, 835, 836, 837, 838, 839, 840, 841, 842, 843, 844, 845, 846, 847, 848, 850, 851, 854, 856, 857, 858, 859, 860, 862, 863, 864, 865, 866, 867, 869, 870, 871, 872, 873, 874, 875, 876, 877, 878, 879, 880, 881, 882, 883, 884, 885, 886, 887, 888, 889]
[0, 9, 27, 31, 37, 39, 41, 47, 56, 59, 70, 71, 81, 86, 95, 112, 118, 132, 138, 142, 154, 166, 168, 180, 181, 185, 195, 199, 202, 212, 218, 221, 223, 231, 232, 233, 243, 247, 248, 250, 253, 284, 286, 306, 312, 314, 319, 329, 335, 336, 342, 346, 358, 359, 362, 368, 372, 374, 376, 377, 382, 385, 410, 425, 429, 447, 449, 450, 452, 457, 461, 466, 487, 493, 494, 501, 510, 511, 514, 520, 529, 539, 551, 553, 558, 560, 564, 571, 584, 601, 613, 616, 648, 650, 655, 656, 664, 677, 687, 690, 693, 694, 696, 712, 728, 739, 742, 744, 766, 770, 778, 795, 796, 804, 819, 821, 834, 839, 852, 853, 869, 871]

[0, 1, 3, 4, 5, 6, 7, 8, 9, 10, 11, 13, 14, 16, 18, 20, 21, 22, 23, 24, 26, 27, 29, 30, 31, 32, 34, 36, 37, 38, 39, 40, 41, 43, 44, 47, 48, 49, 50, 51, 52, 53, 54, 55, 56, 57, 58, 59, 60, 61, 62, 63, 66, 67, 68, 69, 70, 71, 72, 73, 74, 75, 76, 77, 78, 79, 81, 83, 84, 85, 86, 87, 88, 90, 91, 92, 93, 94, 95, 96, 97, 98, 100, 101, 102, 103, 104, 105, 106, 107, 108, 109, 110, 112, 114, 116, 117, 118, 119, 120, 121, 122, 123, 125, 126, 127, 130, 132, 133, 134, 135, 137, 138, 139, 140, 141, 142, 143, 145, 146, 147, 148, 149, 150, 151, 152, 153, 154, 155, 156, 157, 158, 159, 160, 161, 162, 163, 164, 165, 166, 167, 168, 170, 171, 172, 173, 175, 176, 177, 179, 180, 181, 183, 185, 186, 188, 190, 191, 193, 194, 195, 196, 198, 199, 200, 202, 203, 204, 205, 207, 208, 209, 210, 213, 214, 215, 217, 218, 220, 221, 222, 223, 225, 226, 228, 229, 230, 231, 233, 234, 235, 236, 237, 238, 240, 241, 243, 244, 245, 246, 247, 249, 250, 251, 252, 253, 254, 255, 256, 257, 258, 259, 261, 262, 263, 264, 265, 266, 267, 268, 269, 271, 272, 273, 274, 275, 276, 277, 278, 279, 280, 281, 282, 283, 284, 285, 286, 287, 288, 289, 291, 293, 294, 295, 296, 297, 298, 299, 300, 302, 304, 305, 306, 307, 308, 309, 310, 311, 312, 313, 314, 315, 317, 318, 319, 320, 321, 322, 323, 324, 325, 326, 327, 328, 329, 330, 331, 332, 333, 336, 337, 338, 339, 340, 343, 344, 345, 346, 347, 348, 349, 350, 351, 352, 353, 354, 355, 356, 357, 358, 359, 360, 362, 363, 364, 365, 367, 368, 369, 370, 371, 372, 373, 375, 376, 377, 379, 380, 381, 382, 383, 384, 385, 387, 389, 390, 391, 392, 393, 395, 396, 397, 398, 399, 400, 401, 402, 403, 404, 405, 406, 407, 408, 410, 411, 412, 413, 414, 415, 417, 418, 419, 420, 421, 423, 424, 426, 429, 430, 431, 432, 433, 434, 435, 436, 437, 438, 439, 440, 441, 442, 443, 444, 445, 449, 450, 451, 452, 453, 454, 455, 456, 457, 458, 459, 460, 462, 463, 464, 465, 468, 469, 470, 471, 472, 473, 476, 478, 479, 480, 481, 483, 484, 485, 486, 487, 488, 489, 490, 491, 492, 493, 494, 495, 496, 497, 499, 500, 501, 502, 503, 504, 505, 506, 507, 508, 509, 510, 511, 512, 514, 515, 516, 517, 518, 520, 521, 522, 524, 525, 527, 528, 529, 531, 533, 534, 535, 536, 538, 539, 541, 542, 543, 545, 547, 548, 549, 550, 551, 552, 556, 557, 558, 559, 560, 561, 562, 563, 564, 565, 566, 567, 568, 569, 571, 572, 573, 574, 575, 576, 578, 579, 580, 581, 583, 584, 585, 586, 587, 588, 589, 590, 591, 592, 593, 597, 598, 601, 603, 604, 605, 606, 608, 609, 610, 611, 612, 613, 614, 615, 616, 618, 620, 621, 622, 623, 624, 625, 626, 628, 629, 630, 631, 632, 633, 634, 635, 636, 637, 638, 639, 642, 643, 644, 645, 647, 648, 649, 650, 651, 652, 653, 654, 655, 657, 658, 659, 663, 665, 666, 667, 668, 669, 670, 671, 672, 674, 675, 676, 677, 679, 680, 681, 682, 683, 684, 685, 686, 687, 689, 690, 691, 694, 695, 696, 697, 698, 699, 700, 701, 703, 704, 705, 706, 707, 708, 709, 710, 712, 713, 714, 715, 716, 718, 719, 722, 724, 725, 727, 729, 730, 731, 732, 734, 735, 736, 737, 738, 739, 740, 741, 742, 743, 744, 745, 746, 747, 748, 750, 751, 752, 753, 754, 755, 756, 757, 758, 759, 761, 762, 763, 765, 766, 769, 770, 771, 772, 773, 774, 775, 776, 777, 778, 781, 783, 784, 785, 786, 787, 788, 791, 792, 793, 794, 795, 798, 799, 800, 801, 803, 804, 805, 806, 807, 809, 811, 812, 813, 817, 818, 819, 820, 821, 822, 823, 824, 825, 826, 827, 828, 829, 830, 831, 832, 833, 835, 836, 837, 838, 839, 840, 841, 842, 843, 844, 845, 846, 847, 848, 849, 850, 851, 854, 856, 857, 858, 859, 860, 862, 863, 864, 865, 866, 867, 869, 870, 871, 872, 873, 874, 875, 876, 877, 878, 879, 880, 881, 882, 883, 884, 885, 886, 887, 888, 889]
[0, 9, 27, 31, 37, 39, 41, 47, 56, 59, 70, 71, 81, 86, 95, 112, 118, 132, 138, 142, 154, 166, 168, 180, 181, 185, 195, 199, 202, 212, 218, 221, 223, 231, 232, 233, 243, 247, 248, 250, 253, 284, 286, 306, 312, 314, 319, 329, 335, 336, 342, 346, 358, 359, 362, 368, 372, 374, 376, 377, 382, 385, 410, 425, 429, 447, 449, 450, 452, 457, 461, 466, 487, 493, 494, 501, 510, 511, 514, 520, 529, 539, 551, 553, 558, 560, 564, 571, 584, 601, 613, 616, 648, 650, 655, 656, 664, 677, 687, 690, 693, 694, 696, 712, 728, 739, 742, 744, 766, 770, 778, 795, 796, 804, 819, 821, 834, 839, 852, 853, 869, 871]

[0, 1, 3, 4, 5, 6, 7, 8, 9, 10, 11, 13, 14, 16, 18, 20, 21, 22, 23, 24, 26, 27, 29, 30, 31, 32, 34, 36, 37, 38, 39, 40, 41, 43, 44, 47, 48, 49, 50, 51, 52, 53, 54, 55, 56, 57, 58, 59, 60, 61, 62, 63, 64, 66, 67, 68, 69, 70, 71, 72, 73, 74, 75, 76, 77, 78, 79, 81, 82, 83, 84, 85, 86, 87, 88, 90, 91, 92, 93, 94, 95, 96, 97, 98, 100, 101, 102, 103, 104, 105, 106, 107, 108, 109, 110, 112, 114, 115, 116, 117, 118, 119, 120, 121, 122, 123, 125, 126, 127, 129, 130, 132, 133, 134, 135, 136, 137, 138, 139, 140, 141, 142, 143, 145, 146, 147, 148, 149, 150, 151, 152, 153, 154, 155, 156, 157, 158, 159, 160, 161, 162, 163, 164, 165, 166, 167, 168, 170, 171, 172, 173, 174, 175, 176, 177, 178, 179, 180, 181, 183, 185, 186, 188, 190, 191, 192, 193, 194, 195, 196, 198, 199, 200, 202, 203, 204, 205, 207, 208, 209, 210, 213, 214, 215, 217, 218, 220, 221, 222, 223, 225, 226, 228, 229, 230, 231, 232, 233, 234, 235, 236, 237, 238, 240, 241, 243, 244, 245, 246, 247, 249, 250, 251, 252, 253, 254, 255, 256, 257, 258, 259, 261, 262, 263, 264, 265, 266, 267, 268, 269, 271, 272, 273, 274, 275, 276, 277, 278, 279, 280, 281, 282, 283, 284, 285, 286, 287, 288, 289, 290, 291, 292, 293, 294, 295, 296, 297, 298, 299, 300, 302, 304, 305, 306, 307, 308, 309, 310, 311, 312, 313, 314, 315, 317, 318, 319, 320, 321, 322, 323, 324, 325, 326, 327, 328, 329, 330, 331, 332, 333, 335, 336, 337, 338, 339, 340, 343, 344, 345, 346, 347, 348, 349, 350, 351, 352, 353, 354, 355, 356, 357, 358, 359, 360, 362, 363, 364, 365, 367, 368, 369, 370, 371, 372, 373, 374, 375, 376, 377, 379, 380, 381, 382, 383, 384, 385, 387, 389, 390, 391, 392, 393, 395, 396, 397, 398, 399, 400, 401, 402, 403, 404, 405, 406, 407, 408, 410, 411, 412, 413, 414, 415, 417, 418, 419, 420, 421, 423, 424, 426, 429, 430, 431, 432, 433, 434, 435, 436, 437, 438, 439, 440, 441, 442, 443, 444, 445, 449, 450, 451, 452, 453, 454, 455, 456, 457, 458, 459, 460, 462, 463, 464, 465, 468, 469, 470, 471, 472, 473, 476, 478, 479, 480, 481, 483, 484, 485, 486, 487, 488, 489, 490, 491, 492, 493, 494, 495, 496, 497, 498, 499, 500, 501, 502, 503, 504, 505, 506, 507, 508, 509, 510, 511, 512, 514, 515, 516, 517, 518, 520, 521, 522, 524, 525, 527, 528, 529, 531, 533, 534, 535, 536, 538, 539, 541, 542, 543, 545, 547, 548, 549, 550, 551, 552, 553, 556, 557, 558, 559, 560, 561, 562, 563, 564, 565, 566, 567, 568, 569, 571, 572, 573, 574, 575, 576, 578, 579, 580, 581, 583, 584, 585, 586, 587, 588, 589, 590, 591, 592, 593, 595, 597, 598, 600, 601, 603, 604, 605, 606, 608, 609, 610, 611, 612, 613, 614, 615, 616, 618, 619, 620, 621, 622, 623, 624, 625, 626, 628, 629, 630, 631, 632, 633, 634, 635, 636, 637, 638, 639, 642, 643, 644, 645, 647, 648, 649, 650, 651, 652, 653, 654, 655, 657, 658, 659, 663, 665, 666, 667, 668, 669, 670, 671, 672, 674, 675, 676, 677, 679, 680, 681, 682, 683, 684, 685, 686, 687, 689, 690, 691, 694, 695, 696, 697, 698, 699, 700, 701, 703, 704, 705, 706, 707, 708, 709, 710, 712, 713, 714, 715, 716, 718, 719, 722, 724, 725, 727, 729, 730, 731, 732, 733, 734, 735, 736, 737, 738, 739, 740, 741, 742, 743, 744, 745, 746, 747, 748, 749, 750, 751, 752, 753, 754, 755, 756, 757, 758, 759, 761, 762, 763, 765, 766, 768, 769, 770, 771, 772, 773, 774, 775, 776, 777, 778, 781, 783, 784, 785, 786, 787, 788, 789, 791, 792, 793, 794, 795, 798, 799, 800, 801, 803, 804, 805, 806, 807, 809, 811, 812, 813, 817, 818, 819, 820, 821, 822, 823, 824, 825, 826, 827, 828, 829, 830, 831, 832, 833, 835, 836, 837, 838, 839, 840, 841, 842, 843, 844, 845, 846, 847, 848, 849, 850, 851, 852, 854, 855, 856, 857, 858, 859, 860, 862, 863, 864, 865, 866, 867, 868, 869, 870, 871, 872, 873, 874, 875, 876, 877, 878, 879, 880, 881, 882, 883, 884, 885, 886, 887, 888, 889]
[0, 9, 27, 31, 37, 39, 41, 47, 56, 59, 70, 71, 81, 86, 95, 112, 118, 132, 138, 142, 154, 166, 168, 180, 181, 185, 195, 199, 202, 212, 218, 221, 223, 231, 232, 233, 243, 247, 248, 250, 253, 284, 286, 306, 312, 314, 319, 329, 335, 336, 342, 346, 358, 359, 362, 368, 372, 374, 376, 377, 382, 385, 410, 425, 429, 447, 449, 450, 452, 457, 461, 466, 487, 493, 494, 501, 510, 511, 514, 520, 529, 539, 551, 553, 558, 560, 564, 571, 584, 601, 613, 616, 648, 650, 655, 656, 664, 677, 687, 690, 693, 694, 696, 712, 728, 739, 742, 744, 766, 770, 778, 795, 796, 804, 819, 821, 834, 839, 852, 853, 869, 871]

[0, 1, 3, 4, 5, 6, 7, 8, 9, 10, 11, 13, 14, 15, 16, 18, 20, 21, 22, 23, 24, 26, 27, 29, 30, 31, 32, 34, 36, 37, 38, 39, 40, 41, 43, 44, 45, 47, 48, 49, 50, 51, 52, 53, 54, 55, 56, 57, 58, 59, 60, 61, 62, 63, 64, 66, 67, 68, 69, 70, 71, 72, 73, 74, 75, 76, 77, 78, 79, 80, 81, 82, 83, 84, 85, 86, 87, 88, 90, 91, 92, 93, 94, 95, 96, 97, 98, 100, 101, 102, 103, 104, 105, 106, 107, 108, 109, 110, 112, 114, 115, 116, 117, 118, 119, 120, 121, 122, 123, 125, 126, 127, 129, 130, 132, 133, 134, 135, 136, 137, 138, 139, 140, 141, 142, 143, 144, 145, 146, 147, 148, 149, 150, 151, 152, 153, 154, 155, 156, 157, 158, 159, 160, 161, 162, 163, 164, 165, 166, 167, 168, 170, 171, 172, 173, 174, 175, 176, 177, 178, 179, 180, 181, 183, 185, 186, 188, 190, 191, 192, 193, 194, 195, 196, 198, 199, 200, 202, 203, 204, 205, 207, 208, 209, 210, 213, 214, 215, 216, 217, 218, 220, 221, 222, 223, 225, 226, 227, 228, 229, 230, 231, 232, 233, 234, 235, 236, 237, 238, 240, 241, 243, 244, 245, 246, 247, 248, 249, 250, 251, 252, 253, 254, 255, 256, 257, 258, 259, 261, 262, 263, 264, 265, 266, 267, 268, 269, 271, 272, 273, 274, 275, 276, 277, 278, 279, 280, 281, 282, 283, 284, 285, 286, 287, 288, 289, 290, 291, 292, 293, 294, 295, 296, 297, 298, 299, 300, 302, 304, 305, 306, 307, 308, 309, 310, 311, 312, 313, 314, 315, 317, 318, 319, 320, 321, 322, 323, 324, 325, 326, 327, 328, 329, 330, 331, 332, 333, 335, 336, 337, 338, 339, 340, 343, 344, 345, 346, 347, 348, 349, 350, 351, 352, 353, 354, 355, 356, 357, 358, 359, 360, 362, 363, 364, 365, 367, 368, 369, 370, 371, 372, 373, 374, 375, 376, 377, 379, 380, 381, 382, 383, 384, 385, 386, 387, 388, 389, 390, 391, 392, 393, 395, 396, 397, 398, 399, 400, 401, 402, 403, 404, 405, 406, 407, 408, 410, 411, 412, 413, 414, 415, 416, 417, 418, 419, 420, 421, 423, 424, 426, 429, 430, 431, 432, 433, 434, 435, 436, 437, 438, 439, 440, 441, 442, 443, 444, 445, 447, 448, 449, 450, 451, 452, 453, 454, 455, 456, 457, 458, 459, 460, 462, 463, 464, 465, 467, 468, 469, 470, 471, 472, 473, 476, 478, 479, 480, 481, 483, 484, 485, 486, 487, 488, 489, 490, 491, 492, 493, 494, 495, 496, 497, 498, 499, 500, 501, 502, 503, 504, 505, 506, 507, 508, 509, 510, 511, 512, 513, 514, 515, 516, 517, 518, 520, 521, 522, 524, 525, 527, 528, 529, 531, 533, 534, 535, 536, 538, 539, 540, 541, 542, 543, 545, 547, 548, 549, 550, 551, 552, 553, 556, 557, 558, 559, 560, 561, 562, 563, 564, 565, 566, 567, 568, 569, 571, 572, 573, 574, 575, 576, 578, 579, 580, 581, 582, 583, 584, 585, 586, 587, 588, 589, 590, 591, 592, 593, 595, 597, 598, 600, 601, 603, 604, 605, 606, 608, 609, 610, 611, 612, 613, 614, 615, 616, 618, 619, 620, 621, 622, 623, 624, 625, 626, 628, 629, 630, 631, 632, 633, 634, 635, 636, 637, 638, 639, 641, 642, 643, 644, 645, 647, 648, 649, 650, 651, 652, 653, 654, 655, 657, 658, 659, 661, 663, 665, 666, 667, 668, 669, 670, 671, 672, 673, 674, 675, 676, 677, 679, 680, 681, 682, 683, 684, 685, 686, 687, 689, 690, 691, 694, 695, 696, 697, 698, 699, 700, 701, 703, 704, 705, 706, 707, 708, 709, 710, 712, 713, 714, 715, 716, 718, 719, 720, 722, 724, 725, 727, 729, 730, 731, 732, 733, 734, 735, 736, 737, 738, 739, 740, 741, 742, 743, 744, 745, 746, 747, 748, 749, 750, 751, 752, 753, 754, 755, 756, 757, 758, 759, 761, 762, 763, 765, 766, 768, 769, 770, 771, 772, 773, 774, 775, 776, 777, 778, 781, 783, 784, 785, 786, 787, 788, 789, 790, 791, 792, 793, 794, 795, 797, 798, 799, 800, 801, 803, 804, 805, 806, 807, 809, 811, 812, 813, 815, 817, 818, 819, 820, 821, 822, 823, 824, 825, 826, 827, 828, 829, 830, 831, 832, 833, 835, 836, 837, 838, 839, 840, 841, 842, 843, 844, 845, 846, 847, 848, 849, 850, 851, 852, 853, 854, 855, 856, 857, 858, 859, 860, 862, 863, 864, 865, 866, 867, 868, 869, 870, 871, 872, 873, 874, 875, 876, 877, 878, 879, 880, 881, 882, 883, 884, 885, 886, 887, 888, 889]
[0, 9, 27, 31, 37, 39, 41, 47, 56, 59, 70, 71, 81, 86, 95, 112, 118, 132, 138, 142, 154, 166, 168, 180, 181, 185, 195, 199, 202, 212, 218, 221, 223, 231, 232, 233, 243, 247, 248, 250, 253, 284, 286, 306, 312, 314, 319, 329, 335, 336, 342, 346, 358, 359, 362, 368, 372, 374, 376, 377, 382, 385, 410, 425, 429, 447, 449, 450, 452, 457, 461, 466, 487, 493, 494, 501, 510, 511, 514, 520, 529, 539, 551, 553, 558, 560, 564, 571, 584, 601, 613, 616, 648, 650, 655, 656, 664, 677, 687, 690, 693, 694, 696, 712, 728, 739, 742, 744, 766, 770, 778, 795, 796, 804, 819, 821, 834, 839, 852, 853, 869, 871]

