[32, 37, 56, 62, 126, 164, 257, 261, 291, 296, 347, 376, 404, 413, 563, 678, 683, 702, 720, 771, 828, 881]
[30, 92, 124, 202, 222, 227, 278, 301, 302, 371, 407, 433, 453, 513, 549, 571, 621, 627, 645, 648, 718, 785]

[32, 37, 56, 62, 126, 164, 257, 261, 291, 296, 347, 376, 404, 413, 563, 678, 683, 702, 720, 771, 828, 881]
[14, 28, 29, 30, 33, 53, 70, 72, 78, 92, 102, 108, 124, 128, 129, 136, 149, 150, 170, 173, 184, 186, 187, 193, 202, 208, 214, 222, 227, 229, 237, 239, 258, 266, 273, 274, 278, 283, 286, 297, 301, 302, 326, 336, 346, 349, 354, 355, 356, 371, 375, 388, 405, 407, 412, 425, 433, 437, 442, 449, 453, 455, 460, 463, 472, 477, 481, 485, 489, 491, 495, 497, 513, 524, 539, 549, 558, 571, 576, 589, 593, 597, 598, 599, 612, 615, 616, 621, 626, 627, 645, 646, 648, 649, 655, 657, 660, 661, 673, 675, 687, 691, 711, 718, 731, 742, 743, 746, 753, 765, 768, 776, 785, 788, 793, 815, 816, 817, 823, 869, 885, 886]

[32, 37, 56, 62, 93, 126, 164, 229, 257, 261, 291, 296, 317, 347, 356, 366, 376, 404, 405, 413, 483, 493, 500, 503, 553, 563, 573, 574, 588, 596, 632, 678, 683, 702, 713, 720, 733, 740, 767, 771, 777, 786, 828, 837, 866, 881, 885]
[14, 28, 29, 30, 33, 53, 70, 72, 78, 92, 102, 108, 124, 128, 129, 136, 149, 150, 170, 173, 184, 186, 187, 193, 202, 208, 214, 222, 227, 229, 237, 239, 258, 266, 273, 274, 278, 283, 286, 297, 301, 302, 326, 336, 346, 349, 354, 355, 356, 371, 375, 388, 405, 407, 412, 425, 433, 437, 442, 449, 453, 455, 460, 463, 472, 477, 481, 485, 489, 491, 495, 497, 513, 524, 539, 549, 558, 571, 576, 589, 593, 597, 598, 599, 612, 615, 616, 621, 626, 627, 645, 646, 648, 649, 655, 657, 660, 661, 673, 675, 687, 691, 711, 718, 731, 742, 743, 746, 753, 765, 768, 776, 785, 788, 793, 815, 816, 817, 823, 869, 885, 886]

[32, 37, 41, 44, 56, 62, 93, 126, 128, 163, 164, 182, 184, 209, 229, 232, 257, 261, 277, 291, 296, 317, 347, 356, 366, 376, 404, 405, 413, 460, 469, 483, 493, 500, 503, 553, 563, 573, 574, 576, 588, 596, 632, 642, 650, 675, 678, 683, 702, 713, 720, 727, 733, 734, 740, 755, 766, 767, 771, 777, 779, 783, 786, 797, 809, 828, 835, 837, 847, 866, 881, 885]
[14, 28, 29, 30, 33, 53, 70, 72, 78, 92, 102, 108, 124, 128, 129, 136, 149, 150, 170, 173, 184, 186, 187, 193, 202, 208, 214, 222, 227, 229, 237, 239, 258, 266, 273, 274, 278, 283, 286, 297, 301, 302, 326, 336, 346, 349, 354, 355, 356, 371, 375, 388, 405, 407, 412, 425, 433, 437, 442, 449, 453, 455, 460, 463, 472, 477, 481, 485, 489, 491, 495, 497, 513, 524, 539, 549, 558, 571, 576, 589, 593, 597, 598, 599, 612, 615, 616, 621, 626, 627, 645, 646, 648, 649, 655, 657, 660, 661, 673, 675, 687, 691, 711, 718, 731, 742, 743, 746, 753, 765, 768, 776, 785, 788, 793, 815, 816, 817, 823, 869, 885, 886]

[32, 37, 41, 44, 56, 62, 83, 93, 95, 101, 112, 120, 126, 128, 163, 164, 182, 184, 209, 229, 232, 238, 257, 261, 277, 291, 296, 317, 319, 343, 347, 356, 366, 373, 376, 404, 405, 413, 456, 460, 469, 483, 492, 493, 500, 503, 511, 520, 531, 535, 544, 553, 563, 573, 574, 576, 581, 588, 596, 632, 635, 642, 643, 650, 675, 678, 683, 702, 713, 715, 720, 726, 727, 733, 734, 740, 746, 755, 766, 767, 771, 777, 779, 783, 785, 786, 788, 797, 809, 828, 829, 835, 837, 847, 866, 881, 885]
[14, 28, 29, 30, 33, 53, 70, 72, 78, 92, 102, 108, 124, 128, 129, 136, 149, 150, 170, 173, 184, 186, 187, 193, 202, 208, 214, 222, 227, 229, 237, 239, 258, 266, 273, 274, 278, 283, 286, 297, 301, 302, 326, 336, 346, 349, 354, 355, 356, 371, 375, 388, 405, 407, 412, 425, 433, 437, 442, 449, 453, 455, 460, 463, 472, 477, 481, 485, 489, 491, 495, 497, 513, 524, 539, 549, 558, 571, 576, 589, 593, 597, 598, 599, 612, 615, 616, 621, 626, 627, 645, 646, 648, 649, 655, 657, 660, 661, 673, 675, 687, 691, 711, 718, 731, 742, 743, 746, 753, 765, 768, 776, 785, 788, 793, 815, 816, 817, 823, 869, 885, 886]

[29, 32, 37, 41, 44, 56, 62, 70, 83, 87, 93, 95, 101, 112, 120, 126, 128, 141, 143, 163, 164, 181, 182, 184, 209, 217, 229, 232, 235, 238, 249, 257, 261, 274, 277, 291, 296, 317, 319, 343, 347, 356, 366, 367, 373, 376, 385, 404, 405, 413, 455, 456, 460, 469, 483, 488, 492, 493, 500, 503, 511, 520, 523, 531, 535, 544, 553, 563, 573, 574, 576, 581, 588, 596, 603, 610, 632, 635, 637, 642, 643, 650, 658, 660, 672, 675, 678, 683, 702, 713, 715, 720, 726, 727, 733, 734, 740, 746, 748, 755, 766, 767, 771, 777, 779, 781, 783, 785, 786, 788, 797, 809, 828, 829, 835, 837, 844, 847, 852, 861, 866, 881, 885, 887]
[14, 28, 29, 30, 33, 53, 70, 72, 78, 92, 102, 108, 124, 128, 129, 136, 149, 150, 170, 173, 184, 186, 187, 193, 202, 208, 214, 222, 227, 229, 237, 239, 258, 266, 273, 274, 278, 283, 286, 297, 301, 302, 326, 336, 346, 349, 354, 355, 356, 371, 375, 388, 405, 407, 412, 425, 433, 437, 442, 449, 453, 455, 460, 463, 472, 477, 481, 485, 489, 491, 495, 497, 513, 524, 539, 549, 558, 571, 576, 589, 593, 597, 598, 599, 612, 615, 616, 621, 626, 627, 645, 646, 648, 649, 655, 657, 660, 661, 673, 675, 687, 691, 711, 718, 731, 742, 743, 746, 753, 765, 768, 776, 785, 788, 793, 815, 816, 817, 823, 869, 885, 886]

[26, 29, 32, 37, 41, 44, 56, 59, 62, 70, 83, 87, 91, 93, 95, 98, 101, 112, 118, 120, 121, 125, 126, 128, 141, 143, 163, 164, 175, 181, 182, 184, 209, 217, 225, 227, 229, 232, 233, 235, 238, 249, 257, 261, 274, 277, 291, 294, 296, 309, 317, 319, 343, 347, 356, 357, 361, 366, 367, 369, 373, 376, 385, 404, 405, 413, 428, 445, 455, 456, 459, 460, 469, 483, 488, 492, 493, 499, 500, 503, 508, 511, 520, 523, 531, 535, 544, 553, 562, 563, 569, 573, 574, 576, 581, 588, 591, 596, 603, 610, 632, 635, 637, 642, 643, 650, 658, 660, 672, 675, 678, 683, 699, 702, 713, 715, 720, 726, 727, 733, 734, 738, 740, 746, 748, 755, 760, 766, 767, 771, 777, 779, 781, 783, 785, 786, 788, 790, 797, 809, 816, 828, 829, 835, 837, 844, 847, 852, 861, 866, 881, 885, 887]
[14, 28, 29, 30, 33, 53, 70, 72, 78, 92, 102, 108, 124, 128, 129, 136, 149, 150, 170, 173, 184, 186, 187, 193, 202, 208, 214, 222, 227, 229, 237, 239, 258, 266, 273, 274, 278, 283, 286, 297, 301, 302, 326, 336, 346, 349, 354, 355, 356, 371, 375, 388, 405, 407, 412, 425, 433, 437, 442, 449, 453, 455, 460, 463, 472, 477, 481, 485, 489, 491, 495, 497, 513, 524, 539, 549, 558, 571, 576, 589, 593, 597, 598, 599, 612, 615, 616, 621, 626, 627, 645, 646, 648, 649, 655, 657, 660, 661, 673, 675, 687, 691, 711, 718, 731, 742, 743, 746, 753, 765, 768, 776, 785, 788, 793, 815, 816, 817, 823, 869, 885, 886]

[17, 25, 26, 29, 32, 37, 41, 44, 46, 52, 56, 58, 59, 62, 70, 83, 87, 91, 93, 95, 98, 101, 112, 118, 120, 121, 125, 126, 128, 141, 143, 162, 163, 164, 175, 181, 182, 184, 190, 209, 214, 217, 225, 227, 229, 232, 233, 235, 238, 244, 249, 257, 261, 274, 276, 277, 291, 294, 296, 309, 317, 319, 341, 343, 347, 356, 357, 361, 366, 367, 369, 373, 374, 376, 385, 386, 404, 405, 413, 428, 445, 452, 453, 455, 456, 459, 460, 469, 478, 483, 488, 492, 493, 499, 500, 503, 508, 511, 518, 520, 523, 531, 535, 544, 553, 562, 563, 569, 573, 574, 576, 581, 588, 591, 596, 603, 610, 624, 632, 635, 637, 642, 643, 647, 650, 658, 660, 672, 675, 678, 683, 694, 699, 702, 708, 713, 715, 720, 726, 727, 733, 734, 738, 740, 746, 748, 755, 760, 765, 766, 767, 771, 776, 777, 779, 781, 783, 785, 786, 788, 790, 797, 798, 809, 814, 816, 828, 829, 835, 837, 844, 847, 852, 861, 863, 866, 877, 881, 885, 887]
[14, 28, 29, 30, 33, 53, 70, 72, 78, 92, 102, 108, 124, 128, 129, 136, 149, 150, 170, 173, 184, 186, 187, 193, 202, 208, 214, 222, 227, 229, 237, 239, 258, 266, 273, 274, 278, 283, 286, 297, 301, 302, 326, 336, 346, 349, 354, 355, 356, 371, 375, 388, 405, 407, 412, 425, 433, 437, 442, 449, 453, 455, 460, 463, 472, 477, 481, 485, 489, 491, 495, 497, 513, 524, 539, 549, 558, 571, 576, 589, 593, 597, 598, 599, 612, 615, 616, 621, 626, 627, 645, 646, 648, 649, 655, 657, 660, 661, 673, 675, 687, 691, 711, 718, 731, 742, 743, 746, 753, 765, 768, 776, 785, 788, 793, 815, 816, 817, 823, 869, 885, 886]

[7, 17, 22, 25, 26, 29, 32, 34, 37, 41, 42, 44, 46, 52, 56, 58, 59, 62, 70, 83, 84, 87, 91, 93, 95, 98, 101, 108, 112, 118, 120, 121, 125, 126, 128, 135, 141, 143, 147, 162, 163, 164, 175, 181, 182, 184, 190, 208, 209, 214, 217, 219, 225, 227, 229, 232, 233, 235, 236, 238, 244, 249, 257, 261, 274, 276, 277, 291, 294, 296, 297, 309, 313, 317, 319, 323, 341, 343, 347, 356, 357, 361, 366, 367, 369, 373, 374, 376, 385, 386, 404, 405, 413, 426, 428, 445, 452, 453, 455, 456, 459, 460, 469, 478, 483, 488, 492, 493, 499, 500, 503, 508, 511, 518, 520, 523, 531, 535, 538, 544, 549, 553, 562, 563, 569, 573, 574, 576, 579, 581, 588, 591, 596, 603, 610, 624, 630, 632, 635, 637, 642, 643, 647, 650, 658, 660, 672, 675, 678, 683, 694, 696, 699, 702, 704, 708, 710, 713, 715, 720, 726, 727, 733, 734, 738, 740, 742, 746, 748, 755, 760, 765, 766, 767, 771, 776, 777, 779, 781, 783, 785, 786, 788, 790, 797, 798, 809, 814, 816, 817, 828, 829, 835, 837, 844, 847, 852, 861, 863, 866, 867, 877, 881, 885, 887]
[14, 28, 29, 30, 33, 53, 70, 72, 78, 92, 102, 108, 124, 128, 129, 136, 149, 150, 170, 173, 184, 186, 187, 193, 202, 208, 214, 222, 227, 229, 237, 239, 258, 266, 273, 274, 278, 283, 286, 297, 301, 302, 326, 336, 346, 349, 354, 355, 356, 371, 375, 388, 405, 407, 412, 425, 433, 437, 442, 449, 453, 455, 460, 463, 472, 477, 481, 485, 489, 491, 495, 497, 513, 524, 539, 549, 558, 571, 576, 589, 593, 597, 598, 599, 612, 615, 616, 621, 626, 627, 645, 646, 648, 649, 655, 657, 660, 661, 673, 675, 687, 691, 711, 718, 731, 742, 743, 746, 753, 765, 768, 776, 785, 788, 793, 815, 816, 817, 823, 869, 885, 886]

[1, 7, 17, 22, 25, 26, 29, 32, 34, 37, 38, 41, 42, 44, 46, 48, 52, 56, 58, 59, 62, 65, 70, 77, 83, 84, 87, 91, 93, 95, 98, 101, 108, 112, 118, 120, 121, 125, 126, 128, 135, 141, 143, 147, 162, 163, 164, 175, 177, 181, 182, 184, 190, 208, 209, 214, 217, 219, 225, 227, 229, 231, 232, 233, 235, 236, 238, 244, 249, 257, 261, 274, 276, 277, 287, 291, 294, 296, 297, 309, 313, 317, 319, 323, 341, 343, 347, 356, 357, 361, 366, 367, 369, 373, 374, 376, 385, 386, 404, 405, 413, 426, 428, 445, 450, 452, 453, 455, 456, 459, 460, 464, 466, 469, 472, 478, 479, 483, 488, 492, 493, 499, 500, 503, 508, 510, 511, 518, 520, 523, 531, 535, 538, 544, 549, 553, 558, 562, 563, 569, 573, 574, 576, 579, 581, 586, 588, 590, 591, 596, 603, 610, 619, 624, 630, 632, 635, 637, 642, 643, 647, 650, 658, 660, 662, 672, 673, 675, 678, 683, 694, 696, 699, 702, 704, 708, 710, 712, 713, 715, 720, 726, 727, 733, 734, 738, 740, 742, 746, 748, 755, 760, 765, 766, 767, 771, 776, 777, 778, 779, 781, 783, 785, 786, 788, 790, 797, 798, 801, 807, 809, 814, 816, 817, 819, 828, 829, 835, 837, 844, 847, 852, 857, 861, 863, 866, 867, 868, 877, 881, 883, 885, 887, 888]
[14, 28, 29, 30, 33, 53, 70, 72, 78, 92, 102, 108, 124, 128, 129, 136, 149, 150, 170, 173, 184, 186, 187, 193, 202, 208, 214, 222, 227, 229, 237, 239, 258, 266, 273, 274, 278, 283, 286, 297, 301, 302, 326, 336, 346, 349, 354, 355, 356, 371, 375, 388, 405, 407, 412, 425, 433, 437, 442, 449, 453, 455, 460, 463, 472, 477, 481, 485, 489, 491, 495, 497, 513, 524, 539, 549, 558, 571, 576, 589, 593, 597, 598, 599, 612, 615, 616, 621, 626, 627, 645, 646, 648, 649, 655, 657, 660, 661, 673, 675, 687, 691, 711, 718, 731, 742, 743, 746, 753, 765, 768, 776, 785, 788, 793, 815, 816, 817, 823, 869, 885, 886]

[1, 7, 17, 18, 22, 25, 26, 29, 32, 34, 37, 38, 39, 41, 42, 44, 46, 48, 52, 56, 58, 59, 62, 65, 70, 76, 77, 83, 84, 87, 89, 91, 93, 95, 98, 101, 108, 112, 118, 120, 121, 125, 126, 128, 135, 141, 143, 147, 148, 162, 163, 164, 175, 177, 181, 182, 184, 190, 208, 209, 214, 217, 219, 225, 227, 229, 231, 232, 233, 235, 236, 237, 238, 244, 249, 257, 261, 274, 276, 277, 286, 287, 291, 294, 296, 297, 301, 306, 309, 313, 317, 319, 323, 329, 341, 343, 347, 356, 357, 361, 366, 367, 369, 373, 374, 376, 385, 386, 404, 405, 413, 426, 428, 444, 445, 450, 452, 453, 455, 456, 459, 460, 464, 466, 469, 472, 478, 479, 483, 488, 492, 493, 495, 499, 500, 503, 508, 510, 511, 518, 520, 522, 523, 531, 535, 538, 544, 546, 549, 553, 558, 561, 562, 563, 569, 573, 574, 576, 579, 581, 582, 586, 588, 590, 591, 595, 596, 599, 603, 606, 610, 619, 624, 630, 632, 635, 637, 642, 643, 644, 647, 650, 658, 660, 662, 667, 668, 672, 673, 675, 678, 683, 694, 696, 699, 702, 704, 708, 710, 712, 713, 715, 720, 721, 726, 727, 729, 733, 734, 738, 740, 742, 746, 748, 755, 760, 765, 766, 767, 771, 776, 777, 778, 779, 781, 783, 785, 786, 788, 790, 797, 798, 801, 807, 809, 814, 816, 817, 819, 828, 829, 835, 837, 844, 846, 847, 851, 852, 857, 861, 863, 866, 867, 868, 877, 881, 883, 885, 887, 888]
[14, 28, 29, 30, 33, 53, 70, 72, 78, 92, 102, 108, 124, 128, 129, 136, 149, 150, 170, 173, 184, 186, 187, 193, 202, 208, 214, 222, 227, 229, 237, 239, 258, 266, 273, 274, 278, 283, 286, 297, 301, 302, 326, 336, 346, 349, 354, 355, 356, 371, 375, 388, 405, 407, 412, 425, 433, 437, 442, 449, 453, 455, 460, 463, 472, 477, 481, 485, 489, 491, 495, 497, 513, 524, 539, 549, 558, 571, 576, 589, 593, 597, 598, 599, 612, 615, 616, 621, 626, 627, 645, 646, 648, 649, 655, 657, 660, 661, 673, 675, 687, 691, 711, 718, 731, 742, 743, 746, 753, 765, 768, 776, 785, 788, 793, 815, 816, 817, 823, 869, 885, 886]

[1, 5, 7, 17, 18, 21, 22, 25, 26, 29, 32, 34, 37, 38, 39, 41, 42, 44, 46, 48, 49, 52, 56, 58, 59, 62, 65, 70, 76, 77, 83, 84, 85, 87, 89, 91, 93, 95, 98, 101, 108, 112, 118, 119, 120, 121, 125, 126, 128, 131, 135, 137, 141, 143, 147, 148, 151, 162, 163, 164, 175, 177, 181, 182, 184, 190, 208, 209, 211, 214, 217, 219, 225, 227, 229, 231, 232, 233, 235, 236, 237, 238, 244, 249, 257, 261, 274, 276, 277, 282, 286, 287, 291, 294, 296, 297, 301, 306, 309, 313, 317, 319, 323, 329, 341, 343, 347, 354, 356, 357, 361, 366, 367, 368, 369, 373, 374, 376, 385, 386, 392, 404, 405, 413, 426, 428, 444, 445, 450, 452, 453, 455, 456, 459, 460, 461, 464, 466, 469, 472, 475, 477, 478, 479, 481, 483, 488, 492, 493, 495, 497, 499, 500, 503, 508, 510, 511, 518, 520, 522, 523, 531, 535, 538, 544, 546, 549, 551, 553, 558, 561, 562, 563, 569, 573, 574, 576, 579, 581, 582, 586, 588, 590, 591, 595, 596, 599, 603, 606, 610, 612, 619, 624, 630, 632, 635, 637, 642, 643, 644, 647, 650, 658, 660, 662, 667, 668, 672, 673, 675, 678, 683, 685, 694, 696, 699, 702, 704, 708, 710, 712, 713, 715, 720, 721, 724, 726, 727, 729, 730, 733, 734, 738, 740, 742, 746, 748, 755, 760, 765, 766, 767, 771, 776, 777, 778, 779, 781, 783, 785, 786, 788, 790, 797, 798, 801, 802, 807, 809, 814, 816, 817, 819, 828, 829, 835, 837, 844, 846, 847, 851, 852, 855, 857, 861, 863, 866, 867, 868, 877, 881, 883, 885, 887, 888]
[14, 28, 29, 30, 33, 53, 70, 72, 78, 92, 102, 108, 124, 128, 129, 136, 149, 150, 170, 173, 184, 186, 187, 193, 202, 208, 214, 222, 227, 229, 237, 239, 258, 266, 273, 274, 278, 283, 286, 297, 301, 302, 326, 336, 346, 349, 354, 355, 356, 371, 375, 388, 405, 407, 412, 425, 433, 437, 442, 449, 453, 455, 460, 463, 472, 477, 481, 485, 489, 491, 495, 497, 513, 524, 539, 549, 558, 571, 576, 589, 593, 597, 598, 599, 612, 615, 616, 621, 626, 627, 645, 646, 648, 649, 655, 657, 660, 661, 673, 675, 687, 691, 711, 718, 731, 742, 743, 746, 753, 765, 768, 776, 785, 788, 793, 815, 816, 817, 823, 869, 885, 886]

[1, 5, 7, 8, 17, 18, 21, 22, 25, 26, 29, 32, 34, 37, 38, 39, 41, 42, 44, 46, 48, 49, 52, 56, 58, 59, 62, 65, 70, 76, 77, 83, 84, 85, 87, 89, 91, 93, 95, 98, 101, 108, 112, 118, 119, 120, 121, 125, 126, 128, 131, 135, 136, 137, 141, 143, 147, 148, 151, 155, 159, 162, 163, 164, 175, 177, 181, 182, 184, 190, 208, 209, 211, 214, 217, 219, 225, 227, 229, 230, 231, 232, 233, 235, 236, 237, 238, 244, 249, 257, 261, 274, 276, 277, 282, 286, 287, 291, 294, 296, 297, 301, 306, 309, 313, 316, 317, 319, 323, 325, 329, 341, 343, 347, 354, 356, 357, 361, 366, 367, 368, 369, 373, 374, 376, 385, 386, 392, 404, 405, 406, 413, 417, 426, 428, 444, 445, 450, 452, 453, 455, 456, 459, 460, 461, 464, 466, 469, 472, 475, 477, 478, 479, 481, 483, 488, 492, 493, 495, 497, 499, 500, 503, 508, 510, 511, 518, 520, 522, 523, 531, 532, 535, 538, 542, 544, 546, 549, 551, 553, 558, 561, 562, 563, 569, 573, 574, 576, 579, 581, 582, 585, 586, 588, 590, 591, 595, 596, 599, 603, 606, 610, 612, 617, 619, 624, 629, 630, 631, 632, 635, 637, 642, 643, 644, 647, 650, 658, 660, 661, 662, 667, 668, 672, 673, 675, 678, 683, 685, 694, 696, 699, 701, 702, 704, 708, 710, 712, 713, 715, 720, 721, 724, 726, 727, 729, 730, 733, 734, 738, 740, 742, 746, 748, 755, 760, 765, 766, 767, 768, 771, 776, 777, 778, 779, 780, 781, 783, 785, 786, 788, 790, 791, 797, 798, 801, 802, 804, 807, 809, 814, 816, 817, 819, 826, 828, 829, 835, 837, 838, 844, 846, 847, 851, 852, 855, 857, 861, 863, 864, 866, 867, 868, 874, 877, 881, 883, 885, 887, 888]
[14, 28, 29, 30, 33, 53, 70, 72, 78, 92, 102, 108, 124, 128, 129, 136, 149, 150, 170, 173, 184, 186, 187, 193, 202, 208, 214, 222, 227, 229, 237, 239, 258, 266, 273, 274, 278, 283, 286, 297, 301, 302, 326, 336, 346, 349, 354, 355, 356, 371, 375, 388, 405, 407, 412, 425, 433, 437, 442, 449, 453, 455, 460, 463, 472, 477, 481, 485, 489, 491, 495, 497, 513, 524, 539, 549, 558, 571, 576, 589, 593, 597, 598, 599, 612, 615, 616, 621, 626, 627, 645, 646, 648, 649, 655, 657, 660, 661, 673, 675, 687, 691, 711, 718, 731, 742, 743, 746, 753, 765, 768, 776, 785, 788, 793, 815, 816, 817, 823, 869, 885, 886]

[1, 5, 7, 8, 9, 17, 18, 21, 22, 25, 26, 28, 29, 32, 34, 37, 38, 39, 41, 42, 44, 46, 48, 49, 52, 55, 56, 58, 59, 62, 65, 70, 76, 77, 83, 84, 85, 87, 89, 91, 93, 95, 98, 101, 108, 109, 112, 118, 119, 120, 121, 125, 126, 128, 131, 132, 135, 136, 137, 141, 143, 147, 148, 151, 154, 155, 159, 162, 163, 164, 168, 173, 175, 177, 181, 182, 184, 190, 195, 206, 208, 209, 211, 214, 217, 219, 225, 227, 229, 230, 231, 232, 233, 235, 236, 237, 238, 244, 249, 257, 260, 261, 274, 276, 277, 282, 286, 287, 291, 294, 296, 297, 298, 301, 306, 309, 313, 316, 317, 319, 323, 325, 329, 341, 343, 347, 349, 354, 356, 357, 361, 366, 367, 368, 369, 373, 374, 376, 385, 386, 392, 393, 397, 404, 405, 406, 413, 417, 426, 428, 444, 445, 450, 452, 453, 455, 456, 459, 460, 461, 464, 466, 469, 472, 475, 477, 478, 479, 481, 483, 488, 492, 493, 495, 497, 499, 500, 503, 508, 510, 511, 518, 520, 522, 523, 531, 532, 535, 538, 540, 542, 544, 546, 548, 549, 551, 553, 558, 561, 562, 563, 569, 573, 574, 576, 579, 581, 582, 585, 586, 588, 590, 591, 595, 596, 599, 603, 606, 610, 612, 617, 618, 619, 624, 629, 630, 631, 632, 634, 635, 637, 642, 643, 644, 647, 650, 658, 660, 661, 662, 667, 668, 672, 673, 675, 678, 683, 685, 694, 696, 699, 701, 702, 703, 704, 708, 710, 712, 713, 715, 720, 721, 724, 726, 727, 729, 730, 733, 734, 738, 740, 742, 746, 748, 755, 760, 765, 766, 767, 768, 771, 776, 777, 778, 779, 780, 781, 783, 785, 786, 788, 790, 791, 795, 797, 798, 801, 802, 804, 806, 807, 809, 813, 814, 816, 817, 819, 826, 828, 829, 835, 836, 837, 838, 844, 846, 847, 851, 852, 855, 857, 860, 861, 863, 864, 866, 867, 868, 874, 877, 881, 883, 885, 887, 888]
[14, 28, 29, 30, 33, 53, 70, 72, 78, 92, 102, 108, 124, 128, 129, 136, 149, 150, 170, 173, 184, 186, 187, 193, 202, 208, 214, 222, 227, 229, 237, 239, 258, 266, 273, 274, 278, 283, 286, 297, 301, 302, 326, 336, 346, 349, 354, 355, 356, 371, 375, 388, 405, 407, 412, 425, 433, 437, 442, 449, 453, 455, 460, 463, 472, 477, 481, 485, 489, 491, 495, 497, 513, 524, 539, 549, 558, 571, 576, 589, 593, 597, 598, 599, 612, 615, 616, 621, 626, 627, 645, 646, 648, 649, 655, 657, 660, 661, 673, 675, 687, 691, 711, 718, 731, 742, 743, 746, 753, 765, 768, 776, 785, 788, 793, 815, 816, 817, 823, 869, 885, 886]

[1, 5, 7, 8, 9, 17, 18, 21, 22, 25, 26, 28, 29, 32, 34, 37, 38, 39, 41, 42, 44, 46, 48, 49, 52, 55, 56, 58, 59, 62, 65, 70, 74, 76, 77, 83, 84, 85, 87, 89, 91, 93, 95, 98, 101, 108, 109, 112, 118, 119, 120, 121, 125, 126, 128, 131, 132, 135, 136, 137, 141, 143, 147, 148, 151, 154, 155, 159, 162, 163, 164, 168, 169, 173, 175, 177, 181, 182, 184, 190, 195, 206, 208, 209, 211, 213, 214, 217, 219, 225, 227, 229, 230, 231, 232, 233, 235, 236, 237, 238, 244, 249, 251, 257, 260, 261, 273, 274, 276, 277, 282, 285, 286, 287, 291, 294, 296, 297, 298, 301, 306, 308, 309, 313, 316, 317, 319, 323, 325, 329, 336, 341, 343, 347, 349, 354, 356, 357, 361, 366, 367, 368, 369, 373, 374, 376, 385, 386, 390, 392, 393, 397, 401, 403, 404, 405, 406, 410, 413, 417, 418, 426, 428, 436, 439, 444, 445, 450, 452, 453, 455, 456, 459, 460, 461, 464, 466, 469, 472, 475, 477, 478, 479, 481, 483, 488, 492, 493, 495, 497, 499, 500, 503, 508, 510, 511, 518, 520, 522, 523, 531, 532, 535, 538, 540, 542, 543, 544, 546, 547, 548, 549, 551, 553, 558, 561, 562, 563, 569, 573, 574, 576, 579, 581, 582, 585, 586, 588, 590, 591, 595, 596, 599, 600, 603, 606, 610, 612, 615, 617, 618, 619, 623, 624, 629, 630, 631, 632, 634, 635, 636, 637, 642, 643, 644, 647, 650, 658, 660, 661, 662, 667, 668, 672, 673, 675, 678, 683, 685, 694, 696, 698, 699, 701, 702, 703, 704, 708, 710, 712, 713, 715, 720, 721, 724, 726, 727, 729, 730, 733, 734, 738, 740, 742, 746, 748, 755, 760, 765, 766, 767, 768, 769, 771, 776, 777, 778, 779, 780, 781, 783, 785, 786, 788, 790, 791, 795, 797, 798, 801, 802, 804, 806, 807, 809, 813, 814, 816, 817, 819, 824, 826, 828, 829, 835, 836, 837, 838, 844, 846, 847, 851, 852, 855, 857, 860, 861, 863, 864, 866, 867, 868, 874, 877, 881, 883, 885, 887, 888, 889]
[14, 28, 29, 30, 33, 53, 70, 72, 78, 92, 102, 108, 124, 128, 129, 136, 149, 150, 170, 173, 184, 186, 187, 193, 202, 208, 214, 222, 227, 229, 237, 239, 258, 266, 273, 274, 278, 283, 286, 297, 301, 302, 326, 336, 346, 349, 354, 355, 356, 371, 375, 388, 405, 407, 412, 425, 433, 437, 442, 449, 453, 455, 460, 463, 472, 477, 481, 485, 489, 491, 495, 497, 513, 524, 539, 549, 558, 571, 576, 589, 593, 597, 598, 599, 612, 615, 616, 621, 626, 627, 645, 646, 648, 649, 655, 657, 660, 661, 673, 675, 687, 691, 711, 718, 731, 742, 743, 746, 753, 765, 768, 776, 785, 788, 793, 815, 816, 817, 823, 869, 885, 886]

[1, 5, 7, 8, 9, 17, 18, 21, 22, 25, 26, 28, 29, 32, 34, 37, 38, 39, 41, 42, 44, 46, 47, 48, 49, 52, 55, 56, 58, 59, 62, 65, 70, 74, 76, 77, 83, 84, 85, 87, 89, 91, 93, 95, 98, 99, 101, 108, 109, 110, 112, 118, 119, 120, 121, 125, 126, 128, 131, 132, 135, 136, 137, 141, 143, 144, 147, 148, 151, 154, 155, 159, 162, 163, 164, 168, 169, 173, 175, 177, 179, 181, 182, 184, 190, 195, 206, 208, 209, 211, 213, 214, 217, 218, 219, 225, 227, 229, 230, 231, 232, 233, 235, 236, 237, 238, 243, 244, 246, 249, 251, 257, 260, 261, 266, 268, 269, 273, 274, 276, 277, 282, 285, 286, 287, 291, 294, 296, 297, 298, 301, 306, 308, 309, 313, 316, 317, 319, 323, 325, 329, 330, 336, 341, 343, 347, 349, 351, 354, 356, 357, 361, 366, 367, 368, 369, 373, 374, 376, 385, 386, 390, 392, 393, 397, 401, 403, 404, 405, 406, 410, 413, 417, 418, 423, 426, 428, 436, 439, 444, 445, 447, 450, 452, 453, 455, 456, 459, 460, 461, 462, 464, 466, 469, 472, 475, 477, 478, 479, 481, 483, 488, 492, 493, 495, 497, 499, 500, 503, 508, 510, 511, 518, 520, 522, 523, 531, 532, 535, 536, 538, 540, 542, 543, 544, 546, 547, 548, 549, 551, 553, 558, 561, 562, 563, 569, 572, 573, 574, 576, 579, 581, 582, 585, 586, 588, 590, 591, 595, 596, 599, 600, 603, 606, 610, 612, 615, 617, 618, 619, 623, 624, 629, 630, 631, 632, 634, 635, 636, 637, 642, 643, 644, 647, 650, 653, 658, 660, 661, 662, 667, 668, 672, 673, 675, 678, 683, 685, 694, 696, 698, 699, 701, 702, 703, 704, 708, 709, 710, 712, 713, 715, 720, 721, 724, 726, 727, 729, 730, 733, 734, 738, 740, 742, 744, 746, 748, 749, 755, 760, 765, 766, 767, 768, 769, 771, 776, 777, 778, 779, 780, 781, 783, 784, 785, 786, 788, 790, 791, 795, 797, 798, 801, 802, 804, 806, 807, 809, 813, 814, 816, 817, 819, 824, 826, 828, 829, 835, 836, 837, 838, 844, 846, 847, 851, 852, 855, 856, 857, 860, 861, 863, 864, 866, 867, 868, 874, 875, 877, 881, 883, 885, 887, 888, 889]
[14, 28, 29, 30, 33, 53, 70, 72, 78, 92, 102, 108, 124, 128, 129, 136, 149, 150, 170, 173, 184, 186, 187, 193, 202, 208, 214, 222, 227, 229, 237, 239, 258, 266, 273, 274, 278, 283, 286, 297, 301, 302, 326, 336, 346, 349, 354, 355, 356, 371, 375, 388, 405, 407, 412, 425, 433, 437, 442, 449, 453, 455, 460, 463, 472, 477, 481, 485, 489, 491, 495, 497, 513, 524, 539, 549, 558, 571, 576, 589, 593, 597, 598, 599, 612, 615, 616, 621, 626, 627, 645, 646, 648, 649, 655, 657, 660, 661, 673, 675, 687, 691, 711, 718, 731, 742, 743, 746, 753, 765, 768, 776, 785, 788, 793, 815, 816, 817, 823, 869, 885, 886]

[1, 5, 7, 8, 9, 17, 18, 21, 22, 25, 26, 28, 29, 32, 34, 37, 38, 39, 41, 42, 44, 46, 47, 48, 49, 52, 55, 56, 58, 59, 62, 65, 70, 74, 75, 76, 77, 83, 84, 85, 87, 89, 91, 93, 95, 98, 99, 101, 108, 109, 110, 112, 118, 119, 120, 121, 125, 126, 128, 131, 132, 135, 136, 137, 141, 143, 144, 147, 148, 151, 154, 155, 159, 162, 163, 164, 168, 169, 173, 175, 177, 179, 181, 182, 184, 185, 190, 192, 195, 199, 206, 208, 209, 211, 213, 214, 217, 218, 219, 225, 227, 229, 230, 231, 232, 233, 235, 236, 237, 238, 243, 244, 246, 249, 251, 257, 260, 261, 266, 268, 269, 271, 273, 274, 276, 277, 282, 285, 286, 287, 288, 291, 294, 296, 297, 298, 300, 301, 305, 306, 308, 309, 313, 316, 317, 319, 320, 323, 325, 327, 329, 330, 336, 337, 341, 343, 347, 349, 351, 353, 354, 356, 357, 361, 366, 367, 368, 369, 373, 374, 376, 385, 386, 390, 392, 393, 397, 401, 403, 404, 405, 406, 407, 410, 413, 417, 418, 423, 426, 428, 432, 435, 436, 439, 444, 445, 447, 448, 450, 452, 453, 455, 456, 459, 460, 461, 462, 464, 466, 469, 472, 475, 477, 478, 479, 481, 483, 488, 492, 493, 495, 496, 497, 499, 500, 503, 508, 510, 511, 518, 520, 522, 523, 531, 532, 535, 536, 538, 540, 542, 543, 544, 546, 547, 548, 549, 551, 553, 558, 561, 562, 563, 566, 569, 572, 573, 574, 576, 579, 581, 582, 585, 586, 588, 590, 591, 592, 595, 596, 599, 600, 603, 604, 606, 610, 612, 615, 617, 618, 619, 623, 624, 629, 630, 631, 632, 634, 635, 636, 637, 642, 643, 644, 647, 650, 653, 658, 660, 661, 662, 667, 668, 672, 673, 675, 678, 683, 685, 694, 696, 698, 699, 701, 702, 703, 704, 708, 709, 710, 712, 713, 715, 720, 721, 724, 726, 727, 729, 730, 733, 734, 738, 740, 742, 744, 746, 748, 749, 754, 755, 760, 762, 765, 766, 767, 768, 769, 771, 776, 777, 778, 779, 780, 781, 783, 784, 785, 786, 788, 790, 791, 794, 795, 797, 798, 801, 802, 804, 806, 807, 809, 813, 814, 816, 817, 819, 824, 826, 828, 829, 835, 836, 837, 838, 844, 846, 847, 848, 851, 852, 855, 856, 857, 860, 861, 863, 864, 866, 867, 868, 869, 874, 875, 877, 881, 883, 885, 887, 888, 889]
[14, 28, 29, 30, 33, 53, 70, 72, 78, 92, 102, 108, 124, 128, 129, 136, 149, 150, 170, 173, 184, 186, 187, 193, 202, 208, 214, 222, 227, 229, 237, 239, 258, 266, 273, 274, 278, 283, 286, 297, 301, 302, 326, 336, 346, 349, 354, 355, 356, 371, 375, 388, 405, 407, 412, 425, 433, 437, 442, 449, 453, 455, 460, 463, 472, 477, 481, 485, 489, 491, 495, 497, 513, 524, 539, 549, 558, 571, 576, 589, 593, 597, 598, 599, 612, 615, 616, 621, 626, 627, 645, 646, 648, 649, 655, 657, 660, 661, 673, 675, 687, 691, 711, 718, 731, 742, 743, 746, 753, 765, 768, 776, 785, 788, 793, 815, 816, 817, 823, 869, 885, 886]

[1, 5, 7, 8, 9, 14, 17, 18, 20, 21, 22, 25, 26, 28, 29, 32, 34, 37, 38, 39, 41, 42, 44, 46, 47, 48, 49, 52, 55, 56, 57, 58, 59, 62, 65, 70, 74, 75, 76, 77, 83, 84, 85, 87, 89, 91, 93, 95, 98, 99, 101, 108, 109, 110, 112, 118, 119, 120, 121, 125, 126, 128, 131, 132, 135, 136, 137, 141, 142, 143, 144, 147, 148, 151, 154, 155, 159, 162, 163, 164, 168, 169, 173, 175, 177, 179, 181, 182, 183, 184, 185, 189, 190, 192, 195, 199, 206, 208, 209, 211, 213, 214, 217, 218, 219, 225, 227, 229, 230, 231, 232, 233, 234, 235, 236, 237, 238, 243, 244, 246, 249, 251, 257, 260, 261, 266, 268, 269, 271, 273, 274, 276, 277, 278, 282, 284, 285, 286, 287, 288, 291, 294, 296, 297, 298, 300, 301, 305, 306, 308, 309, 313, 316, 317, 319, 320, 323, 325, 327, 329, 330, 336, 337, 341, 343, 347, 349, 351, 353, 354, 356, 357, 361, 366, 367, 368, 369, 372, 373, 374, 376, 385, 386, 390, 392, 393, 397, 401, 403, 404, 405, 406, 407, 410, 413, 415, 417, 418, 423, 426, 428, 432, 435, 436, 439, 442, 444, 445, 447, 448, 450, 452, 453, 455, 456, 459, 460, 461, 462, 463, 464, 466, 469, 472, 475, 477, 478, 479, 481, 483, 488, 492, 493, 495, 496, 497, 499, 500, 503, 508, 510, 511, 518, 520, 522, 523, 531, 532, 535, 536, 538, 540, 542, 543, 544, 546, 547, 548, 549, 551, 553, 558, 560, 561, 562, 563, 566, 569, 572, 573, 574, 575, 576, 579, 581, 582, 585, 586, 588, 590, 591, 592, 595, 596, 599, 600, 603, 604, 606, 608, 610, 612, 615, 617, 618, 619, 623, 624, 629, 630, 631, 632, 634, 635, 636, 637, 642, 643, 644, 647, 648, 650, 652, 653, 655, 658, 660, 661, 662, 667, 668, 672, 673, 675, 678, 683, 685, 694, 696, 698, 699, 701, 702, 703, 704, 708, 709, 710, 711, 712, 713, 715, 720, 721, 724, 726, 727, 729, 730, 733, 734, 738, 740, 742, 744, 746, 748, 749, 754, 755, 760, 762, 765, 766, 767, 768, 769, 771, 773, 776, 777, 778, 779, 780, 781, 783, 784, 785, 786, 788, 789, 790, 791, 794, 795, 797, 798, 801, 802, 804, 806, 807, 809, 811, 813, 814, 816, 817, 819, 824, 826, 828, 829, 835, 836, 837, 838, 844, 846, 847, 848, 851, 852, 855, 856, 857, 860, 861, 863, 864, 866, 867, 868, 869, 874, 875, 877, 879, 881, 883, 884, 885, 887, 888, 889]
[14, 28, 29, 30, 33, 53, 70, 72, 78, 92, 102, 108, 124, 128, 129, 136, 149, 150, 170, 173, 184, 186, 187, 193, 202, 208, 214, 222, 227, 229, 237, 239, 258, 266, 273, 274, 278, 283, 286, 297, 301, 302, 326, 336, 346, 349, 354, 355, 356, 371, 375, 388, 405, 407, 412, 425, 433, 437, 442, 449, 453, 455, 460, 463, 472, 477, 481, 485, 489, 491, 495, 497, 513, 524, 539, 549, 558, 571, 576, 589, 593, 597, 598, 599, 612, 615, 616, 621, 626, 627, 645, 646, 648, 649, 655, 657, 660, 661, 673, 675, 687, 691, 711, 718, 731, 742, 743, 746, 753, 765, 768, 776, 785, 788, 793, 815, 816, 817, 823, 869, 885, 886]

[1, 4, 5, 7, 8, 9, 14, 17, 18, 20, 21, 22, 23, 25, 26, 28, 29, 32, 34, 37, 38, 39, 41, 42, 44, 46, 47, 48, 49, 52, 55, 56, 57, 58, 59, 62, 65, 70, 74, 75, 76, 77, 83, 84, 85, 87, 89, 90, 91, 92, 93, 95, 97, 98, 99, 101, 108, 109, 110, 112, 118, 119, 120, 121, 125, 126, 128, 131, 132, 135, 136, 137, 141, 142, 143, 144, 147, 148, 151, 153, 154, 155, 159, 162, 163, 164, 168, 169, 173, 175, 177, 179, 181, 182, 183, 184, 185, 189, 190, 192, 195, 199, 206, 208, 209, 211, 213, 214, 217, 218, 219, 225, 227, 229, 230, 231, 232, 233, 234, 235, 236, 237, 238, 243, 244, 246, 249, 251, 255, 257, 260, 261, 266, 268, 269, 270, 271, 273, 274, 276, 277, 278, 282, 284, 285, 286, 287, 288, 291, 294, 296, 297, 298, 300, 301, 305, 306, 307, 308, 309, 313, 314, 316, 317, 319, 320, 322, 323, 325, 327, 329, 330, 334, 336, 337, 341, 343, 347, 349, 351, 353, 354, 356, 357, 361, 365, 366, 367, 368, 369, 372, 373, 374, 376, 384, 385, 386, 390, 392, 393, 397, 401, 403, 404, 405, 406, 407, 410, 413, 415, 417, 418, 423, 426, 428, 432, 435, 436, 439, 441, 442, 444, 445, 447, 448, 450, 452, 453, 455, 456, 459, 460, 461, 462, 463, 464, 466, 469, 472, 474, 475, 477, 478, 479, 481, 483, 488, 492, 493, 495, 496, 497, 499, 500, 503, 508, 510, 511, 518, 520, 522, 523, 531, 532, 535, 536, 538, 540, 542, 543, 544, 546, 547, 548, 549, 551, 553, 558, 560, 561, 562, 563, 566, 569, 572, 573, 574, 575, 576, 579, 581, 582, 585, 586, 588, 590, 591, 592, 595, 596, 599, 600, 603, 604, 606, 608, 610, 612, 615, 617, 618, 619, 623, 624, 627, 629, 630, 631, 632, 634, 635, 636, 637, 642, 643, 644, 647, 648, 650, 652, 653, 655, 658, 660, 661, 662, 667, 668, 671, 672, 673, 675, 678, 683, 685, 687, 694, 696, 698, 699, 701, 702, 703, 704, 708, 709, 710, 711, 712, 713, 715, 720, 721, 723, 724, 726, 727, 729, 730, 733, 734, 738, 740, 742, 744, 746, 747, 748, 749, 754, 755, 760, 762, 765, 766, 767, 768, 769, 771, 773, 776, 777, 778, 779, 780, 781, 783, 784, 785, 786, 787, 788, 789, 790, 791, 794, 795, 797, 798, 801, 802, 804, 806, 807, 809, 811, 813, 814, 816, 817, 819, 820, 824, 826, 828, 829, 835, 836, 837, 838, 844, 846, 847, 848, 850, 851, 852, 855, 856, 857, 860, 861, 863, 864, 866, 867, 868, 869, 871, 874, 875, 877, 879, 881, 883, 884, 885, 887, 888, 889]
[14, 28, 29, 30, 33, 53, 70, 72, 78, 92, 102, 108, 124, 128, 129, 136, 149, 150, 170, 173, 184, 186, 187, 193, 202, 208, 214, 222, 227, 229, 237, 239, 258, 266, 273, 274, 278, 283, 286, 297, 301, 302, 326, 336, 346, 349, 354, 355, 356, 371, 375, 388, 405, 407, 412, 425, 433, 437, 442, 449, 453, 455, 460, 463, 472, 477, 481, 485, 489, 491, 495, 497, 513, 524, 539, 549, 558, 571, 576, 589, 593, 597, 598, 599, 612, 615, 616, 621, 626, 627, 645, 646, 648, 649, 655, 657, 660, 661, 673, 675, 687, 691, 711, 718, 731, 742, 743, 746, 753, 765, 768, 776, 785, 788, 793, 815, 816, 817, 823, 869, 885, 886]

[1, 4, 5, 7, 8, 9, 14, 17, 18, 20, 21, 22, 23, 25, 26, 28, 29, 32, 34, 36, 37, 38, 39, 41, 42, 44, 46, 47, 48, 49, 52, 55, 56, 57, 58, 59, 60, 62, 65, 70, 74, 75, 76, 77, 83, 84, 85, 87, 89, 90, 91, 92, 93, 95, 97, 98, 99, 101, 108, 109, 110, 112, 118, 119, 120, 121, 125, 126, 128, 131, 132, 135, 136, 137, 141, 142, 143, 144, 145, 147, 148, 151, 153, 154, 155, 159, 162, 163, 164, 168, 169, 171, 173, 175, 177, 179, 181, 182, 183, 184, 185, 189, 190, 192, 195, 199, 206, 208, 209, 211, 213, 214, 217, 218, 219, 222, 225, 227, 229, 230, 231, 232, 233, 234, 235, 236, 237, 238, 240, 242, 243, 244, 246, 247, 249, 251, 255, 257, 260, 261, 266, 268, 269, 270, 271, 273, 274, 276, 277, 278, 280, 282, 284, 285, 286, 287, 288, 291, 294, 295, 296, 297, 298, 300, 301, 305, 306, 307, 308, 309, 313, 314, 316, 317, 319, 320, 322, 323, 325, 327, 329, 330, 334, 336, 337, 341, 343, 347, 349, 351, 353, 354, 356, 357, 361, 365, 366, 367, 368, 369, 370, 372, 373, 374, 376, 384, 385, 386, 390, 392, 393, 397, 401, 403, 404, 405, 406, 407, 409, 410, 413, 415, 417, 418, 423, 425, 426, 428, 432, 435, 436, 439, 441, 442, 444, 445, 447, 448, 450, 452, 453, 455, 456, 459, 460, 461, 462, 463, 464, 466, 469, 472, 474, 475, 477, 478, 479, 481, 483, 488, 489, 492, 493, 495, 496, 497, 499, 500, 503, 508, 510, 511, 515, 518, 520, 521, 522, 523, 531, 532, 535, 536, 538, 540, 542, 543, 544, 546, 547, 548, 549, 551, 553, 558, 560, 561, 562, 563, 566, 569, 572, 573, 574, 575, 576, 577, 579, 580, 581, 582, 585, 586, 588, 590, 591, 592, 595, 596, 599, 600, 603, 604, 606, 608, 610, 612, 615, 617, 618, 619, 622, 623, 624, 627, 629, 630, 631, 632, 634, 635, 636, 637, 638, 642, 643, 644, 647, 648, 650, 652, 653, 655, 658, 660, 661, 662, 667, 668, 671, 672, 673, 675, 678, 683, 685, 687, 694, 696, 698, 699, 701, 702, 703, 704, 708, 709, 710, 711, 712, 713, 715, 720, 721, 723, 724, 726, 727, 729, 730, 733, 734, 738, 740, 742, 744, 746, 747, 748, 749, 754, 755, 760, 761, 762, 765, 766, 767, 768, 769, 771, 773, 776, 777, 778, 779, 780, 781, 783, 784, 785, 786, 787, 788, 789, 790, 791, 793, 794, 795, 797, 798, 801, 802, 804, 806, 807, 809, 811, 813, 814, 816, 817, 819, 820, 824, 826, 828, 829, 833, 835, 836, 837, 838, 843, 844, 846, 847, 848, 850, 851, 852, 855, 856, 857, 860, 861, 863, 864, 866, 867, 868, 869, 870, 871, 874, 875, 877, 879, 881, 883, 884, 885, 887, 888, 889]
[14, 28, 29, 30, 33, 53, 70, 72, 78, 92, 102, 108, 124, 128, 129, 136, 149, 150, 170, 173, 184, 186, 187, 193, 202, 208, 214, 222, 227, 229, 237, 239, 258, 266, 273, 274, 278, 283, 286, 297, 301, 302, 326, 336, 346, 349, 354, 355, 356, 371, 375, 388, 405, 407, 412, 425, 433, 437, 442, 449, 453, 455, 460, 463, 472, 477, 481, 485, 489, 491, 495, 497, 513, 524, 539, 549, 558, 571, 576, 589, 593, 597, 598, 599, 612, 615, 616, 621, 626, 627, 645, 646, 648, 649, 655, 657, 660, 661, 673, 675, 687, 691, 711, 718, 731, 742, 743, 746, 753, 765, 768, 776, 785, 788, 793, 815, 816, 817, 823, 869, 885, 886]

[1, 3, 4, 5, 7, 8, 9, 14, 17, 18, 20, 21, 22, 23, 25, 26, 28, 29, 32, 34, 36, 37, 38, 39, 41, 42, 44, 46, 47, 48, 49, 52, 55, 56, 57, 58, 59, 60, 62, 65, 67, 70, 74, 75, 76, 77, 83, 84, 85, 87, 88, 89, 90, 91, 92, 93, 95, 97, 98, 99, 101, 104, 108, 109, 110, 112, 114, 118, 119, 120, 121, 123, 125, 126, 128, 131, 132, 135, 136, 137, 141, 142, 143, 144, 145, 147, 148, 151, 153, 154, 155, 159, 162, 163, 164, 168, 169, 171, 173, 175, 177, 179, 181, 182, 183, 184, 185, 188, 189, 190, 192, 195, 199, 206, 208, 209, 211, 213, 214, 217, 218, 219, 222, 225, 227, 229, 230, 231, 232, 233, 234, 235, 236, 237, 238, 240, 242, 243, 244, 246, 247, 249, 251, 255, 257, 260, 261, 266, 268, 269, 270, 271, 273, 274, 276, 277, 278, 280, 282, 284, 285, 286, 287, 288, 291, 294, 295, 296, 297, 298, 300, 301, 305, 306, 307, 308, 309, 310, 313, 314, 316, 317, 319, 320, 322, 323, 325, 327, 329, 330, 334, 336, 337, 341, 343, 347, 349, 351, 353, 354, 356, 357, 361, 365, 366, 367, 368, 369, 370, 372, 373, 374, 376, 382, 384, 385, 386, 390, 392, 393, 397, 401, 403, 404, 405, 406, 407, 409, 410, 413, 414, 415, 417, 418, 423, 425, 426, 428, 432, 435, 436, 438, 439, 441, 442, 444, 445, 447, 448, 450, 452, 453, 455, 456, 459, 460, 461, 462, 463, 464, 466, 469, 471, 472, 474, 475, 477, 478, 479, 481, 483, 488, 489, 492, 493, 495, 496, 497, 499, 500, 503, 508, 509, 510, 511, 515, 517, 518, 520, 521, 522, 523, 531, 532, 535, 536, 538, 540, 542, 543, 544, 546, 547, 548, 549, 551, 553, 555, 558, 560, 561, 562, 563, 566, 569, 572, 573, 574, 575, 576, 577, 579, 580, 581, 582, 583, 585, 586, 588, 590, 591, 592, 595, 596, 599, 600, 603, 604, 606, 608, 610, 612, 615, 617, 618, 619, 622, 623, 624, 627, 629, 630, 631, 632, 634, 635, 636, 637, 638, 642, 643, 644, 647, 648, 650, 652, 653, 655, 658, 660, 661, 662, 663, 667, 668, 671, 672, 673, 675, 678, 683, 685, 687, 694, 696, 698, 699, 701, 702, 703, 704, 706, 708, 709, 710, 711, 712, 713, 715, 720, 721, 723, 724, 726, 727, 729, 730, 733, 734, 736, 738, 740, 742, 744, 746, 747, 748, 749, 754, 755, 760, 761, 762, 763, 765, 766, 767, 768, 769, 771, 773, 775, 776, 777, 778, 779, 780, 781, 783, 784, 785, 786, 787, 788, 789, 790, 791, 793, 794, 795, 797, 798, 801, 802, 804, 806, 807, 809, 811, 813, 814, 816, 817, 819, 820, 824, 826, 828, 829, 833, 835, 836, 837, 838, 843, 844, 846, 847, 848, 850, 851, 852, 854, 855, 856, 857, 858, 859, 860, 861, 863, 864, 865, 866, 867, 868, 869, 870, 871, 874, 875, 877, 879, 881, 883, 884, 885, 887, 888, 889]
[14, 28, 29, 30, 33, 53, 70, 72, 78, 92, 102, 108, 124, 128, 129, 136, 149, 150, 170, 173, 184, 186, 187, 193, 202, 208, 214, 222, 227, 229, 237, 239, 258, 266, 273, 274, 278, 283, 286, 297, 301, 302, 326, 336, 346, 349, 354, 355, 356, 371, 375, 388, 405, 407, 412, 425, 433, 437, 442, 449, 453, 455, 460, 463, 472, 477, 481, 485, 489, 491, 495, 497, 513, 524, 539, 549, 558, 571, 576, 589, 593, 597, 598, 599, 612, 615, 616, 621, 626, 627, 645, 646, 648, 649, 655, 657, 660, 661, 673, 675, 687, 691, 711, 718, 731, 742, 743, 746, 753, 765, 768, 776, 785, 788, 793, 815, 816, 817, 823, 869, 885, 886]

[1, 3, 4, 5, 7, 8, 9, 14, 17, 18, 20, 21, 22, 23, 25, 26, 28, 29, 32, 34, 36, 37, 38, 39, 40, 41, 42, 44, 46, 47, 48, 49, 52, 55, 56, 57, 58, 59, 60, 62, 65, 67, 70, 72, 74, 75, 76, 77, 79, 83, 84, 85, 87, 88, 89, 90, 91, 92, 93, 95, 97, 98, 99, 101, 104, 108, 109, 110, 112, 114, 115, 118, 119, 120, 121, 123, 125, 126, 128, 131, 132, 135, 136, 137, 141, 142, 143, 144, 145, 146, 147, 148, 151, 153, 154, 155, 159, 161, 162, 163, 164, 167, 168, 169, 171, 173, 175, 177, 179, 181, 182, 183, 184, 185, 187, 188, 189, 190, 192, 193, 195, 199, 206, 208, 209, 211, 213, 214, 217, 218, 219, 222, 225, 227, 229, 230, 231, 232, 233, 234, 235, 236, 237, 238, 240, 241, 242, 243, 244, 246, 247, 249, 251, 255, 257, 260, 261, 266, 268, 269, 270, 271, 273, 274, 276, 277, 278, 280, 282, 284, 285, 286, 287, 288, 291, 294, 295, 296, 297, 298, 300, 301, 305, 306, 307, 308, 309, 310, 313, 314, 316, 317, 319, 320, 322, 323, 324, 325, 327, 329, 330, 334, 336, 337, 338, 340, 341, 343, 347, 349, 351, 353, 354, 356, 357, 360, 361, 365, 366, 367, 368, 369, 370, 372, 373, 374, 376, 382, 384, 385, 386, 390, 392, 393, 397, 400, 401, 403, 404, 405, 406, 407, 409, 410, 413, 414, 415, 417, 418, 423, 425, 426, 428, 432, 435, 436, 438, 439, 441, 442, 444, 445, 447, 448, 450, 452, 453, 455, 456, 459, 460, 461, 462, 463, 464, 466, 469, 471, 472, 474, 475, 477, 478, 479, 481, 483, 488, 489, 492, 493, 495, 496, 497, 499, 500, 503, 508, 509, 510, 511, 515, 517, 518, 519, 520, 521, 522, 523, 531, 532, 535, 536, 538, 540, 542, 543, 544, 546, 547, 548, 549, 551, 553, 555, 558, 560, 561, 562, 563, 566, 569, 570, 572, 573, 574, 575, 576, 577, 579, 580, 581, 582, 583, 584, 585, 586, 588, 589, 590, 591, 592, 595, 596, 599, 600, 603, 604, 606, 608, 610, 612, 613, 615, 617, 618, 619, 622, 623, 624, 627, 629, 630, 631, 632, 634, 635, 636, 637, 638, 642, 643, 644, 647, 648, 650, 652, 653, 655, 658, 660, 661, 662, 663, 667, 668, 671, 672, 673, 675, 678, 683, 685, 687, 691, 694, 696, 698, 699, 701, 702, 703, 704, 706, 708, 709, 710, 711, 712, 713, 715, 719, 720, 721, 723, 724, 726, 727, 729, 730, 733, 734, 736, 738, 740, 742, 744, 746, 747, 748, 749, 753, 754, 755, 760, 761, 762, 763, 765, 766, 767, 768, 769, 771, 773, 775, 776, 777, 778, 779, 780, 781, 783, 784, 785, 786, 787, 788, 789, 790, 791, 793, 794, 795, 797, 798, 801, 802, 804, 806, 807, 809, 810, 811, 813, 814, 816, 817, 819, 820, 824, 826, 828, 829, 833, 835, 836, 837, 838, 843, 844, 846, 847, 848, 850, 851, 852, 853, 854, 855, 856, 857, 858, 859, 860, 861, 863, 864, 865, 866, 867, 868, 869, 870, 871, 874, 875, 877, 879, 881, 883, 884, 885, 887, 888, 889]
[14, 28, 29, 30, 33, 53, 70, 72, 78, 92, 102, 108, 124, 128, 129, 136, 149, 150, 170, 173, 184, 186, 187, 193, 202, 208, 214, 222, 227, 229, 237, 239, 258, 266, 273, 274, 278, 283, 286, 297, 301, 302, 326, 336, 346, 349, 354, 355, 356, 371, 375, 388, 405, 407, 412, 425, 433, 437, 442, 449, 453, 455, 460, 463, 472, 477, 481, 485, 489, 491, 495, 497, 513, 524, 539, 549, 558, 571, 576, 589, 593, 597, 598, 599, 612, 615, 616, 621, 626, 627, 645, 646, 648, 649, 655, 657, 660, 661, 673, 675, 687, 691, 711, 718, 731, 742, 743, 746, 753, 765, 768, 776, 785, 788, 793, 815, 816, 817, 823, 869, 885, 886]

[1, 3, 4, 5, 7, 8, 9, 14, 17, 18, 20, 21, 22, 23, 25, 26, 28, 29, 32, 34, 36, 37, 38, 39, 40, 41, 42, 44, 46, 47, 48, 49, 52, 55, 56, 57, 58, 59, 60, 62, 65, 67, 70, 72, 74, 75, 76, 77, 79, 82, 83, 84, 85, 87, 88, 89, 90, 91, 92, 93, 95, 97, 98, 99, 101, 104, 108, 109, 110, 112, 114, 115, 118, 119, 120, 121, 123, 125, 126, 128, 129, 131, 132, 135, 136, 137, 141, 142, 143, 144, 145, 146, 147, 148, 151, 153, 154, 155, 159, 161, 162, 163, 164, 166, 167, 168, 169, 171, 173, 175, 177, 179, 181, 182, 183, 184, 185, 187, 188, 189, 190, 192, 193, 195, 199, 206, 208, 209, 211, 213, 214, 217, 218, 219, 222, 225, 227, 229, 230, 231, 232, 233, 234, 235, 236, 237, 238, 240, 241, 242, 243, 244, 246, 247, 249, 250, 251, 255, 257, 260, 261, 266, 268, 269, 270, 271, 273, 274, 276, 277, 278, 280, 282, 284, 285, 286, 287, 288, 291, 294, 295, 296, 297, 298, 299, 300, 301, 302, 305, 306, 307, 308, 309, 310, 313, 314, 315, 316, 317, 319, 320, 322, 323, 324, 325, 327, 329, 330, 332, 333, 334, 336, 337, 338, 340, 341, 343, 347, 349, 351, 353, 354, 356, 357, 360, 361, 365, 366, 367, 368, 369, 370, 372, 373, 374, 376, 382, 384, 385, 386, 390, 392, 393, 397, 400, 401, 402, 403, 404, 405, 406, 407, 409, 410, 413, 414, 415, 417, 418, 421, 423, 425, 426, 428, 432, 434, 435, 436, 438, 439, 440, 441, 442, 444, 445, 447, 448, 450, 452, 453, 455, 456, 459, 460, 461, 462, 463, 464, 466, 469, 470, 471, 472, 474, 475, 477, 478, 479, 481, 483, 488, 489, 492, 493, 495, 496, 497, 499, 500, 503, 508, 509, 510, 511, 515, 517, 518, 519, 520, 521, 522, 523, 531, 532, 535, 536, 538, 539, 540, 542, 543, 544, 545, 546, 547, 548, 549, 551, 553, 555, 558, 560, 561, 562, 563, 566, 569, 570, 572, 573, 574, 575, 576, 577, 579, 580, 581, 582, 583, 584, 585, 586, 588, 589, 590, 591, 592, 595, 596, 599, 600, 601, 603, 604, 606, 608, 610, 612, 613, 615, 616, 617, 618, 619, 622, 623, 624, 626, 627, 628, 629, 630, 631, 632, 634, 635, 636, 637, 638, 642, 643, 644, 647, 648, 650, 652, 653, 655, 658, 660, 661, 662, 663, 667, 668, 670, 671, 672, 673, 675, 677, 678, 683, 684, 685, 687, 691, 694, 696, 698, 699, 701, 702, 703, 704, 706, 708, 709, 710, 711, 712, 713, 715, 719, 720, 721, 723, 724, 726, 727, 729, 730, 733, 734, 736, 738, 740, 742, 744, 746, 747, 748, 749, 753, 754, 755, 760, 761, 762, 763, 765, 766, 767, 768, 769, 771, 773, 775, 776, 777, 778, 779, 780, 781, 783, 784, 785, 786, 787, 788, 789, 790, 791, 793, 794, 795, 797, 798, 801, 802, 804, 806, 807, 809, 810, 811, 813, 814, 816, 817, 818, 819, 820, 824, 826, 828, 829, 833, 835, 836, 837, 838, 839, 843, 844, 846, 847, 848, 850, 851, 852, 853, 854, 855, 856, 857, 858, 859, 860, 861, 863, 864, 865, 866, 867, 868, 869, 870, 871, 874, 875, 877, 879, 881, 883, 884, 885, 887, 888, 889]
[14, 28, 29, 30, 33, 53, 70, 72, 78, 92, 102, 108, 124, 128, 129, 136, 149, 150, 170, 173, 184, 186, 187, 193, 202, 208, 214, 222, 227, 229, 237, 239, 258, 266, 273, 274, 278, 283, 286, 297, 301, 302, 326, 336, 346, 349, 354, 355, 356, 371, 375, 388, 405, 407, 412, 425, 433, 437, 442, 449, 453, 455, 460, 463, 472, 477, 481, 485, 489, 491, 495, 497, 513, 524, 539, 549, 558, 571, 576, 589, 593, 597, 598, 599, 612, 615, 616, 621, 626, 627, 645, 646, 648, 649, 655, 657, 660, 661, 673, 675, 687, 691, 711, 718, 731, 742, 743, 746, 753, 765, 768, 776, 785, 788, 793, 815, 816, 817, 823, 869, 885, 886]

[1, 3, 4, 5, 7, 8, 9, 11, 14, 17, 18, 20, 21, 22, 23, 25, 26, 28, 29, 32, 33, 34, 35, 36, 37, 38, 39, 40, 41, 42, 44, 46, 47, 48, 49, 52, 55, 56, 57, 58, 59, 60, 62, 65, 67, 69, 70, 72, 74, 75, 76, 77, 79, 82, 83, 84, 85, 87, 88, 89, 90, 91, 92, 93, 95, 97, 98, 99, 101, 104, 108, 109, 110, 112, 113, 114, 115, 117, 118, 119, 120, 121, 123, 125, 126, 128, 129, 131, 132, 135, 136, 137, 141, 142, 143, 144, 145, 146, 147, 148, 151, 153, 154, 155, 159, 161, 162, 163, 164, 166, 167, 168, 169, 171, 173, 175, 177, 179, 181, 182, 183, 184, 185, 187, 188, 189, 190, 192, 193, 194, 195, 199, 206, 208, 209, 211, 213, 214, 216, 217, 218, 219, 222, 225, 227, 229, 230, 231, 232, 233, 234, 235, 236, 237, 238, 240, 241, 242, 243, 244, 246, 247, 249, 250, 251, 255, 257, 260, 261, 266, 267, 268, 269, 270, 271, 273, 274, 276, 277, 278, 280, 282, 284, 285, 286, 287, 288, 291, 294, 295, 296, 297, 298, 299, 300, 301, 302, 305, 306, 307, 308, 309, 310, 313, 314, 315, 316, 317, 319, 320, 322, 323, 324, 325, 327, 329, 330, 332, 333, 334, 336, 337, 338, 340, 341, 343, 345, 347, 349, 351, 353, 354, 356, 357, 360, 361, 365, 366, 367, 368, 369, 370, 372, 373, 374, 376, 382, 384, 385, 386, 389, 390, 391, 392, 393, 397, 400, 401, 402, 403, 404, 405, 406, 407, 409, 410, 411, 413, 414, 415, 417, 418, 421, 423, 425, 426, 428, 431, 432, 434, 435, 436, 438, 439, 440, 441, 442, 444, 445, 447, 448, 450, 452, 453, 455, 456, 459, 460, 461, 462, 463, 464, 465, 466, 467, 469, 470, 471, 472, 474, 475, 477, 478, 479, 481, 483, 488, 489, 492, 493, 495, 496, 497, 499, 500, 503, 506, 508, 509, 510, 511, 515, 517, 518, 519, 520, 521, 522, 523, 531, 532, 535, 536, 538, 539, 540, 542, 543, 544, 545, 546, 547, 548, 549, 551, 553, 555, 558, 560, 561, 562, 563, 566, 569, 570, 572, 573, 574, 575, 576, 577, 579, 580, 581, 582, 583, 584, 585, 586, 588, 589, 590, 591, 592, 593, 595, 596, 599, 600, 601, 603, 604, 606, 608, 609, 610, 612, 613, 615, 616, 617, 618, 619, 620, 622, 623, 624, 626, 627, 628, 629, 630, 631, 632, 634, 635, 636, 637, 638, 642, 643, 644, 647, 648, 650, 652, 653, 655, 656, 658, 659, 660, 661, 662, 663, 667, 668, 670, 671, 672, 673, 675, 677, 678, 683, 684, 685, 687, 691, 694, 696, 698, 699, 701, 702, 703, 704, 706, 708, 709, 710, 711, 712, 713, 715, 719, 720, 721, 723, 724, 726, 727, 728, 729, 730, 733, 734, 736, 738, 740, 742, 744, 746, 747, 748, 749, 752, 753, 754, 755, 760, 761, 762, 763, 765, 766, 767, 768, 769, 771, 773, 775, 776, 777, 778, 779, 780, 781, 783, 784, 785, 786, 787, 788, 789, 790, 791, 793, 794, 795, 797, 798, 801, 802, 804, 806, 807, 809, 810, 811, 813, 814, 816, 817, 818, 819, 820, 824, 826, 828, 829, 833, 835, 836, 837, 838, 839, 843, 844, 846, 847, 848, 849, 850, 851, 852, 853, 854, 855, 856, 857, 858, 859, 860, 861, 863, 864, 865, 866, 867, 868, 869, 870, 871, 874, 875, 877, 879, 881, 883, 884, 885, 887, 888, 889]
[14, 28, 29, 30, 33, 53, 70, 72, 78, 92, 102, 108, 124, 128, 129, 136, 149, 150, 170, 173, 184, 186, 187, 193, 202, 208, 214, 222, 227, 229, 237, 239, 258, 266, 273, 274, 278, 283, 286, 297, 301, 302, 326, 336, 346, 349, 354, 355, 356, 371, 375, 388, 405, 407, 412, 425, 433, 437, 442, 449, 453, 455, 460, 463, 472, 477, 481, 485, 489, 491, 495, 497, 513, 524, 539, 549, 558, 571, 576, 589, 593, 597, 598, 599, 612, 615, 616, 621, 626, 627, 645, 646, 648, 649, 655, 657, 660, 661, 673, 675, 687, 691, 711, 718, 731, 742, 743, 746, 753, 765, 768, 776, 785, 788, 793, 815, 816, 817, 823, 869, 885, 886]

[1, 2, 3, 4, 5, 7, 8, 9, 10, 11, 14, 15, 17, 18, 20, 21, 22, 23, 25, 26, 28, 29, 32, 33, 34, 35, 36, 37, 38, 39, 40, 41, 42, 44, 46, 47, 48, 49, 52, 55, 56, 57, 58, 59, 60, 62, 63, 65, 67, 69, 70, 72, 73, 74, 75, 76, 77, 79, 80, 82, 83, 84, 85, 87, 88, 89, 90, 91, 92, 93, 95, 97, 98, 99, 101, 104, 108, 109, 110, 112, 113, 114, 115, 117, 118, 119, 120, 121, 123, 125, 126, 128, 129, 131, 132, 134, 135, 136, 137, 141, 142, 143, 144, 145, 146, 147, 148, 151, 153, 154, 155, 157, 159, 161, 162, 163, 164, 166, 167, 168, 169, 171, 173, 175, 177, 179, 181, 182, 183, 184, 185, 187, 188, 189, 190, 192, 193, 194, 195, 199, 204, 206, 208, 209, 211, 213, 214, 216, 217, 218, 219, 222, 225, 227, 229, 230, 231, 232, 233, 234, 235, 236, 237, 238, 240, 241, 242, 243, 244, 246, 247, 249, 250, 251, 255, 257, 260, 261, 266, 267, 268, 269, 270, 271, 273, 274, 275, 276, 277, 278, 280, 282, 284, 285, 286, 287, 288, 291, 294, 295, 296, 297, 298, 299, 300, 301, 302, 305, 306, 307, 308, 309, 310, 313, 314, 315, 316, 317, 319, 320, 322, 323, 324, 325, 327, 329, 330, 332, 333, 334, 336, 337, 338, 340, 341, 343, 345, 347, 349, 351, 352, 353, 354, 356, 357, 358, 360, 361, 365, 366, 367, 368, 369, 370, 372, 373, 374, 376, 382, 384, 385, 386, 389, 390, 391, 392, 393, 397, 400, 401, 402, 403, 404, 405, 406, 407, 409, 410, 411, 413, 414, 415, 417, 418, 420, 421, 423, 425, 426, 427, 428, 431, 432, 434, 435, 436, 438, 439, 440, 441, 442, 444, 445, 447, 448, 450, 452, 453, 455, 456, 459, 460, 461, 462, 463, 464, 465, 466, 467, 469, 470, 471, 472, 474, 475, 477, 478, 479, 481, 483, 487, 488, 489, 492, 493, 495, 496, 497, 499, 500, 502, 503, 506, 508, 509, 510, 511, 515, 517, 518, 519, 520, 521, 522, 523, 525, 531, 532, 535, 536, 538, 539, 540, 542, 543, 544, 545, 546, 547, 548, 549, 551, 553, 555, 558, 560, 561, 562, 563, 566, 569, 570, 572, 573, 574, 575, 576, 577, 579, 580, 581, 582, 583, 584, 585, 586, 588, 589, 590, 591, 592, 593, 595, 596, 599, 600, 601, 603, 604, 606, 608, 609, 610, 612, 613, 615, 616, 617, 618, 619, 620, 621, 622, 623, 624, 626, 627, 628, 629, 630, 631, 632, 634, 635, 636, 637, 638, 639, 642, 643, 644, 647, 648, 650, 652, 653, 655, 656, 658, 659, 660, 661, 662, 663, 665, 667, 668, 670, 671, 672, 673, 675, 677, 678, 683, 684, 685, 687, 689, 691, 692, 694, 696, 698, 699, 701, 702, 703, 704, 706, 708, 709, 710, 711, 712, 713, 715, 719, 720, 721, 723, 724, 726, 727, 728, 729, 730, 733, 734, 736, 738, 740, 742, 744, 746, 747, 748, 749, 752, 753, 754, 755, 760, 761, 762, 763, 765, 766, 767, 768, 769, 771, 773, 775, 776, 777, 778, 779, 780, 781, 782, 783, 784, 785, 786, 787, 788, 789, 790, 791, 792, 793, 794, 795, 797, 798, 801, 802, 803, 804, 806, 807, 809, 810, 811, 813, 814, 816, 817, 818, 819, 820, 824, 826, 828, 829, 833, 835, 836, 837, 838, 839, 843, 844, 846, 847, 848, 849, 850, 851, 852, 853, 854, 855, 856, 857, 858, 859, 860, 861, 863, 864, 865, 866, 867, 868, 869, 870, 871, 874, 875, 877, 879, 881, 883, 884, 885, 887, 888, 889]
[14, 28, 29, 30, 33, 53, 70, 72, 78, 92, 102, 108, 124, 128, 129, 136, 149, 150, 170, 173, 184, 186, 187, 193, 202, 208, 214, 222, 227, 229, 237, 239, 258, 266, 273, 274, 278, 283, 286, 297, 301, 302, 326, 336, 346, 349, 354, 355, 356, 371, 375, 388, 405, 407, 412, 425, 433, 437, 442, 449, 453, 455, 460, 463, 472, 477, 481, 485, 489, 491, 495, 497, 513, 524, 539, 549, 558, 571, 576, 589, 593, 597, 598, 599, 612, 615, 616, 621, 626, 627, 645, 646, 648, 649, 655, 657, 660, 661, 673, 675, 687, 691, 711, 718, 731, 742, 743, 746, 753, 765, 768, 776, 785, 788, 793, 815, 816, 817, 823, 869, 885, 886]

[0, 1, 2, 3, 4, 5, 7, 8, 9, 10, 11, 14, 15, 17, 18, 20, 21, 22, 23, 25, 26, 28, 29, 32, 33, 34, 35, 36, 37, 38, 39, 40, 41, 42, 44, 46, 47, 48, 49, 52, 55, 56, 57, 58, 59, 60, 62, 63, 65, 67, 69, 70, 72, 73, 74, 75, 76, 77, 79, 80, 82, 83, 84, 85, 87, 88, 89, 90, 91, 92, 93, 95, 97, 98, 99, 101, 104, 108, 109, 110, 112, 113, 114, 115, 117, 118, 119, 120, 121, 123, 125, 126, 128, 129, 131, 132, 134, 135, 136, 137, 141, 142, 143, 144, 145, 146, 147, 148, 150, 151, 153, 154, 155, 156, 157, 159, 160, 161, 162, 163, 164, 165, 166, 167, 168, 169, 171, 173, 174, 175, 177, 179, 181, 182, 183, 184, 185, 187, 188, 189, 190, 192, 193, 194, 195, 199, 204, 206, 208, 209, 211, 213, 214, 216, 217, 218, 219, 222, 225, 227, 229, 230, 231, 232, 233, 234, 235, 236, 237, 238, 240, 241, 242, 243, 244, 246, 247, 249, 250, 251, 255, 256, 257, 260, 261, 266, 267, 268, 269, 270, 271, 273, 274, 275, 276, 277, 278, 280, 282, 284, 285, 286, 287, 288, 290, 291, 294, 295, 296, 297, 298, 299, 300, 301, 302, 305, 306, 307, 308, 309, 310, 313, 314, 315, 316, 317, 319, 320, 322, 323, 324, 325, 327, 329, 330, 332, 333, 334, 336, 337, 338, 340, 341, 343, 345, 347, 349, 351, 352, 353, 354, 356, 357, 358, 360, 361, 364, 365, 366, 367, 368, 369, 370, 372, 373, 374, 376, 379, 382, 384, 385, 386, 389, 390, 391, 392, 393, 397, 400, 401, 402, 403, 404, 405, 406, 407, 409, 410, 411, 413, 414, 415, 417, 418, 420, 421, 422, 423, 424, 425, 426, 427, 428, 431, 432, 434, 435, 436, 438, 439, 440, 441, 442, 444, 445, 447, 448, 450, 452, 453, 455, 456, 459, 460, 461, 462, 463, 464, 465, 466, 467, 469, 470, 471, 472, 473, 474, 475, 477, 478, 479, 481, 483, 487, 488, 489, 492, 493, 494, 495, 496, 497, 499, 500, 502, 503, 506, 508, 509, 510, 511, 512, 515, 517, 518, 519, 520, 521, 522, 523, 525, 531, 532, 535, 536, 538, 539, 540, 542, 543, 544, 545, 546, 547, 548, 549, 551, 553, 555, 556, 558, 560, 561, 562, 563, 566, 569, 570, 572, 573, 574, 575, 576, 577, 579, 580, 581, 582, 583, 584, 585, 586, 587, 588, 589, 590, 591, 592, 593, 595, 596, 599, 600, 601, 603, 604, 606, 608, 609, 610, 612, 613, 615, 616, 617, 618, 619, 620, 621, 622, 623, 624, 626, 627, 628, 629, 630, 631, 632, 634, 635, 636, 637, 638, 639, 642, 643, 644, 647, 648, 650, 652, 653, 655, 656, 658, 659, 660, 661, 662, 663, 665, 666, 667, 668, 670, 671, 672, 673, 675, 677, 678, 682, 683, 684, 685, 687, 689, 691, 692, 694, 696, 698, 699, 701, 702, 703, 704, 706, 708, 709, 710, 711, 712, 713, 714, 715, 719, 720, 721, 723, 724, 725, 726, 727, 728, 729, 730, 733, 734, 736, 738, 740, 742, 744, 746, 747, 748, 749, 752, 753, 754, 755, 760, 761, 762, 763, 765, 766, 767, 768, 769, 771, 773, 774, 775, 776, 777, 778, 779, 780, 781, 782, 783, 784, 785, 786, 787, 788, 789, 790, 791, 792, 793, 794, 795, 797, 798, 801, 802, 803, 804, 806, 807, 808, 809, 810, 811, 813, 814, 816, 817, 818, 819, 820, 824, 826, 828, 829, 830, 831, 833, 835, 836, 837, 838, 839, 843, 844, 846, 847, 848, 849, 850, 851, 852, 853, 854, 855, 856, 857, 858, 859, 860, 861, 863, 864, 865, 866, 867, 868, 869, 870, 871, 874, 875, 877, 879, 881, 883, 884, 885, 887, 888, 889]
[14, 28, 29, 30, 33, 53, 70, 72, 78, 92, 102, 108, 124, 128, 129, 136, 149, 150, 170, 173, 184, 186, 187, 193, 202, 208, 214, 222, 227, 229, 237, 239, 258, 266, 273, 274, 278, 283, 286, 297, 301, 302, 326, 336, 346, 349, 354, 355, 356, 371, 375, 388, 405, 407, 412, 425, 433, 437, 442, 449, 453, 455, 460, 463, 472, 477, 481, 485, 489, 491, 495, 497, 513, 524, 539, 549, 558, 571, 576, 589, 593, 597, 598, 599, 612, 615, 616, 621, 626, 627, 645, 646, 648, 649, 655, 657, 660, 661, 673, 675, 687, 691, 711, 718, 731, 742, 743, 746, 753, 765, 768, 776, 785, 788, 793, 815, 816, 817, 823, 869, 885, 886]

[0, 1, 2, 3, 4, 5, 7, 8, 9, 10, 11, 14, 15, 17, 18, 20, 21, 22, 23, 24, 25, 26, 28, 29, 30, 32, 33, 34, 35, 36, 37, 38, 39, 40, 41, 42, 44, 46, 47, 48, 49, 52, 55, 56, 57, 58, 59, 60, 62, 63, 65, 67, 69, 70, 72, 73, 74, 75, 76, 77, 79, 80, 82, 83, 84, 85, 87, 88, 89, 90, 91, 92, 93, 95, 97, 98, 99, 101, 104, 108, 109, 110, 112, 113, 114, 115, 117, 118, 119, 120, 121, 123, 125, 126, 127, 128, 129, 130, 131, 132, 133, 134, 135, 136, 137, 141, 142, 143, 144, 145, 146, 147, 148, 150, 151, 153, 154, 155, 156, 157, 159, 160, 161, 162, 163, 164, 165, 166, 167, 168, 169, 170, 171, 173, 174, 175, 177, 179, 181, 182, 183, 184, 185, 187, 188, 189, 190, 192, 193, 194, 195, 199, 203, 204, 206, 207, 208, 209, 211, 213, 214, 216, 217, 218, 219, 222, 225, 227, 229, 230, 231, 232, 233, 234, 235, 236, 237, 238, 240, 241, 242, 243, 244, 246, 247, 248, 249, 250, 251, 255, 256, 257, 258, 260, 261, 265, 266, 267, 268, 269, 270, 271, 273, 274, 275, 276, 277, 278, 280, 282, 284, 285, 286, 287, 288, 290, 291, 292, 294, 295, 296, 297, 298, 299, 300, 301, 302, 305, 306, 307, 308, 309, 310, 313, 314, 315, 316, 317, 319, 320, 322, 323, 324, 325, 327, 329, 330, 332, 333, 334, 336, 337, 338, 339, 340, 341, 343, 344, 345, 347, 349, 351, 352, 353, 354, 356, 357, 358, 360, 361, 364, 365, 366, 367, 368, 369, 370, 372, 373, 374, 376, 379, 382, 384, 385, 386, 389, 390, 391, 392, 393, 397, 398, 400, 401, 402, 403, 404, 405, 406, 407, 409, 410, 411, 413, 414, 415, 417, 418, 420, 421, 422, 423, 424, 425, 426, 427, 428, 430, 431, 432, 434, 435, 436, 438, 439, 440, 441, 442, 444, 445, 447, 448, 450, 452, 453, 455, 456, 459, 460, 461, 462, 463, 464, 465, 466, 467, 469, 470, 471, 472, 473, 474, 475, 477, 478, 479, 481, 483, 487, 488, 489, 492, 493, 494, 495, 496, 497, 499, 500, 502, 503, 506, 508, 509, 510, 511, 512, 515, 517, 518, 519, 520, 521, 522, 523, 525, 531, 532, 535, 536, 538, 539, 540, 542, 543, 544, 545, 546, 547, 548, 549, 551, 553, 555, 556, 558, 560, 561, 562, 563, 566, 569, 570, 572, 573, 574, 575, 576, 577, 579, 580, 581, 582, 583, 584, 585, 586, 587, 588, 589, 590, 591, 592, 593, 595, 596, 599, 600, 601, 602, 603, 604, 606, 608, 609, 610, 612, 613, 615, 616, 617, 618, 619, 620, 621, 622, 623, 624, 626, 627, 628, 629, 630, 631, 632, 634, 635, 636, 637, 638, 639, 642, 643, 644, 645, 647, 648, 649, 650, 652, 653, 655, 656, 658, 659, 660, 661, 662, 663, 664, 665, 666, 667, 668, 669, 670, 671, 672, 673, 675, 677, 678, 682, 683, 684, 685, 687, 688, 689, 691, 692, 694, 696, 698, 699, 701, 702, 703, 704, 706, 708, 709, 710, 711, 712, 713, 714, 715, 719, 720, 721, 723, 724, 725, 726, 727, 728, 729, 730, 733, 734, 736, 738, 740, 742, 744, 746, 747, 748, 749, 752, 753, 754, 755, 757, 760, 761, 762, 763, 765, 766, 767, 768, 769, 771, 773, 774, 775, 776, 777, 778, 779, 780, 781, 782, 783, 784, 785, 786, 787, 788, 789, 790, 791, 792, 793, 794, 795, 797, 798, 801, 802, 803, 804, 806, 807, 808, 809, 810, 811, 813, 814, 816, 817, 818, 819, 820, 824, 825, 826, 828, 829, 830, 831, 833, 835, 836, 837, 838, 839, 843, 844, 846, 847, 848, 849, 850, 851, 852, 853, 854, 855, 856, 857, 858, 859, 860, 861, 863, 864, 865, 866, 867, 868, 869, 870, 871, 874, 875, 876, 877, 879, 881, 883, 884, 885, 887, 888, 889]
[14, 28, 29, 30, 33, 53, 70, 72, 78, 92, 102, 108, 124, 128, 129, 136, 149, 150, 170, 173, 184, 186, 187, 193, 202, 208, 214, 222, 227, 229, 237, 239, 258, 266, 273, 274, 278, 283, 286, 297, 301, 302, 326, 336, 346, 349, 354, 355, 356, 371, 375, 388, 405, 407, 412, 425, 433, 437, 442, 449, 453, 455, 460, 463, 472, 477, 481, 485, 489, 491, 495, 497, 513, 524, 539, 549, 558, 571, 576, 589, 593, 597, 598, 599, 612, 615, 616, 621, 626, 627, 645, 646, 648, 649, 655, 657, 660, 661, 673, 675, 687, 691, 711, 718, 731, 742, 743, 746, 753, 765, 768, 776, 785, 788, 793, 815, 816, 817, 823, 869, 885, 886]

[0, 1, 2, 3, 4, 5, 7, 8, 9, 10, 11, 14, 15, 17, 18, 20, 21, 22, 23, 24, 25, 26, 28, 29, 30, 32, 33, 34, 35, 36, 37, 38, 39, 40, 41, 42, 44, 46, 47, 48, 49, 51, 52, 55, 56, 57, 58, 59, 60, 62, 63, 64, 65, 67, 69, 70, 72, 73, 74, 75, 76, 77, 79, 80, 82, 83, 84, 85, 87, 88, 89, 90, 91, 92, 93, 95, 97, 98, 99, 100, 101, 104, 108, 109, 110, 112, 113, 114, 115, 117, 118, 119, 120, 121, 123, 125, 126, 127, 128, 129, 130, 131, 132, 133, 134, 135, 136, 137, 141, 142, 143, 144, 145, 146, 147, 148, 150, 151, 152, 153, 154, 155, 156, 157, 159, 160, 161, 162, 163, 164, 165, 166, 167, 168, 169, 170, 171, 173, 174, 175, 177, 179, 181, 182, 183, 184, 185, 187, 188, 189, 190, 192, 193, 194, 195, 199, 203, 204, 206, 207, 208, 209, 211, 213, 214, 216, 217, 218, 219, 222, 225, 227, 229, 230, 231, 232, 233, 234, 235, 236, 237, 238, 240, 241, 242, 243, 244, 246, 247, 248, 249, 250, 251, 255, 256, 257, 258, 260, 261, 265, 266, 267, 268, 269, 270, 271, 273, 274, 275, 276, 277, 278, 280, 282, 284, 285, 286, 287, 288, 290, 291, 292, 294, 295, 296, 297, 298, 299, 300, 301, 302, 305, 306, 307, 308, 309, 310, 313, 314, 315, 316, 317, 319, 320, 322, 323, 324, 325, 327, 328, 329, 330, 332, 333, 334, 336, 337, 338, 339, 340, 341, 342, 343, 344, 345, 347, 349, 351, 352, 353, 354, 356, 357, 358, 360, 361, 364, 365, 366, 367, 368, 369, 370, 372, 373, 374, 376, 378, 379, 382, 384, 385, 386, 388, 389, 390, 391, 392, 393, 397, 398, 399, 400, 401, 402, 403, 404, 405, 406, 407, 409, 410, 411, 413, 414, 415, 417, 418, 420, 421, 422, 423, 424, 425, 426, 427, 428, 430, 431, 432, 434, 435, 436, 437, 438, 439, 440, 441, 442, 443, 444, 445, 447, 448, 450, 452, 453, 455, 456, 459, 460, 461, 462, 463, 464, 465, 466, 467, 469, 470, 471, 472, 473, 474, 475, 477, 478, 479, 481, 483, 487, 488, 489, 492, 493, 494, 495, 496, 497, 499, 500, 502, 503, 506, 508, 509, 510, 511, 512, 515, 517, 518, 519, 520, 521, 522, 523, 525, 528, 530, 531, 532, 533, 535, 536, 538, 539, 540, 542, 543, 544, 545, 546, 547, 548, 549, 551, 552, 553, 555, 556, 557, 558, 560, 561, 562, 563, 566, 569, 570, 571, 572, 573, 574, 575, 576, 577, 579, 580, 581, 582, 583, 584, 585, 586, 587, 588, 589, 590, 591, 592, 593, 595, 596, 599, 600, 601, 602, 603, 604, 605, 606, 608, 609, 610, 612, 613, 615, 616, 617, 618, 619, 620, 621, 622, 623, 624, 626, 627, 628, 629, 630, 631, 632, 633, 634, 635, 636, 637, 638, 639, 642, 643, 644, 645, 647, 648, 649, 650, 651, 652, 653, 655, 656, 658, 659, 660, 661, 662, 663, 664, 665, 666, 667, 668, 669, 670, 671, 672, 673, 675, 677, 678, 681, 682, 683, 684, 685, 687, 688, 689, 691, 692, 693, 694, 696, 698, 699, 701, 702, 703, 704, 706, 708, 709, 710, 711, 712, 713, 714, 715, 717, 719, 720, 721, 723, 724, 725, 726, 727, 728, 729, 730, 733, 734, 736, 738, 740, 742, 744, 746, 747, 748, 749, 752, 753, 754, 755, 757, 760, 761, 762, 763, 765, 766, 767, 768, 769, 771, 773, 774, 775, 776, 777, 778, 779, 780, 781, 782, 783, 784, 785, 786, 787, 788, 789, 790, 791, 792, 793, 794, 795, 797, 798, 801, 802, 803, 804, 806, 807, 808, 809, 810, 811, 813, 814, 816, 817, 818, 819, 820, 824, 825, 826, 827, 828, 829, 830, 831, 833, 835, 836, 837, 838, 839, 843, 844, 846, 847, 848, 849, 850, 851, 852, 853, 854, 855, 856, 857, 858, 859, 860, 861, 863, 864, 865, 866, 867, 868, 869, 870, 871, 874, 875, 876, 877, 878, 879, 881, 883, 884, 885, 887, 888, 889]
[14, 28, 29, 30, 33, 53, 70, 72, 78, 92, 102, 108, 124, 128, 129, 136, 149, 150, 170, 173, 184, 186, 187, 193, 202, 208, 214, 222, 227, 229, 237, 239, 258, 266, 273, 274, 278, 283, 286, 297, 301, 302, 326, 336, 346, 349, 354, 355, 356, 371, 375, 388, 405, 407, 412, 425, 433, 437, 442, 449, 453, 455, 460, 463, 472, 477, 481, 485, 489, 491, 495, 497, 513, 524, 539, 549, 558, 571, 576, 589, 593, 597, 598, 599, 612, 615, 616, 621, 626, 627, 645, 646, 648, 649, 655, 657, 660, 661, 673, 675, 687, 691, 711, 718, 731, 742, 743, 746, 753, 765, 768, 776, 785, 788, 793, 815, 816, 817, 823, 869, 885, 886]

[0, 1, 2, 3, 4, 5, 7, 8, 9, 10, 11, 14, 15, 17, 18, 19, 20, 21, 22, 23, 24, 25, 26, 28, 29, 30, 32, 33, 34, 35, 36, 37, 38, 39, 40, 41, 42, 44, 45, 46, 47, 48, 49, 51, 52, 55, 56, 57, 58, 59, 60, 62, 63, 64, 65, 67, 69, 70, 72, 73, 74, 75, 76, 77, 78, 79, 80, 82, 83, 84, 85, 87, 88, 89, 90, 91, 92, 93, 94, 95, 97, 98, 99, 100, 101, 104, 107, 108, 109, 110, 112, 113, 114, 115, 117, 118, 119, 120, 121, 123, 125, 126, 127, 128, 129, 130, 131, 132, 133, 134, 135, 136, 137, 141, 142, 143, 144, 145, 146, 147, 148, 150, 151, 152, 153, 154, 155, 156, 157, 159, 160, 161, 162, 163, 164, 165, 166, 167, 168, 169, 170, 171, 172, 173, 174, 175, 177, 179, 181, 182, 183, 184, 185, 187, 188, 189, 190, 192, 193, 194, 195, 199, 203, 204, 205, 206, 207, 208, 209, 210, 211, 213, 214, 216, 217, 218, 219, 222, 225, 227, 229, 230, 231, 232, 233, 234, 235, 236, 237, 238, 240, 241, 242, 243, 244, 246, 247, 248, 249, 250, 251, 255, 256, 257, 258, 260, 261, 263, 265, 266, 267, 268, 269, 270, 271, 273, 274, 275, 276, 277, 278, 280, 282, 284, 285, 286, 287, 288, 290, 291, 292, 294, 295, 296, 297, 298, 299, 300, 301, 302, 305, 306, 307, 308, 309, 310, 312, 313, 314, 315, 316, 317, 319, 320, 322, 323, 324, 325, 327, 328, 329, 330, 332, 333, 334, 336, 337, 338, 339, 340, 341, 342, 343, 344, 345, 347, 349, 350, 351, 352, 353, 354, 356, 357, 358, 360, 361, 364, 365, 366, 367, 368, 369, 370, 372, 373, 374, 376, 378, 379, 382, 384, 385, 386, 388, 389, 390, 391, 392, 393, 397, 398, 399, 400, 401, 402, 403, 404, 405, 406, 407, 409, 410, 411, 413, 414, 415, 416, 417, 418, 420, 421, 422, 423, 424, 425, 426, 427, 428, 430, 431, 432, 434, 435, 436, 437, 438, 439, 440, 441, 442, 443, 444, 445, 447, 448, 450, 452, 453, 455, 456, 459, 460, 461, 462, 463, 464, 465, 466, 467, 469, 470, 471, 472, 473, 474, 475, 477, 478, 479, 480, 481, 483, 487, 488, 489, 490, 492, 493, 494, 495, 496, 497, 498, 499, 500, 502, 503, 506, 508, 509, 510, 511, 512, 515, 517, 518, 519, 520, 521, 522, 523, 525, 528, 530, 531, 532, 533, 535, 536, 538, 539, 540, 542, 543, 544, 545, 546, 547, 548, 549, 550, 551, 552, 553, 555, 556, 557, 558, 560, 561, 562, 563, 566, 569, 570, 571, 572, 573, 574, 575, 576, 577, 579, 580, 581, 582, 583, 584, 585, 586, 587, 588, 589, 590, 591, 592, 593, 595, 596, 599, 600, 601, 602, 603, 604, 605, 606, 608, 609, 610, 612, 613, 615, 616, 617, 618, 619, 620, 621, 622, 623, 624, 626, 627, 628, 629, 630, 631, 632, 633, 634, 635, 636, 637, 638, 639, 642, 643, 644, 645, 646, 647, 648, 649, 650, 651, 652, 653, 655, 656, 658, 659, 660, 661, 662, 663, 664, 665, 666, 667, 668, 669, 670, 671, 672, 673, 675, 677, 678, 680, 681, 682, 683, 684, 685, 687, 688, 689, 690, 691, 692, 693, 694, 696, 698, 699, 701, 702, 703, 704, 706, 708, 709, 710, 711, 712, 713, 714, 715, 717, 718, 719, 720, 721, 723, 724, 725, 726, 727, 728, 729, 730, 733, 734, 736, 738, 740, 742, 744, 746, 747, 748, 749, 752, 753, 754, 755, 756, 757, 760, 761, 762, 763, 765, 766, 767, 768, 769, 771, 773, 774, 775, 776, 777, 778, 779, 780, 781, 782, 783, 784, 785, 786, 787, 788, 789, 790, 791, 792, 793, 794, 795, 797, 798, 800, 801, 802, 803, 804, 806, 807, 808, 809, 810, 811, 813, 814, 815, 816, 817, 818, 819, 820, 824, 825, 826, 827, 828, 829, 830, 831, 833, 835, 836, 837, 838, 839, 843, 844, 845, 846, 847, 848, 849, 850, 851, 852, 853, 854, 855, 856, 857, 858, 859, 860, 861, 862, 863, 864, 865, 866, 867, 868, 869, 870, 871, 874, 875, 876, 877, 878, 879, 881, 883, 884, 885, 887, 888, 889]
[14, 28, 29, 30, 33, 53, 70, 72, 78, 92, 102, 108, 124, 128, 129, 136, 149, 150, 170, 173, 184, 186, 187, 193, 202, 208, 214, 222, 227, 229, 237, 239, 258, 266, 273, 274, 278, 283, 286, 297, 301, 302, 326, 336, 346, 349, 354, 355, 356, 371, 375, 388, 405, 407, 412, 425, 433, 437, 442, 449, 453, 455, 460, 463, 472, 477, 481, 485, 489, 491, 495, 497, 513, 524, 539, 549, 558, 571, 576, 589, 593, 597, 598, 599, 612, 615, 616, 621, 626, 627, 645, 646, 648, 649, 655, 657, 660, 661, 673, 675, 687, 691, 711, 718, 731, 742, 743, 746, 753, 765, 768, 776, 785, 788, 793, 815, 816, 817, 823, 869, 885, 886]

[0, 1, 2, 3, 4, 5, 6, 7, 8, 9, 10, 11, 14, 15, 17, 18, 19, 20, 21, 22, 23, 24, 25, 26, 28, 29, 30, 32, 33, 34, 35, 36, 37, 38, 39, 40, 41, 42, 44, 45, 46, 47, 48, 49, 51, 52, 54, 55, 56, 57, 58, 59, 60, 62, 63, 64, 65, 67, 69, 70, 72, 73, 74, 75, 76, 77, 78, 79, 80, 82, 83, 84, 85, 87, 88, 89, 90, 91, 92, 93, 94, 95, 97, 98, 99, 100, 101, 104, 107, 108, 109, 110, 112, 113, 114, 115, 117, 118, 119, 120, 121, 123, 125, 126, 127, 128, 129, 130, 131, 132, 133, 134, 135, 136, 137, 141, 142, 143, 144, 145, 146, 147, 148, 150, 151, 152, 153, 154, 155, 156, 157, 159, 160, 161, 162, 163, 164, 165, 166, 167, 168, 169, 170, 171, 172, 173, 174, 175, 177, 179, 181, 182, 183, 184, 185, 187, 188, 189, 190, 192, 193, 194, 195, 199, 203, 204, 205, 206, 207, 208, 209, 210, 211, 213, 214, 216, 217, 218, 219, 222, 225, 227, 229, 230, 231, 232, 233, 234, 235, 236, 237, 238, 239, 240, 241, 242, 243, 244, 246, 247, 248, 249, 250, 251, 255, 256, 257, 258, 260, 261, 263, 265, 266, 267, 268, 269, 270, 271, 273, 274, 275, 276, 277, 278, 280, 282, 284, 285, 286, 287, 288, 290, 291, 292, 294, 295, 296, 297, 298, 299, 300, 301, 302, 304, 305, 306, 307, 308, 309, 310, 312, 313, 314, 315, 316, 317, 319, 320, 322, 323, 324, 325, 327, 328, 329, 330, 332, 333, 334, 336, 337, 338, 339, 340, 341, 342, 343, 344, 345, 347, 349, 350, 351, 352, 353, 354, 356, 357, 358, 360, 361, 364, 365, 366, 367, 368, 369, 370, 372, 373, 374, 376, 378, 379, 381, 382, 384, 385, 386, 388, 389, 390, 391, 392, 393, 394, 396, 397, 398, 399, 400, 401, 402, 403, 404, 405, 406, 407, 409, 410, 411, 413, 414, 415, 416, 417, 418, 419, 420, 421, 422, 423, 424, 425, 426, 427, 428, 430, 431, 432, 433, 434, 435, 436, 437, 438, 439, 440, 441, 442, 443, 444, 445, 447, 448, 450, 452, 453, 455, 456, 459, 460, 461, 462, 463, 464, 465, 466, 467, 469, 470, 471, 472, 473, 474, 475, 476, 477, 478, 479, 480, 481, 483, 486, 487, 488, 489, 490, 492, 493, 494, 495, 496, 497, 498, 499, 500, 501, 502, 503, 504, 506, 507, 508, 509, 510, 511, 512, 515, 516, 517, 518, 519, 520, 521, 522, 523, 525, 526, 528, 530, 531, 532, 533, 535, 536, 537, 538, 539, 540, 541, 542, 543, 544, 545, 546, 547, 548, 549, 550, 551, 552, 553, 555, 556, 557, 558, 560, 561, 562, 563, 566, 569, 570, 571, 572, 573, 574, 575, 576, 577, 579, 580, 581, 582, 583, 584, 585, 586, 587, 588, 589, 590, 591, 592, 593, 595, 596, 599, 600, 601, 602, 603, 604, 605, 606, 608, 609, 610, 612, 613, 615, 616, 617, 618, 619, 620, 621, 622, 623, 624, 626, 627, 628, 629, 630, 631, 632, 633, 634, 635, 636, 637, 638, 639, 640, 642, 643, 644, 645, 646, 647, 648, 649, 650, 651, 652, 653, 655, 656, 658, 659, 660, 661, 662, 663, 664, 665, 666, 667, 668, 669, 670, 671, 672, 673, 675, 677, 678, 680, 681, 682, 683, 684, 685, 687, 688, 689, 690, 691, 692, 693, 694, 696, 698, 699, 700, 701, 702, 703, 704, 706, 708, 709, 710, 711, 712, 713, 714, 715, 717, 718, 719, 720, 721, 723, 724, 725, 726, 727, 728, 729, 730, 732, 733, 734, 736, 738, 740, 742, 744, 745, 746, 747, 748, 749, 752, 753, 754, 755, 756, 757, 760, 761, 762, 763, 765, 766, 767, 768, 769, 771, 773, 774, 775, 776, 777, 778, 779, 780, 781, 782, 783, 784, 785, 786, 787, 788, 789, 790, 791, 792, 793, 794, 795, 797, 798, 799, 800, 801, 802, 803, 804, 805, 806, 807, 808, 809, 810, 811, 813, 814, 815, 816, 817, 818, 819, 820, 821, 824, 825, 826, 827, 828, 829, 830, 831, 833, 835, 836, 837, 838, 839, 843, 844, 845, 846, 847, 848, 849, 850, 851, 852, 853, 854, 855, 856, 857, 858, 859, 860, 861, 862, 863, 864, 865, 866, 867, 868, 869, 870, 871, 874, 875, 876, 877, 878, 879, 881, 883, 884, 885, 887, 888, 889]
[14, 28, 29, 30, 33, 53, 70, 72, 78, 92, 102, 108, 124, 128, 129, 136, 149, 150, 170, 173, 184, 186, 187, 193, 202, 208, 214, 222, 227, 229, 237, 239, 258, 266, 273, 274, 278, 283, 286, 297, 301, 302, 326, 336, 346, 349, 354, 355, 356, 371, 375, 388, 405, 407, 412, 425, 433, 437, 442, 449, 453, 455, 460, 463, 472, 477, 481, 485, 489, 491, 495, 497, 513, 524, 539, 549, 558, 571, 576, 589, 593, 597, 598, 599, 612, 615, 616, 621, 626, 627, 645, 646, 648, 649, 655, 657, 660, 661, 673, 675, 687, 691, 711, 718, 731, 742, 743, 746, 753, 765, 768, 776, 785, 788, 793, 815, 816, 817, 823, 869, 885, 886]

[0, 1, 2, 3, 4, 5, 6, 7, 8, 9, 10, 11, 14, 15, 17, 18, 19, 20, 21, 22, 23, 24, 25, 26, 28, 29, 30, 32, 33, 34, 35, 36, 37, 38, 39, 40, 41, 42, 44, 45, 46, 47, 48, 49, 51, 52, 54, 55, 56, 57, 58, 59, 60, 62, 63, 64, 65, 67, 69, 70, 72, 73, 74, 75, 76, 77, 78, 79, 80, 82, 83, 84, 85, 87, 88, 89, 90, 91, 92, 93, 94, 95, 97, 98, 99, 100, 101, 104, 106, 107, 108, 109, 110, 112, 113, 114, 115, 117, 118, 119, 120, 121, 123, 125, 126, 127, 128, 129, 130, 131, 132, 133, 134, 135, 136, 137, 141, 142, 143, 144, 145, 146, 147, 148, 150, 151, 152, 153, 154, 155, 156, 157, 159, 160, 161, 162, 163, 164, 165, 166, 167, 168, 169, 170, 171, 172, 173, 174, 175, 177, 179, 181, 182, 183, 184, 185, 186, 187, 188, 189, 190, 192, 193, 194, 195, 199, 203, 204, 205, 206, 207, 208, 209, 210, 211, 212, 213, 214, 216, 217, 218, 219, 222, 225, 227, 229, 230, 231, 232, 233, 234, 235, 236, 237, 238, 239, 240, 241, 242, 243, 244, 246, 247, 248, 249, 250, 251, 255, 256, 257, 258, 260, 261, 263, 264, 265, 266, 267, 268, 269, 270, 271, 273, 274, 275, 276, 277, 278, 280, 282, 284, 285, 286, 287, 288, 290, 291, 292, 294, 295, 296, 297, 298, 299, 300, 301, 302, 304, 305, 306, 307, 308, 309, 310, 312, 313, 314, 315, 316, 317, 319, 320, 321, 322, 323, 324, 325, 327, 328, 329, 330, 331, 332, 333, 334, 336, 337, 338, 339, 340, 341, 342, 343, 344, 345, 347, 349, 350, 351, 352, 353, 354, 356, 357, 358, 360, 361, 364, 365, 366, 367, 368, 369, 370, 372, 373, 374, 376, 378, 379, 381, 382, 384, 385, 386, 388, 389, 390, 391, 392, 393, 394, 395, 396, 397, 398, 399, 400, 401, 402, 403, 404, 405, 406, 407, 409, 410, 411, 413, 414, 415, 416, 417, 418, 419, 420, 421, 422, 423, 424, 425, 426, 427, 428, 429, 430, 431, 432, 433, 434, 435, 436, 437, 438, 439, 440, 441, 442, 443, 444, 445, 447, 448, 450, 451, 452, 453, 455, 456, 459, 460, 461, 462, 463, 464, 465, 466, 467, 469, 470, 471, 472, 473, 474, 475, 476, 477, 478, 479, 480, 481, 483, 486, 487, 488, 489, 490, 492, 493, 494, 495, 496, 497, 498, 499, 500, 501, 502, 503, 504, 506, 507, 508, 509, 510, 511, 512, 513, 515, 516, 517, 518, 519, 520, 521, 522, 523, 525, 526, 528, 530, 531, 532, 533, 535, 536, 537, 538, 539, 540, 541, 542, 543, 544, 545, 546, 547, 548, 549, 550, 551, 552, 553, 554, 555, 556, 557, 558, 560, 561, 562, 563, 566, 569, 570, 571, 572, 573, 574, 575, 576, 577, 579, 580, 581, 582, 583, 584, 585, 586, 587, 588, 589, 590, 591, 592, 593, 595, 596, 599, 600, 601, 602, 603, 604, 605, 606, 607, 608, 609, 610, 612, 613, 615, 616, 617, 618, 619, 620, 621, 622, 623, 624, 626, 627, 628, 629, 630, 631, 632, 633, 634, 635, 636, 637, 638, 639, 640, 642, 643, 644, 645, 646, 647, 648, 649, 650, 651, 652, 653, 655, 656, 657, 658, 659, 660, 661, 662, 663, 664, 665, 666, 667, 668, 669, 670, 671, 672, 673, 675, 676, 677, 678, 680, 681, 682, 683, 684, 685, 686, 687, 688, 689, 690, 691, 692, 693, 694, 696, 698, 699, 700, 701, 702, 703, 704, 706, 708, 709, 710, 711, 712, 713, 714, 715, 717, 718, 719, 720, 721, 723, 724, 725, 726, 727, 728, 729, 730, 731, 732, 733, 734, 736, 737, 738, 740, 741, 742, 744, 745, 746, 747, 748, 749, 752, 753, 754, 755, 756, 757, 760, 761, 762, 763, 765, 766, 767, 768, 769, 771, 773, 774, 775, 776, 777, 778, 779, 780, 781, 782, 783, 784, 785, 786, 787, 788, 789, 790, 791, 792, 793, 794, 795, 797, 798, 799, 800, 801, 802, 803, 804, 805, 806, 807, 808, 809, 810, 811, 813, 814, 815, 816, 817, 818, 819, 820, 821, 823, 824, 825, 826, 827, 828, 829, 830, 831, 833, 834, 835, 836, 837, 838, 839, 840, 843, 844, 845, 846, 847, 848, 849, 850, 851, 852, 853, 854, 855, 856, 857, 858, 859, 860, 861, 862, 863, 864, 865, 866, 867, 868, 869, 870, 871, 872, 874, 875, 876, 877, 878, 879, 880, 881, 882, 883, 884, 885, 887, 888, 889]
[14, 28, 29, 30, 33, 53, 70, 72, 78, 92, 102, 108, 124, 128, 129, 136, 149, 150, 170, 173, 184, 186, 187, 193, 202, 208, 214, 222, 227, 229, 237, 239, 258, 266, 273, 274, 278, 283, 286, 297, 301, 302, 326, 336, 346, 349, 354, 355, 356, 371, 375, 388, 405, 407, 412, 425, 433, 437, 442, 449, 453, 455, 460, 463, 472, 477, 481, 485, 489, 491, 495, 497, 513, 524, 539, 549, 558, 571, 576, 589, 593, 597, 598, 599, 612, 615, 616, 621, 626, 627, 645, 646, 648, 649, 655, 657, 660, 661, 673, 675, 687, 691, 711, 718, 731, 742, 743, 746, 753, 765, 768, 776, 785, 788, 793, 815, 816, 817, 823, 869, 885, 886]

[0, 1, 2, 3, 4, 5, 6, 7, 8, 9, 10, 11, 14, 15, 17, 18, 19, 20, 21, 22, 23, 24, 25, 26, 28, 29, 30, 32, 33, 34, 35, 36, 37, 38, 39, 40, 41, 42, 44, 45, 46, 47, 48, 49, 51, 52, 54, 55, 56, 57, 58, 59, 60, 62, 63, 64, 65, 66, 67, 69, 70, 72, 73, 74, 75, 76, 77, 78, 79, 80, 82, 83, 84, 85, 87, 88, 89, 90, 91, 92, 93, 94, 95, 96, 97, 98, 99, 100, 101, 102, 104, 106, 107, 108, 109, 110, 112, 113, 114, 115, 116, 117, 118, 119, 120, 121, 123, 125, 126, 127, 128, 129, 130, 131, 132, 133, 134, 135, 136, 137, 141, 142, 143, 144, 145, 146, 147, 148, 150, 151, 152, 153, 154, 155, 156, 157, 159, 160, 161, 162, 163, 164, 165, 166, 167, 168, 169, 170, 171, 172, 173, 174, 175, 177, 179, 181, 182, 183, 184, 185, 186, 187, 188, 189, 190, 192, 193, 194, 195, 199, 203, 204, 205, 206, 207, 208, 209, 210, 211, 212, 213, 214, 216, 217, 218, 219, 222, 224, 225, 227, 229, 230, 231, 232, 233, 234, 235, 236, 237, 238, 239, 240, 241, 242, 243, 244, 246, 247, 248, 249, 250, 251, 255, 256, 257, 258, 260, 261, 263, 264, 265, 266, 267, 268, 269, 270, 271, 273, 274, 275, 276, 277, 278, 280, 282, 283, 284, 285, 286, 287, 288, 290, 291, 292, 294, 295, 296, 297, 298, 299, 300, 301, 302, 304, 305, 306, 307, 308, 309, 310, 311, 312, 313, 314, 315, 316, 317, 319, 320, 321, 322, 323, 324, 325, 327, 328, 329, 330, 331, 332, 333, 334, 336, 337, 338, 339, 340, 341, 342, 343, 344, 345, 347, 349, 350, 351, 352, 353, 354, 356, 357, 358, 360, 361, 364, 365, 366, 367, 368, 369, 370, 371, 372, 373, 374, 375, 376, 378, 379, 381, 382, 384, 385, 386, 388, 389, 390, 391, 392, 393, 394, 395, 396, 397, 398, 399, 400, 401, 402, 403, 404, 405, 406, 407, 409, 410, 411, 413, 414, 415, 416, 417, 418, 419, 420, 421, 422, 423, 424, 425, 426, 427, 428, 429, 430, 431, 432, 433, 434, 435, 436, 437, 438, 439, 440, 441, 442, 443, 444, 445, 447, 448, 449, 450, 451, 452, 453, 454, 455, 456, 459, 460, 461, 462, 463, 464, 465, 466, 467, 469, 470, 471, 472, 473, 474, 475, 476, 477, 478, 479, 480, 481, 483, 486, 487, 488, 489, 490, 492, 493, 494, 495, 496, 497, 498, 499, 500, 501, 502, 503, 504, 506, 507, 508, 509, 510, 511, 512, 513, 514, 515, 516, 517, 518, 519, 520, 521, 522, 523, 525, 526, 528, 530, 531, 532, 533, 535, 536, 537, 538, 539, 540, 541, 542, 543, 544, 545, 546, 547, 548, 549, 550, 551, 552, 553, 554, 555, 556, 557, 558, 559, 560, 561, 562, 563, 565, 566, 569, 570, 571, 572, 573, 574, 575, 576, 577, 578, 579, 580, 581, 582, 583, 584, 585, 586, 587, 588, 589, 590, 591, 592, 593, 594, 595, 596, 598, 599, 600, 601, 602, 603, 604, 605, 606, 607, 608, 609, 610, 612, 613, 615, 616, 617, 618, 619, 620, 621, 622, 623, 624, 626, 627, 628, 629, 630, 631, 632, 633, 634, 635, 636, 637, 638, 639, 640, 642, 643, 644, 645, 646, 647, 648, 649, 650, 651, 652, 653, 655, 656, 657, 658, 659, 660, 661, 662, 663, 664, 665, 666, 667, 668, 669, 670, 671, 672, 673, 675, 676, 677, 678, 680, 681, 682, 683, 684, 685, 686, 687, 688, 689, 690, 691, 692, 693, 694, 696, 697, 698, 699, 700, 701, 702, 703, 704, 706, 708, 709, 710, 711, 712, 713, 714, 715, 716, 717, 718, 719, 720, 721, 722, 723, 724, 725, 726, 727, 728, 729, 730, 731, 732, 733, 734, 736, 737, 738, 740, 741, 742, 744, 745, 746, 747, 748, 749, 751, 752, 753, 754, 755, 756, 757, 760, 761, 762, 763, 765, 766, 767, 768, 769, 771, 772, 773, 774, 775, 776, 777, 778, 779, 780, 781, 782, 783, 784, 785, 786, 787, 788, 789, 790, 791, 792, 793, 794, 795, 796, 797, 798, 799, 800, 801, 802, 803, 804, 805, 806, 807, 808, 809, 810, 811, 813, 814, 815, 816, 817, 818, 819, 820, 821, 822, 823, 824, 825, 826, 827, 828, 829, 830, 831, 833, 834, 835, 836, 837, 838, 839, 840, 841, 843, 844, 845, 846, 847, 848, 849, 850, 851, 852, 853, 854, 855, 856, 857, 858, 859, 860, 861, 862, 863, 864, 865, 866, 867, 868, 869, 870, 871, 872, 874, 875, 876, 877, 878, 879, 880, 881, 882, 883, 884, 885, 887, 888, 889]
[14, 28, 29, 30, 33, 53, 70, 72, 78, 92, 102, 108, 124, 128, 129, 136, 149, 150, 170, 173, 184, 186, 187, 193, 202, 208, 214, 222, 227, 229, 237, 239, 258, 266, 273, 274, 278, 283, 286, 297, 301, 302, 326, 336, 346, 349, 354, 355, 356, 371, 375, 388, 405, 407, 412, 425, 433, 437, 442, 449, 453, 455, 460, 463, 472, 477, 481, 485, 489, 491, 495, 497, 513, 524, 539, 549, 558, 571, 576, 589, 593, 597, 598, 599, 612, 615, 616, 621, 626, 627, 645, 646, 648, 649, 655, 657, 660, 661, 673, 675, 687, 691, 711, 718, 731, 742, 743, 746, 753, 765, 768, 776, 785, 788, 793, 815, 816, 817, 823, 869, 885, 886]

