[1, 26, 70, 116, 144, 171, 221, 228, 271, 276, 297, 315, 323, 336, 394, 478, 555, 598, 619, 651, 683, 715]
[11, 41, 58, 142, 176, 196, 274, 290, 346, 378, 457, 501, 510, 567, 676, 740, 782, 831, 846, 864, 879, 882]

[1, 26, 70, 116, 144, 171, 221, 228, 271, 276, 297, 315, 323, 336, 394, 478, 555, 598, 619, 651, 683, 715]
[8, 11, 29, 36, 37, 41, 43, 48, 58, 61, 75, 79, 81, 86, 95, 96, 98, 114, 118, 120, 142, 152, 158, 159, 176, 188, 192, 196, 197, 200, 229, 244, 255, 259, 262, 267, 274, 287, 290, 291, 300, 321, 326, 334, 338, 345, 346, 348, 350, 358, 363, 371, 378, 395, 418, 431, 433, 453, 454, 456, 457, 466, 468, 481, 484, 501, 509, 510, 538, 542, 543, 549, 567, 591, 597, 599, 600, 602, 604, 611, 612, 626, 635, 638, 642, 662, 667, 672, 676, 700, 704, 732, 733, 740, 742, 747, 748, 749, 768, 772, 774, 780, 782, 795, 804, 805, 808, 822, 831, 835, 845, 846, 848, 850, 854, 856, 858, 860, 864, 867, 879, 882]

[1, 26, 55, 70, 71, 74, 94, 116, 127, 144, 154, 171, 217, 221, 228, 271, 276, 297, 312, 315, 323, 336, 366, 382, 394, 409, 419, 462, 466, 478, 523, 555, 598, 619, 629, 651, 672, 676, 683, 684, 715, 733, 745, 787, 798, 847, 859]
[8, 11, 29, 36, 37, 41, 43, 48, 58, 61, 75, 79, 81, 86, 95, 96, 98, 114, 118, 120, 142, 152, 158, 159, 176, 188, 192, 196, 197, 200, 229, 244, 255, 259, 262, 267, 274, 287, 290, 291, 300, 321, 326, 334, 338, 345, 346, 348, 350, 358, 363, 371, 378, 395, 418, 431, 433, 453, 454, 456, 457, 466, 468, 481, 484, 501, 509, 510, 538, 542, 543, 549, 567, 591, 597, 599, 600, 602, 604, 611, 612, 626, 635, 638, 642, 662, 667, 672, 676, 700, 704, 732, 733, 740, 742, 747, 748, 749, 768, 772, 774, 780, 782, 795, 804, 805, 808, 822, 831, 835, 845, 846, 848, 850, 854, 856, 858, 860, 864, 867, 879, 882]

[1, 6, 26, 30, 55, 70, 71, 73, 74, 94, 116, 127, 144, 151, 154, 169, 171, 176, 184, 217, 221, 228, 266, 271, 273, 274, 276, 297, 312, 315, 323, 336, 366, 372, 382, 394, 409, 419, 421, 462, 466, 468, 478, 523, 530, 555, 575, 579, 597, 598, 606, 619, 629, 651, 654, 672, 676, 680, 683, 684, 688, 715, 733, 745, 787, 798, 807, 839, 847, 859, 864, 878]
[8, 11, 29, 36, 37, 41, 43, 48, 58, 61, 75, 79, 81, 86, 95, 96, 98, 114, 118, 120, 142, 152, 158, 159, 176, 188, 192, 196, 197, 200, 229, 244, 255, 259, 262, 267, 274, 287, 290, 291, 300, 321, 326, 334, 338, 345, 346, 348, 350, 358, 363, 371, 378, 395, 418, 431, 433, 453, 454, 456, 457, 466, 468, 481, 484, 501, 509, 510, 538, 542, 543, 549, 567, 591, 597, 599, 600, 602, 604, 611, 612, 626, 635, 638, 642, 662, 667, 672, 676, 700, 704, 732, 733, 740, 742, 747, 748, 749, 768, 772, 774, 780, 782, 795, 804, 805, 808, 822, 831, 835, 845, 846, 848, 850, 854, 856, 858, 860, 864, 867, 879, 882]

[1, 6, 26, 30, 32, 55, 70, 71, 73, 74, 79, 94, 116, 127, 144, 151, 154, 162, 168, 169, 170, 171, 176, 177, 183, 184, 189, 217, 221, 228, 240, 266, 267, 271, 273, 274, 276, 277, 278, 297, 312, 315, 322, 323, 336, 366, 372, 382, 394, 405, 409, 411, 415, 419, 421, 436, 462, 466, 468, 478, 512, 522, 523, 530, 555, 560, 575, 579, 597, 598, 606, 619, 629, 637, 651, 652, 654, 663, 672, 674, 676, 680, 683, 684, 688, 698, 715, 718, 733, 745, 757, 787, 798, 807, 812, 839, 843, 847, 859, 861, 864, 878, 887]
[8, 11, 29, 36, 37, 41, 43, 48, 58, 61, 75, 79, 81, 86, 95, 96, 98, 114, 118, 120, 142, 152, 158, 159, 176, 188, 192, 196, 197, 200, 229, 244, 255, 259, 262, 267, 274, 287, 290, 291, 300, 321, 326, 334, 338, 345, 346, 348, 350, 358, 363, 371, 378, 395, 418, 431, 433, 453, 454, 456, 457, 466, 468, 481, 484, 501, 509, 510, 538, 542, 543, 549, 567, 591, 597, 599, 600, 602, 604, 611, 612, 626, 635, 638, 642, 662, 667, 672, 676, 700, 704, 732, 733, 740, 742, 747, 748, 749, 768, 772, 774, 780, 782, 795, 804, 805, 808, 822, 831, 835, 845, 846, 848, 850, 854, 856, 858, 860, 864, 867, 879, 882]

[1, 6, 26, 30, 32, 37, 50, 55, 58, 60, 70, 71, 73, 74, 79, 80, 82, 94, 116, 126, 127, 138, 140, 143, 144, 151, 154, 157, 162, 168, 169, 170, 171, 176, 177, 183, 184, 189, 213, 217, 221, 225, 228, 240, 262, 266, 267, 271, 273, 274, 276, 277, 278, 297, 312, 315, 322, 323, 336, 354, 366, 367, 372, 381, 382, 394, 405, 409, 410, 411, 415, 419, 421, 436, 455, 462, 466, 468, 478, 484, 501, 512, 522, 523, 530, 555, 560, 575, 579, 597, 598, 606, 619, 629, 637, 651, 652, 654, 663, 672, 674, 676, 680, 683, 684, 688, 698, 715, 718, 721, 733, 745, 757, 783, 784, 787, 798, 807, 812, 839, 843, 847, 859, 861, 864, 871, 878, 887]
[8, 11, 29, 36, 37, 41, 43, 48, 58, 61, 75, 79, 81, 86, 95, 96, 98, 114, 118, 120, 142, 152, 158, 159, 176, 188, 192, 196, 197, 200, 229, 244, 255, 259, 262, 267, 274, 287, 290, 291, 300, 321, 326, 334, 338, 345, 346, 348, 350, 358, 363, 371, 378, 395, 418, 431, 433, 453, 454, 456, 457, 466, 468, 481, 484, 501, 509, 510, 538, 542, 543, 549, 567, 591, 597, 599, 600, 602, 604, 611, 612, 626, 635, 638, 642, 662, 667, 672, 676, 700, 704, 732, 733, 740, 742, 747, 748, 749, 768, 772, 774, 780, 782, 795, 804, 805, 808, 822, 831, 835, 845, 846, 848, 850, 854, 856, 858, 860, 864, 867, 879, 882]

[1, 6, 26, 30, 32, 37, 50, 55, 58, 60, 69, 70, 71, 73, 74, 79, 80, 82, 83, 93, 94, 109, 116, 126, 127, 138, 140, 143, 144, 151, 152, 154, 155, 157, 162, 168, 169, 170, 171, 176, 177, 183, 184, 189, 194, 213, 215, 217, 221, 225, 228, 240, 241, 262, 264, 266, 267, 271, 273, 274, 276, 277, 278, 295, 297, 312, 315, 322, 323, 336, 354, 366, 367, 372, 381, 382, 394, 403, 405, 409, 410, 411, 415, 419, 421, 424, 436, 455, 462, 466, 468, 478, 484, 501, 512, 520, 522, 523, 529, 530, 546, 548, 555, 559, 560, 575, 579, 591, 593, 597, 598, 606, 610, 619, 629, 637, 651, 652, 654, 660, 663, 671, 672, 674, 676, 680, 683, 684, 688, 698, 708, 715, 718, 721, 728, 733, 734, 745, 757, 781, 783, 784, 787, 791, 798, 807, 812, 839, 843, 847, 859, 861, 864, 871, 876, 878, 887]
[8, 11, 29, 36, 37, 41, 43, 48, 58, 61, 75, 79, 81, 86, 95, 96, 98, 114, 118, 120, 142, 152, 158, 159, 176, 188, 192, 196, 197, 200, 229, 244, 255, 259, 262, 267, 274, 287, 290, 291, 300, 321, 326, 334, 338, 345, 346, 348, 350, 358, 363, 371, 378, 395, 418, 431, 433, 453, 454, 456, 457, 466, 468, 481, 484, 501, 509, 510, 538, 542, 543, 549, 567, 591, 597, 599, 600, 602, 604, 611, 612, 626, 635, 638, 642, 662, 667, 672, 676, 700, 704, 732, 733, 740, 742, 747, 748, 749, 768, 772, 774, 780, 782, 795, 804, 805, 808, 822, 831, 835, 845, 846, 848, 850, 854, 856, 858, 860, 864, 867, 879, 882]

[1, 2, 6, 7, 26, 30, 32, 37, 50, 55, 58, 60, 69, 70, 71, 73, 74, 79, 80, 82, 83, 85, 93, 94, 109, 116, 126, 127, 138, 140, 143, 144, 151, 152, 154, 155, 157, 162, 168, 169, 170, 171, 176, 177, 179, 183, 184, 189, 194, 213, 215, 217, 221, 225, 228, 240, 241, 262, 264, 266, 267, 268, 271, 273, 274, 276, 277, 278, 287, 295, 297, 299, 312, 315, 322, 323, 328, 336, 354, 366, 367, 372, 381, 382, 394, 403, 405, 409, 410, 411, 415, 419, 421, 423, 424, 436, 455, 462, 466, 468, 478, 484, 496, 497, 501, 512, 520, 522, 523, 529, 530, 540, 546, 548, 555, 559, 560, 565, 571, 575, 579, 580, 591, 593, 597, 598, 606, 607, 610, 619, 629, 634, 637, 650, 651, 652, 654, 660, 661, 663, 666, 671, 672, 674, 676, 680, 683, 684, 688, 692, 698, 708, 715, 718, 721, 728, 733, 734, 745, 751, 753, 757, 781, 783, 784, 787, 791, 798, 807, 812, 831, 834, 839, 842, 843, 846, 847, 856, 859, 861, 864, 871, 876, 878, 887]
[8, 11, 29, 36, 37, 41, 43, 48, 58, 61, 75, 79, 81, 86, 95, 96, 98, 114, 118, 120, 142, 152, 158, 159, 176, 188, 192, 196, 197, 200, 229, 244, 255, 259, 262, 267, 274, 287, 290, 291, 300, 321, 326, 334, 338, 345, 346, 348, 350, 358, 363, 371, 378, 395, 418, 431, 433, 453, 454, 456, 457, 466, 468, 481, 484, 501, 509, 510, 538, 542, 543, 549, 567, 591, 597, 599, 600, 602, 604, 611, 612, 626, 635, 638, 642, 662, 667, 672, 676, 700, 704, 732, 733, 740, 742, 747, 748, 749, 768, 772, 774, 780, 782, 795, 804, 805, 808, 822, 831, 835, 845, 846, 848, 850, 854, 856, 858, 860, 864, 867, 879, 882]

[1, 2, 6, 7, 9, 12, 24, 26, 27, 30, 32, 37, 44, 48, 50, 55, 58, 60, 69, 70, 71, 73, 74, 79, 80, 82, 83, 85, 93, 94, 95, 100, 109, 116, 126, 127, 138, 140, 143, 144, 151, 152, 154, 155, 157, 162, 168, 169, 170, 171, 176, 177, 178, 179, 183, 184, 189, 194, 213, 215, 217, 221, 225, 228, 240, 241, 262, 264, 266, 267, 268, 271, 273, 274, 275, 276, 277, 278, 287, 295, 297, 299, 312, 315, 320, 322, 323, 328, 335, 336, 341, 347, 354, 366, 367, 372, 377, 381, 382, 394, 403, 405, 408, 409, 410, 411, 413, 415, 419, 421, 423, 424, 436, 438, 455, 462, 466, 468, 478, 484, 496, 497, 501, 512, 520, 522, 523, 529, 530, 540, 546, 548, 555, 559, 560, 565, 571, 575, 579, 580, 591, 593, 597, 598, 606, 607, 609, 610, 619, 624, 626, 629, 631, 634, 637, 650, 651, 652, 654, 660, 661, 663, 666, 671, 672, 674, 676, 680, 683, 684, 688, 692, 698, 708, 715, 718, 719, 721, 728, 733, 734, 745, 751, 753, 754, 757, 781, 783, 784, 787, 791, 798, 807, 812, 831, 834, 839, 842, 843, 846, 847, 855, 856, 859, 861, 864, 871, 876, 878, 887]
[8, 11, 29, 36, 37, 41, 43, 48, 58, 61, 75, 79, 81, 86, 95, 96, 98, 114, 118, 120, 142, 152, 158, 159, 176, 188, 192, 196, 197, 200, 229, 244, 255, 259, 262, 267, 274, 287, 290, 291, 300, 321, 326, 334, 338, 345, 346, 348, 350, 358, 363, 371, 378, 395, 418, 431, 433, 453, 454, 456, 457, 466, 468, 481, 484, 501, 509, 510, 538, 542, 543, 549, 567, 591, 597, 599, 600, 602, 604, 611, 612, 626, 635, 638, 642, 662, 667, 672, 676, 700, 704, 732, 733, 740, 742, 747, 748, 749, 768, 772, 774, 780, 782, 795, 804, 805, 808, 822, 831, 835, 845, 846, 848, 850, 854, 856, 858, 860, 864, 867, 879, 882]

[1, 2, 3, 6, 7, 9, 12, 24, 26, 27, 30, 32, 37, 44, 48, 50, 55, 58, 60, 69, 70, 71, 73, 74, 79, 80, 82, 83, 85, 93, 94, 95, 100, 109, 116, 119, 126, 127, 138, 140, 143, 144, 151, 152, 154, 155, 156, 157, 162, 168, 169, 170, 171, 176, 177, 178, 179, 183, 184, 189, 194, 213, 215, 217, 221, 225, 228, 233, 240, 241, 260, 262, 264, 266, 267, 268, 271, 272, 273, 274, 275, 276, 277, 278, 287, 295, 297, 299, 308, 312, 315, 319, 320, 322, 323, 328, 332, 335, 336, 341, 347, 354, 366, 367, 372, 377, 381, 382, 394, 403, 405, 408, 409, 410, 411, 413, 415, 419, 421, 423, 424, 436, 438, 455, 462, 466, 468, 476, 478, 484, 496, 497, 501, 503, 512, 520, 522, 523, 524, 529, 530, 540, 546, 548, 555, 559, 560, 565, 571, 575, 579, 580, 586, 591, 593, 595, 597, 598, 606, 607, 609, 610, 618, 619, 624, 626, 629, 631, 634, 637, 650, 651, 652, 653, 654, 660, 661, 663, 666, 671, 672, 674, 676, 680, 683, 684, 688, 690, 692, 698, 708, 713, 715, 718, 719, 721, 728, 733, 734, 736, 745, 747, 751, 753, 754, 755, 757, 762, 773, 781, 783, 784, 787, 791, 798, 807, 810, 812, 831, 834, 839, 842, 843, 846, 847, 855, 856, 859, 861, 864, 871, 876, 878, 884, 887]
[8, 11, 29, 36, 37, 41, 43, 48, 58, 61, 75, 79, 81, 86, 95, 96, 98, 114, 118, 120, 142, 152, 158, 159, 176, 188, 192, 196, 197, 200, 229, 244, 255, 259, 262, 267, 274, 287, 290, 291, 300, 321, 326, 334, 338, 345, 346, 348, 350, 358, 363, 371, 378, 395, 418, 431, 433, 453, 454, 456, 457, 466, 468, 481, 484, 501, 509, 510, 538, 542, 543, 549, 567, 591, 597, 599, 600, 602, 604, 611, 612, 626, 635, 638, 642, 662, 667, 672, 676, 700, 704, 732, 733, 740, 742, 747, 748, 749, 768, 772, 774, 780, 782, 795, 804, 805, 808, 822, 831, 835, 845, 846, 848, 850, 854, 856, 858, 860, 864, 867, 879, 882]

[1, 2, 3, 6, 7, 9, 12, 23, 24, 26, 27, 30, 32, 37, 44, 48, 50, 55, 58, 60, 63, 65, 69, 70, 71, 73, 74, 79, 80, 82, 83, 85, 86, 93, 94, 95, 100, 108, 109, 116, 119, 125, 126, 127, 138, 140, 143, 144, 151, 152, 154, 155, 156, 157, 162, 168, 169, 170, 171, 176, 177, 178, 179, 183, 184, 189, 194, 213, 214, 215, 217, 221, 225, 228, 233, 240, 241, 260, 262, 264, 266, 267, 268, 271, 272, 273, 274, 275, 276, 277, 278, 282, 287, 295, 297, 299, 302, 308, 312, 315, 319, 320, 322, 323, 328, 332, 335, 336, 341, 347, 354, 366, 367, 372, 377, 381, 382, 394, 403, 405, 408, 409, 410, 411, 413, 415, 419, 420, 421, 422, 423, 424, 425, 436, 438, 455, 462, 466, 468, 476, 478, 484, 496, 497, 501, 503, 507, 512, 514, 520, 522, 523, 524, 529, 530, 540, 546, 548, 555, 557, 559, 560, 565, 570, 571, 575, 579, 580, 585, 586, 591, 593, 595, 597, 598, 606, 607, 609, 610, 615, 618, 619, 624, 626, 629, 631, 634, 637, 646, 650, 651, 652, 653, 654, 660, 661, 663, 666, 668, 671, 672, 674, 676, 680, 683, 684, 688, 690, 692, 698, 699, 703, 708, 711, 713, 715, 718, 719, 721, 728, 733, 734, 736, 745, 747, 751, 753, 754, 755, 757, 758, 762, 773, 781, 783, 784, 787, 791, 798, 807, 810, 812, 831, 834, 836, 839, 842, 843, 846, 847, 855, 856, 859, 861, 864, 871, 876, 878, 884, 887]
[8, 11, 29, 36, 37, 41, 43, 48, 58, 61, 75, 79, 81, 86, 95, 96, 98, 114, 118, 120, 142, 152, 158, 159, 176, 188, 192, 196, 197, 200, 229, 244, 255, 259, 262, 267, 274, 287, 290, 291, 300, 321, 326, 334, 338, 345, 346, 348, 350, 358, 363, 371, 378, 395, 418, 431, 433, 453, 454, 456, 457, 466, 468, 481, 484, 501, 509, 510, 538, 542, 543, 549, 567, 591, 597, 599, 600, 602, 604, 611, 612, 626, 635, 638, 642, 662, 667, 672, 676, 700, 704, 732, 733, 740, 742, 747, 748, 749, 768, 772, 774, 780, 782, 795, 804, 805, 808, 822, 831, 835, 845, 846, 848, 850, 854, 856, 858, 860, 864, 867, 879, 882]

[1, 2, 3, 6, 7, 9, 12, 19, 23, 24, 26, 27, 30, 32, 33, 37, 44, 48, 50, 55, 58, 60, 63, 65, 69, 70, 71, 73, 74, 79, 80, 82, 83, 85, 86, 87, 93, 94, 95, 100, 108, 109, 116, 118, 119, 124, 125, 126, 127, 138, 140, 143, 144, 149, 151, 152, 154, 155, 156, 157, 162, 168, 169, 170, 171, 174, 176, 177, 178, 179, 183, 184, 189, 194, 200, 213, 214, 215, 216, 217, 221, 225, 228, 233, 240, 241, 257, 260, 262, 264, 266, 267, 268, 271, 272, 273, 274, 275, 276, 277, 278, 282, 287, 295, 297, 299, 300, 302, 308, 312, 315, 319, 320, 322, 323, 328, 332, 335, 336, 340, 341, 344, 347, 354, 366, 367, 372, 377, 381, 382, 394, 403, 405, 408, 409, 410, 411, 413, 415, 419, 420, 421, 422, 423, 424, 425, 436, 438, 455, 462, 465, 466, 468, 476, 478, 484, 485, 496, 497, 501, 502, 503, 507, 512, 514, 520, 522, 523, 524, 529, 530, 540, 546, 548, 555, 557, 559, 560, 563, 565, 570, 571, 575, 579, 580, 584, 585, 586, 591, 593, 595, 597, 598, 606, 607, 609, 610, 615, 617, 618, 619, 622, 624, 626, 629, 631, 634, 637, 638, 646, 650, 651, 652, 653, 654, 660, 661, 663, 666, 668, 671, 672, 674, 676, 680, 683, 684, 688, 690, 692, 698, 699, 703, 708, 711, 713, 715, 718, 719, 721, 728, 733, 734, 736, 738, 745, 747, 751, 753, 754, 755, 757, 758, 762, 773, 779, 781, 783, 784, 787, 791, 798, 807, 810, 812, 831, 834, 836, 839, 842, 843, 846, 847, 855, 856, 859, 861, 864, 871, 873, 876, 878, 880, 884, 887]
[8, 11, 29, 36, 37, 41, 43, 48, 58, 61, 75, 79, 81, 86, 95, 96, 98, 114, 118, 120, 142, 152, 158, 159, 176, 188, 192, 196, 197, 200, 229, 244, 255, 259, 262, 267, 274, 287, 290, 291, 300, 321, 326, 334, 338, 345, 346, 348, 350, 358, 363, 371, 378, 395, 418, 431, 433, 453, 454, 456, 457, 466, 468, 481, 484, 501, 509, 510, 538, 542, 543, 549, 567, 591, 597, 599, 600, 602, 604, 611, 612, 626, 635, 638, 642, 662, 667, 672, 676, 700, 704, 732, 733, 740, 742, 747, 748, 749, 768, 772, 774, 780, 782, 795, 804, 805, 808, 822, 831, 835, 845, 846, 848, 850, 854, 856, 858, 860, 864, 867, 879, 882]

[1, 2, 3, 6, 7, 9, 12, 19, 23, 24, 26, 27, 30, 32, 33, 37, 44, 48, 50, 55, 58, 59, 60, 61, 63, 65, 69, 70, 71, 73, 74, 79, 80, 82, 83, 85, 86, 87, 93, 94, 95, 100, 108, 109, 116, 118, 119, 124, 125, 126, 127, 138, 140, 143, 144, 149, 151, 152, 154, 155, 156, 157, 162, 168, 169, 170, 171, 174, 176, 177, 178, 179, 183, 184, 189, 193, 194, 199, 200, 209, 213, 214, 215, 216, 217, 221, 225, 228, 233, 240, 241, 247, 257, 260, 262, 264, 266, 267, 268, 271, 272, 273, 274, 275, 276, 277, 278, 282, 287, 295, 297, 299, 300, 302, 304, 308, 312, 315, 319, 320, 321, 322, 323, 328, 330, 331, 332, 334, 335, 336, 340, 341, 344, 347, 354, 359, 366, 367, 372, 377, 381, 382, 394, 402, 403, 405, 408, 409, 410, 411, 413, 415, 419, 420, 421, 422, 423, 424, 425, 436, 438, 455, 462, 465, 466, 468, 476, 478, 483, 484, 485, 496, 497, 501, 502, 503, 507, 512, 514, 520, 521, 522, 523, 524, 529, 530, 540, 546, 548, 549, 555, 557, 559, 560, 563, 565, 570, 571, 575, 577, 579, 580, 584, 585, 586, 591, 593, 595, 597, 598, 606, 607, 609, 610, 612, 613, 615, 617, 618, 619, 622, 624, 626, 629, 631, 634, 635, 637, 638, 646, 650, 651, 652, 653, 654, 660, 661, 663, 666, 668, 671, 672, 674, 676, 680, 683, 684, 688, 690, 692, 698, 699, 703, 708, 711, 713, 715, 718, 719, 721, 728, 733, 734, 735, 736, 738, 745, 747, 751, 753, 754, 755, 757, 758, 762, 773, 779, 781, 783, 784, 785, 787, 791, 792, 798, 807, 810, 812, 821, 831, 834, 836, 839, 842, 843, 846, 847, 855, 856, 859, 861, 864, 871, 873, 876, 878, 879, 880, 884, 887]
[8, 11, 29, 36, 37, 41, 43, 48, 58, 61, 75, 79, 81, 86, 95, 96, 98, 114, 118, 120, 142, 152, 158, 159, 176, 188, 192, 196, 197, 200, 229, 244, 255, 259, 262, 267, 274, 287, 290, 291, 300, 321, 326, 334, 338, 345, 346, 348, 350, 358, 363, 371, 378, 395, 418, 431, 433, 453, 454, 456, 457, 466, 468, 481, 484, 501, 509, 510, 538, 542, 543, 549, 567, 591, 597, 599, 600, 602, 604, 611, 612, 626, 635, 638, 642, 662, 667, 672, 676, 700, 704, 732, 733, 740, 742, 747, 748, 749, 768, 772, 774, 780, 782, 795, 804, 805, 808, 822, 831, 835, 845, 846, 848, 850, 854, 856, 858, 860, 864, 867, 879, 882]

[1, 2, 3, 6, 7, 9, 12, 19, 20, 23, 24, 26, 27, 30, 32, 33, 36, 37, 44, 48, 50, 55, 58, 59, 60, 61, 63, 65, 69, 70, 71, 73, 74, 79, 80, 82, 83, 85, 86, 87, 93, 94, 95, 96, 100, 105, 108, 109, 116, 118, 119, 124, 125, 126, 127, 130, 132, 138, 140, 142, 143, 144, 149, 151, 152, 154, 155, 156, 157, 160, 162, 168, 169, 170, 171, 174, 176, 177, 178, 179, 183, 184, 189, 193, 194, 199, 200, 207, 209, 213, 214, 215, 216, 217, 221, 225, 228, 233, 240, 241, 247, 257, 260, 262, 264, 266, 267, 268, 269, 271, 272, 273, 274, 275, 276, 277, 278, 282, 286, 287, 289, 295, 297, 299, 300, 302, 304, 308, 312, 315, 319, 320, 321, 322, 323, 328, 330, 331, 332, 334, 335, 336, 340, 341, 344, 347, 350, 354, 359, 366, 367, 370, 372, 377, 381, 382, 391, 394, 402, 403, 405, 408, 409, 410, 411, 413, 415, 419, 420, 421, 422, 423, 424, 425, 436, 438, 455, 458, 462, 465, 466, 468, 476, 478, 483, 484, 485, 493, 496, 497, 501, 502, 503, 507, 512, 514, 520, 521, 522, 523, 524, 529, 530, 540, 546, 548, 549, 555, 557, 559, 560, 563, 565, 567, 570, 571, 575, 577, 579, 580, 584, 585, 586, 591, 593, 595, 597, 598, 606, 607, 609, 610, 612, 613, 615, 617, 618, 619, 621, 622, 624, 626, 629, 630, 631, 634, 635, 637, 638, 646, 650, 651, 652, 653, 654, 660, 661, 663, 666, 668, 671, 672, 674, 676, 680, 683, 684, 688, 690, 692, 698, 699, 703, 708, 711, 713, 715, 718, 719, 721, 728, 730, 733, 734, 735, 736, 738, 745, 747, 751, 753, 754, 755, 757, 758, 762, 773, 779, 781, 783, 784, 785, 787, 789, 791, 792, 798, 803, 807, 810, 812, 821, 831, 834, 836, 839, 842, 843, 846, 847, 848, 855, 856, 857, 859, 861, 864, 871, 873, 876, 878, 879, 880, 884, 887]
[8, 11, 29, 36, 37, 41, 43, 48, 58, 61, 75, 79, 81, 86, 95, 96, 98, 114, 118, 120, 142, 152, 158, 159, 176, 188, 192, 196, 197, 200, 229, 244, 255, 259, 262, 267, 274, 287, 290, 291, 300, 321, 326, 334, 338, 345, 346, 348, 350, 358, 363, 371, 378, 395, 418, 431, 433, 453, 454, 456, 457, 466, 468, 481, 484, 501, 509, 510, 538, 542, 543, 549, 567, 591, 597, 599, 600, 602, 604, 611, 612, 626, 635, 638, 642, 662, 667, 672, 676, 700, 704, 732, 733, 740, 742, 747, 748, 749, 768, 772, 774, 780, 782, 795, 804, 805, 808, 822, 831, 835, 845, 846, 848, 850, 854, 856, 858, 860, 864, 867, 879, 882]

[1, 2, 3, 6, 7, 9, 12, 19, 20, 23, 24, 26, 27, 30, 32, 33, 36, 37, 44, 48, 50, 55, 57, 58, 59, 60, 61, 63, 65, 69, 70, 71, 73, 74, 79, 80, 82, 83, 85, 86, 87, 93, 94, 95, 96, 100, 105, 108, 109, 116, 118, 119, 122, 124, 125, 126, 127, 130, 132, 138, 140, 141, 142, 143, 144, 149, 151, 152, 154, 155, 156, 157, 160, 162, 168, 169, 170, 171, 174, 176, 177, 178, 179, 183, 184, 189, 193, 194, 199, 200, 205, 207, 209, 211, 213, 214, 215, 216, 217, 221, 225, 228, 233, 240, 241, 247, 257, 260, 262, 264, 266, 267, 268, 269, 271, 272, 273, 274, 275, 276, 277, 278, 282, 286, 287, 289, 295, 297, 299, 300, 302, 304, 308, 312, 315, 319, 320, 321, 322, 323, 328, 330, 331, 332, 334, 335, 336, 340, 341, 344, 345, 347, 350, 354, 359, 366, 367, 370, 372, 377, 381, 382, 384, 391, 394, 402, 403, 405, 408, 409, 410, 411, 413, 415, 419, 420, 421, 422, 423, 424, 425, 429, 430, 436, 438, 452, 455, 458, 462, 465, 466, 468, 476, 477, 478, 482, 483, 484, 485, 493, 496, 497, 501, 502, 503, 507, 512, 514, 520, 521, 522, 523, 524, 529, 530, 539, 540, 545, 546, 548, 549, 555, 557, 558, 559, 560, 563, 565, 567, 570, 571, 575, 577, 579, 580, 584, 585, 586, 591, 593, 595, 597, 598, 599, 606, 607, 609, 610, 612, 613, 615, 617, 618, 619, 621, 622, 624, 626, 629, 630, 631, 634, 635, 637, 638, 646, 650, 651, 652, 653, 654, 660, 661, 663, 665, 666, 668, 671, 672, 674, 676, 680, 682, 683, 684, 687, 688, 690, 692, 698, 699, 703, 708, 711, 713, 715, 718, 719, 721, 728, 730, 733, 734, 735, 736, 738, 745, 747, 751, 753, 754, 755, 757, 758, 762, 773, 778, 779, 781, 783, 784, 785, 787, 789, 791, 792, 795, 798, 803, 807, 810, 812, 821, 831, 834, 836, 837, 839, 842, 843, 845, 846, 847, 848, 852, 855, 856, 857, 859, 861, 864, 871, 873, 876, 878, 879, 880, 884, 887, 889]
[8, 11, 29, 36, 37, 41, 43, 48, 58, 61, 75, 79, 81, 86, 95, 96, 98, 114, 118, 120, 142, 152, 158, 159, 176, 188, 192, 196, 197, 200, 229, 244, 255, 259, 262, 267, 274, 287, 290, 291, 300, 321, 326, 334, 338, 345, 346, 348, 350, 358, 363, 371, 378, 395, 418, 431, 433, 453, 454, 456, 457, 466, 468, 481, 484, 501, 509, 510, 538, 542, 543, 549, 567, 591, 597, 599, 600, 602, 604, 611, 612, 626, 635, 638, 642, 662, 667, 672, 676, 700, 704, 732, 733, 740, 742, 747, 748, 749, 768, 772, 774, 780, 782, 795, 804, 805, 808, 822, 831, 835, 845, 846, 848, 850, 854, 856, 858, 860, 864, 867, 879, 882]

[1, 2, 3, 6, 7, 9, 12, 19, 20, 21, 23, 24, 26, 27, 30, 32, 33, 36, 37, 43, 44, 48, 50, 51, 55, 57, 58, 59, 60, 61, 63, 65, 69, 70, 71, 73, 74, 79, 80, 82, 83, 85, 86, 87, 93, 94, 95, 96, 100, 105, 108, 109, 116, 118, 119, 122, 124, 125, 126, 127, 130, 132, 138, 140, 141, 142, 143, 144, 149, 151, 152, 154, 155, 156, 157, 158, 160, 162, 168, 169, 170, 171, 174, 176, 177, 178, 179, 183, 184, 186, 189, 193, 194, 199, 200, 205, 206, 207, 209, 211, 213, 214, 215, 216, 217, 218, 221, 225, 228, 233, 240, 241, 247, 257, 260, 262, 264, 266, 267, 268, 269, 271, 272, 273, 274, 275, 276, 277, 278, 280, 282, 286, 287, 289, 295, 297, 299, 300, 302, 304, 308, 312, 315, 319, 320, 321, 322, 323, 328, 330, 331, 332, 334, 335, 336, 340, 341, 344, 345, 347, 350, 354, 359, 363, 366, 367, 370, 372, 377, 381, 382, 384, 391, 393, 394, 397, 402, 403, 405, 408, 409, 410, 411, 413, 415, 419, 420, 421, 422, 423, 424, 425, 429, 430, 436, 438, 452, 455, 458, 462, 464, 465, 466, 468, 476, 477, 478, 482, 483, 484, 485, 493, 496, 497, 501, 502, 503, 507, 512, 514, 517, 520, 521, 522, 523, 524, 529, 530, 539, 540, 545, 546, 548, 549, 555, 557, 558, 559, 560, 563, 565, 567, 570, 571, 575, 577, 579, 580, 584, 585, 586, 587, 591, 593, 595, 597, 598, 599, 600, 606, 607, 609, 610, 612, 613, 615, 616, 617, 618, 619, 621, 622, 624, 626, 629, 630, 631, 634, 635, 637, 638, 646, 647, 648, 650, 651, 652, 653, 654, 659, 660, 661, 663, 665, 666, 668, 671, 672, 674, 676, 680, 682, 683, 684, 687, 688, 690, 692, 698, 699, 703, 708, 711, 713, 715, 718, 719, 721, 728, 730, 733, 734, 735, 736, 738, 745, 747, 751, 753, 754, 755, 757, 758, 762, 773, 778, 779, 781, 783, 784, 785, 787, 789, 791, 792, 795, 798, 800, 801, 802, 803, 807, 810, 812, 821, 831, 833, 834, 836, 837, 839, 842, 843, 845, 846, 847, 848, 852, 855, 856, 857, 859, 861, 864, 870, 871, 872, 873, 876, 878, 879, 880, 884, 887, 889]
[8, 11, 29, 36, 37, 41, 43, 48, 58, 61, 75, 79, 81, 86, 95, 96, 98, 114, 118, 120, 142, 152, 158, 159, 176, 188, 192, 196, 197, 200, 229, 244, 255, 259, 262, 267, 274, 287, 290, 291, 300, 321, 326, 334, 338, 345, 346, 348, 350, 358, 363, 371, 378, 395, 418, 431, 433, 453, 454, 456, 457, 466, 468, 481, 484, 501, 509, 510, 538, 542, 543, 549, 567, 591, 597, 599, 600, 602, 604, 611, 612, 626, 635, 638, 642, 662, 667, 672, 676, 700, 704, 732, 733, 740, 742, 747, 748, 749, 768, 772, 774, 780, 782, 795, 804, 805, 808, 822, 831, 835, 845, 846, 848, 850, 854, 856, 858, 860, 864, 867, 879, 882]

[1, 2, 3, 6, 7, 9, 12, 18, 19, 20, 21, 23, 24, 26, 27, 30, 32, 33, 36, 37, 43, 44, 48, 50, 51, 55, 57, 58, 59, 60, 61, 63, 65, 69, 70, 71, 73, 74, 79, 80, 82, 83, 85, 86, 87, 93, 94, 95, 96, 100, 103, 105, 107, 108, 109, 116, 118, 119, 122, 124, 125, 126, 127, 130, 132, 135, 138, 140, 141, 142, 143, 144, 149, 151, 152, 154, 155, 156, 157, 158, 160, 162, 168, 169, 170, 171, 174, 176, 177, 178, 179, 183, 184, 186, 188, 189, 191, 193, 194, 195, 199, 200, 205, 206, 207, 209, 211, 213, 214, 215, 216, 217, 218, 221, 225, 228, 233, 234, 240, 241, 243, 247, 252, 257, 260, 262, 264, 266, 267, 268, 269, 271, 272, 273, 274, 275, 276, 277, 278, 280, 282, 286, 287, 289, 295, 297, 299, 300, 302, 304, 308, 312, 315, 319, 320, 321, 322, 323, 326, 328, 330, 331, 332, 334, 335, 336, 340, 341, 342, 344, 345, 347, 350, 354, 359, 363, 366, 367, 368, 370, 372, 377, 381, 382, 384, 391, 393, 394, 397, 401, 402, 403, 405, 408, 409, 410, 411, 413, 415, 419, 420, 421, 422, 423, 424, 425, 429, 430, 431, 436, 438, 446, 452, 455, 458, 462, 464, 465, 466, 468, 476, 477, 478, 482, 483, 484, 485, 493, 496, 497, 501, 502, 503, 507, 512, 514, 516, 517, 520, 521, 522, 523, 524, 529, 530, 534, 539, 540, 545, 546, 548, 549, 555, 557, 558, 559, 560, 562, 563, 565, 567, 570, 571, 575, 577, 579, 580, 584, 585, 586, 587, 591, 593, 594, 595, 597, 598, 599, 600, 606, 607, 609, 610, 612, 613, 615, 616, 617, 618, 619, 621, 622, 624, 626, 629, 630, 631, 634, 635, 637, 638, 646, 647, 648, 650, 651, 652, 653, 654, 659, 660, 661, 662, 663, 665, 666, 668, 671, 672, 674, 676, 680, 682, 683, 684, 687, 688, 690, 692, 698, 699, 703, 705, 708, 711, 713, 715, 718, 719, 721, 728, 730, 733, 734, 735, 736, 738, 741, 745, 747, 751, 753, 754, 755, 757, 758, 762, 766, 773, 778, 779, 781, 783, 784, 785, 787, 789, 791, 792, 795, 798, 800, 801, 802, 803, 807, 810, 812, 821, 831, 833, 834, 836, 837, 839, 842, 843, 845, 846, 847, 848, 852, 855, 856, 857, 859, 861, 864, 868, 870, 871, 872, 873, 876, 878, 879, 880, 884, 887, 889]
[8, 11, 29, 36, 37, 41, 43, 48, 58, 61, 75, 79, 81, 86, 95, 96, 98, 114, 118, 120, 142, 152, 158, 159, 176, 188, 192, 196, 197, 200, 229, 244, 255, 259, 262, 267, 274, 287, 290, 291, 300, 321, 326, 334, 338, 345, 346, 348, 350, 358, 363, 371, 378, 395, 418, 431, 433, 453, 454, 456, 457, 466, 468, 481, 484, 501, 509, 510, 538, 542, 543, 549, 567, 591, 597, 599, 600, 602, 604, 611, 612, 626, 635, 638, 642, 662, 667, 672, 676, 700, 704, 732, 733, 740, 742, 747, 748, 749, 768, 772, 774, 780, 782, 795, 804, 805, 808, 822, 831, 835, 845, 846, 848, 850, 854, 856, 858, 860, 864, 867, 879, 882]

[1, 2, 3, 6, 7, 9, 11, 12, 14, 18, 19, 20, 21, 23, 24, 26, 27, 30, 32, 33, 36, 37, 43, 44, 48, 50, 51, 55, 57, 58, 59, 60, 61, 63, 65, 69, 70, 71, 73, 74, 79, 80, 81, 82, 83, 85, 86, 87, 93, 94, 95, 96, 100, 103, 105, 107, 108, 109, 116, 118, 119, 122, 124, 125, 126, 127, 130, 132, 135, 138, 140, 141, 142, 143, 144, 149, 151, 152, 154, 155, 156, 157, 158, 160, 162, 168, 169, 170, 171, 174, 176, 177, 178, 179, 180, 183, 184, 185, 186, 188, 189, 190, 191, 192, 193, 194, 195, 199, 200, 205, 206, 207, 209, 211, 213, 214, 215, 216, 217, 218, 221, 225, 228, 233, 234, 240, 241, 243, 247, 252, 257, 260, 262, 264, 266, 267, 268, 269, 271, 272, 273, 274, 275, 276, 277, 278, 280, 282, 285, 286, 287, 289, 295, 296, 297, 298, 299, 300, 302, 303, 304, 308, 312, 315, 319, 320, 321, 322, 323, 326, 328, 330, 331, 332, 334, 335, 336, 340, 341, 342, 344, 345, 347, 350, 354, 359, 363, 366, 367, 368, 370, 372, 377, 381, 382, 384, 391, 393, 394, 397, 401, 402, 403, 405, 408, 409, 410, 411, 413, 415, 419, 420, 421, 422, 423, 424, 425, 429, 430, 431, 436, 438, 445, 446, 452, 455, 458, 462, 464, 465, 466, 468, 476, 477, 478, 482, 483, 484, 485, 493, 496, 497, 501, 502, 503, 507, 512, 514, 516, 517, 520, 521, 522, 523, 524, 528, 529, 530, 534, 539, 540, 545, 546, 548, 549, 555, 557, 558, 559, 560, 562, 563, 565, 567, 570, 571, 575, 577, 579, 580, 584, 585, 586, 587, 591, 593, 594, 595, 597, 598, 599, 600, 606, 607, 609, 610, 612, 613, 615, 616, 617, 618, 619, 621, 622, 624, 626, 629, 630, 631, 634, 635, 637, 638, 644, 646, 647, 648, 650, 651, 652, 653, 654, 659, 660, 661, 662, 663, 665, 666, 668, 671, 672, 674, 676, 680, 682, 683, 684, 687, 688, 689, 690, 692, 698, 699, 703, 705, 708, 711, 712, 713, 715, 718, 719, 721, 723, 728, 730, 731, 733, 734, 735, 736, 738, 741, 745, 747, 751, 753, 754, 755, 757, 758, 760, 762, 766, 773, 776, 778, 779, 781, 783, 784, 785, 787, 789, 791, 792, 795, 798, 800, 801, 802, 803, 807, 809, 810, 812, 821, 827, 830, 831, 833, 834, 836, 837, 839, 841, 842, 843, 845, 846, 847, 848, 850, 852, 855, 856, 857, 859, 861, 864, 868, 870, 871, 872, 873, 876, 878, 879, 880, 884, 887, 889]
[8, 11, 29, 36, 37, 41, 43, 48, 58, 61, 75, 79, 81, 86, 95, 96, 98, 114, 118, 120, 142, 152, 158, 159, 176, 188, 192, 196, 197, 200, 229, 244, 255, 259, 262, 267, 274, 287, 290, 291, 300, 321, 326, 334, 338, 345, 346, 348, 350, 358, 363, 371, 378, 395, 418, 431, 433, 453, 454, 456, 457, 466, 468, 481, 484, 501, 509, 510, 538, 542, 543, 549, 567, 591, 597, 599, 600, 602, 604, 611, 612, 626, 635, 638, 642, 662, 667, 672, 676, 700, 704, 732, 733, 740, 742, 747, 748, 749, 768, 772, 774, 780, 782, 795, 804, 805, 808, 822, 831, 835, 845, 846, 848, 850, 854, 856, 858, 860, 864, 867, 879, 882]

[1, 2, 3, 6, 7, 9, 11, 12, 14, 18, 19, 20, 21, 23, 24, 26, 27, 29, 30, 32, 33, 36, 37, 43, 44, 48, 50, 51, 52, 55, 57, 58, 59, 60, 61, 63, 64, 65, 69, 70, 71, 73, 74, 79, 80, 81, 82, 83, 84, 85, 86, 87, 93, 94, 95, 96, 100, 103, 104, 105, 106, 107, 108, 109, 116, 118, 119, 120, 122, 124, 125, 126, 127, 130, 132, 135, 138, 140, 141, 142, 143, 144, 149, 151, 152, 154, 155, 156, 157, 158, 160, 162, 163, 168, 169, 170, 171, 174, 176, 177, 178, 179, 180, 183, 184, 185, 186, 188, 189, 190, 191, 192, 193, 194, 195, 199, 200, 205, 206, 207, 209, 211, 213, 214, 215, 216, 217, 218, 221, 225, 228, 233, 234, 240, 241, 243, 247, 248, 252, 254, 257, 260, 262, 264, 266, 267, 268, 269, 271, 272, 273, 274, 275, 276, 277, 278, 280, 282, 285, 286, 287, 289, 295, 296, 297, 298, 299, 300, 302, 303, 304, 308, 312, 315, 319, 320, 321, 322, 323, 326, 328, 330, 331, 332, 334, 335, 336, 340, 341, 342, 344, 345, 347, 350, 354, 359, 363, 366, 367, 368, 370, 372, 374, 375, 377, 381, 382, 383, 384, 391, 393, 394, 397, 401, 402, 403, 405, 408, 409, 410, 411, 412, 413, 415, 419, 420, 421, 422, 423, 424, 425, 429, 430, 431, 436, 438, 445, 446, 452, 453, 455, 458, 462, 464, 465, 466, 468, 476, 477, 478, 482, 483, 484, 485, 493, 496, 497, 501, 502, 503, 507, 512, 514, 516, 517, 520, 521, 522, 523, 524, 526, 528, 529, 530, 531, 534, 539, 540, 543, 545, 546, 548, 549, 555, 557, 558, 559, 560, 562, 563, 565, 567, 570, 571, 575, 577, 579, 580, 584, 585, 586, 587, 591, 593, 594, 595, 597, 598, 599, 600, 606, 607, 609, 610, 611, 612, 613, 615, 616, 617, 618, 619, 621, 622, 624, 626, 629, 630, 631, 634, 635, 637, 638, 641, 644, 646, 647, 648, 650, 651, 652, 653, 654, 659, 660, 661, 662, 663, 665, 666, 668, 671, 672, 674, 676, 680, 682, 683, 684, 685, 687, 688, 689, 690, 692, 698, 699, 703, 705, 708, 711, 712, 713, 715, 718, 719, 721, 723, 728, 730, 731, 733, 734, 735, 736, 738, 741, 742, 745, 747, 751, 753, 754, 755, 757, 758, 760, 761, 762, 766, 773, 776, 778, 779, 781, 783, 784, 785, 787, 789, 791, 792, 795, 798, 800, 801, 802, 803, 804, 807, 809, 810, 812, 821, 827, 830, 831, 833, 834, 836, 837, 839, 841, 842, 843, 845, 846, 847, 848, 850, 852, 855, 856, 857, 859, 861, 864, 868, 870, 871, 872, 873, 876, 878, 879, 880, 884, 887, 888, 889]
[8, 11, 29, 36, 37, 41, 43, 48, 58, 61, 75, 79, 81, 86, 95, 96, 98, 114, 118, 120, 142, 152, 158, 159, 176, 188, 192, 196, 197, 200, 229, 244, 255, 259, 262, 267, 274, 287, 290, 291, 300, 321, 326, 334, 338, 345, 346, 348, 350, 358, 363, 371, 378, 395, 418, 431, 433, 453, 454, 456, 457, 466, 468, 481, 484, 501, 509, 510, 538, 542, 543, 549, 567, 591, 597, 599, 600, 602, 604, 611, 612, 626, 635, 638, 642, 662, 667, 672, 676, 700, 704, 732, 733, 740, 742, 747, 748, 749, 768, 772, 774, 780, 782, 795, 804, 805, 808, 822, 831, 835, 845, 846, 848, 850, 854, 856, 858, 860, 864, 867, 879, 882]

[1, 2, 3, 6, 7, 9, 11, 12, 14, 18, 19, 20, 21, 23, 24, 26, 27, 29, 30, 32, 33, 36, 37, 41, 43, 44, 48, 50, 51, 52, 55, 57, 58, 59, 60, 61, 62, 63, 64, 65, 69, 70, 71, 73, 74, 77, 79, 80, 81, 82, 83, 84, 85, 86, 87, 91, 93, 94, 95, 96, 100, 102, 103, 104, 105, 106, 107, 108, 109, 116, 118, 119, 120, 122, 124, 125, 126, 127, 130, 132, 135, 138, 140, 141, 142, 143, 144, 147, 149, 151, 152, 154, 155, 156, 157, 158, 160, 162, 163, 168, 169, 170, 171, 174, 176, 177, 178, 179, 180, 183, 184, 185, 186, 188, 189, 190, 191, 192, 193, 194, 195, 199, 200, 205, 206, 207, 209, 211, 213, 214, 215, 216, 217, 218, 221, 224, 225, 228, 233, 234, 240, 241, 243, 247, 248, 252, 254, 257, 260, 262, 264, 266, 267, 268, 269, 271, 272, 273, 274, 275, 276, 277, 278, 280, 282, 285, 286, 287, 288, 289, 295, 296, 297, 298, 299, 300, 302, 303, 304, 308, 312, 315, 319, 320, 321, 322, 323, 326, 328, 330, 331, 332, 334, 335, 336, 340, 341, 342, 344, 345, 347, 350, 354, 359, 363, 366, 367, 368, 370, 372, 374, 375, 377, 381, 382, 383, 384, 391, 393, 394, 395, 397, 401, 402, 403, 405, 408, 409, 410, 411, 412, 413, 415, 419, 420, 421, 422, 423, 424, 425, 429, 430, 431, 436, 438, 442, 445, 446, 452, 453, 455, 458, 462, 464, 465, 466, 468, 471, 476, 477, 478, 482, 483, 484, 485, 490, 493, 496, 497, 501, 502, 503, 507, 508, 512, 514, 516, 517, 520, 521, 522, 523, 524, 526, 528, 529, 530, 531, 532, 534, 539, 540, 543, 545, 546, 548, 549, 555, 557, 558, 559, 560, 562, 563, 565, 567, 568, 570, 571, 574, 575, 577, 579, 580, 584, 585, 586, 587, 591, 593, 594, 595, 597, 598, 599, 600, 606, 607, 609, 610, 611, 612, 613, 615, 616, 617, 618, 619, 621, 622, 624, 626, 629, 630, 631, 634, 635, 637, 638, 641, 644, 646, 647, 648, 650, 651, 652, 653, 654, 659, 660, 661, 662, 663, 665, 666, 668, 671, 672, 674, 676, 680, 682, 683, 684, 685, 687, 688, 689, 690, 692, 698, 699, 703, 705, 708, 711, 712, 713, 715, 718, 719, 721, 723, 728, 730, 731, 733, 734, 735, 736, 738, 741, 742, 745, 747, 751, 752, 753, 754, 755, 757, 758, 759, 760, 761, 762, 766, 770, 773, 776, 778, 779, 781, 783, 784, 785, 786, 787, 789, 791, 792, 795, 798, 800, 801, 802, 803, 804, 807, 808, 809, 810, 811, 812, 813, 818, 821, 827, 830, 831, 833, 834, 836, 837, 839, 841, 842, 843, 845, 846, 847, 848, 850, 852, 853, 855, 856, 857, 859, 861, 864, 868, 870, 871, 872, 873, 876, 878, 879, 880, 884, 887, 888, 889]
[8, 11, 29, 36, 37, 41, 43, 48, 58, 61, 75, 79, 81, 86, 95, 96, 98, 114, 118, 120, 142, 152, 158, 159, 176, 188, 192, 196, 197, 200, 229, 244, 255, 259, 262, 267, 274, 287, 290, 291, 300, 321, 326, 334, 338, 345, 346, 348, 350, 358, 363, 371, 378, 395, 418, 431, 433, 453, 454, 456, 457, 466, 468, 481, 484, 501, 509, 510, 538, 542, 543, 549, 567, 591, 597, 599, 600, 602, 604, 611, 612, 626, 635, 638, 642, 662, 667, 672, 676, 700, 704, 732, 733, 740, 742, 747, 748, 749, 768, 772, 774, 780, 782, 795, 804, 805, 808, 822, 831, 835, 845, 846, 848, 850, 854, 856, 858, 860, 864, 867, 879, 882]

[1, 2, 3, 6, 7, 9, 11, 12, 14, 18, 19, 20, 21, 23, 24, 26, 27, 29, 30, 32, 33, 36, 37, 39, 41, 43, 44, 48, 50, 51, 52, 55, 56, 57, 58, 59, 60, 61, 62, 63, 64, 65, 69, 70, 71, 73, 74, 77, 79, 80, 81, 82, 83, 84, 85, 86, 87, 91, 93, 94, 95, 96, 100, 102, 103, 104, 105, 106, 107, 108, 109, 116, 118, 119, 120, 122, 124, 125, 126, 127, 130, 132, 135, 138, 140, 141, 142, 143, 144, 147, 149, 151, 152, 154, 155, 156, 157, 158, 160, 162, 163, 168, 169, 170, 171, 173, 174, 176, 177, 178, 179, 180, 183, 184, 185, 186, 188, 189, 190, 191, 192, 193, 194, 195, 199, 200, 205, 206, 207, 209, 211, 213, 214, 215, 216, 217, 218, 221, 224, 225, 228, 229, 233, 234, 240, 241, 243, 247, 248, 250, 252, 254, 257, 260, 262, 264, 266, 267, 268, 269, 271, 272, 273, 274, 275, 276, 277, 278, 280, 282, 285, 286, 287, 288, 289, 295, 296, 297, 298, 299, 300, 302, 303, 304, 308, 312, 315, 319, 320, 321, 322, 323, 326, 328, 330, 331, 332, 334, 335, 336, 340, 341, 342, 344, 345, 347, 350, 351, 354, 359, 363, 365, 366, 367, 368, 370, 372, 374, 375, 377, 381, 382, 383, 384, 390, 391, 393, 394, 395, 397, 401, 402, 403, 405, 408, 409, 410, 411, 412, 413, 415, 416, 419, 420, 421, 422, 423, 424, 425, 428, 429, 430, 431, 436, 438, 442, 445, 446, 448, 452, 453, 455, 457, 458, 462, 464, 465, 466, 468, 471, 476, 477, 478, 482, 483, 484, 485, 490, 493, 496, 497, 501, 502, 503, 507, 508, 509, 510, 512, 514, 516, 517, 520, 521, 522, 523, 524, 526, 528, 529, 530, 531, 532, 534, 539, 540, 542, 543, 544, 545, 546, 548, 549, 555, 557, 558, 559, 560, 562, 563, 565, 567, 568, 569, 570, 571, 574, 575, 577, 579, 580, 584, 585, 586, 587, 591, 593, 594, 595, 597, 598, 599, 600, 603, 606, 607, 609, 610, 611, 612, 613, 615, 616, 617, 618, 619, 621, 622, 624, 626, 629, 630, 631, 634, 635, 637, 638, 641, 644, 646, 647, 648, 650, 651, 652, 653, 654, 655, 656, 658, 659, 660, 661, 662, 663, 665, 666, 668, 671, 672, 674, 676, 680, 682, 683, 684, 685, 687, 688, 689, 690, 692, 698, 699, 703, 705, 708, 711, 712, 713, 715, 718, 719, 721, 723, 728, 729, 730, 731, 733, 734, 735, 736, 738, 741, 742, 745, 747, 751, 752, 753, 754, 755, 757, 758, 759, 760, 761, 762, 766, 768, 770, 773, 776, 778, 779, 781, 783, 784, 785, 786, 787, 789, 791, 792, 795, 798, 800, 801, 802, 803, 804, 807, 808, 809, 810, 811, 812, 813, 818, 821, 827, 830, 831, 833, 834, 836, 837, 839, 841, 842, 843, 845, 846, 847, 848, 850, 852, 853, 855, 856, 857, 858, 859, 861, 864, 868, 870, 871, 872, 873, 875, 876, 878, 879, 880, 884, 887, 888, 889]
[8, 11, 29, 36, 37, 41, 43, 48, 58, 61, 75, 79, 81, 86, 95, 96, 98, 114, 118, 120, 142, 152, 158, 159, 176, 188, 192, 196, 197, 200, 229, 244, 255, 259, 262, 267, 274, 287, 290, 291, 300, 321, 326, 334, 338, 345, 346, 348, 350, 358, 363, 371, 378, 395, 418, 431, 433, 453, 454, 456, 457, 466, 468, 481, 484, 501, 509, 510, 538, 542, 543, 549, 567, 591, 597, 599, 600, 602, 604, 611, 612, 626, 635, 638, 642, 662, 667, 672, 676, 700, 704, 732, 733, 740, 742, 747, 748, 749, 768, 772, 774, 780, 782, 795, 804, 805, 808, 822, 831, 835, 845, 846, 848, 850, 854, 856, 858, 860, 864, 867, 879, 882]

[1, 2, 3, 4, 6, 7, 9, 11, 12, 14, 18, 19, 20, 21, 23, 24, 25, 26, 27, 29, 30, 32, 33, 35, 36, 37, 39, 41, 43, 44, 48, 49, 50, 51, 52, 55, 56, 57, 58, 59, 60, 61, 62, 63, 64, 65, 69, 70, 71, 73, 74, 77, 79, 80, 81, 82, 83, 84, 85, 86, 87, 91, 93, 94, 95, 96, 100, 102, 103, 104, 105, 106, 107, 108, 109, 111, 116, 118, 119, 120, 122, 124, 125, 126, 127, 130, 132, 135, 138, 139, 140, 141, 142, 143, 144, 147, 149, 151, 152, 153, 154, 155, 156, 157, 158, 160, 162, 163, 168, 169, 170, 171, 173, 174, 176, 177, 178, 179, 180, 183, 184, 185, 186, 188, 189, 190, 191, 192, 193, 194, 195, 199, 200, 205, 206, 207, 209, 211, 213, 214, 215, 216, 217, 218, 221, 222, 224, 225, 228, 229, 233, 234, 240, 241, 243, 247, 248, 250, 252, 254, 257, 260, 262, 264, 266, 267, 268, 269, 271, 272, 273, 274, 275, 276, 277, 278, 280, 282, 285, 286, 287, 288, 289, 295, 296, 297, 298, 299, 300, 302, 303, 304, 308, 312, 315, 319, 320, 321, 322, 323, 326, 328, 330, 331, 332, 334, 335, 336, 337, 340, 341, 342, 344, 345, 347, 350, 351, 354, 359, 363, 365, 366, 367, 368, 370, 372, 374, 375, 377, 381, 382, 383, 384, 390, 391, 393, 394, 395, 397, 401, 402, 403, 405, 408, 409, 410, 411, 412, 413, 415, 416, 419, 420, 421, 422, 423, 424, 425, 428, 429, 430, 431, 436, 438, 442, 445, 446, 448, 450, 452, 453, 455, 457, 458, 462, 464, 465, 466, 468, 471, 476, 477, 478, 481, 482, 483, 484, 485, 490, 491, 492, 493, 496, 497, 499, 501, 502, 503, 507, 508, 509, 510, 511, 512, 514, 516, 517, 520, 521, 522, 523, 524, 526, 528, 529, 530, 531, 532, 534, 539, 540, 542, 543, 544, 545, 546, 548, 549, 551, 555, 557, 558, 559, 560, 562, 563, 565, 567, 568, 569, 570, 571, 574, 575, 577, 579, 580, 584, 585, 586, 587, 591, 593, 594, 595, 597, 598, 599, 600, 603, 605, 606, 607, 609, 610, 611, 612, 613, 615, 616, 617, 618, 619, 621, 622, 624, 626, 629, 630, 631, 634, 635, 637, 638, 641, 644, 646, 647, 648, 650, 651, 652, 653, 654, 655, 656, 658, 659, 660, 661, 662, 663, 665, 666, 668, 671, 672, 674, 676, 680, 682, 683, 684, 685, 687, 688, 689, 690, 692, 696, 698, 699, 703, 705, 708, 711, 712, 713, 714, 715, 718, 719, 721, 723, 728, 729, 730, 731, 733, 734, 735, 736, 738, 741, 742, 743, 745, 747, 751, 752, 753, 754, 755, 757, 758, 759, 760, 761, 762, 765, 766, 768, 769, 770, 773, 776, 778, 779, 781, 783, 784, 785, 786, 787, 789, 791, 792, 795, 797, 798, 800, 801, 802, 803, 804, 807, 808, 809, 810, 811, 812, 813, 814, 818, 821, 827, 830, 831, 833, 834, 836, 837, 839, 841, 842, 843, 845, 846, 847, 848, 850, 852, 853, 855, 856, 857, 858, 859, 861, 864, 868, 870, 871, 872, 873, 875, 876, 878, 879, 880, 884, 885, 887, 888, 889]
[8, 11, 29, 36, 37, 41, 43, 48, 58, 61, 75, 79, 81, 86, 95, 96, 98, 114, 118, 120, 142, 152, 158, 159, 176, 188, 192, 196, 197, 200, 229, 244, 255, 259, 262, 267, 274, 287, 290, 291, 300, 321, 326, 334, 338, 345, 346, 348, 350, 358, 363, 371, 378, 395, 418, 431, 433, 453, 454, 456, 457, 466, 468, 481, 484, 501, 509, 510, 538, 542, 543, 549, 567, 591, 597, 599, 600, 602, 604, 611, 612, 626, 635, 638, 642, 662, 667, 672, 676, 700, 704, 732, 733, 740, 742, 747, 748, 749, 768, 772, 774, 780, 782, 795, 804, 805, 808, 822, 831, 835, 845, 846, 848, 850, 854, 856, 858, 860, 864, 867, 879, 882]

[1, 2, 3, 4, 6, 7, 9, 11, 12, 14, 17, 18, 19, 20, 21, 23, 24, 25, 26, 27, 29, 30, 32, 33, 35, 36, 37, 39, 41, 43, 44, 48, 49, 50, 51, 52, 55, 56, 57, 58, 59, 60, 61, 62, 63, 64, 65, 69, 70, 71, 73, 74, 77, 79, 80, 81, 82, 83, 84, 85, 86, 87, 91, 93, 94, 95, 96, 97, 98, 100, 102, 103, 104, 105, 106, 107, 108, 109, 110, 111, 112, 116, 118, 119, 120, 122, 124, 125, 126, 127, 130, 132, 135, 138, 139, 140, 141, 142, 143, 144, 147, 149, 151, 152, 153, 154, 155, 156, 157, 158, 160, 162, 163, 168, 169, 170, 171, 173, 174, 176, 177, 178, 179, 180, 183, 184, 185, 186, 188, 189, 190, 191, 192, 193, 194, 195, 197, 199, 200, 205, 206, 207, 209, 211, 213, 214, 215, 216, 217, 218, 221, 222, 224, 225, 228, 229, 231, 233, 234, 240, 241, 243, 247, 248, 250, 252, 254, 257, 260, 262, 264, 266, 267, 268, 269, 271, 272, 273, 274, 275, 276, 277, 278, 280, 282, 285, 286, 287, 288, 289, 295, 296, 297, 298, 299, 300, 302, 303, 304, 308, 312, 315, 319, 320, 321, 322, 323, 324, 326, 327, 328, 330, 331, 332, 334, 335, 336, 337, 340, 341, 342, 344, 345, 347, 349, 350, 351, 354, 359, 360, 361, 363, 365, 366, 367, 368, 370, 372, 374, 375, 377, 381, 382, 383, 384, 390, 391, 393, 394, 395, 397, 401, 402, 403, 405, 408, 409, 410, 411, 412, 413, 415, 416, 419, 420, 421, 422, 423, 424, 425, 428, 429, 430, 431, 432, 436, 438, 442, 445, 446, 448, 450, 452, 453, 455, 457, 458, 462, 464, 465, 466, 468, 470, 471, 476, 477, 478, 481, 482, 483, 484, 485, 490, 491, 492, 493, 496, 497, 499, 501, 502, 503, 507, 508, 509, 510, 511, 512, 514, 516, 517, 520, 521, 522, 523, 524, 525, 526, 528, 529, 530, 531, 532, 534, 539, 540, 542, 543, 544, 545, 546, 548, 549, 551, 555, 557, 558, 559, 560, 561, 562, 563, 565, 567, 568, 569, 570, 571, 574, 575, 577, 579, 580, 584, 585, 586, 587, 591, 593, 594, 595, 597, 598, 599, 600, 603, 605, 606, 607, 609, 610, 611, 612, 613, 615, 616, 617, 618, 619, 621, 622, 624, 626, 629, 630, 631, 634, 635, 637, 638, 641, 644, 645, 646, 647, 648, 650, 651, 652, 653, 654, 655, 656, 658, 659, 660, 661, 662, 663, 664, 665, 666, 668, 671, 672, 674, 676, 679, 680, 682, 683, 684, 685, 687, 688, 689, 690, 692, 696, 698, 699, 703, 705, 708, 711, 712, 713, 714, 715, 718, 719, 721, 723, 724, 725, 728, 729, 730, 731, 733, 734, 735, 736, 738, 741, 742, 743, 745, 747, 751, 752, 753, 754, 755, 757, 758, 759, 760, 761, 762, 765, 766, 767, 768, 769, 770, 773, 776, 778, 779, 781, 783, 784, 785, 786, 787, 789, 791, 792, 795, 797, 798, 800, 801, 802, 803, 804, 807, 808, 809, 810, 811, 812, 813, 814, 817, 818, 820, 821, 827, 830, 831, 833, 834, 836, 837, 839, 841, 842, 843, 845, 846, 847, 848, 850, 852, 853, 855, 856, 857, 858, 859, 861, 864, 868, 870, 871, 872, 873, 875, 876, 878, 879, 880, 882, 884, 885, 887, 888, 889]
[8, 11, 29, 36, 37, 41, 43, 48, 58, 61, 75, 79, 81, 86, 95, 96, 98, 114, 118, 120, 142, 152, 158, 159, 176, 188, 192, 196, 197, 200, 229, 244, 255, 259, 262, 267, 274, 287, 290, 291, 300, 321, 326, 334, 338, 345, 346, 348, 350, 358, 363, 371, 378, 395, 418, 431, 433, 453, 454, 456, 457, 466, 468, 481, 484, 501, 509, 510, 538, 542, 543, 549, 567, 591, 597, 599, 600, 602, 604, 611, 612, 626, 635, 638, 642, 662, 667, 672, 676, 700, 704, 732, 733, 740, 742, 747, 748, 749, 768, 772, 774, 780, 782, 795, 804, 805, 808, 822, 831, 835, 845, 846, 848, 850, 854, 856, 858, 860, 864, 867, 879, 882]

[1, 2, 3, 4, 6, 7, 9, 10, 11, 12, 14, 17, 18, 19, 20, 21, 23, 24, 25, 26, 27, 29, 30, 32, 33, 35, 36, 37, 39, 41, 43, 44, 48, 49, 50, 51, 52, 55, 56, 57, 58, 59, 60, 61, 62, 63, 64, 65, 69, 70, 71, 73, 74, 76, 77, 79, 80, 81, 82, 83, 84, 85, 86, 87, 91, 92, 93, 94, 95, 96, 97, 98, 100, 102, 103, 104, 105, 106, 107, 108, 109, 110, 111, 112, 115, 116, 118, 119, 120, 122, 124, 125, 126, 127, 130, 132, 135, 138, 139, 140, 141, 142, 143, 144, 147, 149, 151, 152, 153, 154, 155, 156, 157, 158, 160, 162, 163, 166, 168, 169, 170, 171, 173, 174, 176, 177, 178, 179, 180, 183, 184, 185, 186, 188, 189, 190, 191, 192, 193, 194, 195, 196, 197, 199, 200, 201, 205, 206, 207, 209, 211, 213, 214, 215, 216, 217, 218, 219, 220, 221, 222, 224, 225, 227, 228, 229, 230, 231, 233, 234, 240, 241, 243, 247, 248, 250, 252, 254, 257, 260, 262, 264, 266, 267, 268, 269, 271, 272, 273, 274, 275, 276, 277, 278, 280, 282, 283, 285, 286, 287, 288, 289, 295, 296, 297, 298, 299, 300, 302, 303, 304, 308, 312, 315, 319, 320, 321, 322, 323, 324, 326, 327, 328, 330, 331, 332, 334, 335, 336, 337, 340, 341, 342, 344, 345, 347, 349, 350, 351, 354, 355, 359, 360, 361, 363, 365, 366, 367, 368, 370, 372, 374, 375, 377, 381, 382, 383, 384, 385, 389, 390, 391, 393, 394, 395, 397, 401, 402, 403, 405, 408, 409, 410, 411, 412, 413, 414, 415, 416, 419, 420, 421, 422, 423, 424, 425, 428, 429, 430, 431, 432, 435, 436, 438, 442, 445, 446, 448, 450, 452, 453, 455, 457, 458, 459, 460, 462, 463, 464, 465, 466, 468, 470, 471, 476, 477, 478, 481, 482, 483, 484, 485, 490, 491, 492, 493, 496, 497, 499, 501, 502, 503, 507, 508, 509, 510, 511, 512, 514, 516, 517, 520, 521, 522, 523, 524, 525, 526, 528, 529, 530, 531, 532, 534, 539, 540, 542, 543, 544, 545, 546, 548, 549, 551, 555, 557, 558, 559, 560, 561, 562, 563, 565, 567, 568, 569, 570, 571, 574, 575, 576, 577, 579, 580, 584, 585, 586, 587, 591, 593, 594, 595, 597, 598, 599, 600, 603, 605, 606, 607, 609, 610, 611, 612, 613, 615, 616, 617, 618, 619, 621, 622, 624, 626, 629, 630, 631, 633, 634, 635, 637, 638, 641, 644, 645, 646, 647, 648, 650, 651, 652, 653, 654, 655, 656, 658, 659, 660, 661, 662, 663, 664, 665, 666, 668, 671, 672, 674, 676, 679, 680, 682, 683, 684, 685, 687, 688, 689, 690, 691, 692, 696, 698, 699, 703, 705, 708, 711, 712, 713, 714, 715, 718, 719, 721, 723, 724, 725, 728, 729, 730, 731, 733, 734, 735, 736, 738, 741, 742, 743, 745, 747, 751, 752, 753, 754, 755, 757, 758, 759, 760, 761, 762, 765, 766, 767, 768, 769, 770, 773, 776, 778, 779, 781, 783, 784, 785, 786, 787, 789, 791, 792, 795, 797, 798, 799, 800, 801, 802, 803, 804, 807, 808, 809, 810, 811, 812, 813, 814, 817, 818, 820, 821, 827, 830, 831, 833, 834, 836, 837, 839, 841, 842, 843, 845, 846, 847, 848, 849, 850, 852, 853, 855, 856, 857, 858, 859, 861, 864, 868, 870, 871, 872, 873, 875, 876, 878, 879, 880, 882, 884, 885, 887, 888, 889]
[8, 11, 29, 36, 37, 41, 43, 48, 58, 61, 75, 79, 81, 86, 95, 96, 98, 114, 118, 120, 142, 152, 158, 159, 176, 188, 192, 196, 197, 200, 229, 244, 255, 259, 262, 267, 274, 287, 290, 291, 300, 321, 326, 334, 338, 345, 346, 348, 350, 358, 363, 371, 378, 395, 418, 431, 433, 453, 454, 456, 457, 466, 468, 481, 484, 501, 509, 510, 538, 542, 543, 549, 567, 591, 597, 599, 600, 602, 604, 611, 612, 626, 635, 638, 642, 662, 667, 672, 676, 700, 704, 732, 733, 740, 742, 747, 748, 749, 768, 772, 774, 780, 782, 795, 804, 805, 808, 822, 831, 835, 845, 846, 848, 850, 854, 856, 858, 860, 864, 867, 879, 882]

[1, 2, 3, 4, 6, 7, 9, 10, 11, 12, 14, 16, 17, 18, 19, 20, 21, 23, 24, 25, 26, 27, 29, 30, 32, 33, 35, 36, 37, 38, 39, 41, 43, 44, 48, 49, 50, 51, 52, 55, 56, 57, 58, 59, 60, 61, 62, 63, 64, 65, 69, 70, 71, 73, 74, 76, 77, 79, 80, 81, 82, 83, 84, 85, 86, 87, 91, 92, 93, 94, 95, 96, 97, 98, 100, 102, 103, 104, 105, 106, 107, 108, 109, 110, 111, 112, 115, 116, 118, 119, 120, 122, 124, 125, 126, 127, 130, 132, 135, 138, 139, 140, 141, 142, 143, 144, 147, 148, 149, 151, 152, 153, 154, 155, 156, 157, 158, 160, 162, 163, 166, 168, 169, 170, 171, 173, 174, 176, 177, 178, 179, 180, 183, 184, 185, 186, 188, 189, 190, 191, 192, 193, 194, 195, 196, 197, 199, 200, 201, 205, 206, 207, 209, 211, 212, 213, 214, 215, 216, 217, 218, 219, 220, 221, 222, 224, 225, 227, 228, 229, 230, 231, 233, 234, 239, 240, 241, 243, 246, 247, 248, 249, 250, 252, 254, 257, 260, 262, 264, 266, 267, 268, 269, 271, 272, 273, 274, 275, 276, 277, 278, 280, 282, 283, 285, 286, 287, 288, 289, 295, 296, 297, 298, 299, 300, 302, 303, 304, 308, 309, 312, 315, 317, 319, 320, 321, 322, 323, 324, 326, 327, 328, 330, 331, 332, 334, 335, 336, 337, 340, 341, 342, 344, 345, 347, 349, 350, 351, 352, 353, 354, 355, 359, 360, 361, 363, 365, 366, 367, 368, 370, 372, 374, 375, 377, 378, 381, 382, 383, 384, 385, 389, 390, 391, 393, 394, 395, 397, 401, 402, 403, 405, 408, 409, 410, 411, 412, 413, 414, 415, 416, 419, 420, 421, 422, 423, 424, 425, 428, 429, 430, 431, 432, 433, 435, 436, 438, 442, 445, 446, 448, 450, 452, 453, 455, 457, 458, 459, 460, 462, 463, 464, 465, 466, 468, 470, 471, 476, 477, 478, 481, 482, 483, 484, 485, 488, 490, 491, 492, 493, 496, 497, 499, 500, 501, 502, 503, 507, 508, 509, 510, 511, 512, 514, 516, 517, 520, 521, 522, 523, 524, 525, 526, 528, 529, 530, 531, 532, 534, 538, 539, 540, 542, 543, 544, 545, 546, 548, 549, 551, 555, 557, 558, 559, 560, 561, 562, 563, 565, 567, 568, 569, 570, 571, 574, 575, 576, 577, 578, 579, 580, 584, 585, 586, 587, 591, 593, 594, 595, 597, 598, 599, 600, 603, 605, 606, 607, 609, 610, 611, 612, 613, 615, 616, 617, 618, 619, 621, 622, 624, 626, 629, 630, 631, 633, 634, 635, 637, 638, 640, 641, 643, 644, 645, 646, 647, 648, 650, 651, 652, 653, 654, 655, 656, 658, 659, 660, 661, 662, 663, 664, 665, 666, 668, 671, 672, 674, 676, 678, 679, 680, 682, 683, 684, 685, 687, 688, 689, 690, 691, 692, 694, 696, 698, 699, 703, 705, 708, 711, 712, 713, 714, 715, 718, 719, 721, 723, 724, 725, 728, 729, 730, 731, 733, 734, 735, 736, 738, 741, 742, 743, 745, 747, 751, 752, 753, 754, 755, 756, 757, 758, 759, 760, 761, 762, 765, 766, 767, 768, 769, 770, 773, 776, 778, 779, 781, 783, 784, 785, 786, 787, 789, 791, 792, 795, 797, 798, 799, 800, 801, 802, 803, 804, 807, 808, 809, 810, 811, 812, 813, 814, 817, 818, 820, 821, 827, 829, 830, 831, 833, 834, 836, 837, 839, 841, 842, 843, 845, 846, 847, 848, 849, 850, 852, 853, 855, 856, 857, 858, 859, 861, 864, 868, 870, 871, 872, 873, 874, 875, 876, 878, 879, 880, 882, 884, 885, 886, 887, 888, 889]
[8, 11, 29, 36, 37, 41, 43, 48, 58, 61, 75, 79, 81, 86, 95, 96, 98, 114, 118, 120, 142, 152, 158, 159, 176, 188, 192, 196, 197, 200, 229, 244, 255, 259, 262, 267, 274, 287, 290, 291, 300, 321, 326, 334, 338, 345, 346, 348, 350, 358, 363, 371, 378, 395, 418, 431, 433, 453, 454, 456, 457, 466, 468, 481, 484, 501, 509, 510, 538, 542, 543, 549, 567, 591, 597, 599, 600, 602, 604, 611, 612, 626, 635, 638, 642, 662, 667, 672, 676, 700, 704, 732, 733, 740, 742, 747, 748, 749, 768, 772, 774, 780, 782, 795, 804, 805, 808, 822, 831, 835, 845, 846, 848, 850, 854, 856, 858, 860, 864, 867, 879, 882]

[1, 2, 3, 4, 6, 7, 9, 10, 11, 12, 14, 16, 17, 18, 19, 20, 21, 23, 24, 25, 26, 27, 29, 30, 32, 33, 35, 36, 37, 38, 39, 41, 43, 44, 46, 48, 49, 50, 51, 52, 54, 55, 56, 57, 58, 59, 60, 61, 62, 63, 64, 65, 69, 70, 71, 73, 74, 76, 77, 79, 80, 81, 82, 83, 84, 85, 86, 87, 88, 91, 92, 93, 94, 95, 96, 97, 98, 100, 102, 103, 104, 105, 106, 107, 108, 109, 110, 111, 112, 115, 116, 118, 119, 120, 122, 123, 124, 125, 126, 127, 130, 132, 135, 138, 139, 140, 141, 142, 143, 144, 147, 148, 149, 151, 152, 153, 154, 155, 156, 157, 158, 160, 162, 163, 166, 168, 169, 170, 171, 173, 174, 176, 177, 178, 179, 180, 183, 184, 185, 186, 188, 189, 190, 191, 192, 193, 194, 195, 196, 197, 198, 199, 200, 201, 205, 206, 207, 209, 211, 212, 213, 214, 215, 216, 217, 218, 219, 220, 221, 222, 224, 225, 227, 228, 229, 230, 231, 233, 234, 238, 239, 240, 241, 243, 246, 247, 248, 249, 250, 252, 254, 257, 258, 260, 262, 264, 266, 267, 268, 269, 270, 271, 272, 273, 274, 275, 276, 277, 278, 280, 282, 283, 285, 286, 287, 288, 289, 291, 295, 296, 297, 298, 299, 300, 302, 303, 304, 308, 309, 311, 312, 315, 317, 319, 320, 321, 322, 323, 324, 326, 327, 328, 330, 331, 332, 334, 335, 336, 337, 340, 341, 342, 344, 345, 346, 347, 349, 350, 351, 352, 353, 354, 355, 359, 360, 361, 363, 365, 366, 367, 368, 370, 372, 374, 375, 377, 378, 379, 381, 382, 383, 384, 385, 389, 390, 391, 393, 394, 395, 397, 401, 402, 403, 405, 408, 409, 410, 411, 412, 413, 414, 415, 416, 419, 420, 421, 422, 423, 424, 425, 428, 429, 430, 431, 432, 433, 435, 436, 438, 442, 445, 446, 448, 450, 452, 453, 455, 457, 458, 459, 460, 462, 463, 464, 465, 466, 468, 470, 471, 475, 476, 477, 478, 481, 482, 483, 484, 485, 488, 490, 491, 492, 493, 496, 497, 499, 500, 501, 502, 503, 506, 507, 508, 509, 510, 511, 512, 514, 516, 517, 520, 521, 522, 523, 524, 525, 526, 528, 529, 530, 531, 532, 534, 538, 539, 540, 542, 543, 544, 545, 546, 548, 549, 551, 553, 555, 556, 557, 558, 559, 560, 561, 562, 563, 565, 567, 568, 569, 570, 571, 574, 575, 576, 577, 578, 579, 580, 582, 584, 585, 586, 587, 591, 593, 594, 595, 597, 598, 599, 600, 603, 605, 606, 607, 609, 610, 611, 612, 613, 615, 616, 617, 618, 619, 621, 622, 624, 626, 629, 630, 631, 633, 634, 635, 637, 638, 640, 641, 643, 644, 645, 646, 647, 648, 650, 651, 652, 653, 654, 655, 656, 658, 659, 660, 661, 662, 663, 664, 665, 666, 668, 671, 672, 673, 674, 676, 678, 679, 680, 682, 683, 684, 685, 687, 688, 689, 690, 691, 692, 694, 696, 698, 699, 700, 703, 705, 708, 711, 712, 713, 714, 715, 718, 719, 721, 723, 724, 725, 728, 729, 730, 731, 733, 734, 735, 736, 738, 739, 741, 742, 743, 744, 745, 746, 747, 751, 752, 753, 754, 755, 756, 757, 758, 759, 760, 761, 762, 765, 766, 767, 768, 769, 770, 773, 776, 778, 779, 781, 783, 784, 785, 786, 787, 788, 789, 791, 792, 795, 797, 798, 799, 800, 801, 802, 803, 804, 807, 808, 809, 810, 811, 812, 813, 814, 816, 817, 818, 820, 821, 825, 827, 829, 830, 831, 833, 834, 836, 837, 839, 841, 842, 843, 845, 846, 847, 848, 849, 850, 852, 853, 855, 856, 857, 858, 859, 861, 864, 868, 870, 871, 872, 873, 874, 875, 876, 878, 879, 880, 882, 884, 885, 886, 887, 888, 889]
[8, 11, 29, 36, 37, 41, 43, 48, 58, 61, 75, 79, 81, 86, 95, 96, 98, 114, 118, 120, 142, 152, 158, 159, 176, 188, 192, 196, 197, 200, 229, 244, 255, 259, 262, 267, 274, 287, 290, 291, 300, 321, 326, 334, 338, 345, 346, 348, 350, 358, 363, 371, 378, 395, 418, 431, 433, 453, 454, 456, 457, 466, 468, 481, 484, 501, 509, 510, 538, 542, 543, 549, 567, 591, 597, 599, 600, 602, 604, 611, 612, 626, 635, 638, 642, 662, 667, 672, 676, 700, 704, 732, 733, 740, 742, 747, 748, 749, 768, 772, 774, 780, 782, 795, 804, 805, 808, 822, 831, 835, 845, 846, 848, 850, 854, 856, 858, 860, 864, 867, 879, 882]

[1, 2, 3, 4, 5, 6, 7, 9, 10, 11, 12, 14, 16, 17, 18, 19, 20, 21, 22, 23, 24, 25, 26, 27, 29, 30, 32, 33, 35, 36, 37, 38, 39, 41, 43, 44, 46, 48, 49, 50, 51, 52, 54, 55, 56, 57, 58, 59, 60, 61, 62, 63, 64, 65, 66, 69, 70, 71, 72, 73, 74, 76, 77, 79, 80, 81, 82, 83, 84, 85, 86, 87, 88, 91, 92, 93, 94, 95, 96, 97, 98, 100, 102, 103, 104, 105, 106, 107, 108, 109, 110, 111, 112, 115, 116, 118, 119, 120, 122, 123, 124, 125, 126, 127, 130, 132, 134, 135, 138, 139, 140, 141, 142, 143, 144, 147, 148, 149, 150, 151, 152, 153, 154, 155, 156, 157, 158, 160, 162, 163, 166, 167, 168, 169, 170, 171, 173, 174, 176, 177, 178, 179, 180, 183, 184, 185, 186, 188, 189, 190, 191, 192, 193, 194, 195, 196, 197, 198, 199, 200, 201, 205, 206, 207, 209, 211, 212, 213, 214, 215, 216, 217, 218, 219, 220, 221, 222, 224, 225, 227, 228, 229, 230, 231, 233, 234, 238, 239, 240, 241, 243, 246, 247, 248, 249, 250, 252, 254, 257, 258, 260, 261, 262, 264, 266, 267, 268, 269, 270, 271, 272, 273, 274, 275, 276, 277, 278, 280, 282, 283, 285, 286, 287, 288, 289, 291, 295, 296, 297, 298, 299, 300, 302, 303, 304, 308, 309, 311, 312, 315, 317, 319, 320, 321, 322, 323, 324, 326, 327, 328, 329, 330, 331, 332, 334, 335, 336, 337, 338, 340, 341, 342, 344, 345, 346, 347, 349, 350, 351, 352, 353, 354, 355, 359, 360, 361, 363, 365, 366, 367, 368, 370, 371, 372, 373, 374, 375, 377, 378, 379, 381, 382, 383, 384, 385, 389, 390, 391, 392, 393, 394, 395, 397, 401, 402, 403, 405, 408, 409, 410, 411, 412, 413, 414, 415, 416, 418, 419, 420, 421, 422, 423, 424, 425, 428, 429, 430, 431, 432, 433, 435, 436, 438, 442, 445, 446, 448, 450, 452, 453, 455, 457, 458, 459, 460, 462, 463, 464, 465, 466, 468, 470, 471, 475, 476, 477, 478, 481, 482, 483, 484, 485, 488, 490, 491, 492, 493, 496, 497, 499, 500, 501, 502, 503, 506, 507, 508, 509, 510, 511, 512, 514, 516, 517, 520, 521, 522, 523, 524, 525, 526, 528, 529, 530, 531, 532, 534, 538, 539, 540, 542, 543, 544, 545, 546, 548, 549, 551, 553, 555, 556, 557, 558, 559, 560, 561, 562, 563, 565, 567, 568, 569, 570, 571, 574, 575, 576, 577, 578, 579, 580, 582, 584, 585, 586, 587, 591, 593, 594, 595, 597, 598, 599, 600, 603, 605, 606, 607, 609, 610, 611, 612, 613, 615, 616, 617, 618, 619, 621, 622, 624, 626, 629, 630, 631, 633, 634, 635, 637, 638, 640, 641, 643, 644, 645, 646, 647, 648, 650, 651, 652, 653, 654, 655, 656, 658, 659, 660, 661, 662, 663, 664, 665, 666, 668, 671, 672, 673, 674, 675, 676, 678, 679, 680, 682, 683, 684, 685, 686, 687, 688, 689, 690, 691, 692, 694, 696, 698, 699, 700, 703, 705, 708, 711, 712, 713, 714, 715, 717, 718, 719, 721, 723, 724, 725, 728, 729, 730, 731, 733, 734, 735, 736, 738, 739, 741, 742, 743, 744, 745, 746, 747, 749, 751, 752, 753, 754, 755, 756, 757, 758, 759, 760, 761, 762, 765, 766, 767, 768, 769, 770, 773, 774, 776, 778, 779, 781, 783, 784, 785, 786, 787, 788, 789, 791, 792, 795, 797, 798, 799, 800, 801, 802, 803, 804, 807, 808, 809, 810, 811, 812, 813, 814, 816, 817, 818, 820, 821, 822, 825, 827, 829, 830, 831, 832, 833, 834, 836, 837, 839, 840, 841, 842, 843, 844, 845, 846, 847, 848, 849, 850, 852, 853, 855, 856, 857, 858, 859, 861, 862, 864, 867, 868, 870, 871, 872, 873, 874, 875, 876, 878, 879, 880, 882, 884, 885, 886, 887, 888, 889]
[8, 11, 29, 36, 37, 41, 43, 48, 58, 61, 75, 79, 81, 86, 95, 96, 98, 114, 118, 120, 142, 152, 158, 159, 176, 188, 192, 196, 197, 200, 229, 244, 255, 259, 262, 267, 274, 287, 290, 291, 300, 321, 326, 334, 338, 345, 346, 348, 350, 358, 363, 371, 378, 395, 418, 431, 433, 453, 454, 456, 457, 466, 468, 481, 484, 501, 509, 510, 538, 542, 543, 549, 567, 591, 597, 599, 600, 602, 604, 611, 612, 626, 635, 638, 642, 662, 667, 672, 676, 700, 704, 732, 733, 740, 742, 747, 748, 749, 768, 772, 774, 780, 782, 795, 804, 805, 808, 822, 831, 835, 845, 846, 848, 850, 854, 856, 858, 860, 864, 867, 879, 882]

[1, 2, 3, 4, 5, 6, 7, 9, 10, 11, 12, 14, 16, 17, 18, 19, 20, 21, 22, 23, 24, 25, 26, 27, 29, 30, 32, 33, 35, 36, 37, 38, 39, 41, 42, 43, 44, 46, 48, 49, 50, 51, 52, 54, 55, 56, 57, 58, 59, 60, 61, 62, 63, 64, 65, 66, 68, 69, 70, 71, 72, 73, 74, 76, 77, 79, 80, 81, 82, 83, 84, 85, 86, 87, 88, 91, 92, 93, 94, 95, 96, 97, 98, 100, 102, 103, 104, 105, 106, 107, 108, 109, 110, 111, 112, 115, 116, 118, 119, 120, 122, 123, 124, 125, 126, 127, 130, 132, 134, 135, 138, 139, 140, 141, 142, 143, 144, 147, 148, 149, 150, 151, 152, 153, 154, 155, 156, 157, 158, 160, 162, 163, 166, 167, 168, 169, 170, 171, 173, 174, 176, 177, 178, 179, 180, 183, 184, 185, 186, 188, 189, 190, 191, 192, 193, 194, 195, 196, 197, 198, 199, 200, 201, 205, 206, 207, 209, 210, 211, 212, 213, 214, 215, 216, 217, 218, 219, 220, 221, 222, 224, 225, 226, 227, 228, 229, 230, 231, 233, 234, 238, 239, 240, 241, 243, 246, 247, 248, 249, 250, 252, 254, 257, 258, 259, 260, 261, 262, 263, 264, 266, 267, 268, 269, 270, 271, 272, 273, 274, 275, 276, 277, 278, 280, 282, 283, 285, 286, 287, 288, 289, 291, 295, 296, 297, 298, 299, 300, 301, 302, 303, 304, 308, 309, 311, 312, 314, 315, 317, 319, 320, 321, 322, 323, 324, 326, 327, 328, 329, 330, 331, 332, 334, 335, 336, 337, 338, 340, 341, 342, 344, 345, 346, 347, 348, 349, 350, 351, 352, 353, 354, 355, 358, 359, 360, 361, 362, 363, 365, 366, 367, 368, 370, 371, 372, 373, 374, 375, 377, 378, 379, 381, 382, 383, 384, 385, 387, 389, 390, 391, 392, 393, 394, 395, 397, 401, 402, 403, 405, 408, 409, 410, 411, 412, 413, 414, 415, 416, 418, 419, 420, 421, 422, 423, 424, 425, 428, 429, 430, 431, 432, 433, 435, 436, 437, 438, 441, 442, 445, 446, 448, 450, 452, 453, 455, 457, 458, 459, 460, 462, 463, 464, 465, 466, 468, 470, 471, 475, 476, 477, 478, 481, 482, 483, 484, 485, 488, 490, 491, 492, 493, 496, 497, 499, 500, 501, 502, 503, 506, 507, 508, 509, 510, 511, 512, 514, 516, 517, 520, 521, 522, 523, 524, 525, 526, 527, 528, 529, 530, 531, 532, 534, 538, 539, 540, 542, 543, 544, 545, 546, 548, 549, 551, 553, 555, 556, 557, 558, 559, 560, 561, 562, 563, 565, 567, 568, 569, 570, 571, 574, 575, 576, 577, 578, 579, 580, 581, 582, 584, 585, 586, 587, 589, 591, 593, 594, 595, 597, 598, 599, 600, 603, 605, 606, 607, 609, 610, 611, 612, 613, 615, 616, 617, 618, 619, 621, 622, 624, 626, 629, 630, 631, 633, 634, 635, 637, 638, 640, 641, 643, 644, 645, 646, 647, 648, 650, 651, 652, 653, 654, 655, 656, 658, 659, 660, 661, 662, 663, 664, 665, 666, 667, 668, 671, 672, 673, 674, 675, 676, 678, 679, 680, 682, 683, 684, 685, 686, 687, 688, 689, 690, 691, 692, 694, 696, 698, 699, 700, 702, 703, 705, 708, 711, 712, 713, 714, 715, 717, 718, 719, 721, 723, 724, 725, 728, 729, 730, 731, 733, 734, 735, 736, 738, 739, 741, 742, 743, 744, 745, 746, 747, 749, 751, 752, 753, 754, 755, 756, 757, 758, 759, 760, 761, 762, 765, 766, 767, 768, 769, 770, 771, 773, 774, 776, 778, 779, 781, 782, 783, 784, 785, 786, 787, 788, 789, 790, 791, 792, 795, 796, 797, 798, 799, 800, 801, 802, 803, 804, 807, 808, 809, 810, 811, 812, 813, 814, 816, 817, 818, 820, 821, 822, 825, 827, 829, 830, 831, 832, 833, 834, 836, 837, 839, 840, 841, 842, 843, 844, 845, 846, 847, 848, 849, 850, 852, 853, 855, 856, 857, 858, 859, 860, 861, 862, 864, 867, 868, 870, 871, 872, 873, 874, 875, 876, 878, 879, 880, 881, 882, 884, 885, 886, 887, 888, 889]
[8, 11, 29, 36, 37, 41, 43, 48, 58, 61, 75, 79, 81, 86, 95, 96, 98, 114, 118, 120, 142, 152, 158, 159, 176, 188, 192, 196, 197, 200, 229, 244, 255, 259, 262, 267, 274, 287, 290, 291, 300, 321, 326, 334, 338, 345, 346, 348, 350, 358, 363, 371, 378, 395, 418, 431, 433, 453, 454, 456, 457, 466, 468, 481, 484, 501, 509, 510, 538, 542, 543, 549, 567, 591, 597, 599, 600, 602, 604, 611, 612, 626, 635, 638, 642, 662, 667, 672, 676, 700, 704, 732, 733, 740, 742, 747, 748, 749, 768, 772, 774, 780, 782, 795, 804, 805, 808, 822, 831, 835, 845, 846, 848, 850, 854, 856, 858, 860, 864, 867, 879, 882]

[1, 2, 3, 4, 5, 6, 7, 8, 9, 10, 11, 12, 14, 16, 17, 18, 19, 20, 21, 22, 23, 24, 25, 26, 27, 29, 30, 32, 33, 35, 36, 37, 38, 39, 41, 42, 43, 44, 46, 48, 49, 50, 51, 52, 53, 54, 55, 56, 57, 58, 59, 60, 61, 62, 63, 64, 65, 66, 68, 69, 70, 71, 72, 73, 74, 76, 77, 79, 80, 81, 82, 83, 84, 85, 86, 87, 88, 91, 92, 93, 94, 95, 96, 97, 98, 100, 102, 103, 104, 105, 106, 107, 108, 109, 110, 111, 112, 115, 116, 118, 119, 120, 122, 123, 124, 125, 126, 127, 130, 132, 133, 134, 135, 136, 138, 139, 140, 141, 142, 143, 144, 147, 148, 149, 150, 151, 152, 153, 154, 155, 156, 157, 158, 160, 162, 163, 166, 167, 168, 169, 170, 171, 173, 174, 175, 176, 177, 178, 179, 180, 183, 184, 185, 186, 188, 189, 190, 191, 192, 193, 194, 195, 196, 197, 198, 199, 200, 201, 205, 206, 207, 209, 210, 211, 212, 213, 214, 215, 216, 217, 218, 219, 220, 221, 222, 224, 225, 226, 227, 228, 229, 230, 231, 233, 234, 235, 238, 239, 240, 241, 243, 246, 247, 248, 249, 250, 252, 254, 257, 258, 259, 260, 261, 262, 263, 264, 266, 267, 268, 269, 270, 271, 272, 273, 274, 275, 276, 277, 278, 280, 282, 283, 285, 286, 287, 288, 289, 291, 292, 295, 296, 297, 298, 299, 300, 301, 302, 303, 304, 308, 309, 310, 311, 312, 314, 315, 317, 319, 320, 321, 322, 323, 324, 326, 327, 328, 329, 330, 331, 332, 333, 334, 335, 336, 337, 338, 340, 341, 342, 344, 345, 346, 347, 348, 349, 350, 351, 352, 353, 354, 355, 358, 359, 360, 361, 362, 363, 365, 366, 367, 368, 370, 371, 372, 373, 374, 375, 377, 378, 379, 381, 382, 383, 384, 385, 387, 389, 390, 391, 392, 393, 394, 395, 397, 398, 401, 402, 403, 404, 405, 408, 409, 410, 411, 412, 413, 414, 415, 416, 418, 419, 420, 421, 422, 423, 424, 425, 428, 429, 430, 431, 432, 433, 435, 436, 437, 438, 441, 442, 445, 446, 448, 450, 451, 452, 453, 455, 457, 458, 459, 460, 462, 463, 464, 465, 466, 468, 470, 471, 475, 476, 477, 478, 481, 482, 483, 484, 485, 488, 489, 490, 491, 492, 493, 496, 497, 499, 500, 501, 502, 503, 506, 507, 508, 509, 510, 511, 512, 514, 516, 517, 520, 521, 522, 523, 524, 525, 526, 527, 528, 529, 530, 531, 532, 534, 536, 537, 538, 539, 540, 542, 543, 544, 545, 546, 548, 549, 551, 553, 555, 556, 557, 558, 559, 560, 561, 562, 563, 565, 566, 567, 568, 569, 570, 571, 574, 575, 576, 577, 578, 579, 580, 581, 582, 584, 585, 586, 587, 589, 591, 593, 594, 595, 597, 598, 599, 600, 603, 605, 606, 607, 609, 610, 611, 612, 613, 615, 616, 617, 618, 619, 621, 622, 624, 626, 629, 630, 631, 633, 634, 635, 637, 638, 639, 640, 641, 643, 644, 645, 646, 647, 648, 650, 651, 652, 653, 654, 655, 656, 658, 659, 660, 661, 662, 663, 664, 665, 666, 667, 668, 671, 672, 673, 674, 675, 676, 678, 679, 680, 682, 683, 684, 685, 686, 687, 688, 689, 690, 691, 692, 694, 696, 698, 699, 700, 702, 703, 705, 708, 709, 711, 712, 713, 714, 715, 716, 717, 718, 719, 721, 723, 724, 725, 728, 729, 730, 731, 733, 734, 735, 736, 737, 738, 739, 741, 742, 743, 744, 745, 746, 747, 749, 750, 751, 752, 753, 754, 755, 756, 757, 758, 759, 760, 761, 762, 765, 766, 767, 768, 769, 770, 771, 773, 774, 776, 778, 779, 781, 782, 783, 784, 785, 786, 787, 788, 789, 790, 791, 792, 795, 796, 797, 798, 799, 800, 801, 802, 803, 804, 807, 808, 809, 810, 811, 812, 813, 814, 816, 817, 818, 819, 820, 821, 822, 824, 825, 827, 829, 830, 831, 832, 833, 834, 836, 837, 839, 840, 841, 842, 843, 844, 845, 846, 847, 848, 849, 850, 852, 853, 855, 856, 857, 858, 859, 860, 861, 862, 864, 867, 868, 870, 871, 872, 873, 874, 875, 876, 877, 878, 879, 880, 881, 882, 884, 885, 886, 887, 888, 889]
[8, 11, 29, 36, 37, 41, 43, 48, 58, 61, 75, 79, 81, 86, 95, 96, 98, 114, 118, 120, 142, 152, 158, 159, 176, 188, 192, 196, 197, 200, 229, 244, 255, 259, 262, 267, 274, 287, 290, 291, 300, 321, 326, 334, 338, 345, 346, 348, 350, 358, 363, 371, 378, 395, 418, 431, 433, 453, 454, 456, 457, 466, 468, 481, 484, 501, 509, 510, 538, 542, 543, 549, 567, 591, 597, 599, 600, 602, 604, 611, 612, 626, 635, 638, 642, 662, 667, 672, 676, 700, 704, 732, 733, 740, 742, 747, 748, 749, 768, 772, 774, 780, 782, 795, 804, 805, 808, 822, 831, 835, 845, 846, 848, 850, 854, 856, 858, 860, 864, 867, 879, 882]

[1, 2, 3, 4, 5, 6, 7, 8, 9, 10, 11, 12, 14, 16, 17, 18, 19, 20, 21, 22, 23, 24, 25, 26, 27, 29, 30, 32, 33, 35, 36, 37, 38, 39, 41, 42, 43, 44, 45, 46, 48, 49, 50, 51, 52, 53, 54, 55, 56, 57, 58, 59, 60, 61, 62, 63, 64, 65, 66, 68, 69, 70, 71, 72, 73, 74, 76, 77, 79, 80, 81, 82, 83, 84, 85, 86, 87, 88, 91, 92, 93, 94, 95, 96, 97, 98, 100, 101, 102, 103, 104, 105, 106, 107, 108, 109, 110, 111, 112, 115, 116, 118, 119, 120, 122, 123, 124, 125, 126, 127, 130, 132, 133, 134, 135, 136, 138, 139, 140, 141, 142, 143, 144, 147, 148, 149, 150, 151, 152, 153, 154, 155, 156, 157, 158, 160, 162, 163, 166, 167, 168, 169, 170, 171, 173, 174, 175, 176, 177, 178, 179, 180, 181, 183, 184, 185, 186, 188, 189, 190, 191, 192, 193, 194, 195, 196, 197, 198, 199, 200, 201, 205, 206, 207, 209, 210, 211, 212, 213, 214, 215, 216, 217, 218, 219, 220, 221, 222, 224, 225, 226, 227, 228, 229, 230, 231, 232, 233, 234, 235, 238, 239, 240, 241, 243, 246, 247, 248, 249, 250, 252, 253, 254, 257, 258, 259, 260, 261, 262, 263, 264, 266, 267, 268, 269, 270, 271, 272, 273, 274, 275, 276, 277, 278, 280, 281, 282, 283, 285, 286, 287, 288, 289, 290, 291, 292, 295, 296, 297, 298, 299, 300, 301, 302, 303, 304, 307, 308, 309, 310, 311, 312, 314, 315, 317, 319, 320, 321, 322, 323, 324, 325, 326, 327, 328, 329, 330, 331, 332, 333, 334, 335, 336, 337, 338, 340, 341, 342, 344, 345, 346, 347, 348, 349, 350, 351, 352, 353, 354, 355, 358, 359, 360, 361, 362, 363, 365, 366, 367, 368, 370, 371, 372, 373, 374, 375, 376, 377, 378, 379, 381, 382, 383, 384, 385, 387, 389, 390, 391, 392, 393, 394, 395, 397, 398, 399, 401, 402, 403, 404, 405, 408, 409, 410, 411, 412, 413, 414, 415, 416, 418, 419, 420, 421, 422, 423, 424, 425, 428, 429, 430, 431, 432, 433, 434, 435, 436, 437, 438, 440, 441, 442, 443, 445, 446, 448, 450, 451, 452, 453, 455, 457, 458, 459, 460, 461, 462, 463, 464, 465, 466, 468, 470, 471, 475, 476, 477, 478, 479, 481, 482, 483, 484, 485, 486, 487, 488, 489, 490, 491, 492, 493, 496, 497, 499, 500, 501, 502, 503, 506, 507, 508, 509, 510, 511, 512, 514, 516, 517, 520, 521, 522, 523, 524, 525, 526, 527, 528, 529, 530, 531, 532, 534, 536, 537, 538, 539, 540, 542, 543, 544, 545, 546, 548, 549, 550, 551, 553, 555, 556, 557, 558, 559, 560, 561, 562, 563, 565, 566, 567, 568, 569, 570, 571, 574, 575, 576, 577, 578, 579, 580, 581, 582, 584, 585, 586, 587, 588, 589, 591, 593, 594, 595, 597, 598, 599, 600, 603, 605, 606, 607, 609, 610, 611, 612, 613, 615, 616, 617, 618, 619, 621, 622, 624, 626, 629, 630, 631, 633, 634, 635, 636, 637, 638, 639, 640, 641, 643, 644, 645, 646, 647, 648, 650, 651, 652, 653, 654, 655, 656, 658, 659, 660, 661, 662, 663, 664, 665, 666, 667, 668, 671, 672, 673, 674, 675, 676, 678, 679, 680, 681, 682, 683, 684, 685, 686, 687, 688, 689, 690, 691, 692, 694, 696, 698, 699, 700, 702, 703, 705, 708, 709, 710, 711, 712, 713, 714, 715, 716, 717, 718, 719, 721, 722, 723, 724, 725, 728, 729, 730, 731, 733, 734, 735, 736, 737, 738, 739, 741, 742, 743, 744, 745, 746, 747, 749, 750, 751, 752, 753, 754, 755, 756, 757, 758, 759, 760, 761, 762, 765, 766, 767, 768, 769, 770, 771, 773, 774, 776, 778, 779, 781, 782, 783, 784, 785, 786, 787, 788, 789, 790, 791, 792, 795, 796, 797, 798, 799, 800, 801, 802, 803, 804, 807, 808, 809, 810, 811, 812, 813, 814, 816, 817, 818, 819, 820, 821, 822, 824, 825, 827, 829, 830, 831, 832, 833, 834, 836, 837, 839, 840, 841, 842, 843, 844, 845, 846, 847, 848, 849, 850, 852, 853, 855, 856, 857, 858, 859, 860, 861, 862, 863, 864, 867, 868, 870, 871, 872, 873, 874, 875, 876, 877, 878, 879, 880, 881, 882, 884, 885, 886, 887, 888, 889]
[8, 11, 29, 36, 37, 41, 43, 48, 58, 61, 75, 79, 81, 86, 95, 96, 98, 114, 118, 120, 142, 152, 158, 159, 176, 188, 192, 196, 197, 200, 229, 244, 255, 259, 262, 267, 274, 287, 290, 291, 300, 321, 326, 334, 338, 345, 346, 348, 350, 358, 363, 371, 378, 395, 418, 431, 433, 453, 454, 456, 457, 466, 468, 481, 484, 501, 509, 510, 538, 542, 543, 549, 567, 591, 597, 599, 600, 602, 604, 611, 612, 626, 635, 638, 642, 662, 667, 672, 676, 700, 704, 732, 733, 740, 742, 747, 748, 749, 768, 772, 774, 780, 782, 795, 804, 805, 808, 822, 831, 835, 845, 846, 848, 850, 854, 856, 858, 860, 864, 867, 879, 882]

[1, 2, 3, 4, 5, 6, 7, 8, 9, 10, 11, 12, 14, 16, 17, 18, 19, 20, 21, 22, 23, 24, 25, 26, 27, 29, 30, 32, 33, 34, 35, 36, 37, 38, 39, 41, 42, 43, 44, 45, 46, 47, 48, 49, 50, 51, 52, 53, 54, 55, 56, 57, 58, 59, 60, 61, 62, 63, 64, 65, 66, 68, 69, 70, 71, 72, 73, 74, 76, 77, 79, 80, 81, 82, 83, 84, 85, 86, 87, 88, 89, 91, 92, 93, 94, 95, 96, 97, 98, 100, 101, 102, 103, 104, 105, 106, 107, 108, 109, 110, 111, 112, 115, 116, 118, 119, 120, 122, 123, 124, 125, 126, 127, 130, 132, 133, 134, 135, 136, 138, 139, 140, 141, 142, 143, 144, 147, 148, 149, 150, 151, 152, 153, 154, 155, 156, 157, 158, 160, 162, 163, 166, 167, 168, 169, 170, 171, 173, 174, 175, 176, 177, 178, 179, 180, 181, 183, 184, 185, 186, 188, 189, 190, 191, 192, 193, 194, 195, 196, 197, 198, 199, 200, 201, 202, 205, 206, 207, 209, 210, 211, 212, 213, 214, 215, 216, 217, 218, 219, 220, 221, 222, 224, 225, 226, 227, 228, 229, 230, 231, 232, 233, 234, 235, 237, 238, 239, 240, 241, 242, 243, 246, 247, 248, 249, 250, 252, 253, 254, 257, 258, 259, 260, 261, 262, 263, 264, 266, 267, 268, 269, 270, 271, 272, 273, 274, 275, 276, 277, 278, 280, 281, 282, 283, 285, 286, 287, 288, 289, 290, 291, 292, 295, 296, 297, 298, 299, 300, 301, 302, 303, 304, 306, 307, 308, 309, 310, 311, 312, 314, 315, 317, 319, 320, 321, 322, 323, 324, 325, 326, 327, 328, 329, 330, 331, 332, 333, 334, 335, 336, 337, 338, 339, 340, 341, 342, 344, 345, 346, 347, 348, 349, 350, 351, 352, 353, 354, 355, 358, 359, 360, 361, 362, 363, 365, 366, 367, 368, 370, 371, 372, 373, 374, 375, 376, 377, 378, 379, 381, 382, 383, 384, 385, 387, 389, 390, 391, 392, 393, 394, 395, 397, 398, 399, 400, 401, 402, 403, 404, 405, 408, 409, 410, 411, 412, 413, 414, 415, 416, 418, 419, 420, 421, 422, 423, 424, 425, 428, 429, 430, 431, 432, 433, 434, 435, 436, 437, 438, 440, 441, 442, 443, 445, 446, 448, 450, 451, 452, 453, 455, 456, 457, 458, 459, 460, 461, 462, 463, 464, 465, 466, 468, 470, 471, 475, 476, 477, 478, 479, 481, 482, 483, 484, 485, 486, 487, 488, 489, 490, 491, 492, 493, 496, 497, 499, 500, 501, 502, 503, 506, 507, 508, 509, 510, 511, 512, 513, 514, 515, 516, 517, 520, 521, 522, 523, 524, 525, 526, 527, 528, 529, 530, 531, 532, 533, 534, 536, 537, 538, 539, 540, 542, 543, 544, 545, 546, 548, 549, 550, 551, 553, 555, 556, 557, 558, 559, 560, 561, 562, 563, 565, 566, 567, 568, 569, 570, 571, 574, 575, 576, 577, 578, 579, 580, 581, 582, 584, 585, 586, 587, 588, 589, 591, 593, 594, 595, 596, 597, 598, 599, 600, 601, 603, 604, 605, 606, 607, 609, 610, 611, 612, 613, 615, 616, 617, 618, 619, 620, 621, 622, 624, 626, 629, 630, 631, 633, 634, 635, 636, 637, 638, 639, 640, 641, 643, 644, 645, 646, 647, 648, 650, 651, 652, 653, 654, 655, 656, 658, 659, 660, 661, 662, 663, 664, 665, 666, 667, 668, 671, 672, 673, 674, 675, 676, 678, 679, 680, 681, 682, 683, 684, 685, 686, 687, 688, 689, 690, 691, 692, 694, 696, 698, 699, 700, 701, 702, 703, 705, 708, 709, 710, 711, 712, 713, 714, 715, 716, 717, 718, 719, 721, 722, 723, 724, 725, 728, 729, 730, 731, 733, 734, 735, 736, 737, 738, 739, 741, 742, 743, 744, 745, 746, 747, 749, 750, 751, 752, 753, 754, 755, 756, 757, 758, 759, 760, 761, 762, 765, 766, 767, 768, 769, 770, 771, 773, 774, 776, 778, 779, 781, 782, 783, 784, 785, 786, 787, 788, 789, 790, 791, 792, 794, 795, 796, 797, 798, 799, 800, 801, 802, 803, 804, 807, 808, 809, 810, 811, 812, 813, 814, 815, 816, 817, 818, 819, 820, 821, 822, 823, 824, 825, 827, 829, 830, 831, 832, 833, 834, 836, 837, 838, 839, 840, 841, 842, 843, 844, 845, 846, 847, 848, 849, 850, 851, 852, 853, 855, 856, 857, 858, 859, 860, 861, 862, 863, 864, 867, 868, 869, 870, 871, 872, 873, 874, 875, 876, 877, 878, 879, 880, 881, 882, 883, 884, 885, 886, 887, 888, 889]
[8, 11, 29, 36, 37, 41, 43, 48, 58, 61, 75, 79, 81, 86, 95, 96, 98, 114, 118, 120, 142, 152, 158, 159, 176, 188, 192, 196, 197, 200, 229, 244, 255, 259, 262, 267, 274, 287, 290, 291, 300, 321, 326, 334, 338, 345, 346, 348, 350, 358, 363, 371, 378, 395, 418, 431, 433, 453, 454, 456, 457, 466, 468, 481, 484, 501, 509, 510, 538, 542, 543, 549, 567, 591, 597, 599, 600, 602, 604, 611, 612, 626, 635, 638, 642, 662, 667, 672, 676, 700, 704, 732, 733, 740, 742, 747, 748, 749, 768, 772, 774, 780, 782, 795, 804, 805, 808, 822, 831, 835, 845, 846, 848, 850, 854, 856, 858, 860, 864, 867, 879, 882]

[1, 2, 3, 4, 5, 6, 7, 8, 9, 10, 11, 12, 13, 14, 16, 17, 18, 19, 20, 21, 22, 23, 24, 25, 26, 27, 28, 29, 30, 32, 33, 34, 35, 36, 37, 38, 39, 41, 42, 43, 44, 45, 46, 47, 48, 49, 50, 51, 52, 53, 54, 55, 56, 57, 58, 59, 60, 61, 62, 63, 64, 65, 66, 67, 68, 69, 70, 71, 72, 73, 74, 76, 77, 79, 80, 81, 82, 83, 84, 85, 86, 87, 88, 89, 91, 92, 93, 94, 95, 96, 97, 98, 100, 101, 102, 103, 104, 105, 106, 107, 108, 109, 110, 111, 112, 115, 116, 117, 118, 119, 120, 122, 123, 124, 125, 126, 127, 130, 132, 133, 134, 135, 136, 138, 139, 140, 141, 142, 143, 144, 145, 147, 148, 149, 150, 151, 152, 153, 154, 155, 156, 157, 158, 160, 162, 163, 164, 166, 167, 168, 169, 170, 171, 173, 174, 175, 176, 177, 178, 179, 180, 181, 182, 183, 184, 185, 186, 188, 189, 190, 191, 192, 193, 194, 195, 196, 197, 198, 199, 200, 201, 202, 203, 205, 206, 207, 208, 209, 210, 211, 212, 213, 214, 215, 216, 217, 218, 219, 220, 221, 222, 224, 225, 226, 227, 228, 229, 230, 231, 232, 233, 234, 235, 237, 238, 239, 240, 241, 242, 243, 245, 246, 247, 248, 249, 250, 252, 253, 254, 257, 258, 259, 260, 261, 262, 263, 264, 266, 267, 268, 269, 270, 271, 272, 273, 274, 275, 276, 277, 278, 280, 281, 282, 283, 284, 285, 286, 287, 288, 289, 290, 291, 292, 295, 296, 297, 298, 299, 300, 301, 302, 303, 304, 306, 307, 308, 309, 310, 311, 312, 314, 315, 317, 319, 320, 321, 322, 323, 324, 325, 326, 327, 328, 329, 330, 331, 332, 333, 334, 335, 336, 337, 338, 339, 340, 341, 342, 344, 345, 346, 347, 348, 349, 350, 351, 352, 353, 354, 355, 358, 359, 360, 361, 362, 363, 365, 366, 367, 368, 370, 371, 372, 373, 374, 375, 376, 377, 378, 379, 381, 382, 383, 384, 385, 387, 389, 390, 391, 392, 393, 394, 395, 397, 398, 399, 400, 401, 402, 403, 404, 405, 408, 409, 410, 411, 412, 413, 414, 415, 416, 418, 419, 420, 421, 422, 423, 424, 425, 427, 428, 429, 430, 431, 432, 433, 434, 435, 436, 437, 438, 440, 441, 442, 443, 445, 446, 447, 448, 449, 450, 451, 452, 453, 455, 456, 457, 458, 459, 460, 461, 462, 463, 464, 465, 466, 467, 468, 470, 471, 475, 476, 477, 478, 479, 481, 482, 483, 484, 485, 486, 487, 488, 489, 490, 491, 492, 493, 495, 496, 497, 499, 500, 501, 502, 503, 506, 507, 508, 509, 510, 511, 512, 513, 514, 515, 516, 517, 520, 521, 522, 523, 524, 525, 526, 527, 528, 529, 530, 531, 532, 533, 534, 535, 536, 537, 538, 539, 540, 542, 543, 544, 545, 546, 548, 549, 550, 551, 552, 553, 555, 556, 557, 558, 559, 560, 561, 562, 563, 564, 565, 566, 567, 568, 569, 570, 571, 574, 575, 576, 577, 578, 579, 580, 581, 582, 583, 584, 585, 586, 587, 588, 589, 591, 593, 594, 595, 596, 597, 598, 599, 600, 601, 603, 604, 605, 606, 607, 609, 610, 611, 612, 613, 615, 616, 617, 618, 619, 620, 621, 622, 624, 626, 629, 630, 631, 633, 634, 635, 636, 637, 638, 639, 640, 641, 643, 644, 645, 646, 647, 648, 650, 651, 652, 653, 654, 655, 656, 658, 659, 660, 661, 662, 663, 664, 665, 666, 667, 668, 671, 672, 673, 674, 675, 676, 678, 679, 680, 681, 682, 683, 684, 685, 686, 687, 688, 689, 690, 691, 692, 694, 696, 698, 699, 700, 701, 702, 703, 704, 705, 708, 709, 710, 711, 712, 713, 714, 715, 716, 717, 718, 719, 720, 721, 722, 723, 724, 725, 728, 729, 730, 731, 733, 734, 735, 736, 737, 738, 739, 741, 742, 743, 744, 745, 746, 747, 749, 750, 751, 752, 753, 754, 755, 756, 757, 758, 759, 760, 761, 762, 765, 766, 767, 768, 769, 770, 771, 772, 773, 774, 776, 778, 779, 781, 782, 783, 784, 785, 786, 787, 788, 789, 790, 791, 792, 794, 795, 796, 797, 798, 799, 800, 801, 802, 803, 804, 806, 807, 808, 809, 810, 811, 812, 813, 814, 815, 816, 817, 818, 819, 820, 821, 822, 823, 824, 825, 827, 829, 830, 831, 832, 833, 834, 836, 837, 838, 839, 840, 841, 842, 843, 844, 845, 846, 847, 848, 849, 850, 851, 852, 853, 854, 855, 856, 857, 858, 859, 860, 861, 862, 863, 864, 867, 868, 869, 870, 871, 872, 873, 874, 875, 876, 877, 878, 879, 880, 881, 882, 883, 884, 885, 886, 887, 888, 889]
[8, 11, 29, 36, 37, 41, 43, 48, 58, 61, 75, 79, 81, 86, 95, 96, 98, 114, 118, 120, 142, 152, 158, 159, 176, 188, 192, 196, 197, 200, 229, 244, 255, 259, 262, 267, 274, 287, 290, 291, 300, 321, 326, 334, 338, 345, 346, 348, 350, 358, 363, 371, 378, 395, 418, 431, 433, 453, 454, 456, 457, 466, 468, 481, 484, 501, 509, 510, 538, 542, 543, 549, 567, 591, 597, 599, 600, 602, 604, 611, 612, 626, 635, 638, 642, 662, 667, 672, 676, 700, 704, 732, 733, 740, 742, 747, 748, 749, 768, 772, 774, 780, 782, 795, 804, 805, 808, 822, 831, 835, 845, 846, 848, 850, 854, 856, 858, 860, 864, 867, 879, 882]

