[21, 77, 118, 149, 161, 259, 335, 343, 408, 497, 514, 519, 627, 661, 667, 681, 711, 712, 807, 808, 827, 860]
[141, 156, 207, 213, 256, 272, 329, 368, 438, 461, 480, 507, 565, 568, 640, 680, 687, 721, 751, 794, 847, 854]

[21, 77, 118, 149, 161, 259, 335, 343, 408, 497, 514, 519, 627, 661, 667, 681, 711, 712, 807, 808, 827, 860]
[12, 33, 38, 41, 44, 45, 51, 56, 72, 82, 92, 100, 101, 141, 150, 156, 168, 173, 175, 185, 192, 194, 207, 213, 227, 237, 246, 256, 261, 266, 272, 290, 292, 300, 304, 310, 325, 327, 329, 333, 342, 344, 348, 349, 357, 366, 368, 372, 374, 390, 393, 394, 403, 420, 434, 438, 450, 461, 463, 480, 484, 492, 498, 499, 507, 533, 534, 558, 559, 563, 565, 568, 571, 580, 617, 618, 623, 624, 625, 633, 638, 640, 643, 645, 646, 651, 652, 660, 665, 666, 670, 677, 680, 684, 687, 688, 693, 703, 718, 719, 721, 739, 748, 751, 759, 769, 775, 781, 793, 794, 795, 798, 821, 834, 836, 837, 847, 849, 854, 867, 877, 887]

[7, 21, 50, 77, 118, 141, 149, 161, 259, 322, 330, 335, 343, 349, 408, 422, 425, 453, 475, 497, 498, 510, 514, 519, 547, 557, 562, 579, 613, 627, 661, 667, 671, 681, 711, 712, 745, 752, 754, 760, 762, 771, 788, 807, 808, 827, 860]
[12, 33, 38, 41, 44, 45, 51, 56, 72, 82, 92, 100, 101, 141, 150, 156, 168, 173, 175, 185, 192, 194, 207, 213, 227, 237, 246, 256, 261, 266, 272, 290, 292, 300, 304, 310, 325, 327, 329, 333, 342, 344, 348, 349, 357, 366, 368, 372, 374, 390, 393, 394, 403, 420, 434, 438, 450, 461, 463, 480, 484, 492, 498, 499, 507, 533, 534, 558, 559, 563, 565, 568, 571, 580, 617, 618, 623, 624, 625, 633, 638, 640, 643, 645, 646, 651, 652, 660, 665, 666, 670, 677, 680, 684, 687, 688, 693, 703, 718, 719, 721, 739, 748, 751, 759, 769, 775, 781, 793, 794, 795, 798, 821, 834, 836, 837, 847, 849, 854, 867, 877, 887]

[7, 21, 24, 45, 50, 77, 91, 118, 141, 149, 161, 199, 239, 259, 289, 292, 293, 296, 308, 313, 322, 330, 335, 337, 343, 349, 354, 357, 408, 422, 425, 453, 465, 470, 475, 497, 498, 508, 510, 514, 519, 547, 552, 557, 562, 579, 595, 613, 627, 661, 667, 671, 681, 704, 706, 711, 712, 736, 745, 752, 754, 760, 762, 771, 788, 806, 807, 808, 827, 846, 860, 870]
[12, 33, 38, 41, 44, 45, 51, 56, 72, 82, 92, 100, 101, 141, 150, 156, 168, 173, 175, 185, 192, 194, 207, 213, 227, 237, 246, 256, 261, 266, 272, 290, 292, 300, 304, 310, 325, 327, 329, 333, 342, 344, 348, 349, 357, 366, 368, 372, 374, 390, 393, 394, 403, 420, 434, 438, 450, 461, 463, 480, 484, 492, 498, 499, 507, 533, 534, 558, 559, 563, 565, 568, 571, 580, 617, 618, 623, 624, 625, 633, 638, 640, 643, 645, 646, 651, 652, 660, 665, 666, 670, 677, 680, 684, 687, 688, 693, 703, 718, 719, 721, 739, 748, 751, 759, 769, 775, 781, 793, 794, 795, 798, 821, 834, 836, 837, 847, 849, 854, 867, 877, 887]

[6, 7, 21, 24, 38, 45, 50, 56, 72, 77, 85, 91, 118, 125, 128, 141, 148, 149, 161, 177, 199, 216, 238, 239, 259, 287, 289, 292, 293, 296, 308, 313, 318, 322, 330, 334, 335, 336, 337, 343, 348, 349, 354, 357, 368, 385, 405, 408, 422, 425, 453, 465, 470, 471, 475, 484, 497, 498, 507, 508, 509, 510, 514, 519, 547, 552, 557, 562, 579, 595, 598, 604, 613, 627, 628, 636, 650, 661, 667, 671, 681, 697, 704, 706, 707, 711, 712, 736, 745, 752, 754, 760, 762, 771, 788, 806, 807, 808, 813, 827, 846, 860, 870]
[12, 33, 38, 41, 44, 45, 51, 56, 72, 82, 92, 100, 101, 141, 150, 156, 168, 173, 175, 185, 192, 194, 207, 213, 227, 237, 246, 256, 261, 266, 272, 290, 292, 300, 304, 310, 325, 327, 329, 333, 342, 344, 348, 349, 357, 366, 368, 372, 374, 390, 393, 394, 403, 420, 434, 438, 450, 461, 463, 480, 484, 492, 498, 499, 507, 533, 534, 558, 559, 563, 565, 568, 571, 580, 617, 618, 623, 624, 625, 633, 638, 640, 643, 645, 646, 651, 652, 660, 665, 666, 670, 677, 680, 684, 687, 688, 693, 703, 718, 719, 721, 739, 748, 751, 759, 769, 775, 781, 793, 794, 795, 798, 821, 834, 836, 837, 847, 849, 854, 867, 877, 887]

[6, 7, 21, 24, 25, 38, 45, 50, 56, 57, 72, 77, 85, 91, 118, 125, 127, 128, 141, 148, 149, 161, 177, 179, 180, 199, 216, 234, 238, 239, 259, 271, 287, 288, 289, 292, 293, 296, 302, 308, 313, 318, 322, 330, 334, 335, 336, 337, 343, 348, 349, 354, 357, 368, 385, 405, 408, 422, 425, 430, 453, 465, 470, 471, 473, 475, 482, 484, 497, 498, 507, 508, 509, 510, 513, 514, 517, 519, 543, 547, 552, 555, 557, 562, 565, 579, 595, 598, 604, 613, 627, 628, 629, 636, 639, 650, 651, 661, 667, 669, 671, 681, 687, 697, 704, 706, 707, 711, 712, 735, 736, 745, 749, 752, 754, 760, 761, 762, 771, 788, 806, 807, 808, 813, 820, 827, 841, 846, 860, 870]
[12, 33, 38, 41, 44, 45, 51, 56, 72, 82, 92, 100, 101, 141, 150, 156, 168, 173, 175, 185, 192, 194, 207, 213, 227, 237, 246, 256, 261, 266, 272, 290, 292, 300, 304, 310, 325, 327, 329, 333, 342, 344, 348, 349, 357, 366, 368, 372, 374, 390, 393, 394, 403, 420, 434, 438, 450, 461, 463, 480, 484, 492, 498, 499, 507, 533, 534, 558, 559, 563, 565, 568, 571, 580, 617, 618, 623, 624, 625, 633, 638, 640, 643, 645, 646, 651, 652, 660, 665, 666, 670, 677, 680, 684, 687, 688, 693, 703, 718, 719, 721, 739, 748, 751, 759, 769, 775, 781, 793, 794, 795, 798, 821, 834, 836, 837, 847, 849, 854, 867, 877, 887]

[2, 6, 7, 21, 24, 25, 35, 38, 45, 50, 52, 56, 57, 72, 77, 78, 85, 91, 118, 125, 127, 128, 141, 148, 149, 161, 165, 177, 179, 180, 189, 199, 216, 234, 238, 239, 250, 255, 259, 271, 287, 288, 289, 292, 293, 296, 302, 308, 313, 318, 322, 330, 334, 335, 336, 337, 343, 348, 349, 354, 357, 368, 383, 385, 405, 408, 412, 421, 422, 425, 428, 430, 453, 465, 470, 471, 473, 475, 482, 484, 492, 497, 498, 505, 507, 508, 509, 510, 513, 514, 517, 519, 543, 547, 552, 555, 557, 562, 565, 573, 578, 579, 589, 595, 598, 604, 613, 625, 627, 628, 629, 636, 639, 650, 651, 656, 661, 667, 669, 671, 681, 687, 697, 704, 706, 707, 711, 712, 735, 736, 745, 749, 752, 754, 760, 761, 762, 771, 778, 788, 797, 799, 806, 807, 808, 813, 820, 827, 837, 841, 843, 846, 860, 870, 883]
[12, 33, 38, 41, 44, 45, 51, 56, 72, 82, 92, 100, 101, 141, 150, 156, 168, 173, 175, 185, 192, 194, 207, 213, 227, 237, 246, 256, 261, 266, 272, 290, 292, 300, 304, 310, 325, 327, 329, 333, 342, 344, 348, 349, 357, 366, 368, 372, 374, 390, 393, 394, 403, 420, 434, 438, 450, 461, 463, 480, 484, 492, 498, 499, 507, 533, 534, 558, 559, 563, 565, 568, 571, 580, 617, 618, 623, 624, 625, 633, 638, 640, 643, 645, 646, 651, 652, 660, 665, 666, 670, 677, 680, 684, 687, 688, 693, 703, 718, 719, 721, 739, 748, 751, 759, 769, 775, 781, 793, 794, 795, 798, 821, 834, 836, 837, 847, 849, 854, 867, 877, 887]

[2, 6, 7, 18, 21, 24, 25, 34, 35, 38, 39, 45, 50, 52, 56, 57, 72, 77, 78, 84, 85, 91, 118, 125, 127, 128, 141, 148, 149, 161, 165, 177, 179, 180, 189, 194, 199, 216, 227, 234, 238, 239, 241, 250, 255, 259, 260, 269, 270, 271, 274, 287, 288, 289, 292, 293, 295, 296, 302, 308, 313, 318, 322, 323, 330, 334, 335, 336, 337, 340, 343, 348, 349, 354, 357, 367, 368, 383, 385, 390, 391, 405, 408, 412, 421, 422, 425, 428, 430, 431, 453, 454, 465, 470, 471, 473, 475, 481, 482, 484, 492, 497, 498, 505, 507, 508, 509, 510, 513, 514, 517, 519, 543, 547, 552, 555, 557, 562, 565, 573, 577, 578, 579, 589, 590, 595, 598, 604, 613, 625, 627, 628, 629, 636, 639, 650, 651, 655, 656, 661, 667, 669, 671, 681, 687, 697, 704, 706, 707, 711, 712, 713, 724, 735, 736, 737, 745, 749, 752, 754, 760, 761, 762, 770, 771, 778, 788, 797, 799, 806, 807, 808, 813, 820, 827, 837, 841, 843, 846, 860, 870, 883]
[12, 33, 38, 41, 44, 45, 51, 56, 72, 82, 92, 100, 101, 141, 150, 156, 168, 173, 175, 185, 192, 194, 207, 213, 227, 237, 246, 256, 261, 266, 272, 290, 292, 300, 304, 310, 325, 327, 329, 333, 342, 344, 348, 349, 357, 366, 368, 372, 374, 390, 393, 394, 403, 420, 434, 438, 450, 461, 463, 480, 484, 492, 498, 499, 507, 533, 534, 558, 559, 563, 565, 568, 571, 580, 617, 618, 623, 624, 625, 633, 638, 640, 643, 645, 646, 651, 652, 660, 665, 666, 670, 677, 680, 684, 687, 688, 693, 703, 718, 719, 721, 739, 748, 751, 759, 769, 775, 781, 793, 794, 795, 798, 821, 834, 836, 837, 847, 849, 854, 867, 877, 887]

[0, 2, 6, 7, 13, 18, 21, 24, 25, 34, 35, 38, 39, 45, 50, 51, 52, 56, 57, 71, 72, 77, 78, 84, 85, 91, 97, 114, 118, 125, 127, 128, 141, 148, 149, 161, 165, 166, 177, 178, 179, 180, 189, 194, 199, 216, 219, 227, 234, 238, 239, 240, 241, 250, 253, 255, 259, 260, 269, 270, 271, 274, 286, 287, 288, 289, 292, 293, 295, 296, 298, 299, 302, 308, 313, 318, 322, 323, 330, 334, 335, 336, 337, 340, 343, 348, 349, 354, 357, 363, 367, 368, 383, 385, 390, 391, 405, 408, 412, 421, 422, 425, 428, 430, 431, 453, 454, 463, 465, 470, 471, 473, 475, 481, 482, 484, 492, 497, 498, 505, 507, 508, 509, 510, 513, 514, 517, 519, 543, 547, 552, 555, 557, 562, 565, 573, 577, 578, 579, 589, 590, 595, 598, 603, 604, 613, 621, 624, 625, 627, 628, 629, 636, 639, 650, 651, 655, 656, 661, 667, 669, 671, 672, 681, 687, 697, 698, 704, 706, 707, 711, 712, 713, 724, 735, 736, 737, 745, 749, 752, 754, 760, 761, 762, 770, 771, 776, 778, 785, 788, 797, 799, 806, 807, 808, 813, 820, 827, 837, 841, 843, 844, 846, 847, 860, 870, 871, 883, 885]
[12, 33, 38, 41, 44, 45, 51, 56, 72, 82, 92, 100, 101, 141, 150, 156, 168, 173, 175, 185, 192, 194, 207, 213, 227, 237, 246, 256, 261, 266, 272, 290, 292, 300, 304, 310, 325, 327, 329, 333, 342, 344, 348, 349, 357, 366, 368, 372, 374, 390, 393, 394, 403, 420, 434, 438, 450, 461, 463, 480, 484, 492, 498, 499, 507, 533, 534, 558, 559, 563, 565, 568, 571, 580, 617, 618, 623, 624, 625, 633, 638, 640, 643, 645, 646, 651, 652, 660, 665, 666, 670, 677, 680, 684, 687, 688, 693, 703, 718, 719, 721, 739, 748, 751, 759, 769, 775, 781, 793, 794, 795, 798, 821, 834, 836, 837, 847, 849, 854, 867, 877, 887]

[0, 2, 6, 7, 13, 18, 21, 24, 25, 34, 35, 38, 39, 45, 48, 50, 51, 52, 56, 57, 71, 72, 77, 78, 84, 85, 91, 97, 114, 118, 125, 127, 128, 141, 148, 149, 159, 161, 164, 165, 166, 170, 177, 178, 179, 180, 184, 189, 194, 199, 216, 219, 227, 234, 238, 239, 240, 241, 245, 250, 251, 253, 255, 259, 260, 269, 270, 271, 274, 286, 287, 288, 289, 292, 293, 295, 296, 298, 299, 302, 308, 313, 318, 322, 323, 326, 329, 330, 334, 335, 336, 337, 340, 343, 348, 349, 354, 357, 363, 367, 368, 383, 385, 390, 391, 404, 405, 408, 412, 415, 421, 422, 425, 428, 430, 431, 436, 447, 453, 454, 463, 465, 470, 471, 473, 475, 481, 482, 484, 492, 497, 498, 502, 503, 505, 507, 508, 509, 510, 513, 514, 517, 519, 531, 543, 547, 552, 553, 555, 557, 558, 562, 565, 573, 577, 578, 579, 589, 590, 595, 598, 603, 604, 613, 621, 624, 625, 627, 628, 629, 636, 639, 650, 651, 655, 656, 661, 667, 668, 669, 671, 672, 681, 682, 687, 697, 698, 704, 706, 707, 709, 711, 712, 713, 724, 735, 736, 737, 742, 745, 749, 752, 754, 760, 761, 762, 770, 771, 776, 778, 779, 785, 788, 797, 799, 806, 807, 808, 813, 820, 827, 837, 841, 843, 844, 846, 847, 851, 860, 868, 870, 871, 883, 885]
[12, 33, 38, 41, 44, 45, 51, 56, 72, 82, 92, 100, 101, 141, 150, 156, 168, 173, 175, 185, 192, 194, 207, 213, 227, 237, 246, 256, 261, 266, 272, 290, 292, 300, 304, 310, 325, 327, 329, 333, 342, 344, 348, 349, 357, 366, 368, 372, 374, 390, 393, 394, 403, 420, 434, 438, 450, 461, 463, 480, 484, 492, 498, 499, 507, 533, 534, 558, 559, 563, 565, 568, 571, 580, 617, 618, 623, 624, 625, 633, 638, 640, 643, 645, 646, 651, 652, 660, 665, 666, 670, 677, 680, 684, 687, 688, 693, 703, 718, 719, 721, 739, 748, 751, 759, 769, 775, 781, 793, 794, 795, 798, 821, 834, 836, 837, 847, 849, 854, 867, 877, 887]

[0, 2, 6, 7, 13, 18, 21, 24, 25, 26, 34, 35, 36, 38, 39, 45, 48, 50, 51, 52, 56, 57, 71, 72, 77, 78, 79, 84, 85, 91, 97, 114, 118, 125, 127, 128, 141, 148, 149, 159, 161, 164, 165, 166, 170, 177, 178, 179, 180, 184, 189, 194, 199, 202, 215, 216, 219, 227, 234, 238, 239, 240, 241, 245, 250, 251, 253, 254, 255, 259, 260, 264, 269, 270, 271, 274, 278, 285, 286, 287, 288, 289, 292, 293, 295, 296, 298, 299, 302, 308, 313, 318, 322, 323, 326, 329, 330, 334, 335, 336, 337, 340, 343, 348, 349, 354, 357, 363, 367, 368, 375, 383, 385, 386, 390, 391, 404, 405, 406, 408, 412, 415, 421, 422, 425, 428, 430, 431, 436, 447, 453, 454, 463, 465, 470, 471, 473, 475, 481, 482, 484, 492, 496, 497, 498, 501, 502, 503, 505, 507, 508, 509, 510, 513, 514, 517, 519, 531, 541, 543, 546, 547, 552, 553, 555, 557, 558, 562, 565, 573, 577, 578, 579, 589, 590, 595, 598, 603, 604, 613, 621, 624, 625, 626, 627, 628, 629, 636, 638, 639, 650, 651, 655, 656, 661, 667, 668, 669, 671, 672, 681, 682, 687, 697, 698, 704, 706, 707, 709, 711, 712, 713, 718, 724, 735, 736, 737, 738, 742, 745, 749, 752, 754, 757, 760, 761, 762, 764, 770, 771, 776, 778, 779, 785, 788, 791, 797, 799, 806, 807, 808, 812, 813, 820, 827, 837, 841, 843, 844, 846, 847, 851, 860, 865, 868, 870, 871, 883, 885]
[12, 33, 38, 41, 44, 45, 51, 56, 72, 82, 92, 100, 101, 141, 150, 156, 168, 173, 175, 185, 192, 194, 207, 213, 227, 237, 246, 256, 261, 266, 272, 290, 292, 300, 304, 310, 325, 327, 329, 333, 342, 344, 348, 349, 357, 366, 368, 372, 374, 390, 393, 394, 403, 420, 434, 438, 450, 461, 463, 480, 484, 492, 498, 499, 507, 533, 534, 558, 559, 563, 565, 568, 571, 580, 617, 618, 623, 624, 625, 633, 638, 640, 643, 645, 646, 651, 652, 660, 665, 666, 670, 677, 680, 684, 687, 688, 693, 703, 718, 719, 721, 739, 748, 751, 759, 769, 775, 781, 793, 794, 795, 798, 821, 834, 836, 837, 847, 849, 854, 867, 877, 887]

[0, 2, 3, 6, 7, 13, 18, 21, 24, 25, 26, 29, 34, 35, 36, 38, 39, 45, 48, 50, 51, 52, 56, 57, 71, 72, 73, 77, 78, 79, 82, 84, 85, 91, 97, 99, 114, 118, 125, 127, 128, 141, 148, 149, 159, 161, 164, 165, 166, 170, 177, 178, 179, 180, 184, 189, 194, 199, 202, 204, 215, 216, 219, 227, 230, 234, 238, 239, 240, 241, 242, 245, 246, 250, 251, 253, 254, 255, 259, 260, 264, 269, 270, 271, 274, 278, 285, 286, 287, 288, 289, 292, 293, 295, 296, 298, 299, 302, 308, 313, 318, 322, 323, 326, 328, 329, 330, 334, 335, 336, 337, 339, 340, 343, 348, 349, 354, 357, 363, 365, 367, 368, 375, 383, 385, 386, 390, 391, 404, 405, 406, 408, 412, 414, 415, 421, 422, 425, 428, 430, 431, 433, 436, 447, 453, 454, 458, 463, 465, 470, 471, 473, 475, 476, 481, 482, 484, 492, 496, 497, 498, 501, 502, 503, 505, 507, 508, 509, 510, 513, 514, 517, 519, 531, 541, 543, 546, 547, 548, 550, 552, 553, 555, 557, 558, 562, 565, 573, 576, 577, 578, 579, 589, 590, 595, 598, 603, 604, 610, 613, 616, 617, 621, 624, 625, 626, 627, 628, 629, 636, 638, 639, 650, 651, 655, 656, 660, 661, 667, 668, 669, 671, 672, 681, 682, 687, 697, 698, 699, 704, 706, 707, 709, 711, 712, 713, 718, 724, 735, 736, 737, 738, 742, 745, 749, 752, 754, 757, 760, 761, 762, 764, 770, 771, 776, 777, 778, 779, 785, 788, 789, 791, 797, 799, 806, 807, 808, 812, 813, 820, 827, 837, 841, 843, 844, 846, 847, 851, 860, 865, 868, 870, 871, 883, 885]
[12, 33, 38, 41, 44, 45, 51, 56, 72, 82, 92, 100, 101, 141, 150, 156, 168, 173, 175, 185, 192, 194, 207, 213, 227, 237, 246, 256, 261, 266, 272, 290, 292, 300, 304, 310, 325, 327, 329, 333, 342, 344, 348, 349, 357, 366, 368, 372, 374, 390, 393, 394, 403, 420, 434, 438, 450, 461, 463, 480, 484, 492, 498, 499, 507, 533, 534, 558, 559, 563, 565, 568, 571, 580, 617, 618, 623, 624, 625, 633, 638, 640, 643, 645, 646, 651, 652, 660, 665, 666, 670, 677, 680, 684, 687, 688, 693, 703, 718, 719, 721, 739, 748, 751, 759, 769, 775, 781, 793, 794, 795, 798, 821, 834, 836, 837, 847, 849, 854, 867, 877, 887]

[0, 2, 3, 6, 7, 13, 18, 21, 24, 25, 26, 27, 29, 34, 35, 36, 38, 39, 44, 45, 48, 50, 51, 52, 56, 57, 70, 71, 72, 73, 77, 78, 79, 82, 84, 85, 91, 94, 97, 99, 108, 111, 114, 118, 125, 127, 128, 141, 148, 149, 154, 159, 161, 164, 165, 166, 170, 177, 178, 179, 180, 184, 189, 194, 199, 202, 204, 211, 215, 216, 219, 227, 230, 234, 238, 239, 240, 241, 242, 245, 246, 250, 251, 253, 254, 255, 259, 260, 264, 269, 270, 271, 274, 278, 285, 286, 287, 288, 289, 292, 293, 295, 296, 298, 299, 302, 306, 308, 313, 317, 318, 322, 323, 326, 328, 329, 330, 334, 335, 336, 337, 339, 340, 343, 348, 349, 354, 357, 363, 365, 367, 368, 375, 383, 385, 386, 390, 391, 394, 395, 404, 405, 406, 408, 412, 414, 415, 421, 422, 425, 428, 430, 431, 433, 436, 447, 453, 454, 458, 463, 465, 470, 471, 473, 475, 476, 481, 482, 484, 492, 496, 497, 498, 501, 502, 503, 505, 507, 508, 509, 510, 513, 514, 517, 519, 531, 541, 543, 546, 547, 548, 550, 552, 553, 555, 557, 558, 562, 565, 573, 574, 576, 577, 578, 579, 589, 590, 595, 598, 599, 603, 604, 610, 613, 616, 617, 619, 621, 624, 625, 626, 627, 628, 629, 633, 636, 638, 639, 650, 651, 652, 655, 656, 660, 661, 665, 667, 668, 669, 670, 671, 672, 681, 682, 687, 697, 698, 699, 704, 706, 707, 709, 710, 711, 712, 713, 718, 724, 725, 735, 736, 737, 738, 742, 745, 749, 752, 754, 757, 760, 761, 762, 764, 770, 771, 776, 777, 778, 779, 782, 785, 788, 789, 791, 797, 799, 806, 807, 808, 812, 813, 820, 822, 827, 828, 831, 837, 841, 843, 844, 846, 847, 851, 860, 865, 868, 870, 871, 883, 885]
[12, 33, 38, 41, 44, 45, 51, 56, 72, 82, 92, 100, 101, 141, 150, 156, 168, 173, 175, 185, 192, 194, 207, 213, 227, 237, 246, 256, 261, 266, 272, 290, 292, 300, 304, 310, 325, 327, 329, 333, 342, 344, 348, 349, 357, 366, 368, 372, 374, 390, 393, 394, 403, 420, 434, 438, 450, 461, 463, 480, 484, 492, 498, 499, 507, 533, 534, 558, 559, 563, 565, 568, 571, 580, 617, 618, 623, 624, 625, 633, 638, 640, 643, 645, 646, 651, 652, 660, 665, 666, 670, 677, 680, 684, 687, 688, 693, 703, 718, 719, 721, 739, 748, 751, 759, 769, 775, 781, 793, 794, 795, 798, 821, 834, 836, 837, 847, 849, 854, 867, 877, 887]

[0, 2, 3, 6, 7, 13, 18, 20, 21, 24, 25, 26, 27, 29, 34, 35, 36, 38, 39, 44, 45, 48, 50, 51, 52, 56, 57, 70, 71, 72, 73, 77, 78, 79, 82, 84, 85, 91, 94, 97, 99, 108, 109, 111, 114, 115, 118, 125, 127, 128, 141, 148, 149, 154, 159, 161, 164, 165, 166, 168, 170, 177, 178, 179, 180, 184, 189, 194, 199, 202, 204, 211, 215, 216, 219, 227, 230, 234, 238, 239, 240, 241, 242, 245, 246, 248, 250, 251, 253, 254, 255, 259, 260, 264, 269, 270, 271, 274, 275, 278, 283, 284, 285, 286, 287, 288, 289, 292, 293, 295, 296, 297, 298, 299, 302, 306, 308, 313, 317, 318, 321, 322, 323, 326, 328, 329, 330, 334, 335, 336, 337, 339, 340, 343, 348, 349, 354, 357, 363, 365, 367, 368, 375, 380, 383, 385, 386, 390, 391, 394, 395, 397, 404, 405, 406, 408, 410, 412, 414, 415, 421, 422, 424, 425, 428, 430, 431, 433, 436, 447, 453, 454, 458, 463, 465, 469, 470, 471, 473, 475, 476, 481, 482, 484, 492, 496, 497, 498, 501, 502, 503, 505, 507, 508, 509, 510, 513, 514, 517, 519, 523, 531, 541, 543, 546, 547, 548, 550, 552, 553, 555, 557, 558, 562, 565, 573, 574, 576, 577, 578, 579, 589, 590, 595, 598, 599, 603, 604, 610, 613, 616, 617, 619, 620, 621, 624, 625, 626, 627, 628, 629, 633, 636, 638, 639, 650, 651, 652, 655, 656, 659, 660, 661, 665, 667, 668, 669, 670, 671, 672, 681, 682, 687, 692, 697, 698, 699, 704, 706, 707, 709, 710, 711, 712, 713, 718, 724, 725, 735, 736, 737, 738, 742, 745, 748, 749, 752, 754, 756, 757, 760, 761, 762, 764, 770, 771, 776, 777, 778, 779, 782, 783, 785, 788, 789, 791, 797, 799, 806, 807, 808, 812, 813, 820, 822, 827, 828, 831, 837, 841, 842, 843, 844, 846, 847, 851, 860, 865, 868, 870, 871, 876, 883, 885, 888]
[12, 33, 38, 41, 44, 45, 51, 56, 72, 82, 92, 100, 101, 141, 150, 156, 168, 173, 175, 185, 192, 194, 207, 213, 227, 237, 246, 256, 261, 266, 272, 290, 292, 300, 304, 310, 325, 327, 329, 333, 342, 344, 348, 349, 357, 366, 368, 372, 374, 390, 393, 394, 403, 420, 434, 438, 450, 461, 463, 480, 484, 492, 498, 499, 507, 533, 534, 558, 559, 563, 565, 568, 571, 580, 617, 618, 623, 624, 625, 633, 638, 640, 643, 645, 646, 651, 652, 660, 665, 666, 670, 677, 680, 684, 687, 688, 693, 703, 718, 719, 721, 739, 748, 751, 759, 769, 775, 781, 793, 794, 795, 798, 821, 834, 836, 837, 847, 849, 854, 867, 877, 887]

[0, 2, 3, 6, 7, 13, 18, 20, 21, 24, 25, 26, 27, 29, 34, 35, 36, 38, 39, 44, 45, 48, 50, 51, 52, 54, 56, 57, 60, 70, 71, 72, 73, 77, 78, 79, 82, 84, 85, 91, 94, 97, 99, 108, 109, 111, 114, 115, 118, 125, 127, 128, 129, 141, 147, 148, 149, 154, 159, 161, 164, 165, 166, 168, 170, 177, 178, 179, 180, 184, 189, 191, 194, 199, 202, 204, 211, 215, 216, 218, 219, 227, 230, 234, 238, 239, 240, 241, 242, 245, 246, 248, 250, 251, 253, 254, 255, 259, 260, 264, 269, 270, 271, 274, 275, 278, 283, 284, 285, 286, 287, 288, 289, 291, 292, 293, 295, 296, 297, 298, 299, 300, 302, 306, 307, 308, 309, 313, 317, 318, 321, 322, 323, 326, 328, 329, 330, 332, 334, 335, 336, 337, 339, 340, 343, 348, 349, 354, 357, 363, 365, 367, 368, 370, 371, 375, 378, 380, 383, 385, 386, 390, 391, 394, 395, 396, 397, 404, 405, 406, 408, 410, 412, 414, 415, 421, 422, 424, 425, 428, 430, 431, 433, 434, 436, 442, 447, 453, 454, 458, 463, 465, 469, 470, 471, 473, 475, 476, 481, 482, 484, 492, 496, 497, 498, 501, 502, 503, 505, 507, 508, 509, 510, 513, 514, 517, 519, 521, 523, 530, 531, 537, 541, 543, 546, 547, 548, 550, 552, 553, 555, 557, 558, 562, 565, 572, 573, 574, 576, 577, 578, 579, 585, 589, 590, 595, 596, 598, 599, 603, 604, 610, 613, 615, 616, 617, 619, 620, 621, 624, 625, 626, 627, 628, 629, 633, 636, 638, 639, 650, 651, 652, 655, 656, 659, 660, 661, 665, 667, 668, 669, 670, 671, 672, 681, 682, 687, 692, 697, 698, 699, 704, 706, 707, 709, 710, 711, 712, 713, 718, 724, 725, 735, 736, 737, 738, 742, 745, 748, 749, 752, 754, 756, 757, 760, 761, 762, 764, 770, 771, 776, 777, 778, 779, 782, 783, 785, 787, 788, 789, 791, 797, 799, 806, 807, 808, 812, 813, 820, 822, 827, 828, 831, 837, 841, 842, 843, 844, 846, 847, 851, 860, 865, 868, 870, 871, 876, 883, 885, 888]
[12, 33, 38, 41, 44, 45, 51, 56, 72, 82, 92, 100, 101, 141, 150, 156, 168, 173, 175, 185, 192, 194, 207, 213, 227, 237, 246, 256, 261, 266, 272, 290, 292, 300, 304, 310, 325, 327, 329, 333, 342, 344, 348, 349, 357, 366, 368, 372, 374, 390, 393, 394, 403, 420, 434, 438, 450, 461, 463, 480, 484, 492, 498, 499, 507, 533, 534, 558, 559, 563, 565, 568, 571, 580, 617, 618, 623, 624, 625, 633, 638, 640, 643, 645, 646, 651, 652, 660, 665, 666, 670, 677, 680, 684, 687, 688, 693, 703, 718, 719, 721, 739, 748, 751, 759, 769, 775, 781, 793, 794, 795, 798, 821, 834, 836, 837, 847, 849, 854, 867, 877, 887]

[0, 2, 3, 4, 6, 7, 13, 18, 20, 21, 24, 25, 26, 27, 29, 32, 34, 35, 36, 38, 39, 43, 44, 45, 47, 48, 50, 51, 52, 54, 56, 57, 60, 64, 70, 71, 72, 73, 77, 78, 79, 82, 84, 85, 91, 94, 97, 99, 108, 109, 111, 114, 115, 118, 125, 127, 128, 129, 141, 147, 148, 149, 154, 159, 161, 164, 165, 166, 168, 170, 173, 177, 178, 179, 180, 184, 189, 191, 194, 199, 202, 204, 211, 215, 216, 218, 219, 226, 227, 230, 233, 234, 238, 239, 240, 241, 242, 245, 246, 248, 250, 251, 253, 254, 255, 259, 260, 264, 269, 270, 271, 274, 275, 278, 282, 283, 284, 285, 286, 287, 288, 289, 291, 292, 293, 294, 295, 296, 297, 298, 299, 300, 302, 306, 307, 308, 309, 313, 317, 318, 321, 322, 323, 326, 328, 329, 330, 332, 334, 335, 336, 337, 339, 340, 343, 348, 349, 351, 354, 355, 357, 363, 365, 367, 368, 370, 371, 373, 375, 378, 380, 383, 385, 386, 390, 391, 394, 395, 396, 397, 404, 405, 406, 408, 410, 412, 414, 415, 421, 422, 424, 425, 428, 430, 431, 433, 434, 436, 437, 442, 447, 452, 453, 454, 458, 459, 462, 463, 465, 469, 470, 471, 473, 475, 476, 481, 482, 484, 492, 496, 497, 498, 501, 502, 503, 505, 507, 508, 509, 510, 513, 514, 517, 519, 521, 523, 530, 531, 537, 541, 543, 546, 547, 548, 550, 552, 553, 555, 557, 558, 562, 563, 565, 572, 573, 574, 576, 577, 578, 579, 582, 585, 589, 590, 592, 595, 596, 598, 599, 603, 604, 610, 613, 615, 616, 617, 619, 620, 621, 624, 625, 626, 627, 628, 629, 633, 636, 638, 639, 650, 651, 652, 655, 656, 659, 660, 661, 665, 667, 668, 669, 670, 671, 672, 681, 682, 687, 692, 697, 698, 699, 704, 706, 707, 709, 710, 711, 712, 713, 718, 724, 725, 734, 735, 736, 737, 738, 742, 745, 748, 749, 752, 754, 756, 757, 760, 761, 762, 764, 770, 771, 776, 777, 778, 779, 782, 783, 785, 787, 788, 789, 791, 797, 799, 806, 807, 808, 812, 813, 814, 820, 822, 827, 828, 831, 836, 837, 841, 842, 843, 844, 846, 847, 849, 851, 860, 865, 868, 870, 871, 876, 883, 885, 888, 889]
[12, 33, 38, 41, 44, 45, 51, 56, 72, 82, 92, 100, 101, 141, 150, 156, 168, 173, 175, 185, 192, 194, 207, 213, 227, 237, 246, 256, 261, 266, 272, 290, 292, 300, 304, 310, 325, 327, 329, 333, 342, 344, 348, 349, 357, 366, 368, 372, 374, 390, 393, 394, 403, 420, 434, 438, 450, 461, 463, 480, 484, 492, 498, 499, 507, 533, 534, 558, 559, 563, 565, 568, 571, 580, 617, 618, 623, 624, 625, 633, 638, 640, 643, 645, 646, 651, 652, 660, 665, 666, 670, 677, 680, 684, 687, 688, 693, 703, 718, 719, 721, 739, 748, 751, 759, 769, 775, 781, 793, 794, 795, 798, 821, 834, 836, 837, 847, 849, 854, 867, 877, 887]

[0, 2, 3, 4, 6, 7, 13, 18, 20, 21, 24, 25, 26, 27, 29, 32, 33, 34, 35, 36, 38, 39, 43, 44, 45, 47, 48, 50, 51, 52, 54, 56, 57, 60, 64, 70, 71, 72, 73, 77, 78, 79, 82, 84, 85, 91, 94, 97, 99, 106, 108, 109, 110, 111, 114, 115, 118, 125, 126, 127, 128, 129, 141, 142, 147, 148, 149, 154, 159, 161, 162, 164, 165, 166, 168, 170, 173, 177, 178, 179, 180, 184, 189, 191, 194, 199, 202, 204, 211, 215, 216, 217, 218, 219, 226, 227, 230, 232, 233, 234, 238, 239, 240, 241, 242, 245, 246, 248, 250, 251, 253, 254, 255, 258, 259, 260, 264, 269, 270, 271, 274, 275, 278, 282, 283, 284, 285, 286, 287, 288, 289, 291, 292, 293, 294, 295, 296, 297, 298, 299, 300, 302, 306, 307, 308, 309, 313, 317, 318, 319, 321, 322, 323, 326, 328, 329, 330, 332, 334, 335, 336, 337, 339, 340, 343, 348, 349, 351, 354, 355, 357, 363, 365, 367, 368, 369, 370, 371, 373, 375, 378, 380, 383, 385, 386, 390, 391, 394, 395, 396, 397, 404, 405, 406, 408, 410, 412, 414, 415, 421, 422, 424, 425, 426, 428, 429, 430, 431, 433, 434, 436, 437, 442, 443, 447, 452, 453, 454, 458, 459, 462, 463, 465, 469, 470, 471, 473, 475, 476, 481, 482, 484, 492, 496, 497, 498, 501, 502, 503, 505, 506, 507, 508, 509, 510, 513, 514, 517, 519, 521, 523, 530, 531, 537, 539, 541, 543, 546, 547, 548, 550, 552, 553, 555, 557, 558, 562, 563, 565, 570, 572, 573, 574, 576, 577, 578, 579, 582, 585, 588, 589, 590, 592, 595, 596, 597, 598, 599, 603, 604, 610, 613, 615, 616, 617, 618, 619, 620, 621, 624, 625, 626, 627, 628, 629, 633, 636, 638, 639, 650, 651, 652, 655, 656, 659, 660, 661, 663, 665, 667, 668, 669, 670, 671, 672, 681, 682, 687, 692, 697, 698, 699, 704, 706, 707, 709, 710, 711, 712, 713, 718, 724, 725, 733, 734, 735, 736, 737, 738, 741, 742, 745, 748, 749, 752, 754, 756, 757, 760, 761, 762, 764, 770, 771, 776, 777, 778, 779, 782, 783, 785, 787, 788, 789, 791, 793, 797, 799, 806, 807, 808, 812, 813, 814, 820, 822, 827, 828, 831, 836, 837, 839, 841, 842, 843, 844, 846, 847, 849, 851, 860, 865, 868, 870, 871, 876, 883, 885, 888, 889]
[12, 33, 38, 41, 44, 45, 51, 56, 72, 82, 92, 100, 101, 141, 150, 156, 168, 173, 175, 185, 192, 194, 207, 213, 227, 237, 246, 256, 261, 266, 272, 290, 292, 300, 304, 310, 325, 327, 329, 333, 342, 344, 348, 349, 357, 366, 368, 372, 374, 390, 393, 394, 403, 420, 434, 438, 450, 461, 463, 480, 484, 492, 498, 499, 507, 533, 534, 558, 559, 563, 565, 568, 571, 580, 617, 618, 623, 624, 625, 633, 638, 640, 643, 645, 646, 651, 652, 660, 665, 666, 670, 677, 680, 684, 687, 688, 693, 703, 718, 719, 721, 739, 748, 751, 759, 769, 775, 781, 793, 794, 795, 798, 821, 834, 836, 837, 847, 849, 854, 867, 877, 887]

[0, 2, 3, 4, 6, 7, 13, 14, 18, 20, 21, 24, 25, 26, 27, 29, 32, 33, 34, 35, 36, 38, 39, 43, 44, 45, 47, 48, 50, 51, 52, 54, 56, 57, 59, 60, 64, 70, 71, 72, 73, 77, 78, 79, 82, 84, 85, 91, 94, 97, 99, 106, 108, 109, 110, 111, 114, 115, 118, 122, 125, 126, 127, 128, 129, 132, 141, 142, 147, 148, 149, 154, 159, 161, 162, 164, 165, 166, 168, 170, 173, 177, 178, 179, 180, 184, 189, 191, 194, 198, 199, 202, 204, 209, 211, 215, 216, 217, 218, 219, 226, 227, 230, 232, 233, 234, 238, 239, 240, 241, 242, 245, 246, 248, 250, 251, 253, 254, 255, 258, 259, 260, 264, 269, 270, 271, 274, 275, 276, 278, 282, 283, 284, 285, 286, 287, 288, 289, 291, 292, 293, 294, 295, 296, 297, 298, 299, 300, 302, 306, 307, 308, 309, 313, 317, 318, 319, 321, 322, 323, 326, 328, 329, 330, 332, 334, 335, 336, 337, 339, 340, 343, 348, 349, 351, 354, 355, 357, 358, 363, 365, 367, 368, 369, 370, 371, 373, 375, 377, 378, 380, 383, 385, 386, 390, 391, 394, 395, 396, 397, 404, 405, 406, 408, 410, 412, 414, 415, 418, 419, 421, 422, 424, 425, 426, 428, 429, 430, 431, 433, 434, 436, 437, 442, 443, 447, 448, 449, 452, 453, 454, 457, 458, 459, 462, 463, 465, 469, 470, 471, 473, 475, 476, 481, 482, 484, 492, 496, 497, 498, 501, 502, 503, 505, 506, 507, 508, 509, 510, 513, 514, 516, 517, 519, 521, 523, 530, 531, 536, 537, 539, 541, 543, 545, 546, 547, 548, 550, 552, 553, 555, 557, 558, 562, 563, 565, 570, 572, 573, 574, 576, 577, 578, 579, 582, 583, 585, 588, 589, 590, 592, 595, 596, 597, 598, 599, 603, 604, 610, 613, 615, 616, 617, 618, 619, 620, 621, 624, 625, 626, 627, 628, 629, 633, 636, 638, 639, 640, 650, 651, 652, 655, 656, 659, 660, 661, 663, 665, 667, 668, 669, 670, 671, 672, 681, 682, 687, 692, 697, 698, 699, 704, 706, 707, 709, 710, 711, 712, 713, 718, 724, 725, 733, 734, 735, 736, 737, 738, 740, 741, 742, 745, 748, 749, 752, 754, 756, 757, 760, 761, 762, 764, 768, 770, 771, 776, 777, 778, 779, 780, 782, 783, 785, 787, 788, 789, 791, 792, 793, 797, 798, 799, 806, 807, 808, 812, 813, 814, 820, 822, 827, 828, 831, 836, 837, 839, 841, 842, 843, 844, 846, 847, 849, 851, 860, 865, 868, 870, 871, 876, 883, 884, 885, 888, 889]
[12, 33, 38, 41, 44, 45, 51, 56, 72, 82, 92, 100, 101, 141, 150, 156, 168, 173, 175, 185, 192, 194, 207, 213, 227, 237, 246, 256, 261, 266, 272, 290, 292, 300, 304, 310, 325, 327, 329, 333, 342, 344, 348, 349, 357, 366, 368, 372, 374, 390, 393, 394, 403, 420, 434, 438, 450, 461, 463, 480, 484, 492, 498, 499, 507, 533, 534, 558, 559, 563, 565, 568, 571, 580, 617, 618, 623, 624, 625, 633, 638, 640, 643, 645, 646, 651, 652, 660, 665, 666, 670, 677, 680, 684, 687, 688, 693, 703, 718, 719, 721, 739, 748, 751, 759, 769, 775, 781, 793, 794, 795, 798, 821, 834, 836, 837, 847, 849, 854, 867, 877, 887]

[0, 2, 3, 4, 6, 7, 13, 14, 18, 20, 21, 24, 25, 26, 27, 29, 32, 33, 34, 35, 36, 38, 39, 43, 44, 45, 47, 48, 50, 51, 52, 54, 56, 57, 59, 60, 64, 70, 71, 72, 73, 77, 78, 79, 82, 83, 84, 85, 91, 94, 97, 99, 106, 108, 109, 110, 111, 114, 115, 118, 122, 124, 125, 126, 127, 128, 129, 132, 135, 141, 142, 147, 148, 149, 154, 157, 159, 161, 162, 164, 165, 166, 168, 170, 173, 177, 178, 179, 180, 184, 189, 191, 194, 195, 198, 199, 202, 203, 204, 209, 211, 214, 215, 216, 217, 218, 219, 226, 227, 230, 232, 233, 234, 238, 239, 240, 241, 242, 245, 246, 248, 250, 251, 253, 254, 255, 258, 259, 260, 262, 264, 267, 269, 270, 271, 274, 275, 276, 278, 282, 283, 284, 285, 286, 287, 288, 289, 291, 292, 293, 294, 295, 296, 297, 298, 299, 300, 302, 306, 307, 308, 309, 313, 317, 318, 319, 321, 322, 323, 326, 328, 329, 330, 332, 334, 335, 336, 337, 338, 339, 340, 341, 343, 348, 349, 351, 354, 355, 357, 358, 363, 364, 365, 367, 368, 369, 370, 371, 373, 375, 377, 378, 380, 383, 385, 386, 390, 391, 394, 395, 396, 397, 404, 405, 406, 408, 410, 412, 414, 415, 418, 419, 421, 422, 424, 425, 426, 428, 429, 430, 431, 433, 434, 435, 436, 437, 442, 443, 447, 448, 449, 452, 453, 454, 457, 458, 459, 462, 463, 465, 469, 470, 471, 473, 475, 476, 477, 481, 482, 484, 492, 496, 497, 498, 501, 502, 503, 505, 506, 507, 508, 509, 510, 513, 514, 516, 517, 519, 521, 523, 530, 531, 536, 537, 539, 541, 543, 545, 546, 547, 548, 550, 552, 553, 555, 557, 558, 562, 563, 565, 569, 570, 572, 573, 574, 576, 577, 578, 579, 582, 583, 585, 588, 589, 590, 592, 595, 596, 597, 598, 599, 603, 604, 606, 610, 611, 613, 615, 616, 617, 618, 619, 620, 621, 624, 625, 626, 627, 628, 629, 633, 636, 638, 639, 640, 645, 650, 651, 652, 655, 656, 659, 660, 661, 663, 664, 665, 667, 668, 669, 670, 671, 672, 681, 682, 687, 692, 697, 698, 699, 704, 706, 707, 709, 710, 711, 712, 713, 718, 720, 722, 724, 725, 733, 734, 735, 736, 737, 738, 740, 741, 742, 745, 748, 749, 752, 754, 756, 757, 759, 760, 761, 762, 764, 768, 770, 771, 776, 777, 778, 779, 780, 782, 783, 785, 787, 788, 789, 791, 792, 793, 794, 797, 798, 799, 806, 807, 808, 812, 813, 814, 820, 822, 827, 828, 831, 836, 837, 839, 840, 841, 842, 843, 844, 846, 847, 849, 851, 860, 861, 865, 868, 870, 871, 876, 883, 884, 885, 888, 889]
[12, 33, 38, 41, 44, 45, 51, 56, 72, 82, 92, 100, 101, 141, 150, 156, 168, 173, 175, 185, 192, 194, 207, 213, 227, 237, 246, 256, 261, 266, 272, 290, 292, 300, 304, 310, 325, 327, 329, 333, 342, 344, 348, 349, 357, 366, 368, 372, 374, 390, 393, 394, 403, 420, 434, 438, 450, 461, 463, 480, 484, 492, 498, 499, 507, 533, 534, 558, 559, 563, 565, 568, 571, 580, 617, 618, 623, 624, 625, 633, 638, 640, 643, 645, 646, 651, 652, 660, 665, 666, 670, 677, 680, 684, 687, 688, 693, 703, 718, 719, 721, 739, 748, 751, 759, 769, 775, 781, 793, 794, 795, 798, 821, 834, 836, 837, 847, 849, 854, 867, 877, 887]

[0, 2, 3, 4, 6, 7, 13, 14, 18, 19, 20, 21, 24, 25, 26, 27, 29, 32, 33, 34, 35, 36, 38, 39, 43, 44, 45, 47, 48, 50, 51, 52, 54, 56, 57, 59, 60, 64, 70, 71, 72, 73, 77, 78, 79, 82, 83, 84, 85, 91, 94, 97, 99, 106, 108, 109, 110, 111, 114, 115, 118, 122, 124, 125, 126, 127, 128, 129, 130, 132, 135, 140, 141, 142, 147, 148, 149, 153, 154, 157, 159, 160, 161, 162, 164, 165, 166, 168, 170, 173, 177, 178, 179, 180, 184, 189, 191, 192, 194, 195, 198, 199, 201, 202, 203, 204, 209, 211, 214, 215, 216, 217, 218, 219, 221, 226, 227, 229, 230, 232, 233, 234, 235, 238, 239, 240, 241, 242, 245, 246, 248, 250, 251, 253, 254, 255, 258, 259, 260, 262, 264, 267, 269, 270, 271, 274, 275, 276, 278, 282, 283, 284, 285, 286, 287, 288, 289, 291, 292, 293, 294, 295, 296, 297, 298, 299, 300, 302, 306, 307, 308, 309, 313, 317, 318, 319, 321, 322, 323, 326, 328, 329, 330, 332, 334, 335, 336, 337, 338, 339, 340, 341, 343, 348, 349, 351, 352, 354, 355, 357, 358, 363, 364, 365, 367, 368, 369, 370, 371, 373, 375, 377, 378, 380, 383, 385, 386, 390, 391, 394, 395, 396, 397, 404, 405, 406, 408, 410, 412, 414, 415, 418, 419, 420, 421, 422, 424, 425, 426, 428, 429, 430, 431, 433, 434, 435, 436, 437, 442, 443, 444, 445, 447, 448, 449, 452, 453, 454, 457, 458, 459, 460, 462, 463, 464, 465, 469, 470, 471, 473, 475, 476, 477, 481, 482, 484, 492, 496, 497, 498, 501, 502, 503, 505, 506, 507, 508, 509, 510, 513, 514, 516, 517, 519, 521, 523, 524, 530, 531, 536, 537, 539, 541, 543, 545, 546, 547, 548, 550, 552, 553, 555, 557, 558, 562, 563, 565, 569, 570, 572, 573, 574, 576, 577, 578, 579, 582, 583, 585, 588, 589, 590, 592, 595, 596, 597, 598, 599, 603, 604, 605, 606, 608, 610, 611, 613, 615, 616, 617, 618, 619, 620, 621, 624, 625, 626, 627, 628, 629, 633, 636, 638, 639, 640, 645, 650, 651, 652, 655, 656, 659, 660, 661, 663, 664, 665, 667, 668, 669, 670, 671, 672, 677, 681, 682, 687, 692, 697, 698, 699, 704, 706, 707, 709, 710, 711, 712, 713, 715, 718, 720, 722, 724, 725, 726, 733, 734, 735, 736, 737, 738, 740, 741, 742, 745, 748, 749, 752, 754, 756, 757, 759, 760, 761, 762, 764, 765, 768, 770, 771, 776, 777, 778, 779, 780, 782, 783, 785, 787, 788, 789, 791, 792, 793, 794, 797, 798, 799, 801, 806, 807, 808, 812, 813, 814, 820, 822, 827, 828, 831, 835, 836, 837, 839, 840, 841, 842, 843, 844, 846, 847, 849, 851, 860, 861, 865, 868, 870, 871, 876, 883, 884, 885, 888, 889]
[12, 33, 38, 41, 44, 45, 51, 56, 72, 82, 92, 100, 101, 141, 150, 156, 168, 173, 175, 185, 192, 194, 207, 213, 227, 237, 246, 256, 261, 266, 272, 290, 292, 300, 304, 310, 325, 327, 329, 333, 342, 344, 348, 349, 357, 366, 368, 372, 374, 390, 393, 394, 403, 420, 434, 438, 450, 461, 463, 480, 484, 492, 498, 499, 507, 533, 534, 558, 559, 563, 565, 568, 571, 580, 617, 618, 623, 624, 625, 633, 638, 640, 643, 645, 646, 651, 652, 660, 665, 666, 670, 677, 680, 684, 687, 688, 693, 703, 718, 719, 721, 739, 748, 751, 759, 769, 775, 781, 793, 794, 795, 798, 821, 834, 836, 837, 847, 849, 854, 867, 877, 887]

[0, 2, 3, 4, 6, 7, 10, 13, 14, 18, 19, 20, 21, 24, 25, 26, 27, 29, 32, 33, 34, 35, 36, 38, 39, 43, 44, 45, 47, 48, 50, 51, 52, 54, 56, 57, 59, 60, 61, 64, 70, 71, 72, 73, 77, 78, 79, 80, 82, 83, 84, 85, 91, 94, 97, 99, 106, 108, 109, 110, 111, 114, 115, 118, 122, 124, 125, 126, 127, 128, 129, 130, 132, 135, 140, 141, 142, 147, 148, 149, 153, 154, 157, 159, 160, 161, 162, 164, 165, 166, 168, 170, 173, 177, 178, 179, 180, 184, 189, 191, 192, 194, 195, 198, 199, 201, 202, 203, 204, 209, 211, 214, 215, 216, 217, 218, 219, 221, 226, 227, 229, 230, 232, 233, 234, 235, 238, 239, 240, 241, 242, 243, 245, 246, 248, 250, 251, 253, 254, 255, 258, 259, 260, 262, 264, 267, 268, 269, 270, 271, 274, 275, 276, 278, 282, 283, 284, 285, 286, 287, 288, 289, 291, 292, 293, 294, 295, 296, 297, 298, 299, 300, 302, 306, 307, 308, 309, 310, 313, 317, 318, 319, 320, 321, 322, 323, 326, 328, 329, 330, 332, 334, 335, 336, 337, 338, 339, 340, 341, 343, 348, 349, 351, 352, 354, 355, 357, 358, 359, 363, 364, 365, 367, 368, 369, 370, 371, 373, 375, 376, 377, 378, 380, 383, 385, 386, 390, 391, 394, 395, 396, 397, 404, 405, 406, 408, 410, 412, 413, 414, 415, 418, 419, 420, 421, 422, 424, 425, 426, 428, 429, 430, 431, 433, 434, 435, 436, 437, 442, 443, 444, 445, 447, 448, 449, 450, 452, 453, 454, 457, 458, 459, 460, 462, 463, 464, 465, 469, 470, 471, 473, 475, 476, 477, 481, 482, 484, 489, 492, 496, 497, 498, 501, 502, 503, 505, 506, 507, 508, 509, 510, 513, 514, 516, 517, 519, 521, 523, 524, 530, 531, 536, 537, 539, 541, 543, 545, 546, 547, 548, 550, 552, 553, 554, 555, 557, 558, 562, 563, 565, 569, 570, 572, 573, 574, 576, 577, 578, 579, 581, 582, 583, 585, 588, 589, 590, 592, 594, 595, 596, 597, 598, 599, 603, 604, 605, 606, 608, 610, 611, 613, 615, 616, 617, 618, 619, 620, 621, 624, 625, 626, 627, 628, 629, 633, 634, 636, 638, 639, 640, 643, 645, 648, 650, 651, 652, 655, 656, 659, 660, 661, 663, 664, 665, 667, 668, 669, 670, 671, 672, 673, 677, 681, 682, 685, 687, 692, 693, 697, 698, 699, 704, 706, 707, 709, 710, 711, 712, 713, 715, 718, 720, 722, 724, 725, 726, 733, 734, 735, 736, 737, 738, 740, 741, 742, 745, 746, 748, 749, 752, 754, 756, 757, 759, 760, 761, 762, 764, 765, 768, 770, 771, 776, 777, 778, 779, 780, 782, 783, 785, 787, 788, 789, 791, 792, 793, 794, 796, 797, 798, 799, 801, 806, 807, 808, 812, 813, 814, 819, 820, 822, 827, 828, 831, 835, 836, 837, 839, 840, 841, 842, 843, 844, 846, 847, 849, 851, 858, 860, 861, 865, 868, 870, 871, 876, 883, 884, 885, 888, 889]
[12, 33, 38, 41, 44, 45, 51, 56, 72, 82, 92, 100, 101, 141, 150, 156, 168, 173, 175, 185, 192, 194, 207, 213, 227, 237, 246, 256, 261, 266, 272, 290, 292, 300, 304, 310, 325, 327, 329, 333, 342, 344, 348, 349, 357, 366, 368, 372, 374, 390, 393, 394, 403, 420, 434, 438, 450, 461, 463, 480, 484, 492, 498, 499, 507, 533, 534, 558, 559, 563, 565, 568, 571, 580, 617, 618, 623, 624, 625, 633, 638, 640, 643, 645, 646, 651, 652, 660, 665, 666, 670, 677, 680, 684, 687, 688, 693, 703, 718, 719, 721, 739, 748, 751, 759, 769, 775, 781, 793, 794, 795, 798, 821, 834, 836, 837, 847, 849, 854, 867, 877, 887]

[0, 2, 3, 4, 6, 7, 10, 13, 14, 16, 18, 19, 20, 21, 24, 25, 26, 27, 29, 30, 32, 33, 34, 35, 36, 37, 38, 39, 43, 44, 45, 47, 48, 50, 51, 52, 54, 56, 57, 59, 60, 61, 64, 70, 71, 72, 73, 76, 77, 78, 79, 80, 82, 83, 84, 85, 86, 91, 94, 97, 99, 106, 108, 109, 110, 111, 114, 115, 118, 119, 121, 122, 124, 125, 126, 127, 128, 129, 130, 132, 135, 140, 141, 142, 147, 148, 149, 152, 153, 154, 157, 159, 160, 161, 162, 163, 164, 165, 166, 168, 170, 173, 177, 178, 179, 180, 183, 184, 189, 191, 192, 194, 195, 198, 199, 201, 202, 203, 204, 209, 211, 214, 215, 216, 217, 218, 219, 221, 226, 227, 229, 230, 232, 233, 234, 235, 236, 238, 239, 240, 241, 242, 243, 245, 246, 248, 250, 251, 253, 254, 255, 258, 259, 260, 262, 264, 267, 268, 269, 270, 271, 274, 275, 276, 278, 282, 283, 284, 285, 286, 287, 288, 289, 291, 292, 293, 294, 295, 296, 297, 298, 299, 300, 302, 304, 306, 307, 308, 309, 310, 313, 317, 318, 319, 320, 321, 322, 323, 326, 328, 329, 330, 332, 334, 335, 336, 337, 338, 339, 340, 341, 343, 348, 349, 351, 352, 354, 355, 357, 358, 359, 363, 364, 365, 367, 368, 369, 370, 371, 373, 375, 376, 377, 378, 380, 383, 385, 386, 387, 390, 391, 394, 395, 396, 397, 404, 405, 406, 408, 410, 412, 413, 414, 415, 418, 419, 420, 421, 422, 424, 425, 426, 427, 428, 429, 430, 431, 433, 434, 435, 436, 437, 442, 443, 444, 445, 447, 448, 449, 450, 452, 453, 454, 457, 458, 459, 460, 462, 463, 464, 465, 469, 470, 471, 473, 475, 476, 477, 481, 482, 484, 485, 489, 492, 496, 497, 498, 501, 502, 503, 505, 506, 507, 508, 509, 510, 513, 514, 516, 517, 519, 521, 522, 523, 524, 530, 531, 536, 537, 539, 541, 543, 545, 546, 547, 548, 550, 552, 553, 554, 555, 557, 558, 562, 563, 565, 569, 570, 572, 573, 574, 576, 577, 578, 579, 581, 582, 583, 585, 586, 588, 589, 590, 592, 594, 595, 596, 597, 598, 599, 603, 604, 605, 606, 608, 610, 611, 613, 615, 616, 617, 618, 619, 620, 621, 624, 625, 626, 627, 628, 629, 633, 634, 636, 638, 639, 640, 643, 645, 647, 648, 650, 651, 652, 655, 656, 659, 660, 661, 663, 664, 665, 667, 668, 669, 670, 671, 672, 673, 677, 681, 682, 685, 687, 689, 692, 693, 696, 697, 698, 699, 704, 706, 707, 709, 710, 711, 712, 713, 715, 718, 720, 722, 724, 725, 726, 733, 734, 735, 736, 737, 738, 740, 741, 742, 745, 746, 748, 749, 751, 752, 754, 756, 757, 759, 760, 761, 762, 764, 765, 768, 770, 771, 776, 777, 778, 779, 780, 782, 783, 785, 787, 788, 789, 791, 792, 793, 794, 796, 797, 798, 799, 801, 806, 807, 808, 812, 813, 814, 819, 820, 822, 827, 828, 831, 835, 836, 837, 839, 840, 841, 842, 843, 844, 846, 847, 849, 851, 858, 860, 861, 865, 866, 868, 870, 871, 873, 875, 876, 881, 883, 884, 885, 888, 889]
[12, 33, 38, 41, 44, 45, 51, 56, 72, 82, 92, 100, 101, 141, 150, 156, 168, 173, 175, 185, 192, 194, 207, 213, 227, 237, 246, 256, 261, 266, 272, 290, 292, 300, 304, 310, 325, 327, 329, 333, 342, 344, 348, 349, 357, 366, 368, 372, 374, 390, 393, 394, 403, 420, 434, 438, 450, 461, 463, 480, 484, 492, 498, 499, 507, 533, 534, 558, 559, 563, 565, 568, 571, 580, 617, 618, 623, 624, 625, 633, 638, 640, 643, 645, 646, 651, 652, 660, 665, 666, 670, 677, 680, 684, 687, 688, 693, 703, 718, 719, 721, 739, 748, 751, 759, 769, 775, 781, 793, 794, 795, 798, 821, 834, 836, 837, 847, 849, 854, 867, 877, 887]

[0, 2, 3, 4, 6, 7, 10, 13, 14, 16, 18, 19, 20, 21, 24, 25, 26, 27, 29, 30, 32, 33, 34, 35, 36, 37, 38, 39, 43, 44, 45, 47, 48, 50, 51, 52, 54, 56, 57, 59, 60, 61, 64, 69, 70, 71, 72, 73, 76, 77, 78, 79, 80, 82, 83, 84, 85, 86, 91, 94, 97, 99, 106, 107, 108, 109, 110, 111, 114, 115, 116, 118, 119, 121, 122, 124, 125, 126, 127, 128, 129, 130, 132, 135, 140, 141, 142, 147, 148, 149, 152, 153, 154, 157, 159, 160, 161, 162, 163, 164, 165, 166, 168, 170, 171, 173, 177, 178, 179, 180, 183, 184, 189, 191, 192, 194, 195, 197, 198, 199, 201, 202, 203, 204, 208, 209, 211, 214, 215, 216, 217, 218, 219, 221, 226, 227, 229, 230, 232, 233, 234, 235, 236, 238, 239, 240, 241, 242, 243, 245, 246, 248, 250, 251, 253, 254, 255, 258, 259, 260, 262, 264, 267, 268, 269, 270, 271, 274, 275, 276, 278, 282, 283, 284, 285, 286, 287, 288, 289, 291, 292, 293, 294, 295, 296, 297, 298, 299, 300, 302, 304, 306, 307, 308, 309, 310, 313, 317, 318, 319, 320, 321, 322, 323, 326, 328, 329, 330, 332, 334, 335, 336, 337, 338, 339, 340, 341, 343, 345, 347, 348, 349, 350, 351, 352, 354, 355, 357, 358, 359, 363, 364, 365, 367, 368, 369, 370, 371, 373, 375, 376, 377, 378, 380, 383, 385, 386, 387, 390, 391, 393, 394, 395, 396, 397, 398, 404, 405, 406, 407, 408, 410, 412, 413, 414, 415, 418, 419, 420, 421, 422, 424, 425, 426, 427, 428, 429, 430, 431, 432, 433, 434, 435, 436, 437, 442, 443, 444, 445, 447, 448, 449, 450, 452, 453, 454, 457, 458, 459, 460, 462, 463, 464, 465, 469, 470, 471, 473, 475, 476, 477, 481, 482, 484, 485, 489, 492, 495, 496, 497, 498, 499, 501, 502, 503, 505, 506, 507, 508, 509, 510, 513, 514, 516, 517, 519, 521, 522, 523, 524, 530, 531, 536, 537, 539, 541, 543, 545, 546, 547, 548, 550, 552, 553, 554, 555, 557, 558, 562, 563, 565, 569, 570, 572, 573, 574, 576, 577, 578, 579, 581, 582, 583, 585, 586, 588, 589, 590, 592, 594, 595, 596, 597, 598, 599, 602, 603, 604, 605, 606, 608, 610, 611, 613, 615, 616, 617, 618, 619, 620, 621, 624, 625, 626, 627, 628, 629, 633, 634, 636, 638, 639, 640, 643, 645, 647, 648, 650, 651, 652, 655, 656, 659, 660, 661, 663, 664, 665, 667, 668, 669, 670, 671, 672, 673, 677, 681, 682, 685, 687, 689, 690, 691, 692, 693, 696, 697, 698, 699, 704, 706, 707, 709, 710, 711, 712, 713, 714, 715, 718, 720, 722, 724, 725, 726, 733, 734, 735, 736, 737, 738, 739, 740, 741, 742, 745, 746, 748, 749, 751, 752, 754, 756, 757, 759, 760, 761, 762, 764, 765, 768, 770, 771, 775, 776, 777, 778, 779, 780, 782, 783, 785, 787, 788, 789, 791, 792, 793, 794, 796, 797, 798, 799, 800, 801, 806, 807, 808, 812, 813, 814, 819, 820, 822, 826, 827, 828, 831, 835, 836, 837, 839, 840, 841, 842, 843, 844, 846, 847, 849, 851, 852, 858, 860, 861, 863, 865, 866, 868, 870, 871, 873, 875, 876, 881, 883, 884, 885, 888, 889]
[12, 33, 38, 41, 44, 45, 51, 56, 72, 82, 92, 100, 101, 141, 150, 156, 168, 173, 175, 185, 192, 194, 207, 213, 227, 237, 246, 256, 261, 266, 272, 290, 292, 300, 304, 310, 325, 327, 329, 333, 342, 344, 348, 349, 357, 366, 368, 372, 374, 390, 393, 394, 403, 420, 434, 438, 450, 461, 463, 480, 484, 492, 498, 499, 507, 533, 534, 558, 559, 563, 565, 568, 571, 580, 617, 618, 623, 624, 625, 633, 638, 640, 643, 645, 646, 651, 652, 660, 665, 666, 670, 677, 680, 684, 687, 688, 693, 703, 718, 719, 721, 739, 748, 751, 759, 769, 775, 781, 793, 794, 795, 798, 821, 834, 836, 837, 847, 849, 854, 867, 877, 887]

[0, 2, 3, 4, 6, 7, 10, 12, 13, 14, 15, 16, 18, 19, 20, 21, 24, 25, 26, 27, 29, 30, 32, 33, 34, 35, 36, 37, 38, 39, 43, 44, 45, 47, 48, 50, 51, 52, 54, 56, 57, 59, 60, 61, 64, 66, 69, 70, 71, 72, 73, 75, 76, 77, 78, 79, 80, 82, 83, 84, 85, 86, 91, 94, 97, 99, 106, 107, 108, 109, 110, 111, 114, 115, 116, 118, 119, 121, 122, 124, 125, 126, 127, 128, 129, 130, 132, 135, 140, 141, 142, 147, 148, 149, 150, 152, 153, 154, 157, 159, 160, 161, 162, 163, 164, 165, 166, 168, 169, 170, 171, 173, 177, 178, 179, 180, 181, 183, 184, 189, 191, 192, 194, 195, 197, 198, 199, 201, 202, 203, 204, 208, 209, 211, 214, 215, 216, 217, 218, 219, 221, 222, 226, 227, 229, 230, 232, 233, 234, 235, 236, 238, 239, 240, 241, 242, 243, 245, 246, 248, 250, 251, 253, 254, 255, 256, 258, 259, 260, 261, 262, 264, 267, 268, 269, 270, 271, 274, 275, 276, 278, 280, 282, 283, 284, 285, 286, 287, 288, 289, 291, 292, 293, 294, 295, 296, 297, 298, 299, 300, 302, 304, 306, 307, 308, 309, 310, 312, 313, 317, 318, 319, 320, 321, 322, 323, 325, 326, 328, 329, 330, 331, 332, 334, 335, 336, 337, 338, 339, 340, 341, 343, 345, 347, 348, 349, 350, 351, 352, 354, 355, 357, 358, 359, 363, 364, 365, 367, 368, 369, 370, 371, 373, 375, 376, 377, 378, 380, 383, 385, 386, 387, 390, 391, 392, 393, 394, 395, 396, 397, 398, 404, 405, 406, 407, 408, 410, 412, 413, 414, 415, 418, 419, 420, 421, 422, 424, 425, 426, 427, 428, 429, 430, 431, 432, 433, 434, 435, 436, 437, 439, 442, 443, 444, 445, 447, 448, 449, 450, 452, 453, 454, 456, 457, 458, 459, 460, 462, 463, 464, 465, 467, 469, 470, 471, 473, 475, 476, 477, 481, 482, 484, 485, 489, 492, 495, 496, 497, 498, 499, 501, 502, 503, 505, 506, 507, 508, 509, 510, 513, 514, 516, 517, 519, 521, 522, 523, 524, 527, 530, 531, 535, 536, 537, 539, 541, 543, 545, 546, 547, 548, 550, 552, 553, 554, 555, 557, 558, 562, 563, 565, 569, 570, 571, 572, 573, 574, 576, 577, 578, 579, 581, 582, 583, 584, 585, 586, 588, 589, 590, 592, 594, 595, 596, 597, 598, 599, 602, 603, 604, 605, 606, 608, 610, 611, 613, 615, 616, 617, 618, 619, 620, 621, 624, 625, 626, 627, 628, 629, 633, 634, 636, 638, 639, 640, 643, 645, 647, 648, 650, 651, 652, 655, 656, 659, 660, 661, 663, 664, 665, 667, 668, 669, 670, 671, 672, 673, 677, 678, 681, 682, 685, 687, 689, 690, 691, 692, 693, 696, 697, 698, 699, 704, 706, 707, 709, 710, 711, 712, 713, 714, 715, 718, 720, 722, 724, 725, 726, 733, 734, 735, 736, 737, 738, 739, 740, 741, 742, 743, 745, 746, 748, 749, 751, 752, 754, 756, 757, 759, 760, 761, 762, 764, 765, 768, 770, 771, 775, 776, 777, 778, 779, 780, 782, 783, 785, 787, 788, 789, 791, 792, 793, 794, 796, 797, 798, 799, 800, 801, 806, 807, 808, 812, 813, 814, 819, 820, 822, 826, 827, 828, 831, 835, 836, 837, 839, 840, 841, 842, 843, 844, 846, 847, 849, 850, 851, 852, 858, 860, 861, 863, 865, 866, 868, 870, 871, 873, 875, 876, 881, 883, 884, 885, 888, 889]
[12, 33, 38, 41, 44, 45, 51, 56, 72, 82, 92, 100, 101, 141, 150, 156, 168, 173, 175, 185, 192, 194, 207, 213, 227, 237, 246, 256, 261, 266, 272, 290, 292, 300, 304, 310, 325, 327, 329, 333, 342, 344, 348, 349, 357, 366, 368, 372, 374, 390, 393, 394, 403, 420, 434, 438, 450, 461, 463, 480, 484, 492, 498, 499, 507, 533, 534, 558, 559, 563, 565, 568, 571, 580, 617, 618, 623, 624, 625, 633, 638, 640, 643, 645, 646, 651, 652, 660, 665, 666, 670, 677, 680, 684, 687, 688, 693, 703, 718, 719, 721, 739, 748, 751, 759, 769, 775, 781, 793, 794, 795, 798, 821, 834, 836, 837, 847, 849, 854, 867, 877, 887]

[0, 2, 3, 4, 6, 7, 10, 12, 13, 14, 15, 16, 18, 19, 20, 21, 24, 25, 26, 27, 29, 30, 32, 33, 34, 35, 36, 37, 38, 39, 43, 44, 45, 47, 48, 50, 51, 52, 54, 56, 57, 59, 60, 61, 64, 66, 69, 70, 71, 72, 73, 75, 76, 77, 78, 79, 80, 82, 83, 84, 85, 86, 91, 94, 96, 97, 99, 103, 106, 107, 108, 109, 110, 111, 114, 115, 116, 118, 119, 120, 121, 122, 124, 125, 126, 127, 128, 129, 130, 132, 135, 140, 141, 142, 147, 148, 149, 150, 152, 153, 154, 156, 157, 159, 160, 161, 162, 163, 164, 165, 166, 167, 168, 169, 170, 171, 173, 175, 177, 178, 179, 180, 181, 182, 183, 184, 189, 191, 192, 194, 195, 197, 198, 199, 201, 202, 203, 204, 208, 209, 211, 214, 215, 216, 217, 218, 219, 221, 222, 226, 227, 229, 230, 232, 233, 234, 235, 236, 238, 239, 240, 241, 242, 243, 245, 246, 248, 250, 251, 253, 254, 255, 256, 258, 259, 260, 261, 262, 264, 267, 268, 269, 270, 271, 274, 275, 276, 278, 280, 281, 282, 283, 284, 285, 286, 287, 288, 289, 291, 292, 293, 294, 295, 296, 297, 298, 299, 300, 302, 304, 306, 307, 308, 309, 310, 312, 313, 317, 318, 319, 320, 321, 322, 323, 325, 326, 328, 329, 330, 331, 332, 333, 334, 335, 336, 337, 338, 339, 340, 341, 343, 345, 347, 348, 349, 350, 351, 352, 354, 355, 357, 358, 359, 363, 364, 365, 367, 368, 369, 370, 371, 373, 375, 376, 377, 378, 380, 383, 385, 386, 387, 390, 391, 392, 393, 394, 395, 396, 397, 398, 399, 404, 405, 406, 407, 408, 410, 412, 413, 414, 415, 418, 419, 420, 421, 422, 424, 425, 426, 427, 428, 429, 430, 431, 432, 433, 434, 435, 436, 437, 439, 441, 442, 443, 444, 445, 446, 447, 448, 449, 450, 452, 453, 454, 456, 457, 458, 459, 460, 462, 463, 464, 465, 467, 469, 470, 471, 473, 475, 476, 477, 481, 482, 484, 485, 489, 492, 495, 496, 497, 498, 499, 501, 502, 503, 505, 506, 507, 508, 509, 510, 513, 514, 516, 517, 519, 521, 522, 523, 524, 527, 530, 531, 535, 536, 537, 538, 539, 541, 543, 544, 545, 546, 547, 548, 550, 552, 553, 554, 555, 557, 558, 560, 562, 563, 565, 569, 570, 571, 572, 573, 574, 576, 577, 578, 579, 581, 582, 583, 584, 585, 586, 588, 589, 590, 592, 594, 595, 596, 597, 598, 599, 602, 603, 604, 605, 606, 608, 610, 611, 613, 615, 616, 617, 618, 619, 620, 621, 624, 625, 626, 627, 628, 629, 631, 633, 634, 636, 638, 639, 640, 642, 643, 645, 647, 648, 650, 651, 652, 653, 655, 656, 659, 660, 661, 663, 664, 665, 667, 668, 669, 670, 671, 672, 673, 677, 678, 681, 682, 685, 687, 689, 690, 691, 692, 693, 696, 697, 698, 699, 701, 704, 706, 707, 709, 710, 711, 712, 713, 714, 715, 717, 718, 720, 722, 724, 725, 726, 732, 733, 734, 735, 736, 737, 738, 739, 740, 741, 742, 743, 744, 745, 746, 748, 749, 751, 752, 754, 756, 757, 759, 760, 761, 762, 764, 765, 768, 769, 770, 771, 775, 776, 777, 778, 779, 780, 782, 783, 785, 787, 788, 789, 791, 792, 793, 794, 796, 797, 798, 799, 800, 801, 806, 807, 808, 812, 813, 814, 819, 820, 822, 826, 827, 828, 831, 835, 836, 837, 839, 840, 841, 842, 843, 844, 846, 847, 848, 849, 850, 851, 852, 858, 860, 861, 863, 865, 866, 868, 870, 871, 873, 875, 876, 881, 883, 884, 885, 886, 888, 889]
[12, 33, 38, 41, 44, 45, 51, 56, 72, 82, 92, 100, 101, 141, 150, 156, 168, 173, 175, 185, 192, 194, 207, 213, 227, 237, 246, 256, 261, 266, 272, 290, 292, 300, 304, 310, 325, 327, 329, 333, 342, 344, 348, 349, 357, 366, 368, 372, 374, 390, 393, 394, 403, 420, 434, 438, 450, 461, 463, 480, 484, 492, 498, 499, 507, 533, 534, 558, 559, 563, 565, 568, 571, 580, 617, 618, 623, 624, 625, 633, 638, 640, 643, 645, 646, 651, 652, 660, 665, 666, 670, 677, 680, 684, 687, 688, 693, 703, 718, 719, 721, 739, 748, 751, 759, 769, 775, 781, 793, 794, 795, 798, 821, 834, 836, 837, 847, 849, 854, 867, 877, 887]

[0, 2, 3, 4, 6, 7, 10, 12, 13, 14, 15, 16, 18, 19, 20, 21, 24, 25, 26, 27, 29, 30, 32, 33, 34, 35, 36, 37, 38, 39, 43, 44, 45, 47, 48, 50, 51, 52, 54, 56, 57, 59, 60, 61, 64, 66, 67, 69, 70, 71, 72, 73, 75, 76, 77, 78, 79, 80, 82, 83, 84, 85, 86, 91, 94, 96, 97, 98, 99, 103, 106, 107, 108, 109, 110, 111, 113, 114, 115, 116, 118, 119, 120, 121, 122, 124, 125, 126, 127, 128, 129, 130, 132, 135, 140, 141, 142, 147, 148, 149, 150, 152, 153, 154, 156, 157, 159, 160, 161, 162, 163, 164, 165, 166, 167, 168, 169, 170, 171, 173, 175, 177, 178, 179, 180, 181, 182, 183, 184, 189, 191, 192, 193, 194, 195, 197, 198, 199, 201, 202, 203, 204, 208, 209, 210, 211, 214, 215, 216, 217, 218, 219, 221, 222, 224, 226, 227, 229, 230, 232, 233, 234, 235, 236, 238, 239, 240, 241, 242, 243, 245, 246, 248, 250, 251, 253, 254, 255, 256, 258, 259, 260, 261, 262, 264, 267, 268, 269, 270, 271, 274, 275, 276, 278, 279, 280, 281, 282, 283, 284, 285, 286, 287, 288, 289, 291, 292, 293, 294, 295, 296, 297, 298, 299, 300, 302, 304, 306, 307, 308, 309, 310, 312, 313, 317, 318, 319, 320, 321, 322, 323, 325, 326, 328, 329, 330, 331, 332, 333, 334, 335, 336, 337, 338, 339, 340, 341, 343, 345, 347, 348, 349, 350, 351, 352, 354, 355, 357, 358, 359, 363, 364, 365, 367, 368, 369, 370, 371, 372, 373, 374, 375, 376, 377, 378, 380, 382, 383, 385, 386, 387, 390, 391, 392, 393, 394, 395, 396, 397, 398, 399, 404, 405, 406, 407, 408, 410, 412, 413, 414, 415, 418, 419, 420, 421, 422, 424, 425, 426, 427, 428, 429, 430, 431, 432, 433, 434, 435, 436, 437, 439, 441, 442, 443, 444, 445, 446, 447, 448, 449, 450, 452, 453, 454, 456, 457, 458, 459, 460, 462, 463, 464, 465, 467, 469, 470, 471, 473, 474, 475, 476, 477, 478, 481, 482, 484, 485, 489, 492, 495, 496, 497, 498, 499, 501, 502, 503, 505, 506, 507, 508, 509, 510, 513, 514, 515, 516, 517, 519, 521, 522, 523, 524, 527, 530, 531, 534, 535, 536, 537, 538, 539, 541, 542, 543, 544, 545, 546, 547, 548, 550, 552, 553, 554, 555, 557, 558, 560, 562, 563, 564, 565, 566, 569, 570, 571, 572, 573, 574, 576, 577, 578, 579, 581, 582, 583, 584, 585, 586, 588, 589, 590, 592, 594, 595, 596, 597, 598, 599, 602, 603, 604, 605, 606, 608, 610, 611, 613, 614, 615, 616, 617, 618, 619, 620, 621, 624, 625, 626, 627, 628, 629, 631, 633, 634, 636, 638, 639, 640, 642, 643, 645, 647, 648, 649, 650, 651, 652, 653, 654, 655, 656, 659, 660, 661, 663, 664, 665, 667, 668, 669, 670, 671, 672, 673, 677, 678, 681, 682, 685, 686, 687, 689, 690, 691, 692, 693, 696, 697, 698, 699, 701, 704, 706, 707, 709, 710, 711, 712, 713, 714, 715, 716, 717, 718, 719, 720, 722, 724, 725, 726, 732, 733, 734, 735, 736, 737, 738, 739, 740, 741, 742, 743, 744, 745, 746, 748, 749, 751, 752, 754, 756, 757, 759, 760, 761, 762, 764, 765, 768, 769, 770, 771, 775, 776, 777, 778, 779, 780, 782, 783, 785, 787, 788, 789, 791, 792, 793, 794, 796, 797, 798, 799, 800, 801, 806, 807, 808, 812, 813, 814, 819, 820, 822, 824, 826, 827, 828, 831, 835, 836, 837, 839, 840, 841, 842, 843, 844, 846, 847, 848, 849, 850, 851, 852, 858, 860, 861, 863, 865, 866, 868, 869, 870, 871, 873, 875, 876, 881, 883, 884, 885, 886, 888, 889]
[12, 33, 38, 41, 44, 45, 51, 56, 72, 82, 92, 100, 101, 141, 150, 156, 168, 173, 175, 185, 192, 194, 207, 213, 227, 237, 246, 256, 261, 266, 272, 290, 292, 300, 304, 310, 325, 327, 329, 333, 342, 344, 348, 349, 357, 366, 368, 372, 374, 390, 393, 394, 403, 420, 434, 438, 450, 461, 463, 480, 484, 492, 498, 499, 507, 533, 534, 558, 559, 563, 565, 568, 571, 580, 617, 618, 623, 624, 625, 633, 638, 640, 643, 645, 646, 651, 652, 660, 665, 666, 670, 677, 680, 684, 687, 688, 693, 703, 718, 719, 721, 739, 748, 751, 759, 769, 775, 781, 793, 794, 795, 798, 821, 834, 836, 837, 847, 849, 854, 867, 877, 887]

[0, 1, 2, 3, 4, 6, 7, 10, 12, 13, 14, 15, 16, 18, 19, 20, 21, 24, 25, 26, 27, 29, 30, 32, 33, 34, 35, 36, 37, 38, 39, 43, 44, 45, 47, 48, 50, 51, 52, 54, 55, 56, 57, 59, 60, 61, 64, 66, 67, 69, 70, 71, 72, 73, 75, 76, 77, 78, 79, 80, 82, 83, 84, 85, 86, 91, 94, 96, 97, 98, 99, 103, 106, 107, 108, 109, 110, 111, 113, 114, 115, 116, 118, 119, 120, 121, 122, 124, 125, 126, 127, 128, 129, 130, 131, 132, 135, 136, 140, 141, 142, 145, 147, 148, 149, 150, 152, 153, 154, 156, 157, 159, 160, 161, 162, 163, 164, 165, 166, 167, 168, 169, 170, 171, 172, 173, 175, 177, 178, 179, 180, 181, 182, 183, 184, 189, 191, 192, 193, 194, 195, 197, 198, 199, 201, 202, 203, 204, 206, 208, 209, 210, 211, 214, 215, 216, 217, 218, 219, 221, 222, 224, 226, 227, 229, 230, 232, 233, 234, 235, 236, 238, 239, 240, 241, 242, 243, 245, 246, 248, 250, 251, 253, 254, 255, 256, 258, 259, 260, 261, 262, 264, 267, 268, 269, 270, 271, 274, 275, 276, 278, 279, 280, 281, 282, 283, 284, 285, 286, 287, 288, 289, 291, 292, 293, 294, 295, 296, 297, 298, 299, 300, 302, 304, 306, 307, 308, 309, 310, 312, 313, 315, 317, 318, 319, 320, 321, 322, 323, 325, 326, 328, 329, 330, 331, 332, 333, 334, 335, 336, 337, 338, 339, 340, 341, 343, 345, 347, 348, 349, 350, 351, 352, 354, 355, 357, 358, 359, 363, 364, 365, 367, 368, 369, 370, 371, 372, 373, 374, 375, 376, 377, 378, 380, 381, 382, 383, 385, 386, 387, 389, 390, 391, 392, 393, 394, 395, 396, 397, 398, 399, 404, 405, 406, 407, 408, 409, 410, 412, 413, 414, 415, 418, 419, 420, 421, 422, 424, 425, 426, 427, 428, 429, 430, 431, 432, 433, 434, 435, 436, 437, 438, 439, 441, 442, 443, 444, 445, 446, 447, 448, 449, 450, 452, 453, 454, 456, 457, 458, 459, 460, 462, 463, 464, 465, 467, 468, 469, 470, 471, 473, 474, 475, 476, 477, 478, 481, 482, 484, 485, 489, 492, 495, 496, 497, 498, 499, 501, 502, 503, 505, 506, 507, 508, 509, 510, 513, 514, 515, 516, 517, 519, 521, 522, 523, 524, 526, 527, 530, 531, 532, 534, 535, 536, 537, 538, 539, 541, 542, 543, 544, 545, 546, 547, 548, 550, 552, 553, 554, 555, 557, 558, 559, 560, 561, 562, 563, 564, 565, 566, 569, 570, 571, 572, 573, 574, 576, 577, 578, 579, 581, 582, 583, 584, 585, 586, 588, 589, 590, 592, 594, 595, 596, 597, 598, 599, 602, 603, 604, 605, 606, 608, 610, 611, 613, 614, 615, 616, 617, 618, 619, 620, 621, 624, 625, 626, 627, 628, 629, 631, 633, 634, 636, 638, 639, 640, 642, 643, 645, 647, 648, 649, 650, 651, 652, 653, 654, 655, 656, 658, 659, 660, 661, 663, 664, 665, 667, 668, 669, 670, 671, 672, 673, 677, 678, 681, 682, 685, 686, 687, 688, 689, 690, 691, 692, 693, 696, 697, 698, 699, 701, 702, 704, 706, 707, 709, 710, 711, 712, 713, 714, 715, 716, 717, 718, 719, 720, 722, 724, 725, 726, 732, 733, 734, 735, 736, 737, 738, 739, 740, 741, 742, 743, 744, 745, 746, 748, 749, 751, 752, 754, 756, 757, 759, 760, 761, 762, 764, 765, 768, 769, 770, 771, 775, 776, 777, 778, 779, 780, 782, 783, 784, 785, 787, 788, 789, 791, 792, 793, 794, 796, 797, 798, 799, 800, 801, 804, 806, 807, 808, 812, 813, 814, 819, 820, 822, 824, 826, 827, 828, 831, 832, 835, 836, 837, 839, 840, 841, 842, 843, 844, 846, 847, 848, 849, 850, 851, 852, 858, 860, 861, 863, 865, 866, 868, 869, 870, 871, 873, 875, 876, 878, 880, 881, 883, 884, 885, 886, 888, 889]
[12, 33, 38, 41, 44, 45, 51, 56, 72, 82, 92, 100, 101, 141, 150, 156, 168, 173, 175, 185, 192, 194, 207, 213, 227, 237, 246, 256, 261, 266, 272, 290, 292, 300, 304, 310, 325, 327, 329, 333, 342, 344, 348, 349, 357, 366, 368, 372, 374, 390, 393, 394, 403, 420, 434, 438, 450, 461, 463, 480, 484, 492, 498, 499, 507, 533, 534, 558, 559, 563, 565, 568, 571, 580, 617, 618, 623, 624, 625, 633, 638, 640, 643, 645, 646, 651, 652, 660, 665, 666, 670, 677, 680, 684, 687, 688, 693, 703, 718, 719, 721, 739, 748, 751, 759, 769, 775, 781, 793, 794, 795, 798, 821, 834, 836, 837, 847, 849, 854, 867, 877, 887]

[0, 1, 2, 3, 4, 6, 7, 10, 12, 13, 14, 15, 16, 18, 19, 20, 21, 23, 24, 25, 26, 27, 29, 30, 32, 33, 34, 35, 36, 37, 38, 39, 43, 44, 45, 47, 48, 50, 51, 52, 54, 55, 56, 57, 59, 60, 61, 64, 66, 67, 69, 70, 71, 72, 73, 75, 76, 77, 78, 79, 80, 82, 83, 84, 85, 86, 91, 92, 94, 96, 97, 98, 99, 100, 103, 106, 107, 108, 109, 110, 111, 113, 114, 115, 116, 118, 119, 120, 121, 122, 124, 125, 126, 127, 128, 129, 130, 131, 132, 135, 136, 137, 140, 141, 142, 144, 145, 147, 148, 149, 150, 152, 153, 154, 156, 157, 159, 160, 161, 162, 163, 164, 165, 166, 167, 168, 169, 170, 171, 172, 173, 175, 177, 178, 179, 180, 181, 182, 183, 184, 188, 189, 191, 192, 193, 194, 195, 197, 198, 199, 201, 202, 203, 204, 205, 206, 208, 209, 210, 211, 214, 215, 216, 217, 218, 219, 221, 222, 224, 226, 227, 229, 230, 232, 233, 234, 235, 236, 238, 239, 240, 241, 242, 243, 245, 246, 248, 250, 251, 253, 254, 255, 256, 258, 259, 260, 261, 262, 264, 267, 268, 269, 270, 271, 272, 274, 275, 276, 278, 279, 280, 281, 282, 283, 284, 285, 286, 287, 288, 289, 291, 292, 293, 294, 295, 296, 297, 298, 299, 300, 301, 302, 304, 306, 307, 308, 309, 310, 312, 313, 315, 316, 317, 318, 319, 320, 321, 322, 323, 325, 326, 328, 329, 330, 331, 332, 333, 334, 335, 336, 337, 338, 339, 340, 341, 343, 345, 347, 348, 349, 350, 351, 352, 354, 355, 356, 357, 358, 359, 363, 364, 365, 366, 367, 368, 369, 370, 371, 372, 373, 374, 375, 376, 377, 378, 380, 381, 382, 383, 385, 386, 387, 389, 390, 391, 392, 393, 394, 395, 396, 397, 398, 399, 404, 405, 406, 407, 408, 409, 410, 412, 413, 414, 415, 418, 419, 420, 421, 422, 424, 425, 426, 427, 428, 429, 430, 431, 432, 433, 434, 435, 436, 437, 438, 439, 441, 442, 443, 444, 445, 446, 447, 448, 449, 450, 452, 453, 454, 456, 457, 458, 459, 460, 462, 463, 464, 465, 467, 468, 469, 470, 471, 473, 474, 475, 476, 477, 478, 481, 482, 484, 485, 489, 492, 495, 496, 497, 498, 499, 500, 501, 502, 503, 505, 506, 507, 508, 509, 510, 513, 514, 515, 516, 517, 519, 521, 522, 523, 524, 526, 527, 530, 531, 532, 534, 535, 536, 537, 538, 539, 540, 541, 542, 543, 544, 545, 546, 547, 548, 550, 552, 553, 554, 555, 557, 558, 559, 560, 561, 562, 563, 564, 565, 566, 569, 570, 571, 572, 573, 574, 576, 577, 578, 579, 581, 582, 583, 584, 585, 586, 588, 589, 590, 592, 594, 595, 596, 597, 598, 599, 602, 603, 604, 605, 606, 608, 610, 611, 613, 614, 615, 616, 617, 618, 619, 620, 621, 624, 625, 626, 627, 628, 629, 630, 631, 633, 634, 636, 638, 639, 640, 641, 642, 643, 644, 645, 647, 648, 649, 650, 651, 652, 653, 654, 655, 656, 658, 659, 660, 661, 663, 664, 665, 667, 668, 669, 670, 671, 672, 673, 676, 677, 678, 681, 682, 685, 686, 687, 688, 689, 690, 691, 692, 693, 696, 697, 698, 699, 701, 702, 704, 705, 706, 707, 709, 710, 711, 712, 713, 714, 715, 716, 717, 718, 719, 720, 721, 722, 724, 725, 726, 732, 733, 734, 735, 736, 737, 738, 739, 740, 741, 742, 743, 744, 745, 746, 748, 749, 751, 752, 754, 756, 757, 758, 759, 760, 761, 762, 764, 765, 768, 769, 770, 771, 775, 776, 777, 778, 779, 780, 782, 783, 784, 785, 787, 788, 789, 791, 792, 793, 794, 796, 797, 798, 799, 800, 801, 804, 806, 807, 808, 812, 813, 814, 816, 819, 820, 821, 822, 824, 826, 827, 828, 829, 831, 832, 835, 836, 837, 839, 840, 841, 842, 843, 844, 846, 847, 848, 849, 850, 851, 852, 858, 860, 861, 862, 863, 865, 866, 868, 869, 870, 871, 873, 875, 876, 878, 880, 881, 883, 884, 885, 886, 888, 889]
[12, 33, 38, 41, 44, 45, 51, 56, 72, 82, 92, 100, 101, 141, 150, 156, 168, 173, 175, 185, 192, 194, 207, 213, 227, 237, 246, 256, 261, 266, 272, 290, 292, 300, 304, 310, 325, 327, 329, 333, 342, 344, 348, 349, 357, 366, 368, 372, 374, 390, 393, 394, 403, 420, 434, 438, 450, 461, 463, 480, 484, 492, 498, 499, 507, 533, 534, 558, 559, 563, 565, 568, 571, 580, 617, 618, 623, 624, 625, 633, 638, 640, 643, 645, 646, 651, 652, 660, 665, 666, 670, 677, 680, 684, 687, 688, 693, 703, 718, 719, 721, 739, 748, 751, 759, 769, 775, 781, 793, 794, 795, 798, 821, 834, 836, 837, 847, 849, 854, 867, 877, 887]

[0, 1, 2, 3, 4, 6, 7, 10, 12, 13, 14, 15, 16, 18, 19, 20, 21, 23, 24, 25, 26, 27, 29, 30, 32, 33, 34, 35, 36, 37, 38, 39, 43, 44, 45, 47, 48, 50, 51, 52, 54, 55, 56, 57, 59, 60, 61, 64, 66, 67, 69, 70, 71, 72, 73, 75, 76, 77, 78, 79, 80, 82, 83, 84, 85, 86, 91, 92, 94, 96, 97, 98, 99, 100, 103, 106, 107, 108, 109, 110, 111, 113, 114, 115, 116, 117, 118, 119, 120, 121, 122, 124, 125, 126, 127, 128, 129, 130, 131, 132, 135, 136, 137, 140, 141, 142, 144, 145, 147, 148, 149, 150, 152, 153, 154, 156, 157, 159, 160, 161, 162, 163, 164, 165, 166, 167, 168, 169, 170, 171, 172, 173, 175, 176, 177, 178, 179, 180, 181, 182, 183, 184, 188, 189, 191, 192, 193, 194, 195, 197, 198, 199, 201, 202, 203, 204, 205, 206, 208, 209, 210, 211, 214, 215, 216, 217, 218, 219, 221, 222, 224, 226, 227, 228, 229, 230, 232, 233, 234, 235, 236, 238, 239, 240, 241, 242, 243, 245, 246, 248, 250, 251, 253, 254, 255, 256, 258, 259, 260, 261, 262, 264, 267, 268, 269, 270, 271, 272, 274, 275, 276, 278, 279, 280, 281, 282, 283, 284, 285, 286, 287, 288, 289, 291, 292, 293, 294, 295, 296, 297, 298, 299, 300, 301, 302, 304, 306, 307, 308, 309, 310, 312, 313, 315, 316, 317, 318, 319, 320, 321, 322, 323, 325, 326, 328, 329, 330, 331, 332, 333, 334, 335, 336, 337, 338, 339, 340, 341, 343, 345, 347, 348, 349, 350, 351, 352, 354, 355, 356, 357, 358, 359, 363, 364, 365, 366, 367, 368, 369, 370, 371, 372, 373, 374, 375, 376, 377, 378, 380, 381, 382, 383, 385, 386, 387, 389, 390, 391, 392, 393, 394, 395, 396, 397, 398, 399, 404, 405, 406, 407, 408, 409, 410, 411, 412, 413, 414, 415, 418, 419, 420, 421, 422, 424, 425, 426, 427, 428, 429, 430, 431, 432, 433, 434, 435, 436, 437, 438, 439, 441, 442, 443, 444, 445, 446, 447, 448, 449, 450, 452, 453, 454, 456, 457, 458, 459, 460, 461, 462, 463, 464, 465, 466, 467, 468, 469, 470, 471, 472, 473, 474, 475, 476, 477, 478, 481, 482, 484, 485, 487, 489, 492, 493, 495, 496, 497, 498, 499, 500, 501, 502, 503, 504, 505, 506, 507, 508, 509, 510, 513, 514, 515, 516, 517, 519, 521, 522, 523, 524, 525, 526, 527, 530, 531, 532, 534, 535, 536, 537, 538, 539, 540, 541, 542, 543, 544, 545, 546, 547, 548, 550, 551, 552, 553, 554, 555, 557, 558, 559, 560, 561, 562, 563, 564, 565, 566, 569, 570, 571, 572, 573, 574, 576, 577, 578, 579, 581, 582, 583, 584, 585, 586, 588, 589, 590, 591, 592, 594, 595, 596, 597, 598, 599, 600, 602, 603, 604, 605, 606, 608, 610, 611, 613, 614, 615, 616, 617, 618, 619, 620, 621, 624, 625, 626, 627, 628, 629, 630, 631, 633, 634, 636, 638, 639, 640, 641, 642, 643, 644, 645, 646, 647, 648, 649, 650, 651, 652, 653, 654, 655, 656, 658, 659, 660, 661, 663, 664, 665, 667, 668, 669, 670, 671, 672, 673, 675, 676, 677, 678, 681, 682, 685, 686, 687, 688, 689, 690, 691, 692, 693, 696, 697, 698, 699, 701, 702, 704, 705, 706, 707, 708, 709, 710, 711, 712, 713, 714, 715, 716, 717, 718, 719, 720, 721, 722, 724, 725, 726, 728, 732, 733, 734, 735, 736, 737, 738, 739, 740, 741, 742, 743, 744, 745, 746, 748, 749, 751, 752, 754, 756, 757, 758, 759, 760, 761, 762, 764, 765, 768, 769, 770, 771, 772, 775, 776, 777, 778, 779, 780, 782, 783, 784, 785, 787, 788, 789, 791, 792, 793, 794, 796, 797, 798, 799, 800, 801, 802, 804, 806, 807, 808, 811, 812, 813, 814, 816, 818, 819, 820, 821, 822, 823, 824, 826, 827, 828, 829, 831, 832, 835, 836, 837, 839, 840, 841, 842, 843, 844, 846, 847, 848, 849, 850, 851, 852, 858, 860, 861, 862, 863, 865, 866, 867, 868, 869, 870, 871, 873, 874, 875, 876, 878, 880, 881, 883, 884, 885, 886, 888, 889]
[12, 33, 38, 41, 44, 45, 51, 56, 72, 82, 92, 100, 101, 141, 150, 156, 168, 173, 175, 185, 192, 194, 207, 213, 227, 237, 246, 256, 261, 266, 272, 290, 292, 300, 304, 310, 325, 327, 329, 333, 342, 344, 348, 349, 357, 366, 368, 372, 374, 390, 393, 394, 403, 420, 434, 438, 450, 461, 463, 480, 484, 492, 498, 499, 507, 533, 534, 558, 559, 563, 565, 568, 571, 580, 617, 618, 623, 624, 625, 633, 638, 640, 643, 645, 646, 651, 652, 660, 665, 666, 670, 677, 680, 684, 687, 688, 693, 703, 718, 719, 721, 739, 748, 751, 759, 769, 775, 781, 793, 794, 795, 798, 821, 834, 836, 837, 847, 849, 854, 867, 877, 887]

[0, 1, 2, 3, 4, 6, 7, 10, 12, 13, 14, 15, 16, 18, 19, 20, 21, 23, 24, 25, 26, 27, 29, 30, 32, 33, 34, 35, 36, 37, 38, 39, 42, 43, 44, 45, 47, 48, 50, 51, 52, 54, 55, 56, 57, 59, 60, 61, 62, 64, 66, 67, 69, 70, 71, 72, 73, 74, 75, 76, 77, 78, 79, 80, 81, 82, 83, 84, 85, 86, 89, 90, 91, 92, 94, 96, 97, 98, 99, 100, 102, 103, 104, 106, 107, 108, 109, 110, 111, 113, 114, 115, 116, 117, 118, 119, 120, 121, 122, 124, 125, 126, 127, 128, 129, 130, 131, 132, 135, 136, 137, 140, 141, 142, 143, 144, 145, 147, 148, 149, 150, 152, 153, 154, 156, 157, 159, 160, 161, 162, 163, 164, 165, 166, 167, 168, 169, 170, 171, 172, 173, 175, 176, 177, 178, 179, 180, 181, 182, 183, 184, 186, 188, 189, 191, 192, 193, 194, 195, 197, 198, 199, 200, 201, 202, 203, 204, 205, 206, 207, 208, 209, 210, 211, 212, 214, 215, 216, 217, 218, 219, 221, 222, 224, 226, 227, 228, 229, 230, 232, 233, 234, 235, 236, 238, 239, 240, 241, 242, 243, 245, 246, 248, 250, 251, 253, 254, 255, 256, 258, 259, 260, 261, 262, 264, 267, 268, 269, 270, 271, 272, 274, 275, 276, 278, 279, 280, 281, 282, 283, 284, 285, 286, 287, 288, 289, 291, 292, 293, 294, 295, 296, 297, 298, 299, 300, 301, 302, 304, 306, 307, 308, 309, 310, 312, 313, 314, 315, 316, 317, 318, 319, 320, 321, 322, 323, 325, 326, 328, 329, 330, 331, 332, 333, 334, 335, 336, 337, 338, 339, 340, 341, 343, 345, 346, 347, 348, 349, 350, 351, 352, 354, 355, 356, 357, 358, 359, 363, 364, 365, 366, 367, 368, 369, 370, 371, 372, 373, 374, 375, 376, 377, 378, 380, 381, 382, 383, 385, 386, 387, 389, 390, 391, 392, 393, 394, 395, 396, 397, 398, 399, 403, 404, 405, 406, 407, 408, 409, 410, 411, 412, 413, 414, 415, 417, 418, 419, 420, 421, 422, 424, 425, 426, 427, 428, 429, 430, 431, 432, 433, 434, 435, 436, 437, 438, 439, 441, 442, 443, 444, 445, 446, 447, 448, 449, 450, 452, 453, 454, 456, 457, 458, 459, 460, 461, 462, 463, 464, 465, 466, 467, 468, 469, 470, 471, 472, 473, 474, 475, 476, 477, 478, 480, 481, 482, 484, 485, 487, 489, 492, 493, 495, 496, 497, 498, 499, 500, 501, 502, 503, 504, 505, 506, 507, 508, 509, 510, 512, 513, 514, 515, 516, 517, 519, 521, 522, 523, 524, 525, 526, 527, 530, 531, 532, 534, 535, 536, 537, 538, 539, 540, 541, 542, 543, 544, 545, 546, 547, 548, 550, 551, 552, 553, 554, 555, 557, 558, 559, 560, 561, 562, 563, 564, 565, 566, 569, 570, 571, 572, 573, 574, 576, 577, 578, 579, 581, 582, 583, 584, 585, 586, 587, 588, 589, 590, 591, 592, 594, 595, 596, 597, 598, 599, 600, 602, 603, 604, 605, 606, 608, 610, 611, 613, 614, 615, 616, 617, 618, 619, 620, 621, 624, 625, 626, 627, 628, 629, 630, 631, 633, 634, 636, 637, 638, 639, 640, 641, 642, 643, 644, 645, 646, 647, 648, 649, 650, 651, 652, 653, 654, 655, 656, 658, 659, 660, 661, 663, 664, 665, 667, 668, 669, 670, 671, 672, 673, 674, 675, 676, 677, 678, 681, 682, 685, 686, 687, 688, 689, 690, 691, 692, 693, 696, 697, 698, 699, 701, 702, 704, 705, 706, 707, 708, 709, 710, 711, 712, 713, 714, 715, 716, 717, 718, 719, 720, 721, 722, 724, 725, 726, 728, 732, 733, 734, 735, 736, 737, 738, 739, 740, 741, 742, 743, 744, 745, 746, 748, 749, 751, 752, 754, 756, 757, 758, 759, 760, 761, 762, 764, 765, 768, 769, 770, 771, 772, 775, 776, 777, 778, 779, 780, 782, 783, 784, 785, 787, 788, 789, 791, 792, 793, 794, 796, 797, 798, 799, 800, 801, 802, 804, 806, 807, 808, 811, 812, 813, 814, 815, 816, 818, 819, 820, 821, 822, 823, 824, 826, 827, 828, 829, 831, 832, 833, 835, 836, 837, 838, 839, 840, 841, 842, 843, 844, 846, 847, 848, 849, 850, 851, 852, 858, 860, 861, 862, 863, 865, 866, 867, 868, 869, 870, 871, 873, 874, 875, 876, 878, 880, 881, 883, 884, 885, 886, 888, 889]
[12, 33, 38, 41, 44, 45, 51, 56, 72, 82, 92, 100, 101, 141, 150, 156, 168, 173, 175, 185, 192, 194, 207, 213, 227, 237, 246, 256, 261, 266, 272, 290, 292, 300, 304, 310, 325, 327, 329, 333, 342, 344, 348, 349, 357, 366, 368, 372, 374, 390, 393, 394, 403, 420, 434, 438, 450, 461, 463, 480, 484, 492, 498, 499, 507, 533, 534, 558, 559, 563, 565, 568, 571, 580, 617, 618, 623, 624, 625, 633, 638, 640, 643, 645, 646, 651, 652, 660, 665, 666, 670, 677, 680, 684, 687, 688, 693, 703, 718, 719, 721, 739, 748, 751, 759, 769, 775, 781, 793, 794, 795, 798, 821, 834, 836, 837, 847, 849, 854, 867, 877, 887]

[0, 1, 2, 3, 4, 6, 7, 10, 12, 13, 14, 15, 16, 18, 19, 20, 21, 23, 24, 25, 26, 27, 29, 30, 31, 32, 33, 34, 35, 36, 37, 38, 39, 42, 43, 44, 45, 47, 48, 50, 51, 52, 54, 55, 56, 57, 59, 60, 61, 62, 64, 66, 67, 68, 69, 70, 71, 72, 73, 74, 75, 76, 77, 78, 79, 80, 81, 82, 83, 84, 85, 86, 89, 90, 91, 92, 94, 96, 97, 98, 99, 100, 101, 102, 103, 104, 105, 106, 107, 108, 109, 110, 111, 113, 114, 115, 116, 117, 118, 119, 120, 121, 122, 123, 124, 125, 126, 127, 128, 129, 130, 131, 132, 134, 135, 136, 137, 140, 141, 142, 143, 144, 145, 147, 148, 149, 150, 152, 153, 154, 156, 157, 159, 160, 161, 162, 163, 164, 165, 166, 167, 168, 169, 170, 171, 172, 173, 175, 176, 177, 178, 179, 180, 181, 182, 183, 184, 186, 187, 188, 189, 191, 192, 193, 194, 195, 196, 197, 198, 199, 200, 201, 202, 203, 204, 205, 206, 207, 208, 209, 210, 211, 212, 214, 215, 216, 217, 218, 219, 221, 222, 224, 226, 227, 228, 229, 230, 232, 233, 234, 235, 236, 238, 239, 240, 241, 242, 243, 245, 246, 248, 250, 251, 253, 254, 255, 256, 258, 259, 260, 261, 262, 264, 267, 268, 269, 270, 271, 272, 274, 275, 276, 278, 279, 280, 281, 282, 283, 284, 285, 286, 287, 288, 289, 291, 292, 293, 294, 295, 296, 297, 298, 299, 300, 301, 302, 304, 306, 307, 308, 309, 310, 312, 313, 314, 315, 316, 317, 318, 319, 320, 321, 322, 323, 325, 326, 328, 329, 330, 331, 332, 333, 334, 335, 336, 337, 338, 339, 340, 341, 343, 345, 346, 347, 348, 349, 350, 351, 352, 353, 354, 355, 356, 357, 358, 359, 360, 363, 364, 365, 366, 367, 368, 369, 370, 371, 372, 373, 374, 375, 376, 377, 378, 379, 380, 381, 382, 383, 385, 386, 387, 389, 390, 391, 392, 393, 394, 395, 396, 397, 398, 399, 403, 404, 405, 406, 407, 408, 409, 410, 411, 412, 413, 414, 415, 417, 418, 419, 420, 421, 422, 424, 425, 426, 427, 428, 429, 430, 431, 432, 433, 434, 435, 436, 437, 438, 439, 441, 442, 443, 444, 445, 446, 447, 448, 449, 450, 452, 453, 454, 455, 456, 457, 458, 459, 460, 461, 462, 463, 464, 465, 466, 467, 468, 469, 470, 471, 472, 473, 474, 475, 476, 477, 478, 480, 481, 482, 483, 484, 485, 486, 487, 489, 492, 493, 495, 496, 497, 498, 499, 500, 501, 502, 503, 504, 505, 506, 507, 508, 509, 510, 512, 513, 514, 515, 516, 517, 519, 521, 522, 523, 524, 525, 526, 527, 529, 530, 531, 532, 534, 535, 536, 537, 538, 539, 540, 541, 542, 543, 544, 545, 546, 547, 548, 550, 551, 552, 553, 554, 555, 556, 557, 558, 559, 560, 561, 562, 563, 564, 565, 566, 569, 570, 571, 572, 573, 574, 576, 577, 578, 579, 581, 582, 583, 584, 585, 586, 587, 588, 589, 590, 591, 592, 594, 595, 596, 597, 598, 599, 600, 602, 603, 604, 605, 606, 607, 608, 610, 611, 612, 613, 614, 615, 616, 617, 618, 619, 620, 621, 624, 625, 626, 627, 628, 629, 630, 631, 633, 634, 636, 637, 638, 639, 640, 641, 642, 643, 644, 645, 646, 647, 648, 649, 650, 651, 652, 653, 654, 655, 656, 658, 659, 660, 661, 663, 664, 665, 667, 668, 669, 670, 671, 672, 673, 674, 675, 676, 677, 678, 679, 681, 682, 685, 686, 687, 688, 689, 690, 691, 692, 693, 696, 697, 698, 699, 701, 702, 704, 705, 706, 707, 708, 709, 710, 711, 712, 713, 714, 715, 716, 717, 718, 719, 720, 721, 722, 724, 725, 726, 728, 731, 732, 733, 734, 735, 736, 737, 738, 739, 740, 741, 742, 743, 744, 745, 746, 748, 749, 751, 752, 754, 756, 757, 758, 759, 760, 761, 762, 764, 765, 768, 769, 770, 771, 772, 775, 776, 777, 778, 779, 780, 782, 783, 784, 785, 787, 788, 789, 791, 792, 793, 794, 796, 797, 798, 799, 800, 801, 802, 804, 806, 807, 808, 811, 812, 813, 814, 815, 816, 817, 818, 819, 820, 821, 822, 823, 824, 826, 827, 828, 829, 831, 832, 833, 835, 836, 837, 838, 839, 840, 841, 842, 843, 844, 845, 846, 847, 848, 849, 850, 851, 852, 858, 860, 861, 862, 863, 865, 866, 867, 868, 869, 870, 871, 872, 873, 874, 875, 876, 877, 878, 880, 881, 883, 884, 885, 886, 887, 888, 889]
[12, 33, 38, 41, 44, 45, 51, 56, 72, 82, 92, 100, 101, 141, 150, 156, 168, 173, 175, 185, 192, 194, 207, 213, 227, 237, 246, 256, 261, 266, 272, 290, 292, 300, 304, 310, 325, 327, 329, 333, 342, 344, 348, 349, 357, 366, 368, 372, 374, 390, 393, 394, 403, 420, 434, 438, 450, 461, 463, 480, 484, 492, 498, 499, 507, 533, 534, 558, 559, 563, 565, 568, 571, 580, 617, 618, 623, 624, 625, 633, 638, 640, 643, 645, 646, 651, 652, 660, 665, 666, 670, 677, 680, 684, 687, 688, 693, 703, 718, 719, 721, 739, 748, 751, 759, 769, 775, 781, 793, 794, 795, 798, 821, 834, 836, 837, 847, 849, 854, 867, 877, 887]

[0, 1, 2, 3, 4, 5, 6, 7, 10, 12, 13, 14, 15, 16, 18, 19, 20, 21, 23, 24, 25, 26, 27, 29, 30, 31, 32, 33, 34, 35, 36, 37, 38, 39, 41, 42, 43, 44, 45, 47, 48, 49, 50, 51, 52, 54, 55, 56, 57, 59, 60, 61, 62, 64, 66, 67, 68, 69, 70, 71, 72, 73, 74, 75, 76, 77, 78, 79, 80, 81, 82, 83, 84, 85, 86, 89, 90, 91, 92, 94, 96, 97, 98, 99, 100, 101, 102, 103, 104, 105, 106, 107, 108, 109, 110, 111, 113, 114, 115, 116, 117, 118, 119, 120, 121, 122, 123, 124, 125, 126, 127, 128, 129, 130, 131, 132, 134, 135, 136, 137, 140, 141, 142, 143, 144, 145, 146, 147, 148, 149, 150, 152, 153, 154, 155, 156, 157, 159, 160, 161, 162, 163, 164, 165, 166, 167, 168, 169, 170, 171, 172, 173, 174, 175, 176, 177, 178, 179, 180, 181, 182, 183, 184, 185, 186, 187, 188, 189, 191, 192, 193, 194, 195, 196, 197, 198, 199, 200, 201, 202, 203, 204, 205, 206, 207, 208, 209, 210, 211, 212, 214, 215, 216, 217, 218, 219, 221, 222, 224, 226, 227, 228, 229, 230, 232, 233, 234, 235, 236, 237, 238, 239, 240, 241, 242, 243, 245, 246, 248, 249, 250, 251, 252, 253, 254, 255, 256, 258, 259, 260, 261, 262, 264, 267, 268, 269, 270, 271, 272, 274, 275, 276, 278, 279, 280, 281, 282, 283, 284, 285, 286, 287, 288, 289, 291, 292, 293, 294, 295, 296, 297, 298, 299, 300, 301, 302, 304, 306, 307, 308, 309, 310, 312, 313, 314, 315, 316, 317, 318, 319, 320, 321, 322, 323, 324, 325, 326, 328, 329, 330, 331, 332, 333, 334, 335, 336, 337, 338, 339, 340, 341, 343, 345, 346, 347, 348, 349, 350, 351, 352, 353, 354, 355, 356, 357, 358, 359, 360, 363, 364, 365, 366, 367, 368, 369, 370, 371, 372, 373, 374, 375, 376, 377, 378, 379, 380, 381, 382, 383, 385, 386, 387, 388, 389, 390, 391, 392, 393, 394, 395, 396, 397, 398, 399, 403, 404, 405, 406, 407, 408, 409, 410, 411, 412, 413, 414, 415, 417, 418, 419, 420, 421, 422, 424, 425, 426, 427, 428, 429, 430, 431, 432, 433, 434, 435, 436, 437, 438, 439, 441, 442, 443, 444, 445, 446, 447, 448, 449, 450, 452, 453, 454, 455, 456, 457, 458, 459, 460, 461, 462, 463, 464, 465, 466, 467, 468, 469, 470, 471, 472, 473, 474, 475, 476, 477, 478, 479, 480, 481, 482, 483, 484, 485, 486, 487, 489, 492, 493, 495, 496, 497, 498, 499, 500, 501, 502, 503, 504, 505, 506, 507, 508, 509, 510, 512, 513, 514, 515, 516, 517, 519, 521, 522, 523, 524, 525, 526, 527, 529, 530, 531, 532, 534, 535, 536, 537, 538, 539, 540, 541, 542, 543, 544, 545, 546, 547, 548, 549, 550, 551, 552, 553, 554, 555, 556, 557, 558, 559, 560, 561, 562, 563, 564, 565, 566, 567, 569, 570, 571, 572, 573, 574, 576, 577, 578, 579, 581, 582, 583, 584, 585, 586, 587, 588, 589, 590, 591, 592, 594, 595, 596, 597, 598, 599, 600, 602, 603, 604, 605, 606, 607, 608, 610, 611, 612, 613, 614, 615, 616, 617, 618, 619, 620, 621, 622, 624, 625, 626, 627, 628, 629, 630, 631, 633, 634, 635, 636, 637, 638, 639, 640, 641, 642, 643, 644, 645, 646, 647, 648, 649, 650, 651, 652, 653, 654, 655, 656, 658, 659, 660, 661, 663, 664, 665, 667, 668, 669, 670, 671, 672, 673, 674, 675, 676, 677, 678, 679, 680, 681, 682, 683, 685, 686, 687, 688, 689, 690, 691, 692, 693, 696, 697, 698, 699, 701, 702, 704, 705, 706, 707, 708, 709, 710, 711, 712, 713, 714, 715, 716, 717, 718, 719, 720, 721, 722, 724, 725, 726, 728, 731, 732, 733, 734, 735, 736, 737, 738, 739, 740, 741, 742, 743, 744, 745, 746, 748, 749, 750, 751, 752, 754, 756, 757, 758, 759, 760, 761, 762, 764, 765, 768, 769, 770, 771, 772, 775, 776, 777, 778, 779, 780, 782, 783, 784, 785, 787, 788, 789, 791, 792, 793, 794, 796, 797, 798, 799, 800, 801, 802, 804, 806, 807, 808, 810, 811, 812, 813, 814, 815, 816, 817, 818, 819, 820, 821, 822, 823, 824, 825, 826, 827, 828, 829, 831, 832, 833, 835, 836, 837, 838, 839, 840, 841, 842, 843, 844, 845, 846, 847, 848, 849, 850, 851, 852, 854, 857, 858, 860, 861, 862, 863, 865, 866, 867, 868, 869, 870, 871, 872, 873, 874, 875, 876, 877, 878, 880, 881, 883, 884, 885, 886, 887, 888, 889]
[12, 33, 38, 41, 44, 45, 51, 56, 72, 82, 92, 100, 101, 141, 150, 156, 168, 173, 175, 185, 192, 194, 207, 213, 227, 237, 246, 256, 261, 266, 272, 290, 292, 300, 304, 310, 325, 327, 329, 333, 342, 344, 348, 349, 357, 366, 368, 372, 374, 390, 393, 394, 403, 420, 434, 438, 450, 461, 463, 480, 484, 492, 498, 499, 507, 533, 534, 558, 559, 563, 565, 568, 571, 580, 617, 618, 623, 624, 625, 633, 638, 640, 643, 645, 646, 651, 652, 660, 665, 666, 670, 677, 680, 684, 687, 688, 693, 703, 718, 719, 721, 739, 748, 751, 759, 769, 775, 781, 793, 794, 795, 798, 821, 834, 836, 837, 847, 849, 854, 867, 877, 887]

