[86, 90, 131, 135, 202, 217, 312, 359, 368, 426, 430, 575, 606, 643, 699, 703, 733, 769, 774, 841, 860, 881]
[29, 73, 102, 129, 160, 226, 235, 240, 243, 283, 396, 424, 437, 481, 601, 608, 639, 713, 735, 768, 809, 868]

[86, 90, 131, 135, 202, 217, 312, 359, 368, 426, 430, 575, 606, 643, 699, 703, 733, 769, 774, 841, 860, 881]
[7, 25, 29, 41, 44, 67, 72, 73, 74, 83, 93, 94, 97, 98, 99, 102, 106, 114, 121, 128, 129, 141, 145, 160, 169, 176, 179, 183, 196, 197, 201, 210, 218, 226, 235, 237, 240, 243, 252, 270, 272, 273, 283, 292, 296, 298, 316, 321, 334, 335, 349, 351, 363, 365, 377, 378, 380, 389, 391, 392, 396, 399, 416, 421, 424, 428, 431, 436, 437, 439, 440, 463, 464, 475, 481, 482, 491, 498, 501, 507, 508, 533, 538, 543, 551, 556, 582, 592, 601, 608, 619, 631, 636, 639, 649, 650, 697, 713, 735, 745, 750, 755, 762, 768, 771, 789, 804, 809, 813, 826, 828, 833, 835, 846, 848, 850, 852, 868, 869, 870, 878, 886]

[11, 57, 86, 90, 123, 131, 134, 135, 202, 217, 254, 259, 311, 312, 358, 359, 360, 368, 383, 388, 426, 430, 449, 450, 463, 542, 574, 575, 587, 606, 639, 643, 647, 651, 667, 699, 703, 713, 733, 769, 774, 784, 793, 808, 841, 859, 860, 881, 887, 888, 889]
[7, 25, 29, 41, 44, 67, 72, 73, 74, 83, 93, 94, 97, 98, 99, 102, 106, 114, 121, 128, 129, 141, 145, 160, 169, 176, 179, 183, 196, 197, 201, 210, 218, 226, 235, 237, 240, 243, 252, 270, 272, 273, 283, 292, 296, 298, 316, 321, 334, 335, 349, 351, 363, 365, 377, 378, 380, 389, 391, 392, 396, 399, 416, 421, 424, 428, 431, 436, 437, 439, 440, 463, 464, 475, 481, 482, 491, 498, 501, 507, 508, 533, 538, 543, 551, 556, 582, 592, 601, 608, 619, 631, 636, 639, 649, 650, 697, 713, 735, 745, 750, 755, 762, 768, 771, 789, 804, 809, 813, 826, 828, 833, 835, 846, 848, 850, 852, 868, 869, 870, 878, 886]

[11, 28, 57, 86, 90, 118, 123, 131, 134, 135, 196, 202, 217, 254, 259, 265, 284, 311, 312, 319, 331, 358, 359, 360, 368, 383, 388, 426, 430, 438, 449, 450, 463, 476, 479, 521, 524, 542, 574, 575, 576, 581, 587, 606, 608, 639, 642, 643, 647, 651, 662, 667, 669, 699, 703, 713, 721, 733, 735, 766, 768, 769, 774, 781, 784, 793, 800, 808, 809, 823, 841, 856, 859, 860, 881, 887, 888, 889]
[7, 25, 29, 41, 44, 67, 72, 73, 74, 83, 93, 94, 97, 98, 99, 102, 106, 114, 121, 128, 129, 141, 145, 160, 169, 176, 179, 183, 196, 197, 201, 210, 218, 226, 235, 237, 240, 243, 252, 270, 272, 273, 283, 292, 296, 298, 316, 321, 334, 335, 349, 351, 363, 365, 377, 378, 380, 389, 391, 392, 396, 399, 416, 421, 424, 428, 431, 436, 437, 439, 440, 463, 464, 475, 481, 482, 491, 498, 501, 507, 508, 533, 538, 543, 551, 556, 582, 592, 601, 608, 619, 631, 636, 639, 649, 650, 697, 713, 735, 745, 750, 755, 762, 768, 771, 789, 804, 809, 813, 826, 828, 833, 835, 846, 848, 850, 852, 868, 869, 870, 878, 886]

[11, 27, 28, 31, 57, 86, 90, 118, 123, 128, 131, 134, 135, 155, 196, 202, 217, 254, 259, 265, 284, 311, 312, 319, 331, 339, 341, 347, 358, 359, 360, 362, 368, 371, 372, 374, 381, 383, 388, 392, 426, 430, 436, 438, 449, 450, 463, 467, 475, 476, 479, 521, 524, 527, 542, 557, 574, 575, 576, 581, 587, 590, 596, 606, 608, 626, 628, 639, 642, 643, 647, 649, 651, 662, 667, 669, 699, 703, 713, 721, 733, 735, 740, 749, 756, 766, 768, 769, 774, 781, 784, 793, 796, 799, 800, 808, 809, 816, 823, 841, 856, 859, 860, 881, 887, 888, 889]
[7, 25, 29, 41, 44, 67, 72, 73, 74, 83, 93, 94, 97, 98, 99, 102, 106, 114, 121, 128, 129, 141, 145, 160, 169, 176, 179, 183, 196, 197, 201, 210, 218, 226, 235, 237, 240, 243, 252, 270, 272, 273, 283, 292, 296, 298, 316, 321, 334, 335, 349, 351, 363, 365, 377, 378, 380, 389, 391, 392, 396, 399, 416, 421, 424, 428, 431, 436, 437, 439, 440, 463, 464, 475, 481, 482, 491, 498, 501, 507, 508, 533, 538, 543, 551, 556, 582, 592, 601, 608, 619, 631, 636, 639, 649, 650, 697, 713, 735, 745, 750, 755, 762, 768, 771, 789, 804, 809, 813, 826, 828, 833, 835, 846, 848, 850, 852, 868, 869, 870, 878, 886]

[5, 11, 27, 28, 31, 42, 57, 86, 90, 106, 118, 123, 128, 131, 134, 135, 155, 158, 163, 168, 177, 194, 196, 202, 217, 221, 226, 250, 254, 259, 261, 264, 265, 268, 271, 284, 311, 312, 319, 331, 339, 341, 347, 349, 358, 359, 360, 362, 368, 371, 372, 373, 374, 381, 383, 388, 392, 426, 430, 436, 438, 449, 450, 463, 467, 468, 475, 476, 479, 480, 492, 521, 524, 527, 542, 554, 557, 574, 575, 576, 581, 585, 587, 590, 596, 606, 608, 626, 628, 639, 641, 642, 643, 647, 649, 651, 662, 667, 669, 697, 699, 702, 703, 713, 721, 733, 735, 740, 749, 756, 766, 768, 769, 774, 781, 784, 793, 796, 799, 800, 808, 809, 811, 816, 823, 841, 853, 856, 859, 860, 878, 881, 887, 888, 889]
[7, 25, 29, 41, 44, 67, 72, 73, 74, 83, 93, 94, 97, 98, 99, 102, 106, 114, 121, 128, 129, 141, 145, 160, 169, 176, 179, 183, 196, 197, 201, 210, 218, 226, 235, 237, 240, 243, 252, 270, 272, 273, 283, 292, 296, 298, 316, 321, 334, 335, 349, 351, 363, 365, 377, 378, 380, 389, 391, 392, 396, 399, 416, 421, 424, 428, 431, 436, 437, 439, 440, 463, 464, 475, 481, 482, 491, 498, 501, 507, 508, 533, 538, 543, 551, 556, 582, 592, 601, 608, 619, 631, 636, 639, 649, 650, 697, 713, 735, 745, 750, 755, 762, 768, 771, 789, 804, 809, 813, 826, 828, 833, 835, 846, 848, 850, 852, 868, 869, 870, 878, 886]

[5, 11, 27, 28, 31, 33, 38, 42, 57, 59, 68, 84, 86, 90, 106, 117, 118, 120, 123, 128, 131, 132, 134, 135, 155, 158, 163, 168, 176, 177, 194, 196, 202, 210, 217, 221, 226, 250, 254, 259, 261, 264, 265, 268, 271, 275, 284, 295, 311, 312, 319, 331, 339, 341, 347, 349, 358, 359, 360, 362, 368, 371, 372, 373, 374, 381, 383, 388, 392, 400, 426, 430, 436, 438, 449, 450, 463, 467, 468, 470, 475, 476, 479, 480, 492, 498, 521, 524, 527, 529, 542, 550, 554, 557, 574, 575, 576, 581, 585, 587, 590, 594, 596, 606, 608, 626, 628, 639, 641, 642, 643, 647, 649, 651, 660, 662, 667, 669, 674, 697, 699, 702, 703, 713, 721, 727, 733, 735, 740, 749, 750, 756, 766, 768, 769, 774, 776, 781, 784, 793, 796, 798, 799, 800, 808, 809, 811, 816, 823, 832, 841, 853, 856, 859, 860, 878, 881, 887, 888, 889]
[7, 25, 29, 41, 44, 67, 72, 73, 74, 83, 93, 94, 97, 98, 99, 102, 106, 114, 121, 128, 129, 141, 145, 160, 169, 176, 179, 183, 196, 197, 201, 210, 218, 226, 235, 237, 240, 243, 252, 270, 272, 273, 283, 292, 296, 298, 316, 321, 334, 335, 349, 351, 363, 365, 377, 378, 380, 389, 391, 392, 396, 399, 416, 421, 424, 428, 431, 436, 437, 439, 440, 463, 464, 475, 481, 482, 491, 498, 501, 507, 508, 533, 538, 543, 551, 556, 582, 592, 601, 608, 619, 631, 636, 639, 649, 650, 697, 713, 735, 745, 750, 755, 762, 768, 771, 789, 804, 809, 813, 826, 828, 833, 835, 846, 848, 850, 852, 868, 869, 870, 878, 886]

[5, 11, 27, 28, 31, 33, 38, 42, 46, 57, 59, 63, 68, 76, 84, 86, 90, 106, 117, 118, 120, 123, 128, 131, 132, 134, 135, 155, 158, 163, 164, 168, 172, 174, 176, 177, 194, 196, 202, 210, 217, 221, 224, 226, 250, 254, 259, 261, 264, 265, 266, 268, 271, 275, 284, 295, 311, 312, 319, 331, 339, 341, 347, 349, 358, 359, 360, 362, 368, 371, 372, 373, 374, 376, 381, 383, 388, 392, 393, 400, 414, 415, 422, 426, 430, 436, 438, 449, 450, 451, 462, 463, 467, 468, 470, 475, 476, 479, 480, 492, 498, 521, 524, 527, 529, 542, 550, 554, 557, 574, 575, 576, 581, 583, 585, 587, 590, 591, 594, 596, 602, 606, 608, 626, 628, 639, 641, 642, 643, 647, 649, 651, 660, 662, 667, 669, 674, 697, 699, 702, 703, 707, 713, 720, 721, 727, 733, 735, 740, 749, 750, 756, 766, 768, 769, 774, 776, 781, 784, 793, 796, 798, 799, 800, 802, 808, 809, 810, 811, 816, 822, 823, 829, 832, 841, 853, 856, 859, 860, 863, 878, 881, 887, 888, 889]
[7, 25, 29, 41, 44, 67, 72, 73, 74, 83, 93, 94, 97, 98, 99, 102, 106, 114, 121, 128, 129, 141, 145, 160, 169, 176, 179, 183, 196, 197, 201, 210, 218, 226, 235, 237, 240, 243, 252, 270, 272, 273, 283, 292, 296, 298, 316, 321, 334, 335, 349, 351, 363, 365, 377, 378, 380, 389, 391, 392, 396, 399, 416, 421, 424, 428, 431, 436, 437, 439, 440, 463, 464, 475, 481, 482, 491, 498, 501, 507, 508, 533, 538, 543, 551, 556, 582, 592, 601, 608, 619, 631, 636, 639, 649, 650, 697, 713, 735, 745, 750, 755, 762, 768, 771, 789, 804, 809, 813, 826, 828, 833, 835, 846, 848, 850, 852, 868, 869, 870, 878, 886]

[5, 11, 12, 14, 27, 28, 31, 33, 38, 42, 46, 57, 59, 63, 68, 75, 76, 77, 84, 86, 90, 92, 106, 117, 118, 120, 123, 128, 131, 132, 134, 135, 155, 158, 163, 164, 168, 172, 174, 176, 177, 194, 196, 202, 210, 217, 218, 221, 224, 226, 237, 250, 254, 259, 261, 264, 265, 266, 268, 271, 275, 284, 292, 295, 311, 312, 319, 331, 337, 339, 341, 347, 349, 358, 359, 360, 362, 364, 365, 368, 371, 372, 373, 374, 376, 381, 382, 383, 388, 392, 393, 400, 414, 415, 422, 426, 430, 436, 438, 449, 450, 451, 462, 463, 466, 467, 468, 470, 475, 476, 479, 480, 492, 498, 517, 521, 524, 527, 529, 542, 550, 554, 557, 574, 575, 576, 581, 583, 585, 587, 590, 591, 594, 596, 602, 606, 608, 626, 628, 639, 640, 641, 642, 643, 647, 648, 649, 650, 651, 660, 661, 662, 667, 669, 674, 680, 697, 699, 702, 703, 707, 713, 720, 721, 723, 727, 733, 735, 740, 749, 750, 756, 764, 766, 768, 769, 774, 776, 780, 781, 784, 786, 793, 796, 798, 799, 800, 802, 808, 809, 810, 811, 813, 814, 816, 822, 823, 829, 832, 841, 853, 856, 859, 860, 863, 878, 881, 887, 888, 889]
[7, 25, 29, 41, 44, 67, 72, 73, 74, 83, 93, 94, 97, 98, 99, 102, 106, 114, 121, 128, 129, 141, 145, 160, 169, 176, 179, 183, 196, 197, 201, 210, 218, 226, 235, 237, 240, 243, 252, 270, 272, 273, 283, 292, 296, 298, 316, 321, 334, 335, 349, 351, 363, 365, 377, 378, 380, 389, 391, 392, 396, 399, 416, 421, 424, 428, 431, 436, 437, 439, 440, 463, 464, 475, 481, 482, 491, 498, 501, 507, 508, 533, 538, 543, 551, 556, 582, 592, 601, 608, 619, 631, 636, 639, 649, 650, 697, 713, 735, 745, 750, 755, 762, 768, 771, 789, 804, 809, 813, 826, 828, 833, 835, 846, 848, 850, 852, 868, 869, 870, 878, 886]

[5, 11, 12, 14, 27, 28, 31, 33, 38, 42, 46, 53, 57, 59, 60, 63, 68, 75, 76, 77, 84, 86, 90, 92, 106, 117, 118, 120, 123, 128, 131, 132, 134, 135, 155, 158, 163, 164, 168, 171, 172, 174, 175, 176, 177, 180, 194, 196, 202, 210, 217, 218, 221, 224, 226, 237, 250, 254, 256, 259, 261, 264, 265, 266, 268, 271, 275, 284, 292, 295, 309, 311, 312, 319, 331, 337, 339, 341, 347, 349, 358, 359, 360, 361, 362, 364, 365, 368, 371, 372, 373, 374, 375, 376, 381, 382, 383, 388, 392, 393, 399, 400, 407, 408, 414, 415, 422, 426, 430, 436, 438, 443, 449, 450, 451, 462, 463, 466, 467, 468, 470, 473, 475, 476, 479, 480, 492, 498, 517, 521, 524, 526, 527, 529, 542, 550, 553, 554, 557, 558, 574, 575, 576, 581, 583, 585, 587, 590, 591, 593, 594, 596, 602, 604, 606, 608, 609, 612, 620, 626, 628, 639, 640, 641, 642, 643, 647, 648, 649, 650, 651, 660, 661, 662, 667, 669, 674, 680, 697, 699, 702, 703, 707, 713, 717, 720, 721, 723, 727, 733, 735, 740, 749, 750, 756, 764, 766, 768, 769, 774, 776, 780, 781, 783, 784, 786, 793, 796, 798, 799, 800, 802, 808, 809, 810, 811, 813, 814, 816, 822, 823, 829, 832, 841, 842, 853, 856, 859, 860, 863, 878, 881, 887, 888, 889]
[7, 25, 29, 41, 44, 67, 72, 73, 74, 83, 93, 94, 97, 98, 99, 102, 106, 114, 121, 128, 129, 141, 145, 160, 169, 176, 179, 183, 196, 197, 201, 210, 218, 226, 235, 237, 240, 243, 252, 270, 272, 273, 283, 292, 296, 298, 316, 321, 334, 335, 349, 351, 363, 365, 377, 378, 380, 389, 391, 392, 396, 399, 416, 421, 424, 428, 431, 436, 437, 439, 440, 463, 464, 475, 481, 482, 491, 498, 501, 507, 508, 533, 538, 543, 551, 556, 582, 592, 601, 608, 619, 631, 636, 639, 649, 650, 697, 713, 735, 745, 750, 755, 762, 768, 771, 789, 804, 809, 813, 826, 828, 833, 835, 846, 848, 850, 852, 868, 869, 870, 878, 886]

[5, 11, 12, 14, 22, 26, 27, 28, 31, 33, 38, 42, 46, 53, 57, 59, 60, 63, 68, 75, 76, 77, 84, 86, 90, 92, 106, 113, 117, 118, 120, 123, 128, 131, 132, 134, 135, 155, 158, 163, 164, 168, 171, 172, 174, 175, 176, 177, 180, 194, 196, 202, 210, 214, 217, 218, 221, 224, 226, 237, 250, 254, 256, 259, 261, 264, 265, 266, 268, 271, 272, 275, 276, 284, 292, 295, 306, 309, 311, 312, 319, 323, 331, 337, 339, 341, 347, 349, 358, 359, 360, 361, 362, 364, 365, 367, 368, 370, 371, 372, 373, 374, 375, 376, 381, 382, 383, 388, 392, 393, 399, 400, 407, 408, 414, 415, 421, 422, 424, 425, 426, 430, 436, 437, 438, 442, 443, 449, 450, 451, 462, 463, 466, 467, 468, 470, 473, 475, 476, 479, 480, 491, 492, 498, 513, 517, 521, 524, 526, 527, 529, 542, 550, 551, 553, 554, 557, 558, 571, 574, 575, 576, 581, 583, 585, 587, 590, 591, 593, 594, 596, 602, 604, 606, 608, 609, 612, 618, 620, 626, 628, 639, 640, 641, 642, 643, 647, 648, 649, 650, 651, 660, 661, 662, 667, 669, 670, 674, 680, 695, 697, 699, 702, 703, 707, 713, 717, 720, 721, 723, 727, 733, 734, 735, 740, 749, 750, 756, 764, 766, 768, 769, 774, 776, 780, 781, 783, 784, 786, 787, 793, 796, 798, 799, 800, 802, 808, 809, 810, 811, 813, 814, 816, 822, 823, 829, 832, 841, 842, 853, 856, 859, 860, 863, 878, 880, 881, 887, 888, 889]
[7, 25, 29, 41, 44, 67, 72, 73, 74, 83, 93, 94, 97, 98, 99, 102, 106, 114, 121, 128, 129, 141, 145, 160, 169, 176, 179, 183, 196, 197, 201, 210, 218, 226, 235, 237, 240, 243, 252, 270, 272, 273, 283, 292, 296, 298, 316, 321, 334, 335, 349, 351, 363, 365, 377, 378, 380, 389, 391, 392, 396, 399, 416, 421, 424, 428, 431, 436, 437, 439, 440, 463, 464, 475, 481, 482, 491, 498, 501, 507, 508, 533, 538, 543, 551, 556, 582, 592, 601, 608, 619, 631, 636, 639, 649, 650, 697, 713, 735, 745, 750, 755, 762, 768, 771, 789, 804, 809, 813, 826, 828, 833, 835, 846, 848, 850, 852, 868, 869, 870, 878, 886]

[5, 11, 12, 14, 16, 18, 22, 26, 27, 28, 31, 33, 38, 42, 46, 53, 57, 59, 60, 63, 68, 75, 76, 77, 84, 86, 90, 92, 98, 106, 113, 117, 118, 120, 123, 128, 131, 132, 133, 134, 135, 137, 155, 158, 161, 163, 164, 168, 171, 172, 174, 175, 176, 177, 180, 185, 194, 196, 202, 210, 214, 217, 218, 221, 224, 226, 230, 237, 250, 254, 256, 259, 261, 264, 265, 266, 267, 268, 271, 272, 275, 276, 281, 284, 292, 295, 306, 309, 311, 312, 319, 323, 331, 337, 339, 341, 347, 349, 351, 358, 359, 360, 361, 362, 364, 365, 367, 368, 370, 371, 372, 373, 374, 375, 376, 381, 382, 383, 388, 392, 393, 399, 400, 407, 408, 414, 415, 418, 421, 422, 424, 425, 426, 430, 436, 437, 438, 442, 443, 449, 450, 451, 462, 463, 466, 467, 468, 470, 473, 475, 476, 479, 480, 491, 492, 498, 503, 513, 517, 521, 524, 526, 527, 529, 542, 550, 551, 553, 554, 557, 558, 565, 571, 574, 575, 576, 581, 583, 585, 587, 590, 591, 593, 594, 596, 602, 604, 606, 608, 609, 612, 618, 620, 626, 628, 639, 640, 641, 642, 643, 647, 648, 649, 650, 651, 660, 661, 662, 667, 669, 670, 674, 676, 680, 689, 695, 697, 699, 702, 703, 707, 713, 717, 720, 721, 723, 727, 733, 734, 735, 740, 749, 750, 753, 756, 760, 764, 766, 768, 769, 770, 773, 774, 775, 776, 780, 781, 783, 784, 786, 787, 793, 796, 798, 799, 800, 802, 803, 808, 809, 810, 811, 813, 814, 816, 821, 822, 823, 829, 832, 841, 842, 853, 856, 859, 860, 863, 874, 875, 878, 880, 881, 887, 888, 889]
[7, 25, 29, 41, 44, 67, 72, 73, 74, 83, 93, 94, 97, 98, 99, 102, 106, 114, 121, 128, 129, 141, 145, 160, 169, 176, 179, 183, 196, 197, 201, 210, 218, 226, 235, 237, 240, 243, 252, 270, 272, 273, 283, 292, 296, 298, 316, 321, 334, 335, 349, 351, 363, 365, 377, 378, 380, 389, 391, 392, 396, 399, 416, 421, 424, 428, 431, 436, 437, 439, 440, 463, 464, 475, 481, 482, 491, 498, 501, 507, 508, 533, 538, 543, 551, 556, 582, 592, 601, 608, 619, 631, 636, 639, 649, 650, 697, 713, 735, 745, 750, 755, 762, 768, 771, 789, 804, 809, 813, 826, 828, 833, 835, 846, 848, 850, 852, 868, 869, 870, 878, 886]

[5, 11, 12, 14, 16, 18, 22, 26, 27, 28, 30, 31, 33, 38, 42, 46, 53, 57, 59, 60, 63, 68, 75, 76, 77, 84, 86, 90, 92, 98, 106, 113, 117, 118, 120, 123, 128, 131, 132, 133, 134, 135, 137, 142, 155, 158, 161, 163, 164, 167, 168, 171, 172, 174, 175, 176, 177, 180, 182, 185, 194, 196, 202, 210, 214, 216, 217, 218, 221, 224, 226, 230, 237, 242, 250, 254, 256, 259, 261, 264, 265, 266, 267, 268, 271, 272, 275, 276, 280, 281, 284, 292, 295, 306, 309, 311, 312, 317, 319, 323, 331, 337, 339, 341, 345, 347, 349, 351, 358, 359, 360, 361, 362, 364, 365, 367, 368, 370, 371, 372, 373, 374, 375, 376, 381, 382, 383, 388, 390, 392, 393, 399, 400, 403, 407, 408, 414, 415, 418, 421, 422, 424, 425, 426, 429, 430, 436, 437, 438, 442, 443, 449, 450, 451, 457, 462, 463, 466, 467, 468, 470, 473, 475, 476, 479, 480, 489, 491, 492, 498, 501, 503, 513, 517, 521, 524, 526, 527, 529, 542, 550, 551, 553, 554, 557, 558, 565, 571, 574, 575, 576, 581, 583, 585, 587, 590, 591, 593, 594, 596, 602, 604, 606, 608, 609, 612, 618, 620, 626, 628, 635, 638, 639, 640, 641, 642, 643, 647, 648, 649, 650, 651, 660, 661, 662, 667, 669, 670, 674, 676, 680, 685, 689, 695, 697, 698, 699, 702, 703, 707, 713, 717, 720, 721, 723, 727, 733, 734, 735, 740, 744, 749, 750, 753, 756, 760, 764, 766, 768, 769, 770, 773, 774, 775, 776, 780, 781, 783, 784, 786, 787, 793, 796, 798, 799, 800, 802, 803, 808, 809, 810, 811, 812, 813, 814, 816, 821, 822, 823, 829, 832, 841, 842, 853, 855, 856, 858, 859, 860, 861, 863, 867, 874, 875, 878, 880, 881, 887, 888, 889]
[7, 25, 29, 41, 44, 67, 72, 73, 74, 83, 93, 94, 97, 98, 99, 102, 106, 114, 121, 128, 129, 141, 145, 160, 169, 176, 179, 183, 196, 197, 201, 210, 218, 226, 235, 237, 240, 243, 252, 270, 272, 273, 283, 292, 296, 298, 316, 321, 334, 335, 349, 351, 363, 365, 377, 378, 380, 389, 391, 392, 396, 399, 416, 421, 424, 428, 431, 436, 437, 439, 440, 463, 464, 475, 481, 482, 491, 498, 501, 507, 508, 533, 538, 543, 551, 556, 582, 592, 601, 608, 619, 631, 636, 639, 649, 650, 697, 713, 735, 745, 750, 755, 762, 768, 771, 789, 804, 809, 813, 826, 828, 833, 835, 846, 848, 850, 852, 868, 869, 870, 878, 886]

[5, 11, 12, 14, 16, 18, 22, 26, 27, 28, 30, 31, 33, 38, 41, 42, 45, 46, 52, 53, 57, 59, 60, 63, 68, 75, 76, 77, 84, 86, 90, 92, 98, 106, 113, 117, 118, 120, 122, 123, 128, 131, 132, 133, 134, 135, 137, 142, 152, 155, 156, 158, 161, 163, 164, 167, 168, 171, 172, 174, 175, 176, 177, 180, 182, 185, 187, 194, 196, 202, 210, 214, 216, 217, 218, 221, 224, 226, 230, 237, 242, 250, 254, 256, 259, 261, 264, 265, 266, 267, 268, 271, 272, 275, 276, 280, 281, 284, 292, 295, 305, 306, 309, 311, 312, 317, 319, 323, 325, 331, 337, 339, 341, 345, 347, 349, 351, 358, 359, 360, 361, 362, 364, 365, 367, 368, 370, 371, 372, 373, 374, 375, 376, 381, 382, 383, 388, 390, 392, 393, 396, 399, 400, 403, 407, 408, 414, 415, 418, 421, 422, 424, 425, 426, 429, 430, 436, 437, 438, 442, 443, 445, 446, 449, 450, 451, 457, 462, 463, 466, 467, 468, 470, 473, 475, 476, 479, 480, 489, 491, 492, 498, 501, 503, 506, 513, 517, 520, 521, 524, 526, 527, 528, 529, 542, 550, 551, 553, 554, 557, 558, 561, 565, 571, 574, 575, 576, 581, 583, 585, 587, 590, 591, 593, 594, 596, 602, 604, 606, 608, 609, 612, 618, 620, 626, 628, 632, 635, 638, 639, 640, 641, 642, 643, 647, 648, 649, 650, 651, 660, 661, 662, 667, 669, 670, 674, 676, 680, 685, 689, 695, 697, 698, 699, 702, 703, 707, 713, 717, 720, 721, 723, 724, 727, 733, 734, 735, 740, 744, 749, 750, 753, 756, 757, 760, 763, 764, 766, 768, 769, 770, 773, 774, 775, 776, 780, 781, 783, 784, 786, 787, 793, 796, 798, 799, 800, 802, 803, 808, 809, 810, 811, 812, 813, 814, 816, 821, 822, 823, 826, 829, 831, 832, 838, 841, 842, 850, 853, 855, 856, 858, 859, 860, 861, 863, 867, 874, 875, 877, 878, 880, 881, 887, 888, 889]
[7, 25, 29, 41, 44, 67, 72, 73, 74, 83, 93, 94, 97, 98, 99, 102, 106, 114, 121, 128, 129, 141, 145, 160, 169, 176, 179, 183, 196, 197, 201, 210, 218, 226, 235, 237, 240, 243, 252, 270, 272, 273, 283, 292, 296, 298, 316, 321, 334, 335, 349, 351, 363, 365, 377, 378, 380, 389, 391, 392, 396, 399, 416, 421, 424, 428, 431, 436, 437, 439, 440, 463, 464, 475, 481, 482, 491, 498, 501, 507, 508, 533, 538, 543, 551, 556, 582, 592, 601, 608, 619, 631, 636, 639, 649, 650, 697, 713, 735, 745, 750, 755, 762, 768, 771, 789, 804, 809, 813, 826, 828, 833, 835, 846, 848, 850, 852, 868, 869, 870, 878, 886]

[5, 11, 12, 14, 16, 18, 22, 26, 27, 28, 29, 30, 31, 33, 38, 41, 42, 45, 46, 52, 53, 57, 59, 60, 63, 68, 75, 76, 77, 84, 86, 90, 91, 92, 98, 106, 113, 117, 118, 120, 122, 123, 128, 131, 132, 133, 134, 135, 137, 142, 152, 154, 155, 156, 158, 160, 161, 163, 164, 167, 168, 171, 172, 174, 175, 176, 177, 180, 182, 185, 187, 194, 196, 202, 207, 210, 213, 214, 216, 217, 218, 221, 224, 226, 230, 237, 240, 242, 244, 245, 250, 254, 256, 259, 261, 264, 265, 266, 267, 268, 271, 272, 275, 276, 280, 281, 284, 292, 295, 305, 306, 309, 310, 311, 312, 317, 319, 323, 325, 331, 337, 339, 341, 345, 346, 347, 348, 349, 351, 358, 359, 360, 361, 362, 364, 365, 367, 368, 370, 371, 372, 373, 374, 375, 376, 381, 382, 383, 388, 390, 392, 393, 395, 396, 399, 400, 403, 406, 407, 408, 414, 415, 418, 421, 422, 424, 425, 426, 429, 430, 434, 435, 436, 437, 438, 442, 443, 445, 446, 449, 450, 451, 457, 462, 463, 466, 467, 468, 470, 473, 475, 476, 479, 480, 489, 491, 492, 498, 499, 501, 503, 506, 512, 513, 517, 520, 521, 524, 526, 527, 528, 529, 542, 550, 551, 553, 554, 555, 557, 558, 561, 565, 571, 574, 575, 576, 581, 583, 585, 587, 590, 591, 592, 593, 594, 596, 602, 604, 606, 608, 609, 612, 618, 620, 626, 628, 632, 633, 635, 638, 639, 640, 641, 642, 643, 647, 648, 649, 650, 651, 660, 661, 662, 667, 669, 670, 674, 676, 680, 685, 689, 695, 697, 698, 699, 702, 703, 705, 707, 710, 713, 717, 720, 721, 723, 724, 727, 733, 734, 735, 739, 740, 741, 744, 749, 750, 753, 756, 757, 760, 763, 764, 766, 768, 769, 770, 773, 774, 775, 776, 780, 781, 783, 784, 786, 787, 793, 796, 798, 799, 800, 802, 803, 808, 809, 810, 811, 812, 813, 814, 816, 821, 822, 823, 826, 829, 831, 832, 838, 841, 842, 850, 853, 855, 856, 858, 859, 860, 861, 863, 867, 874, 875, 877, 878, 880, 881, 887, 888, 889]
[7, 25, 29, 41, 44, 67, 72, 73, 74, 83, 93, 94, 97, 98, 99, 102, 106, 114, 121, 128, 129, 141, 145, 160, 169, 176, 179, 183, 196, 197, 201, 210, 218, 226, 235, 237, 240, 243, 252, 270, 272, 273, 283, 292, 296, 298, 316, 321, 334, 335, 349, 351, 363, 365, 377, 378, 380, 389, 391, 392, 396, 399, 416, 421, 424, 428, 431, 436, 437, 439, 440, 463, 464, 475, 481, 482, 491, 498, 501, 507, 508, 533, 538, 543, 551, 556, 582, 592, 601, 608, 619, 631, 636, 639, 649, 650, 697, 713, 735, 745, 750, 755, 762, 768, 771, 789, 804, 809, 813, 826, 828, 833, 835, 846, 848, 850, 852, 868, 869, 870, 878, 886]

[5, 11, 12, 14, 16, 17, 18, 21, 22, 26, 27, 28, 29, 30, 31, 33, 38, 41, 42, 45, 46, 52, 53, 55, 57, 59, 60, 63, 68, 75, 76, 77, 84, 86, 90, 91, 92, 98, 106, 113, 116, 117, 118, 120, 122, 123, 128, 131, 132, 133, 134, 135, 137, 142, 152, 154, 155, 156, 158, 159, 160, 161, 163, 164, 167, 168, 171, 172, 174, 175, 176, 177, 180, 182, 183, 185, 187, 192, 194, 196, 202, 207, 210, 213, 214, 216, 217, 218, 221, 224, 226, 230, 237, 240, 242, 244, 245, 250, 254, 255, 256, 259, 261, 264, 265, 266, 267, 268, 271, 272, 275, 276, 280, 281, 284, 292, 295, 304, 305, 306, 309, 310, 311, 312, 317, 319, 323, 325, 331, 337, 339, 341, 345, 346, 347, 348, 349, 351, 358, 359, 360, 361, 362, 364, 365, 367, 368, 370, 371, 372, 373, 374, 375, 376, 381, 382, 383, 388, 390, 392, 393, 395, 396, 399, 400, 403, 406, 407, 408, 414, 415, 418, 421, 422, 424, 425, 426, 429, 430, 434, 435, 436, 437, 438, 439, 442, 443, 445, 446, 449, 450, 451, 457, 462, 463, 466, 467, 468, 470, 473, 475, 476, 479, 480, 484, 488, 489, 491, 492, 498, 499, 501, 503, 506, 509, 512, 513, 514, 517, 520, 521, 524, 526, 527, 528, 529, 542, 550, 551, 553, 554, 555, 557, 558, 561, 565, 571, 574, 575, 576, 581, 583, 585, 587, 590, 591, 592, 593, 594, 596, 602, 604, 606, 608, 609, 612, 618, 619, 620, 626, 628, 632, 633, 635, 638, 639, 640, 641, 642, 643, 644, 647, 648, 649, 650, 651, 660, 661, 662, 666, 667, 669, 670, 672, 674, 676, 680, 685, 689, 690, 695, 697, 698, 699, 702, 703, 705, 706, 707, 710, 713, 717, 720, 721, 723, 724, 727, 733, 734, 735, 739, 740, 741, 744, 749, 750, 752, 753, 756, 757, 760, 763, 764, 766, 768, 769, 770, 773, 774, 775, 776, 780, 781, 782, 783, 784, 786, 787, 793, 796, 798, 799, 800, 802, 803, 808, 809, 810, 811, 812, 813, 814, 816, 821, 822, 823, 826, 827, 829, 831, 832, 834, 838, 841, 842, 850, 853, 854, 855, 856, 858, 859, 860, 861, 863, 867, 874, 875, 877, 878, 880, 881, 887, 888, 889]
[7, 25, 29, 41, 44, 67, 72, 73, 74, 83, 93, 94, 97, 98, 99, 102, 106, 114, 121, 128, 129, 141, 145, 160, 169, 176, 179, 183, 196, 197, 201, 210, 218, 226, 235, 237, 240, 243, 252, 270, 272, 273, 283, 292, 296, 298, 316, 321, 334, 335, 349, 351, 363, 365, 377, 378, 380, 389, 391, 392, 396, 399, 416, 421, 424, 428, 431, 436, 437, 439, 440, 463, 464, 475, 481, 482, 491, 498, 501, 507, 508, 533, 538, 543, 551, 556, 582, 592, 601, 608, 619, 631, 636, 639, 649, 650, 697, 713, 735, 745, 750, 755, 762, 768, 771, 789, 804, 809, 813, 826, 828, 833, 835, 846, 848, 850, 852, 868, 869, 870, 878, 886]

[5, 11, 12, 14, 16, 17, 18, 21, 22, 23, 26, 27, 28, 29, 30, 31, 33, 36, 38, 41, 42, 45, 46, 52, 53, 55, 57, 59, 60, 63, 68, 75, 76, 77, 84, 86, 90, 91, 92, 98, 103, 106, 113, 116, 117, 118, 120, 122, 123, 128, 131, 132, 133, 134, 135, 137, 142, 152, 154, 155, 156, 158, 159, 160, 161, 163, 164, 166, 167, 168, 171, 172, 174, 175, 176, 177, 180, 182, 183, 185, 187, 192, 194, 196, 202, 207, 210, 213, 214, 215, 216, 217, 218, 221, 224, 226, 230, 231, 237, 240, 242, 244, 245, 250, 254, 255, 256, 259, 261, 264, 265, 266, 267, 268, 271, 272, 273, 274, 275, 276, 280, 281, 284, 292, 295, 304, 305, 306, 309, 310, 311, 312, 317, 319, 323, 325, 328, 331, 337, 339, 341, 345, 346, 347, 348, 349, 351, 358, 359, 360, 361, 362, 364, 365, 367, 368, 370, 371, 372, 373, 374, 375, 376, 378, 381, 382, 383, 388, 390, 392, 393, 395, 396, 399, 400, 403, 406, 407, 408, 414, 415, 418, 419, 420, 421, 422, 424, 425, 426, 429, 430, 433, 434, 435, 436, 437, 438, 439, 442, 443, 445, 446, 449, 450, 451, 457, 462, 463, 466, 467, 468, 470, 471, 473, 475, 476, 479, 480, 483, 484, 488, 489, 491, 492, 498, 499, 501, 503, 506, 509, 512, 513, 514, 517, 520, 521, 524, 526, 527, 528, 529, 542, 543, 550, 551, 553, 554, 555, 557, 558, 561, 565, 571, 573, 574, 575, 576, 581, 583, 585, 587, 590, 591, 592, 593, 594, 596, 602, 604, 606, 608, 609, 612, 618, 619, 620, 623, 626, 628, 632, 633, 635, 638, 639, 640, 641, 642, 643, 644, 647, 648, 649, 650, 651, 653, 660, 661, 662, 666, 667, 669, 670, 672, 674, 676, 677, 680, 685, 689, 690, 695, 697, 698, 699, 702, 703, 705, 706, 707, 710, 713, 717, 720, 721, 723, 724, 727, 733, 734, 735, 739, 740, 741, 744, 745, 749, 750, 752, 753, 756, 757, 760, 763, 764, 766, 768, 769, 770, 773, 774, 775, 776, 780, 781, 782, 783, 784, 786, 787, 793, 796, 798, 799, 800, 802, 803, 808, 809, 810, 811, 812, 813, 814, 816, 821, 822, 823, 826, 827, 829, 831, 832, 834, 835, 838, 841, 842, 850, 853, 854, 855, 856, 858, 859, 860, 861, 862, 863, 867, 872, 874, 875, 877, 878, 880, 881, 882, 887, 888, 889]
[7, 25, 29, 41, 44, 67, 72, 73, 74, 83, 93, 94, 97, 98, 99, 102, 106, 114, 121, 128, 129, 141, 145, 160, 169, 176, 179, 183, 196, 197, 201, 210, 218, 226, 235, 237, 240, 243, 252, 270, 272, 273, 283, 292, 296, 298, 316, 321, 334, 335, 349, 351, 363, 365, 377, 378, 380, 389, 391, 392, 396, 399, 416, 421, 424, 428, 431, 436, 437, 439, 440, 463, 464, 475, 481, 482, 491, 498, 501, 507, 508, 533, 538, 543, 551, 556, 582, 592, 601, 608, 619, 631, 636, 639, 649, 650, 697, 713, 735, 745, 750, 755, 762, 768, 771, 789, 804, 809, 813, 826, 828, 833, 835, 846, 848, 850, 852, 868, 869, 870, 878, 886]

[5, 11, 12, 14, 16, 17, 18, 21, 22, 23, 26, 27, 28, 29, 30, 31, 33, 36, 38, 41, 42, 45, 46, 52, 53, 55, 57, 59, 60, 63, 68, 70, 75, 76, 77, 83, 84, 86, 90, 91, 92, 98, 100, 103, 106, 113, 116, 117, 118, 120, 122, 123, 128, 130, 131, 132, 133, 134, 135, 137, 142, 152, 154, 155, 156, 158, 159, 160, 161, 163, 164, 166, 167, 168, 171, 172, 174, 175, 176, 177, 180, 182, 183, 185, 186, 187, 192, 194, 196, 202, 207, 210, 213, 214, 215, 216, 217, 218, 221, 224, 226, 230, 231, 237, 240, 242, 243, 244, 245, 250, 253, 254, 255, 256, 259, 261, 264, 265, 266, 267, 268, 271, 272, 273, 274, 275, 276, 280, 281, 284, 286, 292, 295, 304, 305, 306, 309, 310, 311, 312, 317, 319, 323, 325, 328, 331, 337, 339, 341, 345, 346, 347, 348, 349, 351, 353, 358, 359, 360, 361, 362, 364, 365, 367, 368, 370, 371, 372, 373, 374, 375, 376, 378, 381, 382, 383, 386, 388, 390, 392, 393, 395, 396, 399, 400, 403, 406, 407, 408, 410, 414, 415, 418, 419, 420, 421, 422, 424, 425, 426, 429, 430, 433, 434, 435, 436, 437, 438, 439, 442, 443, 445, 446, 449, 450, 451, 457, 462, 463, 466, 467, 468, 470, 471, 473, 475, 476, 479, 480, 483, 484, 488, 489, 490, 491, 492, 498, 499, 501, 503, 506, 509, 512, 513, 514, 517, 520, 521, 524, 526, 527, 528, 529, 538, 542, 543, 550, 551, 553, 554, 555, 557, 558, 561, 565, 569, 571, 573, 574, 575, 576, 581, 583, 585, 587, 590, 591, 592, 593, 594, 596, 598, 602, 604, 606, 608, 609, 612, 613, 614, 618, 619, 620, 621, 623, 626, 628, 632, 633, 635, 636, 638, 639, 640, 641, 642, 643, 644, 647, 648, 649, 650, 651, 653, 660, 661, 662, 666, 667, 669, 670, 672, 674, 676, 677, 680, 685, 689, 690, 695, 697, 698, 699, 702, 703, 705, 706, 707, 710, 713, 714, 717, 720, 721, 723, 724, 727, 733, 734, 735, 739, 740, 741, 744, 745, 749, 750, 752, 753, 756, 757, 760, 763, 764, 766, 768, 769, 770, 773, 774, 775, 776, 780, 781, 782, 783, 784, 786, 787, 793, 796, 798, 799, 800, 802, 803, 807, 808, 809, 810, 811, 812, 813, 814, 815, 816, 821, 822, 823, 824, 826, 827, 829, 831, 832, 834, 835, 838, 841, 842, 850, 853, 854, 855, 856, 857, 858, 859, 860, 861, 862, 863, 867, 869, 872, 874, 875, 877, 878, 880, 881, 882, 887, 888, 889]
[7, 25, 29, 41, 44, 67, 72, 73, 74, 83, 93, 94, 97, 98, 99, 102, 106, 114, 121, 128, 129, 141, 145, 160, 169, 176, 179, 183, 196, 197, 201, 210, 218, 226, 235, 237, 240, 243, 252, 270, 272, 273, 283, 292, 296, 298, 316, 321, 334, 335, 349, 351, 363, 365, 377, 378, 380, 389, 391, 392, 396, 399, 416, 421, 424, 428, 431, 436, 437, 439, 440, 463, 464, 475, 481, 482, 491, 498, 501, 507, 508, 533, 538, 543, 551, 556, 582, 592, 601, 608, 619, 631, 636, 639, 649, 650, 697, 713, 735, 745, 750, 755, 762, 768, 771, 789, 804, 809, 813, 826, 828, 833, 835, 846, 848, 850, 852, 868, 869, 870, 878, 886]

[5, 6, 11, 12, 14, 16, 17, 18, 21, 22, 23, 26, 27, 28, 29, 30, 31, 33, 36, 38, 41, 42, 43, 45, 46, 50, 52, 53, 55, 57, 59, 60, 63, 68, 70, 75, 76, 77, 79, 83, 84, 85, 86, 90, 91, 92, 93, 98, 100, 103, 106, 113, 116, 117, 118, 120, 122, 123, 128, 130, 131, 132, 133, 134, 135, 137, 142, 144, 152, 154, 155, 156, 158, 159, 160, 161, 163, 164, 166, 167, 168, 171, 172, 174, 175, 176, 177, 180, 182, 183, 185, 186, 187, 192, 194, 196, 199, 202, 207, 210, 211, 213, 214, 215, 216, 217, 218, 220, 221, 224, 225, 226, 228, 230, 231, 235, 237, 240, 242, 243, 244, 245, 250, 253, 254, 255, 256, 259, 261, 264, 265, 266, 267, 268, 271, 272, 273, 274, 275, 276, 280, 281, 284, 286, 292, 295, 297, 304, 305, 306, 309, 310, 311, 312, 317, 319, 323, 324, 325, 328, 331, 337, 338, 339, 341, 345, 346, 347, 348, 349, 351, 353, 358, 359, 360, 361, 362, 364, 365, 367, 368, 370, 371, 372, 373, 374, 375, 376, 378, 381, 382, 383, 386, 388, 390, 392, 393, 395, 396, 398, 399, 400, 403, 406, 407, 408, 410, 414, 415, 418, 419, 420, 421, 422, 424, 425, 426, 429, 430, 433, 434, 435, 436, 437, 438, 439, 442, 443, 445, 446, 449, 450, 451, 454, 457, 462, 463, 466, 467, 468, 470, 471, 473, 475, 476, 479, 480, 483, 484, 488, 489, 490, 491, 492, 498, 499, 501, 503, 506, 509, 512, 513, 514, 517, 520, 521, 524, 526, 527, 528, 529, 535, 538, 542, 543, 549, 550, 551, 553, 554, 555, 557, 558, 561, 565, 569, 571, 573, 574, 575, 576, 581, 583, 585, 587, 590, 591, 592, 593, 594, 596, 598, 602, 604, 606, 608, 609, 612, 613, 614, 618, 619, 620, 621, 623, 626, 628, 632, 633, 634, 635, 636, 638, 639, 640, 641, 642, 643, 644, 647, 648, 649, 650, 651, 653, 660, 661, 662, 666, 667, 669, 670, 672, 674, 676, 677, 680, 685, 689, 690, 695, 697, 698, 699, 702, 703, 705, 706, 707, 710, 712, 713, 714, 717, 720, 721, 722, 723, 724, 727, 733, 734, 735, 739, 740, 741, 744, 745, 749, 750, 752, 753, 756, 757, 760, 763, 764, 766, 768, 769, 770, 773, 774, 775, 776, 780, 781, 782, 783, 784, 786, 787, 793, 796, 798, 799, 800, 802, 803, 807, 808, 809, 810, 811, 812, 813, 814, 815, 816, 821, 822, 823, 824, 826, 827, 829, 831, 832, 834, 835, 838, 841, 842, 847, 849, 850, 853, 854, 855, 856, 857, 858, 859, 860, 861, 862, 863, 867, 869, 872, 874, 875, 877, 878, 880, 881, 882, 887, 888, 889]
[7, 25, 29, 41, 44, 67, 72, 73, 74, 83, 93, 94, 97, 98, 99, 102, 106, 114, 121, 128, 129, 141, 145, 160, 169, 176, 179, 183, 196, 197, 201, 210, 218, 226, 235, 237, 240, 243, 252, 270, 272, 273, 283, 292, 296, 298, 316, 321, 334, 335, 349, 351, 363, 365, 377, 378, 380, 389, 391, 392, 396, 399, 416, 421, 424, 428, 431, 436, 437, 439, 440, 463, 464, 475, 481, 482, 491, 498, 501, 507, 508, 533, 538, 543, 551, 556, 582, 592, 601, 608, 619, 631, 636, 639, 649, 650, 697, 713, 735, 745, 750, 755, 762, 768, 771, 789, 804, 809, 813, 826, 828, 833, 835, 846, 848, 850, 852, 868, 869, 870, 878, 886]

[3, 5, 6, 11, 12, 14, 16, 17, 18, 21, 22, 23, 26, 27, 28, 29, 30, 31, 33, 36, 38, 41, 42, 43, 45, 46, 50, 51, 52, 53, 55, 56, 57, 59, 60, 63, 67, 68, 70, 75, 76, 77, 79, 83, 84, 85, 86, 90, 91, 92, 93, 98, 100, 103, 104, 106, 113, 116, 117, 118, 120, 122, 123, 128, 130, 131, 132, 133, 134, 135, 137, 142, 144, 147, 152, 154, 155, 156, 158, 159, 160, 161, 163, 164, 166, 167, 168, 171, 172, 174, 175, 176, 177, 180, 182, 183, 185, 186, 187, 192, 194, 196, 199, 202, 203, 207, 210, 211, 213, 214, 215, 216, 217, 218, 220, 221, 224, 225, 226, 228, 230, 231, 235, 237, 240, 242, 243, 244, 245, 249, 250, 253, 254, 255, 256, 259, 260, 261, 264, 265, 266, 267, 268, 269, 271, 272, 273, 274, 275, 276, 280, 281, 284, 286, 292, 295, 297, 300, 304, 305, 306, 307, 309, 310, 311, 312, 317, 319, 323, 324, 325, 328, 331, 337, 338, 339, 341, 345, 346, 347, 348, 349, 351, 353, 358, 359, 360, 361, 362, 364, 365, 367, 368, 370, 371, 372, 373, 374, 375, 376, 378, 381, 382, 383, 386, 388, 390, 392, 393, 395, 396, 398, 399, 400, 401, 403, 404, 406, 407, 408, 410, 414, 415, 418, 419, 420, 421, 422, 424, 425, 426, 429, 430, 433, 434, 435, 436, 437, 438, 439, 442, 443, 445, 446, 449, 450, 451, 454, 456, 457, 462, 463, 466, 467, 468, 470, 471, 473, 475, 476, 477, 479, 480, 482, 483, 484, 488, 489, 490, 491, 492, 493, 498, 499, 501, 503, 506, 509, 512, 513, 514, 517, 519, 520, 521, 524, 526, 527, 528, 529, 535, 538, 542, 543, 546, 549, 550, 551, 553, 554, 555, 557, 558, 561, 565, 569, 571, 573, 574, 575, 576, 581, 583, 585, 587, 590, 591, 592, 593, 594, 596, 598, 602, 604, 606, 608, 609, 612, 613, 614, 618, 619, 620, 621, 622, 623, 626, 628, 632, 633, 634, 635, 636, 637, 638, 639, 640, 641, 642, 643, 644, 647, 648, 649, 650, 651, 653, 660, 661, 662, 666, 667, 669, 670, 672, 674, 676, 677, 680, 683, 685, 689, 690, 695, 697, 698, 699, 702, 703, 705, 706, 707, 710, 712, 713, 714, 717, 720, 721, 722, 723, 724, 727, 733, 734, 735, 739, 740, 741, 744, 745, 748, 749, 750, 752, 753, 756, 757, 760, 763, 764, 766, 768, 769, 770, 773, 774, 775, 776, 780, 781, 782, 783, 784, 786, 787, 793, 796, 798, 799, 800, 802, 803, 807, 808, 809, 810, 811, 812, 813, 814, 815, 816, 821, 822, 823, 824, 826, 827, 829, 831, 832, 834, 835, 838, 841, 842, 847, 849, 850, 853, 854, 855, 856, 857, 858, 859, 860, 861, 862, 863, 867, 869, 872, 874, 875, 877, 878, 880, 881, 882, 884, 887, 888, 889]
[7, 25, 29, 41, 44, 67, 72, 73, 74, 83, 93, 94, 97, 98, 99, 102, 106, 114, 121, 128, 129, 141, 145, 160, 169, 176, 179, 183, 196, 197, 201, 210, 218, 226, 235, 237, 240, 243, 252, 270, 272, 273, 283, 292, 296, 298, 316, 321, 334, 335, 349, 351, 363, 365, 377, 378, 380, 389, 391, 392, 396, 399, 416, 421, 424, 428, 431, 436, 437, 439, 440, 463, 464, 475, 481, 482, 491, 498, 501, 507, 508, 533, 538, 543, 551, 556, 582, 592, 601, 608, 619, 631, 636, 639, 649, 650, 697, 713, 735, 745, 750, 755, 762, 768, 771, 789, 804, 809, 813, 826, 828, 833, 835, 846, 848, 850, 852, 868, 869, 870, 878, 886]

[3, 4, 5, 6, 8, 11, 12, 14, 16, 17, 18, 21, 22, 23, 26, 27, 28, 29, 30, 31, 32, 33, 36, 38, 41, 42, 43, 45, 46, 50, 51, 52, 53, 55, 56, 57, 59, 60, 61, 63, 67, 68, 70, 75, 76, 77, 79, 82, 83, 84, 85, 86, 90, 91, 92, 93, 95, 97, 98, 100, 103, 104, 106, 113, 116, 117, 118, 120, 122, 123, 128, 130, 131, 132, 133, 134, 135, 137, 142, 144, 147, 152, 154, 155, 156, 158, 159, 160, 161, 163, 164, 166, 167, 168, 171, 172, 174, 175, 176, 177, 180, 182, 183, 185, 186, 187, 192, 194, 196, 199, 202, 203, 207, 210, 211, 213, 214, 215, 216, 217, 218, 220, 221, 224, 225, 226, 228, 230, 231, 235, 237, 240, 242, 243, 244, 245, 249, 250, 253, 254, 255, 256, 259, 260, 261, 264, 265, 266, 267, 268, 269, 271, 272, 273, 274, 275, 276, 280, 281, 284, 286, 291, 292, 295, 297, 300, 302, 304, 305, 306, 307, 309, 310, 311, 312, 317, 319, 322, 323, 324, 325, 328, 331, 337, 338, 339, 341, 345, 346, 347, 348, 349, 351, 353, 358, 359, 360, 361, 362, 364, 365, 367, 368, 369, 370, 371, 372, 373, 374, 375, 376, 378, 381, 382, 383, 384, 386, 388, 390, 392, 393, 395, 396, 397, 398, 399, 400, 401, 403, 404, 406, 407, 408, 410, 414, 415, 418, 419, 420, 421, 422, 424, 425, 426, 429, 430, 433, 434, 435, 436, 437, 438, 439, 440, 442, 443, 445, 446, 449, 450, 451, 454, 456, 457, 462, 463, 466, 467, 468, 470, 471, 473, 475, 476, 477, 479, 480, 482, 483, 484, 488, 489, 490, 491, 492, 493, 498, 499, 500, 501, 503, 506, 509, 512, 513, 514, 517, 519, 520, 521, 524, 526, 527, 528, 529, 531, 535, 536, 538, 539, 542, 543, 546, 549, 550, 551, 553, 554, 555, 557, 558, 561, 565, 569, 571, 573, 574, 575, 576, 581, 582, 583, 585, 587, 590, 591, 592, 593, 594, 596, 598, 602, 604, 606, 608, 609, 612, 613, 614, 618, 619, 620, 621, 622, 623, 626, 628, 632, 633, 634, 635, 636, 637, 638, 639, 640, 641, 642, 643, 644, 647, 648, 649, 650, 651, 653, 660, 661, 662, 666, 667, 669, 670, 672, 673, 674, 676, 677, 680, 683, 685, 687, 689, 690, 693, 695, 697, 698, 699, 702, 703, 705, 706, 707, 710, 712, 713, 714, 717, 720, 721, 722, 723, 724, 727, 733, 734, 735, 739, 740, 741, 744, 745, 748, 749, 750, 752, 753, 756, 757, 760, 763, 764, 766, 768, 769, 770, 771, 773, 774, 775, 776, 780, 781, 782, 783, 784, 786, 787, 793, 796, 798, 799, 800, 802, 803, 807, 808, 809, 810, 811, 812, 813, 814, 815, 816, 821, 822, 823, 824, 826, 827, 829, 831, 832, 834, 835, 838, 841, 842, 847, 849, 850, 853, 854, 855, 856, 857, 858, 859, 860, 861, 862, 863, 867, 868, 869, 870, 872, 874, 875, 877, 878, 880, 881, 882, 884, 887, 888, 889]
[7, 25, 29, 41, 44, 67, 72, 73, 74, 83, 93, 94, 97, 98, 99, 102, 106, 114, 121, 128, 129, 141, 145, 160, 169, 176, 179, 183, 196, 197, 201, 210, 218, 226, 235, 237, 240, 243, 252, 270, 272, 273, 283, 292, 296, 298, 316, 321, 334, 335, 349, 351, 363, 365, 377, 378, 380, 389, 391, 392, 396, 399, 416, 421, 424, 428, 431, 436, 437, 439, 440, 463, 464, 475, 481, 482, 491, 498, 501, 507, 508, 533, 538, 543, 551, 556, 582, 592, 601, 608, 619, 631, 636, 639, 649, 650, 697, 713, 735, 745, 750, 755, 762, 768, 771, 789, 804, 809, 813, 826, 828, 833, 835, 846, 848, 850, 852, 868, 869, 870, 878, 886]

[3, 4, 5, 6, 8, 11, 12, 14, 16, 17, 18, 21, 22, 23, 26, 27, 28, 29, 30, 31, 32, 33, 36, 38, 40, 41, 42, 43, 45, 46, 50, 51, 52, 53, 55, 56, 57, 59, 60, 61, 63, 67, 68, 70, 74, 75, 76, 77, 79, 82, 83, 84, 85, 86, 90, 91, 92, 93, 95, 97, 98, 100, 103, 104, 106, 107, 110, 113, 116, 117, 118, 120, 122, 123, 128, 130, 131, 132, 133, 134, 135, 137, 139, 142, 144, 147, 152, 153, 154, 155, 156, 158, 159, 160, 161, 163, 164, 166, 167, 168, 169, 171, 172, 173, 174, 175, 176, 177, 180, 182, 183, 185, 186, 187, 192, 194, 196, 199, 202, 203, 207, 208, 210, 211, 213, 214, 215, 216, 217, 218, 220, 221, 224, 225, 226, 228, 230, 231, 235, 237, 240, 242, 243, 244, 245, 249, 250, 253, 254, 255, 256, 259, 260, 261, 264, 265, 266, 267, 268, 269, 271, 272, 273, 274, 275, 276, 280, 281, 284, 286, 291, 292, 295, 297, 300, 302, 304, 305, 306, 307, 309, 310, 311, 312, 315, 316, 317, 319, 322, 323, 324, 325, 328, 331, 337, 338, 339, 341, 345, 346, 347, 348, 349, 351, 353, 356, 358, 359, 360, 361, 362, 364, 365, 367, 368, 369, 370, 371, 372, 373, 374, 375, 376, 377, 378, 381, 382, 383, 384, 386, 388, 390, 392, 393, 395, 396, 397, 398, 399, 400, 401, 403, 404, 406, 407, 408, 410, 413, 414, 415, 418, 419, 420, 421, 422, 424, 425, 426, 429, 430, 431, 433, 434, 435, 436, 437, 438, 439, 440, 442, 443, 445, 446, 449, 450, 451, 453, 454, 456, 457, 462, 463, 466, 467, 468, 470, 471, 473, 475, 476, 477, 479, 480, 482, 483, 484, 488, 489, 490, 491, 492, 493, 498, 499, 500, 501, 503, 506, 509, 512, 513, 514, 517, 519, 520, 521, 524, 526, 527, 528, 529, 531, 535, 536, 537, 538, 539, 542, 543, 544, 546, 549, 550, 551, 553, 554, 555, 557, 558, 561, 564, 565, 569, 571, 573, 574, 575, 576, 581, 582, 583, 585, 587, 590, 591, 592, 593, 594, 596, 598, 602, 604, 606, 608, 609, 612, 613, 614, 618, 619, 620, 621, 622, 623, 626, 628, 629, 632, 633, 634, 635, 636, 637, 638, 639, 640, 641, 642, 643, 644, 647, 648, 649, 650, 651, 653, 658, 660, 661, 662, 666, 667, 669, 670, 672, 673, 674, 676, 677, 680, 683, 685, 687, 689, 690, 693, 695, 696, 697, 698, 699, 702, 703, 705, 706, 707, 710, 712, 713, 714, 716, 717, 720, 721, 722, 723, 724, 727, 733, 734, 735, 739, 740, 741, 744, 745, 748, 749, 750, 751, 752, 753, 756, 757, 760, 763, 764, 766, 768, 769, 770, 771, 773, 774, 775, 776, 780, 781, 782, 783, 784, 786, 787, 793, 796, 798, 799, 800, 802, 803, 807, 808, 809, 810, 811, 812, 813, 814, 815, 816, 817, 821, 822, 823, 824, 826, 827, 829, 831, 832, 834, 835, 838, 841, 842, 847, 849, 850, 853, 854, 855, 856, 857, 858, 859, 860, 861, 862, 863, 867, 868, 869, 870, 872, 874, 875, 877, 878, 880, 881, 882, 884, 887, 888, 889]
[7, 25, 29, 41, 44, 67, 72, 73, 74, 83, 93, 94, 97, 98, 99, 102, 106, 114, 121, 128, 129, 141, 145, 160, 169, 176, 179, 183, 196, 197, 201, 210, 218, 226, 235, 237, 240, 243, 252, 270, 272, 273, 283, 292, 296, 298, 316, 321, 334, 335, 349, 351, 363, 365, 377, 378, 380, 389, 391, 392, 396, 399, 416, 421, 424, 428, 431, 436, 437, 439, 440, 463, 464, 475, 481, 482, 491, 498, 501, 507, 508, 533, 538, 543, 551, 556, 582, 592, 601, 608, 619, 631, 636, 639, 649, 650, 697, 713, 735, 745, 750, 755, 762, 768, 771, 789, 804, 809, 813, 826, 828, 833, 835, 846, 848, 850, 852, 868, 869, 870, 878, 886]

[3, 4, 5, 6, 8, 11, 12, 14, 16, 17, 18, 21, 22, 23, 26, 27, 28, 29, 30, 31, 32, 33, 36, 37, 38, 40, 41, 42, 43, 45, 46, 50, 51, 52, 53, 55, 56, 57, 59, 60, 61, 63, 67, 68, 70, 74, 75, 76, 77, 79, 82, 83, 84, 85, 86, 90, 91, 92, 93, 95, 97, 98, 100, 103, 104, 106, 107, 110, 113, 116, 117, 118, 120, 122, 123, 128, 130, 131, 132, 133, 134, 135, 137, 139, 142, 144, 147, 152, 153, 154, 155, 156, 158, 159, 160, 161, 163, 164, 166, 167, 168, 169, 171, 172, 173, 174, 175, 176, 177, 180, 182, 183, 185, 186, 187, 192, 194, 196, 199, 202, 203, 204, 207, 208, 210, 211, 212, 213, 214, 215, 216, 217, 218, 220, 221, 224, 225, 226, 228, 230, 231, 235, 237, 239, 240, 242, 243, 244, 245, 247, 249, 250, 253, 254, 255, 256, 259, 260, 261, 264, 265, 266, 267, 268, 269, 271, 272, 273, 274, 275, 276, 280, 281, 282, 284, 286, 289, 291, 292, 295, 297, 300, 301, 302, 303, 304, 305, 306, 307, 309, 310, 311, 312, 315, 316, 317, 319, 320, 322, 323, 324, 325, 328, 331, 337, 338, 339, 341, 345, 346, 347, 348, 349, 351, 353, 356, 358, 359, 360, 361, 362, 364, 365, 367, 368, 369, 370, 371, 372, 373, 374, 375, 376, 377, 378, 381, 382, 383, 384, 386, 388, 390, 392, 393, 395, 396, 397, 398, 399, 400, 401, 403, 404, 406, 407, 408, 410, 413, 414, 415, 417, 418, 419, 420, 421, 422, 424, 425, 426, 429, 430, 431, 433, 434, 435, 436, 437, 438, 439, 440, 442, 443, 445, 446, 449, 450, 451, 453, 454, 456, 457, 462, 463, 466, 467, 468, 470, 471, 473, 474, 475, 476, 477, 479, 480, 482, 483, 484, 488, 489, 490, 491, 492, 493, 496, 498, 499, 500, 501, 503, 506, 509, 512, 513, 514, 517, 519, 520, 521, 524, 526, 527, 528, 529, 531, 535, 536, 537, 538, 539, 542, 543, 544, 546, 549, 550, 551, 553, 554, 555, 557, 558, 561, 564, 565, 566, 567, 569, 571, 572, 573, 574, 575, 576, 581, 582, 583, 585, 587, 590, 591, 592, 593, 594, 596, 598, 602, 604, 606, 608, 609, 612, 613, 614, 618, 619, 620, 621, 622, 623, 626, 628, 629, 632, 633, 634, 635, 636, 637, 638, 639, 640, 641, 642, 643, 644, 647, 648, 649, 650, 651, 652, 653, 658, 660, 661, 662, 666, 667, 669, 670, 672, 673, 674, 676, 677, 680, 683, 685, 687, 689, 690, 693, 694, 695, 696, 697, 698, 699, 702, 703, 705, 706, 707, 710, 712, 713, 714, 716, 717, 719, 720, 721, 722, 723, 724, 727, 733, 734, 735, 739, 740, 741, 744, 745, 746, 748, 749, 750, 751, 752, 753, 754, 756, 757, 760, 763, 764, 766, 768, 769, 770, 771, 773, 774, 775, 776, 777, 780, 781, 782, 783, 784, 786, 787, 793, 796, 798, 799, 800, 801, 802, 803, 807, 808, 809, 810, 811, 812, 813, 814, 815, 816, 817, 821, 822, 823, 824, 826, 827, 829, 831, 832, 834, 835, 838, 841, 842, 846, 847, 849, 850, 853, 854, 855, 856, 857, 858, 859, 860, 861, 862, 863, 867, 868, 869, 870, 871, 872, 874, 875, 877, 878, 880, 881, 882, 884, 887, 888, 889]
[7, 25, 29, 41, 44, 67, 72, 73, 74, 83, 93, 94, 97, 98, 99, 102, 106, 114, 121, 128, 129, 141, 145, 160, 169, 176, 179, 183, 196, 197, 201, 210, 218, 226, 235, 237, 240, 243, 252, 270, 272, 273, 283, 292, 296, 298, 316, 321, 334, 335, 349, 351, 363, 365, 377, 378, 380, 389, 391, 392, 396, 399, 416, 421, 424, 428, 431, 436, 437, 439, 440, 463, 464, 475, 481, 482, 491, 498, 501, 507, 508, 533, 538, 543, 551, 556, 582, 592, 601, 608, 619, 631, 636, 639, 649, 650, 697, 713, 735, 745, 750, 755, 762, 768, 771, 789, 804, 809, 813, 826, 828, 833, 835, 846, 848, 850, 852, 868, 869, 870, 878, 886]

[3, 4, 5, 6, 8, 11, 12, 14, 16, 17, 18, 21, 22, 23, 26, 27, 28, 29, 30, 31, 32, 33, 35, 36, 37, 38, 40, 41, 42, 43, 44, 45, 46, 50, 51, 52, 53, 55, 56, 57, 59, 60, 61, 63, 67, 68, 70, 74, 75, 76, 77, 79, 82, 83, 84, 85, 86, 90, 91, 92, 93, 95, 97, 98, 100, 102, 103, 104, 106, 107, 108, 110, 113, 116, 117, 118, 120, 122, 123, 128, 129, 130, 131, 132, 133, 134, 135, 137, 139, 142, 144, 147, 152, 153, 154, 155, 156, 158, 159, 160, 161, 163, 164, 166, 167, 168, 169, 171, 172, 173, 174, 175, 176, 177, 180, 182, 183, 185, 186, 187, 188, 192, 194, 196, 199, 202, 203, 204, 207, 208, 210, 211, 212, 213, 214, 215, 216, 217, 218, 220, 221, 224, 225, 226, 228, 230, 231, 235, 237, 239, 240, 242, 243, 244, 245, 247, 249, 250, 253, 254, 255, 256, 259, 260, 261, 264, 265, 266, 267, 268, 269, 271, 272, 273, 274, 275, 276, 280, 281, 282, 284, 286, 289, 291, 292, 294, 295, 297, 300, 301, 302, 303, 304, 305, 306, 307, 309, 310, 311, 312, 313, 315, 316, 317, 318, 319, 320, 322, 323, 324, 325, 328, 331, 337, 338, 339, 341, 343, 345, 346, 347, 348, 349, 350, 351, 353, 356, 358, 359, 360, 361, 362, 364, 365, 367, 368, 369, 370, 371, 372, 373, 374, 375, 376, 377, 378, 381, 382, 383, 384, 386, 388, 390, 392, 393, 395, 396, 397, 398, 399, 400, 401, 403, 404, 406, 407, 408, 410, 413, 414, 415, 417, 418, 419, 420, 421, 422, 424, 425, 426, 429, 430, 431, 433, 434, 435, 436, 437, 438, 439, 440, 442, 443, 445, 446, 447, 449, 450, 451, 453, 454, 456, 457, 462, 463, 466, 467, 468, 470, 471, 473, 474, 475, 476, 477, 479, 480, 482, 483, 484, 488, 489, 490, 491, 492, 493, 494, 496, 498, 499, 500, 501, 503, 506, 508, 509, 511, 512, 513, 514, 517, 519, 520, 521, 524, 526, 527, 528, 529, 531, 535, 536, 537, 538, 539, 542, 543, 544, 546, 549, 550, 551, 553, 554, 555, 557, 558, 561, 564, 565, 566, 567, 569, 570, 571, 572, 573, 574, 575, 576, 581, 582, 583, 585, 587, 589, 590, 591, 592, 593, 594, 596, 598, 602, 604, 606, 608, 609, 612, 613, 614, 618, 619, 620, 621, 622, 623, 626, 628, 629, 632, 633, 634, 635, 636, 637, 638, 639, 640, 641, 642, 643, 644, 647, 648, 649, 650, 651, 652, 653, 658, 660, 661, 662, 666, 667, 669, 670, 672, 673, 674, 676, 677, 680, 683, 685, 687, 689, 690, 693, 694, 695, 696, 697, 698, 699, 702, 703, 705, 706, 707, 710, 712, 713, 714, 715, 716, 717, 718, 719, 720, 721, 722, 723, 724, 726, 727, 733, 734, 735, 739, 740, 741, 744, 745, 746, 748, 749, 750, 751, 752, 753, 754, 756, 757, 760, 763, 764, 765, 766, 768, 769, 770, 771, 773, 774, 775, 776, 777, 780, 781, 782, 783, 784, 786, 787, 792, 793, 796, 797, 798, 799, 800, 801, 802, 803, 807, 808, 809, 810, 811, 812, 813, 814, 815, 816, 817, 821, 822, 823, 824, 825, 826, 827, 829, 830, 831, 832, 834, 835, 838, 841, 842, 846, 847, 849, 850, 853, 854, 855, 856, 857, 858, 859, 860, 861, 862, 863, 867, 868, 869, 870, 871, 872, 874, 875, 877, 878, 880, 881, 882, 884, 887, 888, 889]
[7, 25, 29, 41, 44, 67, 72, 73, 74, 83, 93, 94, 97, 98, 99, 102, 106, 114, 121, 128, 129, 141, 145, 160, 169, 176, 179, 183, 196, 197, 201, 210, 218, 226, 235, 237, 240, 243, 252, 270, 272, 273, 283, 292, 296, 298, 316, 321, 334, 335, 349, 351, 363, 365, 377, 378, 380, 389, 391, 392, 396, 399, 416, 421, 424, 428, 431, 436, 437, 439, 440, 463, 464, 475, 481, 482, 491, 498, 501, 507, 508, 533, 538, 543, 551, 556, 582, 592, 601, 608, 619, 631, 636, 639, 649, 650, 697, 713, 735, 745, 750, 755, 762, 768, 771, 789, 804, 809, 813, 826, 828, 833, 835, 846, 848, 850, 852, 868, 869, 870, 878, 886]

[0, 3, 4, 5, 6, 8, 11, 12, 14, 16, 17, 18, 21, 22, 23, 25, 26, 27, 28, 29, 30, 31, 32, 33, 35, 36, 37, 38, 40, 41, 42, 43, 44, 45, 46, 48, 50, 51, 52, 53, 55, 56, 57, 59, 60, 61, 63, 67, 68, 70, 74, 75, 76, 77, 79, 82, 83, 84, 85, 86, 90, 91, 92, 93, 95, 97, 98, 100, 102, 103, 104, 106, 107, 108, 110, 113, 116, 117, 118, 120, 122, 123, 127, 128, 129, 130, 131, 132, 133, 134, 135, 137, 139, 142, 144, 147, 152, 153, 154, 155, 156, 158, 159, 160, 161, 163, 164, 166, 167, 168, 169, 171, 172, 173, 174, 175, 176, 177, 179, 180, 182, 183, 185, 186, 187, 188, 189, 192, 194, 195, 196, 199, 202, 203, 204, 207, 208, 210, 211, 212, 213, 214, 215, 216, 217, 218, 220, 221, 224, 225, 226, 228, 230, 231, 235, 237, 239, 240, 242, 243, 244, 245, 247, 249, 250, 253, 254, 255, 256, 259, 260, 261, 264, 265, 266, 267, 268, 269, 271, 272, 273, 274, 275, 276, 280, 281, 282, 284, 286, 289, 290, 291, 292, 294, 295, 296, 297, 300, 301, 302, 303, 304, 305, 306, 307, 309, 310, 311, 312, 313, 315, 316, 317, 318, 319, 320, 322, 323, 324, 325, 328, 331, 337, 338, 339, 341, 343, 345, 346, 347, 348, 349, 350, 351, 353, 356, 358, 359, 360, 361, 362, 364, 365, 367, 368, 369, 370, 371, 372, 373, 374, 375, 376, 377, 378, 379, 381, 382, 383, 384, 386, 388, 390, 392, 393, 395, 396, 397, 398, 399, 400, 401, 403, 404, 406, 407, 408, 410, 413, 414, 415, 417, 418, 419, 420, 421, 422, 424, 425, 426, 429, 430, 431, 433, 434, 435, 436, 437, 438, 439, 440, 442, 443, 444, 445, 446, 447, 449, 450, 451, 453, 454, 456, 457, 459, 462, 463, 466, 467, 468, 470, 471, 473, 474, 475, 476, 477, 479, 480, 482, 483, 484, 488, 489, 490, 491, 492, 493, 494, 496, 498, 499, 500, 501, 503, 506, 508, 509, 511, 512, 513, 514, 517, 519, 520, 521, 524, 526, 527, 528, 529, 531, 535, 536, 537, 538, 539, 542, 543, 544, 546, 549, 550, 551, 553, 554, 555, 557, 558, 561, 564, 565, 566, 567, 569, 570, 571, 572, 573, 574, 575, 576, 581, 582, 583, 585, 587, 589, 590, 591, 592, 593, 594, 596, 597, 598, 602, 604, 606, 608, 609, 612, 613, 614, 618, 619, 620, 621, 622, 623, 626, 627, 628, 629, 632, 633, 634, 635, 636, 637, 638, 639, 640, 641, 642, 643, 644, 647, 648, 649, 650, 651, 652, 653, 658, 660, 661, 662, 665, 666, 667, 669, 670, 672, 673, 674, 676, 677, 680, 683, 685, 687, 689, 690, 692, 693, 694, 695, 696, 697, 698, 699, 702, 703, 705, 706, 707, 708, 710, 712, 713, 714, 715, 716, 717, 718, 719, 720, 721, 722, 723, 724, 726, 727, 731, 732, 733, 734, 735, 739, 740, 741, 743, 744, 745, 746, 748, 749, 750, 751, 752, 753, 754, 756, 757, 760, 763, 764, 765, 766, 768, 769, 770, 771, 773, 774, 775, 776, 777, 778, 780, 781, 782, 783, 784, 786, 787, 792, 793, 796, 797, 798, 799, 800, 801, 802, 803, 807, 808, 809, 810, 811, 812, 813, 814, 815, 816, 817, 820, 821, 822, 823, 824, 825, 826, 827, 828, 829, 830, 831, 832, 834, 835, 837, 838, 841, 842, 846, 847, 849, 850, 853, 854, 855, 856, 857, 858, 859, 860, 861, 862, 863, 867, 868, 869, 870, 871, 872, 874, 875, 877, 878, 880, 881, 882, 884, 885, 887, 888, 889]
[7, 25, 29, 41, 44, 67, 72, 73, 74, 83, 93, 94, 97, 98, 99, 102, 106, 114, 121, 128, 129, 141, 145, 160, 169, 176, 179, 183, 196, 197, 201, 210, 218, 226, 235, 237, 240, 243, 252, 270, 272, 273, 283, 292, 296, 298, 316, 321, 334, 335, 349, 351, 363, 365, 377, 378, 380, 389, 391, 392, 396, 399, 416, 421, 424, 428, 431, 436, 437, 439, 440, 463, 464, 475, 481, 482, 491, 498, 501, 507, 508, 533, 538, 543, 551, 556, 582, 592, 601, 608, 619, 631, 636, 639, 649, 650, 697, 713, 735, 745, 750, 755, 762, 768, 771, 789, 804, 809, 813, 826, 828, 833, 835, 846, 848, 850, 852, 868, 869, 870, 878, 886]

[0, 3, 4, 5, 6, 8, 11, 12, 14, 16, 17, 18, 21, 22, 23, 24, 25, 26, 27, 28, 29, 30, 31, 32, 33, 35, 36, 37, 38, 40, 41, 42, 43, 44, 45, 46, 48, 50, 51, 52, 53, 55, 56, 57, 58, 59, 60, 61, 63, 67, 68, 70, 74, 75, 76, 77, 79, 82, 83, 84, 85, 86, 90, 91, 92, 93, 95, 97, 98, 100, 102, 103, 104, 106, 107, 108, 110, 113, 116, 117, 118, 120, 121, 122, 123, 126, 127, 128, 129, 130, 131, 132, 133, 134, 135, 137, 138, 139, 142, 144, 147, 149, 150, 152, 153, 154, 155, 156, 158, 159, 160, 161, 163, 164, 165, 166, 167, 168, 169, 170, 171, 172, 173, 174, 175, 176, 177, 179, 180, 182, 183, 185, 186, 187, 188, 189, 192, 194, 195, 196, 198, 199, 202, 203, 204, 207, 208, 210, 211, 212, 213, 214, 215, 216, 217, 218, 220, 221, 224, 225, 226, 228, 230, 231, 235, 237, 239, 240, 241, 242, 243, 244, 245, 247, 249, 250, 253, 254, 255, 256, 259, 260, 261, 264, 265, 266, 267, 268, 269, 271, 272, 273, 274, 275, 276, 280, 281, 282, 284, 286, 289, 290, 291, 292, 294, 295, 296, 297, 300, 301, 302, 303, 304, 305, 306, 307, 308, 309, 310, 311, 312, 313, 314, 315, 316, 317, 318, 319, 320, 322, 323, 324, 325, 328, 331, 336, 337, 338, 339, 341, 343, 344, 345, 346, 347, 348, 349, 350, 351, 353, 356, 358, 359, 360, 361, 362, 364, 365, 367, 368, 369, 370, 371, 372, 373, 374, 375, 376, 377, 378, 379, 381, 382, 383, 384, 386, 388, 389, 390, 392, 393, 395, 396, 397, 398, 399, 400, 401, 403, 404, 406, 407, 408, 410, 413, 414, 415, 417, 418, 419, 420, 421, 422, 424, 425, 426, 429, 430, 431, 433, 434, 435, 436, 437, 438, 439, 440, 442, 443, 444, 445, 446, 447, 449, 450, 451, 453, 454, 456, 457, 459, 462, 463, 466, 467, 468, 470, 471, 473, 474, 475, 476, 477, 479, 480, 482, 483, 484, 488, 489, 490, 491, 492, 493, 494, 496, 498, 499, 500, 501, 502, 503, 506, 508, 509, 511, 512, 513, 514, 515, 517, 519, 520, 521, 523, 524, 526, 527, 528, 529, 531, 535, 536, 537, 538, 539, 540, 542, 543, 544, 546, 549, 550, 551, 553, 554, 555, 557, 558, 561, 564, 565, 566, 567, 569, 570, 571, 572, 573, 574, 575, 576, 581, 582, 583, 585, 587, 589, 590, 591, 592, 593, 594, 596, 597, 598, 602, 604, 606, 608, 609, 612, 613, 614, 618, 619, 620, 621, 622, 623, 625, 626, 627, 628, 629, 632, 633, 634, 635, 636, 637, 638, 639, 640, 641, 642, 643, 644, 647, 648, 649, 650, 651, 652, 653, 658, 660, 661, 662, 665, 666, 667, 669, 670, 672, 673, 674, 676, 677, 680, 683, 685, 686, 687, 689, 690, 692, 693, 694, 695, 696, 697, 698, 699, 702, 703, 705, 706, 707, 708, 710, 712, 713, 714, 715, 716, 717, 718, 719, 720, 721, 722, 723, 724, 726, 727, 731, 732, 733, 734, 735, 739, 740, 741, 743, 744, 745, 746, 748, 749, 750, 751, 752, 753, 754, 756, 757, 760, 762, 763, 764, 765, 766, 768, 769, 770, 771, 773, 774, 775, 776, 777, 778, 780, 781, 782, 783, 784, 786, 787, 792, 793, 796, 797, 798, 799, 800, 801, 802, 803, 804, 807, 808, 809, 810, 811, 812, 813, 814, 815, 816, 817, 820, 821, 822, 823, 824, 825, 826, 827, 828, 829, 830, 831, 832, 834, 835, 837, 838, 841, 842, 846, 847, 849, 850, 853, 854, 855, 856, 857, 858, 859, 860, 861, 862, 863, 865, 867, 868, 869, 870, 871, 872, 874, 875, 877, 878, 880, 881, 882, 884, 885, 887, 888, 889]
[7, 25, 29, 41, 44, 67, 72, 73, 74, 83, 93, 94, 97, 98, 99, 102, 106, 114, 121, 128, 129, 141, 145, 160, 169, 176, 179, 183, 196, 197, 201, 210, 218, 226, 235, 237, 240, 243, 252, 270, 272, 273, 283, 292, 296, 298, 316, 321, 334, 335, 349, 351, 363, 365, 377, 378, 380, 389, 391, 392, 396, 399, 416, 421, 424, 428, 431, 436, 437, 439, 440, 463, 464, 475, 481, 482, 491, 498, 501, 507, 508, 533, 538, 543, 551, 556, 582, 592, 601, 608, 619, 631, 636, 639, 649, 650, 697, 713, 735, 745, 750, 755, 762, 768, 771, 789, 804, 809, 813, 826, 828, 833, 835, 846, 848, 850, 852, 868, 869, 870, 878, 886]

[0, 1, 3, 4, 5, 6, 7, 8, 11, 12, 14, 16, 17, 18, 21, 22, 23, 24, 25, 26, 27, 28, 29, 30, 31, 32, 33, 35, 36, 37, 38, 40, 41, 42, 43, 44, 45, 46, 48, 50, 51, 52, 53, 55, 56, 57, 58, 59, 60, 61, 63, 67, 68, 70, 74, 75, 76, 77, 79, 80, 82, 83, 84, 85, 86, 90, 91, 92, 93, 95, 97, 98, 100, 102, 103, 104, 106, 107, 108, 109, 110, 111, 113, 116, 117, 118, 120, 121, 122, 123, 126, 127, 128, 129, 130, 131, 132, 133, 134, 135, 137, 138, 139, 142, 144, 147, 149, 150, 152, 153, 154, 155, 156, 157, 158, 159, 160, 161, 163, 164, 165, 166, 167, 168, 169, 170, 171, 172, 173, 174, 175, 176, 177, 179, 180, 182, 183, 185, 186, 187, 188, 189, 190, 192, 194, 195, 196, 198, 199, 202, 203, 204, 207, 208, 210, 211, 212, 213, 214, 215, 216, 217, 218, 220, 221, 223, 224, 225, 226, 227, 228, 230, 231, 235, 237, 239, 240, 241, 242, 243, 244, 245, 247, 249, 250, 253, 254, 255, 256, 259, 260, 261, 263, 264, 265, 266, 267, 268, 269, 271, 272, 273, 274, 275, 276, 280, 281, 282, 284, 286, 289, 290, 291, 292, 294, 295, 296, 297, 298, 300, 301, 302, 303, 304, 305, 306, 307, 308, 309, 310, 311, 312, 313, 314, 315, 316, 317, 318, 319, 320, 322, 323, 324, 325, 328, 331, 336, 337, 338, 339, 341, 342, 343, 344, 345, 346, 347, 348, 349, 350, 351, 353, 356, 358, 359, 360, 361, 362, 364, 365, 367, 368, 369, 370, 371, 372, 373, 374, 375, 376, 377, 378, 379, 381, 382, 383, 384, 386, 388, 389, 390, 392, 393, 395, 396, 397, 398, 399, 400, 401, 403, 404, 406, 407, 408, 410, 413, 414, 415, 417, 418, 419, 420, 421, 422, 424, 425, 426, 427, 429, 430, 431, 432, 433, 434, 435, 436, 437, 438, 439, 440, 442, 443, 444, 445, 446, 447, 449, 450, 451, 453, 454, 456, 457, 459, 462, 463, 466, 467, 468, 470, 471, 473, 474, 475, 476, 477, 479, 480, 482, 483, 484, 488, 489, 490, 491, 492, 493, 494, 496, 498, 499, 500, 501, 502, 503, 506, 507, 508, 509, 511, 512, 513, 514, 515, 517, 519, 520, 521, 523, 524, 526, 527, 528, 529, 531, 535, 536, 537, 538, 539, 540, 542, 543, 544, 546, 549, 550, 551, 553, 554, 555, 557, 558, 561, 564, 565, 566, 567, 569, 570, 571, 572, 573, 574, 575, 576, 581, 582, 583, 584, 585, 587, 589, 590, 591, 592, 593, 594, 596, 597, 598, 601, 602, 604, 606, 607, 608, 609, 611, 612, 613, 614, 618, 619, 620, 621, 622, 623, 624, 625, 626, 627, 628, 629, 632, 633, 634, 635, 636, 637, 638, 639, 640, 641, 642, 643, 644, 647, 648, 649, 650, 651, 652, 653, 658, 659, 660, 661, 662, 665, 666, 667, 669, 670, 672, 673, 674, 676, 677, 680, 682, 683, 685, 686, 687, 689, 690, 692, 693, 694, 695, 696, 697, 698, 699, 702, 703, 705, 706, 707, 708, 709, 710, 712, 713, 714, 715, 716, 717, 718, 719, 720, 721, 722, 723, 724, 726, 727, 731, 732, 733, 734, 735, 739, 740, 741, 743, 744, 745, 746, 748, 749, 750, 751, 752, 753, 754, 756, 757, 760, 762, 763, 764, 765, 766, 768, 769, 770, 771, 773, 774, 775, 776, 777, 778, 780, 781, 782, 783, 784, 786, 787, 792, 793, 795, 796, 797, 798, 799, 800, 801, 802, 803, 804, 807, 808, 809, 810, 811, 812, 813, 814, 815, 816, 817, 820, 821, 822, 823, 824, 825, 826, 827, 828, 829, 830, 831, 832, 834, 835, 837, 838, 841, 842, 846, 847, 849, 850, 853, 854, 855, 856, 857, 858, 859, 860, 861, 862, 863, 865, 867, 868, 869, 870, 871, 872, 874, 875, 877, 878, 880, 881, 882, 883, 884, 885, 887, 888, 889]
[7, 25, 29, 41, 44, 67, 72, 73, 74, 83, 93, 94, 97, 98, 99, 102, 106, 114, 121, 128, 129, 141, 145, 160, 169, 176, 179, 183, 196, 197, 201, 210, 218, 226, 235, 237, 240, 243, 252, 270, 272, 273, 283, 292, 296, 298, 316, 321, 334, 335, 349, 351, 363, 365, 377, 378, 380, 389, 391, 392, 396, 399, 416, 421, 424, 428, 431, 436, 437, 439, 440, 463, 464, 475, 481, 482, 491, 498, 501, 507, 508, 533, 538, 543, 551, 556, 582, 592, 601, 608, 619, 631, 636, 639, 649, 650, 697, 713, 735, 745, 750, 755, 762, 768, 771, 789, 804, 809, 813, 826, 828, 833, 835, 846, 848, 850, 852, 868, 869, 870, 878, 886]

[0, 1, 3, 4, 5, 6, 7, 8, 9, 10, 11, 12, 14, 16, 17, 18, 21, 22, 23, 24, 25, 26, 27, 28, 29, 30, 31, 32, 33, 34, 35, 36, 37, 38, 40, 41, 42, 43, 44, 45, 46, 48, 50, 51, 52, 53, 55, 56, 57, 58, 59, 60, 61, 63, 66, 67, 68, 70, 74, 75, 76, 77, 79, 80, 82, 83, 84, 85, 86, 90, 91, 92, 93, 95, 96, 97, 98, 100, 102, 103, 104, 106, 107, 108, 109, 110, 111, 113, 116, 117, 118, 120, 121, 122, 123, 126, 127, 128, 129, 130, 131, 132, 133, 134, 135, 137, 138, 139, 142, 144, 147, 149, 150, 152, 153, 154, 155, 156, 157, 158, 159, 160, 161, 163, 164, 165, 166, 167, 168, 169, 170, 171, 172, 173, 174, 175, 176, 177, 179, 180, 181, 182, 183, 185, 186, 187, 188, 189, 190, 192, 193, 194, 195, 196, 198, 199, 202, 203, 204, 207, 208, 210, 211, 212, 213, 214, 215, 216, 217, 218, 220, 221, 223, 224, 225, 226, 227, 228, 230, 231, 235, 237, 239, 240, 241, 242, 243, 244, 245, 247, 248, 249, 250, 253, 254, 255, 256, 259, 260, 261, 263, 264, 265, 266, 267, 268, 269, 271, 272, 273, 274, 275, 276, 280, 281, 282, 284, 285, 286, 289, 290, 291, 292, 294, 295, 296, 297, 298, 300, 301, 302, 303, 304, 305, 306, 307, 308, 309, 310, 311, 312, 313, 314, 315, 316, 317, 318, 319, 320, 322, 323, 324, 325, 328, 331, 336, 337, 338, 339, 340, 341, 342, 343, 344, 345, 346, 347, 348, 349, 350, 351, 352, 353, 356, 358, 359, 360, 361, 362, 364, 365, 367, 368, 369, 370, 371, 372, 373, 374, 375, 376, 377, 378, 379, 381, 382, 383, 384, 386, 388, 389, 390, 392, 393, 395, 396, 397, 398, 399, 400, 401, 403, 404, 406, 407, 408, 410, 413, 414, 415, 417, 418, 419, 420, 421, 422, 424, 425, 426, 427, 429, 430, 431, 432, 433, 434, 435, 436, 437, 438, 439, 440, 442, 443, 444, 445, 446, 447, 449, 450, 451, 453, 454, 456, 457, 459, 462, 463, 466, 467, 468, 470, 471, 473, 474, 475, 476, 477, 479, 480, 482, 483, 484, 486, 488, 489, 490, 491, 492, 493, 494, 496, 498, 499, 500, 501, 502, 503, 506, 507, 508, 509, 511, 512, 513, 514, 515, 517, 519, 520, 521, 523, 524, 526, 527, 528, 529, 531, 533, 535, 536, 537, 538, 539, 540, 542, 543, 544, 546, 547, 549, 550, 551, 553, 554, 555, 557, 558, 561, 564, 565, 566, 567, 569, 570, 571, 572, 573, 574, 575, 576, 578, 581, 582, 583, 584, 585, 587, 589, 590, 591, 592, 593, 594, 596, 597, 598, 601, 602, 604, 606, 607, 608, 609, 611, 612, 613, 614, 618, 619, 620, 621, 622, 623, 624, 625, 626, 627, 628, 629, 632, 633, 634, 635, 636, 637, 638, 639, 640, 641, 642, 643, 644, 646, 647, 648, 649, 650, 651, 652, 653, 658, 659, 660, 661, 662, 665, 666, 667, 669, 670, 672, 673, 674, 676, 677, 680, 682, 683, 684, 685, 686, 687, 689, 690, 692, 693, 694, 695, 696, 697, 698, 699, 702, 703, 705, 706, 707, 708, 709, 710, 712, 713, 714, 715, 716, 717, 718, 719, 720, 721, 722, 723, 724, 726, 727, 731, 732, 733, 734, 735, 739, 740, 741, 743, 744, 745, 746, 748, 749, 750, 751, 752, 753, 754, 755, 756, 757, 760, 761, 762, 763, 764, 765, 766, 767, 768, 769, 770, 771, 773, 774, 775, 776, 777, 778, 780, 781, 782, 783, 784, 786, 787, 791, 792, 793, 795, 796, 797, 798, 799, 800, 801, 802, 803, 804, 807, 808, 809, 810, 811, 812, 813, 814, 815, 816, 817, 818, 820, 821, 822, 823, 824, 825, 826, 827, 828, 829, 830, 831, 832, 834, 835, 837, 838, 841, 842, 843, 846, 847, 849, 850, 853, 854, 855, 856, 857, 858, 859, 860, 861, 862, 863, 864, 865, 867, 868, 869, 870, 871, 872, 874, 875, 876, 877, 878, 880, 881, 882, 883, 884, 885, 887, 888, 889]
[7, 25, 29, 41, 44, 67, 72, 73, 74, 83, 93, 94, 97, 98, 99, 102, 106, 114, 121, 128, 129, 141, 145, 160, 169, 176, 179, 183, 196, 197, 201, 210, 218, 226, 235, 237, 240, 243, 252, 270, 272, 273, 283, 292, 296, 298, 316, 321, 334, 335, 349, 351, 363, 365, 377, 378, 380, 389, 391, 392, 396, 399, 416, 421, 424, 428, 431, 436, 437, 439, 440, 463, 464, 475, 481, 482, 491, 498, 501, 507, 508, 533, 538, 543, 551, 556, 582, 592, 601, 608, 619, 631, 636, 639, 649, 650, 697, 713, 735, 745, 750, 755, 762, 768, 771, 789, 804, 809, 813, 826, 828, 833, 835, 846, 848, 850, 852, 868, 869, 870, 878, 886]

[0, 1, 3, 4, 5, 6, 7, 8, 9, 10, 11, 12, 14, 16, 17, 18, 21, 22, 23, 24, 25, 26, 27, 28, 29, 30, 31, 32, 33, 34, 35, 36, 37, 38, 39, 40, 41, 42, 43, 44, 45, 46, 48, 50, 51, 52, 53, 55, 56, 57, 58, 59, 60, 61, 63, 66, 67, 68, 70, 74, 75, 76, 77, 79, 80, 82, 83, 84, 85, 86, 90, 91, 92, 93, 95, 96, 97, 98, 100, 102, 103, 104, 106, 107, 108, 109, 110, 111, 113, 116, 117, 118, 120, 121, 122, 123, 126, 127, 128, 129, 130, 131, 132, 133, 134, 135, 137, 138, 139, 142, 143, 144, 147, 149, 150, 152, 153, 154, 155, 156, 157, 158, 159, 160, 161, 163, 164, 165, 166, 167, 168, 169, 170, 171, 172, 173, 174, 175, 176, 177, 179, 180, 181, 182, 183, 185, 186, 187, 188, 189, 190, 192, 193, 194, 195, 196, 198, 199, 202, 203, 204, 207, 208, 210, 211, 212, 213, 214, 215, 216, 217, 218, 220, 221, 223, 224, 225, 226, 227, 228, 229, 230, 231, 232, 234, 235, 237, 239, 240, 241, 242, 243, 244, 245, 247, 248, 249, 250, 253, 254, 255, 256, 259, 260, 261, 263, 264, 265, 266, 267, 268, 269, 271, 272, 273, 274, 275, 276, 277, 279, 280, 281, 282, 284, 285, 286, 289, 290, 291, 292, 294, 295, 296, 297, 298, 300, 301, 302, 303, 304, 305, 306, 307, 308, 309, 310, 311, 312, 313, 314, 315, 316, 317, 318, 319, 320, 322, 323, 324, 325, 328, 330, 331, 334, 336, 337, 338, 339, 340, 341, 342, 343, 344, 345, 346, 347, 348, 349, 350, 351, 352, 353, 356, 358, 359, 360, 361, 362, 364, 365, 367, 368, 369, 370, 371, 372, 373, 374, 375, 376, 377, 378, 379, 381, 382, 383, 384, 385, 386, 388, 389, 390, 392, 393, 395, 396, 397, 398, 399, 400, 401, 403, 404, 406, 407, 408, 409, 410, 413, 414, 415, 417, 418, 419, 420, 421, 422, 424, 425, 426, 427, 429, 430, 431, 432, 433, 434, 435, 436, 437, 438, 439, 440, 442, 443, 444, 445, 446, 447, 449, 450, 451, 453, 454, 456, 457, 459, 462, 463, 465, 466, 467, 468, 470, 471, 473, 474, 475, 476, 477, 479, 480, 482, 483, 484, 486, 488, 489, 490, 491, 492, 493, 494, 496, 498, 499, 500, 501, 502, 503, 506, 507, 508, 509, 511, 512, 513, 514, 515, 517, 518, 519, 520, 521, 523, 524, 526, 527, 528, 529, 531, 533, 535, 536, 537, 538, 539, 540, 542, 543, 544, 546, 547, 548, 549, 550, 551, 553, 554, 555, 557, 558, 561, 562, 563, 564, 565, 566, 567, 569, 570, 571, 572, 573, 574, 575, 576, 578, 581, 582, 583, 584, 585, 587, 589, 590, 591, 592, 593, 594, 596, 597, 598, 601, 602, 604, 606, 607, 608, 609, 611, 612, 613, 614, 617, 618, 619, 620, 621, 622, 623, 624, 625, 626, 627, 628, 629, 632, 633, 634, 635, 636, 637, 638, 639, 640, 641, 642, 643, 644, 646, 647, 648, 649, 650, 651, 652, 653, 657, 658, 659, 660, 661, 662, 663, 665, 666, 667, 669, 670, 672, 673, 674, 676, 677, 680, 682, 683, 684, 685, 686, 687, 689, 690, 691, 692, 693, 694, 695, 696, 697, 698, 699, 702, 703, 705, 706, 707, 708, 709, 710, 712, 713, 714, 715, 716, 717, 718, 719, 720, 721, 722, 723, 724, 725, 726, 727, 731, 732, 733, 734, 735, 739, 740, 741, 743, 744, 745, 746, 748, 749, 750, 751, 752, 753, 754, 755, 756, 757, 760, 761, 762, 763, 764, 765, 766, 767, 768, 769, 770, 771, 773, 774, 775, 776, 777, 778, 780, 781, 782, 783, 784, 786, 787, 791, 792, 793, 795, 796, 797, 798, 799, 800, 801, 802, 803, 804, 805, 807, 808, 809, 810, 811, 812, 813, 814, 815, 816, 817, 818, 820, 821, 822, 823, 824, 825, 826, 827, 828, 829, 830, 831, 832, 833, 834, 835, 837, 838, 841, 842, 843, 844, 846, 847, 849, 850, 853, 854, 855, 856, 857, 858, 859, 860, 861, 862, 863, 864, 865, 867, 868, 869, 870, 871, 872, 874, 875, 876, 877, 878, 880, 881, 882, 883, 884, 885, 886, 887, 888, 889]
[7, 25, 29, 41, 44, 67, 72, 73, 74, 83, 93, 94, 97, 98, 99, 102, 106, 114, 121, 128, 129, 141, 145, 160, 169, 176, 179, 183, 196, 197, 201, 210, 218, 226, 235, 237, 240, 243, 252, 270, 272, 273, 283, 292, 296, 298, 316, 321, 334, 335, 349, 351, 363, 365, 377, 378, 380, 389, 391, 392, 396, 399, 416, 421, 424, 428, 431, 436, 437, 439, 440, 463, 464, 475, 481, 482, 491, 498, 501, 507, 508, 533, 538, 543, 551, 556, 582, 592, 601, 608, 619, 631, 636, 639, 649, 650, 697, 713, 735, 745, 750, 755, 762, 768, 771, 789, 804, 809, 813, 826, 828, 833, 835, 846, 848, 850, 852, 868, 869, 870, 878, 886]

[0, 1, 3, 4, 5, 6, 7, 8, 9, 10, 11, 12, 14, 16, 17, 18, 21, 22, 23, 24, 25, 26, 27, 28, 29, 30, 31, 32, 33, 34, 35, 36, 37, 38, 39, 40, 41, 42, 43, 44, 45, 46, 48, 50, 51, 52, 53, 55, 56, 57, 58, 59, 60, 61, 63, 66, 67, 68, 69, 70, 74, 75, 76, 77, 78, 79, 80, 82, 83, 84, 85, 86, 89, 90, 91, 92, 93, 95, 96, 97, 98, 100, 102, 103, 104, 106, 107, 108, 109, 110, 111, 113, 114, 116, 117, 118, 120, 121, 122, 123, 124, 126, 127, 128, 129, 130, 131, 132, 133, 134, 135, 137, 138, 139, 140, 142, 143, 144, 146, 147, 149, 150, 152, 153, 154, 155, 156, 157, 158, 159, 160, 161, 163, 164, 165, 166, 167, 168, 169, 170, 171, 172, 173, 174, 175, 176, 177, 179, 180, 181, 182, 183, 185, 186, 187, 188, 189, 190, 191, 192, 193, 194, 195, 196, 198, 199, 202, 203, 204, 207, 208, 209, 210, 211, 212, 213, 214, 215, 216, 217, 218, 220, 221, 223, 224, 225, 226, 227, 228, 229, 230, 231, 232, 234, 235, 237, 239, 240, 241, 242, 243, 244, 245, 246, 247, 248, 249, 250, 251, 253, 254, 255, 256, 257, 259, 260, 261, 263, 264, 265, 266, 267, 268, 269, 271, 272, 273, 274, 275, 276, 277, 278, 279, 280, 281, 282, 284, 285, 286, 289, 290, 291, 292, 293, 294, 295, 296, 297, 298, 300, 301, 302, 303, 304, 305, 306, 307, 308, 309, 310, 311, 312, 313, 314, 315, 316, 317, 318, 319, 320, 322, 323, 324, 325, 328, 330, 331, 334, 336, 337, 338, 339, 340, 341, 342, 343, 344, 345, 346, 347, 348, 349, 350, 351, 352, 353, 356, 357, 358, 359, 360, 361, 362, 364, 365, 367, 368, 369, 370, 371, 372, 373, 374, 375, 376, 377, 378, 379, 381, 382, 383, 384, 385, 386, 388, 389, 390, 392, 393, 395, 396, 397, 398, 399, 400, 401, 403, 404, 406, 407, 408, 409, 410, 413, 414, 415, 417, 418, 419, 420, 421, 422, 424, 425, 426, 427, 429, 430, 431, 432, 433, 434, 435, 436, 437, 438, 439, 440, 442, 443, 444, 445, 446, 447, 449, 450, 451, 453, 454, 456, 457, 459, 462, 463, 465, 466, 467, 468, 470, 471, 473, 474, 475, 476, 477, 478, 479, 480, 482, 483, 484, 485, 486, 488, 489, 490, 491, 492, 493, 494, 496, 498, 499, 500, 501, 502, 503, 506, 507, 508, 509, 511, 512, 513, 514, 515, 517, 518, 519, 520, 521, 523, 524, 525, 526, 527, 528, 529, 531, 533, 534, 535, 536, 537, 538, 539, 540, 542, 543, 544, 546, 547, 548, 549, 550, 551, 553, 554, 555, 557, 558, 559, 561, 562, 563, 564, 565, 566, 567, 569, 570, 571, 572, 573, 574, 575, 576, 578, 581, 582, 583, 584, 585, 587, 588, 589, 590, 591, 592, 593, 594, 596, 597, 598, 601, 602, 604, 606, 607, 608, 609, 611, 612, 613, 614, 617, 618, 619, 620, 621, 622, 623, 624, 625, 626, 627, 628, 629, 632, 633, 634, 635, 636, 637, 638, 639, 640, 641, 642, 643, 644, 646, 647, 648, 649, 650, 651, 652, 653, 657, 658, 659, 660, 661, 662, 663, 665, 666, 667, 669, 670, 672, 673, 674, 676, 677, 678, 680, 682, 683, 684, 685, 686, 687, 689, 690, 691, 692, 693, 694, 695, 696, 697, 698, 699, 702, 703, 704, 705, 706, 707, 708, 709, 710, 712, 713, 714, 715, 716, 717, 718, 719, 720, 721, 722, 723, 724, 725, 726, 727, 731, 732, 733, 734, 735, 736, 739, 740, 741, 743, 744, 745, 746, 748, 749, 750, 751, 752, 753, 754, 755, 756, 757, 759, 760, 761, 762, 763, 764, 765, 766, 767, 768, 769, 770, 771, 773, 774, 775, 776, 777, 778, 780, 781, 782, 783, 784, 786, 787, 791, 792, 793, 795, 796, 797, 798, 799, 800, 801, 802, 803, 804, 805, 807, 808, 809, 810, 811, 812, 813, 814, 815, 816, 817, 818, 820, 821, 822, 823, 824, 825, 826, 827, 828, 829, 830, 831, 832, 833, 834, 835, 837, 838, 841, 842, 843, 844, 846, 847, 849, 850, 853, 854, 855, 856, 857, 858, 859, 860, 861, 862, 863, 864, 865, 867, 868, 869, 870, 871, 872, 874, 875, 876, 877, 878, 880, 881, 882, 883, 884, 885, 886, 887, 888, 889]
[7, 25, 29, 41, 44, 67, 72, 73, 74, 83, 93, 94, 97, 98, 99, 102, 106, 114, 121, 128, 129, 141, 145, 160, 169, 176, 179, 183, 196, 197, 201, 210, 218, 226, 235, 237, 240, 243, 252, 270, 272, 273, 283, 292, 296, 298, 316, 321, 334, 335, 349, 351, 363, 365, 377, 378, 380, 389, 391, 392, 396, 399, 416, 421, 424, 428, 431, 436, 437, 439, 440, 463, 464, 475, 481, 482, 491, 498, 501, 507, 508, 533, 538, 543, 551, 556, 582, 592, 601, 608, 619, 631, 636, 639, 649, 650, 697, 713, 735, 745, 750, 755, 762, 768, 771, 789, 804, 809, 813, 826, 828, 833, 835, 846, 848, 850, 852, 868, 869, 870, 878, 886]

[0, 1, 3, 4, 5, 6, 7, 8, 9, 10, 11, 12, 14, 16, 17, 18, 21, 22, 23, 24, 25, 26, 27, 28, 29, 30, 31, 32, 33, 34, 35, 36, 37, 38, 39, 40, 41, 42, 43, 44, 45, 46, 47, 48, 50, 51, 52, 53, 55, 56, 57, 58, 59, 60, 61, 63, 66, 67, 68, 69, 70, 74, 75, 76, 77, 78, 79, 80, 82, 83, 84, 85, 86, 89, 90, 91, 92, 93, 94, 95, 96, 97, 98, 100, 101, 102, 103, 104, 106, 107, 108, 109, 110, 111, 113, 114, 116, 117, 118, 120, 121, 122, 123, 124, 126, 127, 128, 129, 130, 131, 132, 133, 134, 135, 136, 137, 138, 139, 140, 142, 143, 144, 146, 147, 149, 150, 152, 153, 154, 155, 156, 157, 158, 159, 160, 161, 163, 164, 165, 166, 167, 168, 169, 170, 171, 172, 173, 174, 175, 176, 177, 179, 180, 181, 182, 183, 184, 185, 186, 187, 188, 189, 190, 191, 192, 193, 194, 195, 196, 198, 199, 202, 203, 204, 207, 208, 209, 210, 211, 212, 213, 214, 215, 216, 217, 218, 220, 221, 222, 223, 224, 225, 226, 227, 228, 229, 230, 231, 232, 234, 235, 237, 238, 239, 240, 241, 242, 243, 244, 245, 246, 247, 248, 249, 250, 251, 253, 254, 255, 256, 257, 259, 260, 261, 263, 264, 265, 266, 267, 268, 269, 271, 272, 273, 274, 275, 276, 277, 278, 279, 280, 281, 282, 284, 285, 286, 289, 290, 291, 292, 293, 294, 295, 296, 297, 298, 300, 301, 302, 303, 304, 305, 306, 307, 308, 309, 310, 311, 312, 313, 314, 315, 316, 317, 318, 319, 320, 321, 322, 323, 324, 325, 328, 330, 331, 333, 334, 336, 337, 338, 339, 340, 341, 342, 343, 344, 345, 346, 347, 348, 349, 350, 351, 352, 353, 356, 357, 358, 359, 360, 361, 362, 364, 365, 367, 368, 369, 370, 371, 372, 373, 374, 375, 376, 377, 378, 379, 381, 382, 383, 384, 385, 386, 388, 389, 390, 392, 393, 395, 396, 397, 398, 399, 400, 401, 403, 404, 406, 407, 408, 409, 410, 411, 413, 414, 415, 417, 418, 419, 420, 421, 422, 424, 425, 426, 427, 429, 430, 431, 432, 433, 434, 435, 436, 437, 438, 439, 440, 442, 443, 444, 445, 446, 447, 449, 450, 451, 453, 454, 455, 456, 457, 459, 462, 463, 465, 466, 467, 468, 470, 471, 473, 474, 475, 476, 477, 478, 479, 480, 482, 483, 484, 485, 486, 488, 489, 490, 491, 492, 493, 494, 496, 498, 499, 500, 501, 502, 503, 506, 507, 508, 509, 510, 511, 512, 513, 514, 515, 517, 518, 519, 520, 521, 523, 524, 525, 526, 527, 528, 529, 531, 533, 534, 535, 536, 537, 538, 539, 540, 542, 543, 544, 546, 547, 548, 549, 550, 551, 553, 554, 555, 557, 558, 559, 561, 562, 563, 564, 565, 566, 567, 569, 570, 571, 572, 573, 574, 575, 576, 578, 579, 580, 581, 582, 583, 584, 585, 587, 588, 589, 590, 591, 592, 593, 594, 596, 597, 598, 601, 602, 604, 606, 607, 608, 609, 611, 612, 613, 614, 615, 617, 618, 619, 620, 621, 622, 623, 624, 625, 626, 627, 628, 629, 632, 633, 634, 635, 636, 637, 638, 639, 640, 641, 642, 643, 644, 646, 647, 648, 649, 650, 651, 652, 653, 655, 657, 658, 659, 660, 661, 662, 663, 665, 666, 667, 669, 670, 672, 673, 674, 676, 677, 678, 680, 681, 682, 683, 684, 685, 686, 687, 688, 689, 690, 691, 692, 693, 694, 695, 696, 697, 698, 699, 702, 703, 704, 705, 706, 707, 708, 709, 710, 712, 713, 714, 715, 716, 717, 718, 719, 720, 721, 722, 723, 724, 725, 726, 727, 731, 732, 733, 734, 735, 736, 739, 740, 741, 743, 744, 745, 746, 747, 748, 749, 750, 751, 752, 753, 754, 755, 756, 757, 759, 760, 761, 762, 763, 764, 765, 766, 767, 768, 769, 770, 771, 773, 774, 775, 776, 777, 778, 779, 780, 781, 782, 783, 784, 786, 787, 788, 791, 792, 793, 794, 795, 796, 797, 798, 799, 800, 801, 802, 803, 804, 805, 807, 808, 809, 810, 811, 812, 813, 814, 815, 816, 817, 818, 820, 821, 822, 823, 824, 825, 826, 827, 828, 829, 830, 831, 832, 833, 834, 835, 837, 838, 841, 842, 843, 844, 846, 847, 848, 849, 850, 853, 854, 855, 856, 857, 858, 859, 860, 861, 862, 863, 864, 865, 866, 867, 868, 869, 870, 871, 872, 874, 875, 876, 877, 878, 880, 881, 882, 883, 884, 885, 886, 887, 888, 889]
[7, 25, 29, 41, 44, 67, 72, 73, 74, 83, 93, 94, 97, 98, 99, 102, 106, 114, 121, 128, 129, 141, 145, 160, 169, 176, 179, 183, 196, 197, 201, 210, 218, 226, 235, 237, 240, 243, 252, 270, 272, 273, 283, 292, 296, 298, 316, 321, 334, 335, 349, 351, 363, 365, 377, 378, 380, 389, 391, 392, 396, 399, 416, 421, 424, 428, 431, 436, 437, 439, 440, 463, 464, 475, 481, 482, 491, 498, 501, 507, 508, 533, 538, 543, 551, 556, 582, 592, 601, 608, 619, 631, 636, 639, 649, 650, 697, 713, 735, 745, 750, 755, 762, 768, 771, 789, 804, 809, 813, 826, 828, 833, 835, 846, 848, 850, 852, 868, 869, 870, 878, 886]

[0, 1, 3, 4, 5, 6, 7, 8, 9, 10, 11, 12, 14, 16, 17, 18, 21, 22, 23, 24, 25, 26, 27, 28, 29, 30, 31, 32, 33, 34, 35, 36, 37, 38, 39, 40, 41, 42, 43, 44, 45, 46, 47, 48, 50, 51, 52, 53, 55, 56, 57, 58, 59, 60, 61, 63, 64, 66, 67, 68, 69, 70, 71, 73, 74, 75, 76, 77, 78, 79, 80, 82, 83, 84, 85, 86, 88, 89, 90, 91, 92, 93, 94, 95, 96, 97, 98, 100, 101, 102, 103, 104, 106, 107, 108, 109, 110, 111, 113, 114, 116, 117, 118, 119, 120, 121, 122, 123, 124, 126, 127, 128, 129, 130, 131, 132, 133, 134, 135, 136, 137, 138, 139, 140, 142, 143, 144, 145, 146, 147, 149, 150, 152, 153, 154, 155, 156, 157, 158, 159, 160, 161, 163, 164, 165, 166, 167, 168, 169, 170, 171, 172, 173, 174, 175, 176, 177, 179, 180, 181, 182, 183, 184, 185, 186, 187, 188, 189, 190, 191, 192, 193, 194, 195, 196, 198, 199, 202, 203, 204, 206, 207, 208, 209, 210, 211, 212, 213, 214, 215, 216, 217, 218, 220, 221, 222, 223, 224, 225, 226, 227, 228, 229, 230, 231, 232, 234, 235, 237, 238, 239, 240, 241, 242, 243, 244, 245, 246, 247, 248, 249, 250, 251, 253, 254, 255, 256, 257, 259, 260, 261, 263, 264, 265, 266, 267, 268, 269, 271, 272, 273, 274, 275, 276, 277, 278, 279, 280, 281, 282, 283, 284, 285, 286, 289, 290, 291, 292, 293, 294, 295, 296, 297, 298, 300, 301, 302, 303, 304, 305, 306, 307, 308, 309, 310, 311, 312, 313, 314, 315, 316, 317, 318, 319, 320, 321, 322, 323, 324, 325, 328, 330, 331, 333, 334, 336, 337, 338, 339, 340, 341, 342, 343, 344, 345, 346, 347, 348, 349, 350, 351, 352, 353, 356, 357, 358, 359, 360, 361, 362, 364, 365, 367, 368, 369, 370, 371, 372, 373, 374, 375, 376, 377, 378, 379, 381, 382, 383, 384, 385, 386, 388, 389, 390, 391, 392, 393, 395, 396, 397, 398, 399, 400, 401, 403, 404, 406, 407, 408, 409, 410, 411, 413, 414, 415, 417, 418, 419, 420, 421, 422, 424, 425, 426, 427, 429, 430, 431, 432, 433, 434, 435, 436, 437, 438, 439, 440, 442, 443, 444, 445, 446, 447, 448, 449, 450, 451, 453, 454, 455, 456, 457, 458, 459, 462, 463, 465, 466, 467, 468, 470, 471, 473, 474, 475, 476, 477, 478, 479, 480, 481, 482, 483, 484, 485, 486, 488, 489, 490, 491, 492, 493, 494, 495, 496, 498, 499, 500, 501, 502, 503, 506, 507, 508, 509, 510, 511, 512, 513, 514, 515, 516, 517, 518, 519, 520, 521, 522, 523, 524, 525, 526, 527, 528, 529, 531, 533, 534, 535, 536, 537, 538, 539, 540, 541, 542, 543, 544, 546, 547, 548, 549, 550, 551, 553, 554, 555, 557, 558, 559, 561, 562, 563, 564, 565, 566, 567, 568, 569, 570, 571, 572, 573, 574, 575, 576, 578, 579, 580, 581, 582, 583, 584, 585, 587, 588, 589, 590, 591, 592, 593, 594, 596, 597, 598, 601, 602, 603, 604, 605, 606, 607, 608, 609, 611, 612, 613, 614, 615, 616, 617, 618, 619, 620, 621, 622, 623, 624, 625, 626, 627, 628, 629, 632, 633, 634, 635, 636, 637, 638, 639, 640, 641, 642, 643, 644, 646, 647, 648, 649, 650, 651, 652, 653, 654, 655, 657, 658, 659, 660, 661, 662, 663, 665, 666, 667, 669, 670, 672, 673, 674, 676, 677, 678, 679, 680, 681, 682, 683, 684, 685, 686, 687, 688, 689, 690, 691, 692, 693, 694, 695, 696, 697, 698, 699, 702, 703, 704, 705, 706, 707, 708, 709, 710, 712, 713, 714, 715, 716, 717, 718, 719, 720, 721, 722, 723, 724, 725, 726, 727, 731, 732, 733, 734, 735, 736, 739, 740, 741, 742, 743, 744, 745, 746, 747, 748, 749, 750, 751, 752, 753, 754, 755, 756, 757, 759, 760, 761, 762, 763, 764, 765, 766, 767, 768, 769, 770, 771, 773, 774, 775, 776, 777, 778, 779, 780, 781, 782, 783, 784, 786, 787, 788, 789, 791, 792, 793, 794, 795, 796, 797, 798, 799, 800, 801, 802, 803, 804, 805, 807, 808, 809, 810, 811, 812, 813, 814, 815, 816, 817, 818, 820, 821, 822, 823, 824, 825, 826, 827, 828, 829, 830, 831, 832, 833, 834, 835, 837, 838, 841, 842, 843, 844, 846, 847, 848, 849, 850, 851, 853, 854, 855, 856, 857, 858, 859, 860, 861, 862, 863, 864, 865, 866, 867, 868, 869, 870, 871, 872, 874, 875, 876, 877, 878, 880, 881, 882, 883, 884, 885, 886, 887, 888, 889]
[7, 25, 29, 41, 44, 67, 72, 73, 74, 83, 93, 94, 97, 98, 99, 102, 106, 114, 121, 128, 129, 141, 145, 160, 169, 176, 179, 183, 196, 197, 201, 210, 218, 226, 235, 237, 240, 243, 252, 270, 272, 273, 283, 292, 296, 298, 316, 321, 334, 335, 349, 351, 363, 365, 377, 378, 380, 389, 391, 392, 396, 399, 416, 421, 424, 428, 431, 436, 437, 439, 440, 463, 464, 475, 481, 482, 491, 498, 501, 507, 508, 533, 538, 543, 551, 556, 582, 592, 601, 608, 619, 631, 636, 639, 649, 650, 697, 713, 735, 745, 750, 755, 762, 768, 771, 789, 804, 809, 813, 826, 828, 833, 835, 846, 848, 850, 852, 868, 869, 870, 878, 886]

