[83, 128, 144, 185, 303, 346, 354, 393, 401, 409, 458, 502, 539, 573, 575, 626, 628, 648, 701, 775, 780, 859]
[13, 29, 72, 85, 95, 113, 127, 264, 285, 423, 516, 520, 553, 560, 611, 613, 635, 751, 766, 787, 794, 869]

[83, 128, 144, 185, 303, 346, 354, 393, 401, 409, 458, 502, 539, 573, 575, 626, 628, 648, 701, 775, 780, 859]
[0, 2, 4, 11, 13, 22, 29, 42, 63, 68, 69, 72, 75, 77, 85, 95, 103, 107, 110, 113, 127, 133, 134, 137, 146, 163, 164, 175, 204, 222, 249, 251, 261, 264, 269, 277, 282, 285, 288, 294, 298, 307, 315, 319, 331, 338, 343, 349, 359, 381, 392, 416, 423, 440, 447, 449, 451, 467, 471, 473, 480, 482, 485, 486, 497, 505, 516, 520, 544, 553, 556, 560, 577, 586, 587, 589, 604, 609, 611, 613, 616, 622, 625, 627, 630, 635, 638, 640, 642, 645, 646, 647, 649, 655, 658, 659, 664, 666, 674, 703, 706, 716, 726, 729, 740, 749, 751, 752, 763, 764, 766, 767, 768, 787, 794, 800, 808, 809, 835, 842, 869, 887]

[3, 66, 80, 83, 114, 128, 138, 140, 144, 146, 152, 185, 293, 303, 346, 354, 382, 393, 401, 409, 412, 420, 427, 436, 455, 458, 502, 539, 540, 573, 575, 577, 626, 628, 644, 648, 681, 701, 727, 728, 743, 775, 780, 782, 789, 859, 887]
[0, 2, 4, 11, 13, 22, 29, 42, 63, 68, 69, 72, 75, 77, 85, 95, 103, 107, 110, 113, 127, 133, 134, 137, 146, 163, 164, 175, 204, 222, 249, 251, 261, 264, 269, 277, 282, 285, 288, 294, 298, 307, 315, 319, 331, 338, 343, 349, 359, 381, 392, 416, 423, 440, 447, 449, 451, 467, 471, 473, 480, 482, 485, 486, 497, 505, 516, 520, 544, 553, 556, 560, 577, 586, 587, 589, 604, 609, 611, 613, 616, 622, 625, 627, 630, 635, 638, 640, 642, 645, 646, 647, 649, 655, 658, 659, 664, 666, 674, 703, 706, 716, 726, 729, 740, 749, 751, 752, 763, 764, 766, 767, 768, 787, 794, 800, 808, 809, 835, 842, 869, 887]

[0, 2, 3, 19, 49, 58, 66, 80, 83, 92, 110, 114, 127, 128, 138, 140, 144, 146, 152, 158, 173, 185, 187, 203, 274, 275, 284, 293, 303, 332, 346, 354, 382, 392, 393, 401, 409, 412, 420, 427, 436, 450, 455, 458, 502, 512, 539, 540, 565, 573, 575, 577, 620, 622, 626, 628, 644, 648, 681, 701, 727, 728, 743, 754, 775, 780, 782, 789, 797, 810, 816, 859, 879, 887]
[0, 2, 4, 11, 13, 22, 29, 42, 63, 68, 69, 72, 75, 77, 85, 95, 103, 107, 110, 113, 127, 133, 134, 137, 146, 163, 164, 175, 204, 222, 249, 251, 261, 264, 269, 277, 282, 285, 288, 294, 298, 307, 315, 319, 331, 338, 343, 349, 359, 381, 392, 416, 423, 440, 447, 449, 451, 467, 471, 473, 480, 482, 485, 486, 497, 505, 516, 520, 544, 553, 556, 560, 577, 586, 587, 589, 604, 609, 611, 613, 616, 622, 625, 627, 630, 635, 638, 640, 642, 645, 646, 647, 649, 655, 658, 659, 664, 666, 674, 703, 706, 716, 726, 729, 740, 749, 751, 752, 763, 764, 766, 767, 768, 787, 794, 800, 808, 809, 835, 842, 869, 887]

[0, 2, 3, 19, 49, 53, 58, 62, 66, 80, 83, 91, 92, 95, 109, 110, 114, 127, 128, 135, 138, 140, 144, 146, 152, 155, 158, 173, 185, 187, 191, 203, 227, 245, 257, 274, 275, 283, 284, 293, 303, 314, 332, 346, 354, 378, 382, 392, 393, 401, 409, 412, 420, 427, 436, 437, 450, 455, 458, 502, 512, 539, 540, 565, 573, 575, 577, 620, 622, 626, 628, 635, 644, 648, 681, 682, 690, 701, 719, 727, 728, 729, 743, 747, 754, 770, 775, 776, 780, 782, 789, 797, 810, 816, 836, 857, 859, 879, 887]
[0, 2, 4, 11, 13, 22, 29, 42, 63, 68, 69, 72, 75, 77, 85, 95, 103, 107, 110, 113, 127, 133, 134, 137, 146, 163, 164, 175, 204, 222, 249, 251, 261, 264, 269, 277, 282, 285, 288, 294, 298, 307, 315, 319, 331, 338, 343, 349, 359, 381, 392, 416, 423, 440, 447, 449, 451, 467, 471, 473, 480, 482, 485, 486, 497, 505, 516, 520, 544, 553, 556, 560, 577, 586, 587, 589, 604, 609, 611, 613, 616, 622, 625, 627, 630, 635, 638, 640, 642, 645, 646, 647, 649, 655, 658, 659, 664, 666, 674, 703, 706, 716, 726, 729, 740, 749, 751, 752, 763, 764, 766, 767, 768, 787, 794, 800, 808, 809, 835, 842, 869, 887]

[0, 2, 3, 19, 41, 49, 53, 58, 62, 64, 66, 80, 83, 91, 92, 95, 97, 109, 110, 113, 114, 115, 127, 128, 135, 138, 140, 144, 146, 152, 155, 158, 164, 173, 185, 187, 188, 191, 203, 223, 227, 229, 238, 245, 257, 274, 275, 283, 284, 293, 303, 314, 332, 346, 354, 378, 379, 382, 392, 393, 401, 406, 409, 412, 420, 427, 428, 430, 436, 437, 450, 455, 456, 458, 473, 491, 502, 512, 539, 540, 565, 573, 575, 577, 603, 620, 622, 626, 628, 635, 639, 643, 644, 646, 648, 669, 681, 682, 690, 691, 701, 719, 727, 728, 729, 741, 743, 747, 754, 760, 770, 772, 775, 776, 780, 782, 789, 797, 808, 810, 816, 836, 857, 859, 879, 887]
[0, 2, 4, 11, 13, 22, 29, 42, 63, 68, 69, 72, 75, 77, 85, 95, 103, 107, 110, 113, 127, 133, 134, 137, 146, 163, 164, 175, 204, 222, 249, 251, 261, 264, 269, 277, 282, 285, 288, 294, 298, 307, 315, 319, 331, 338, 343, 349, 359, 381, 392, 416, 423, 440, 447, 449, 451, 467, 471, 473, 480, 482, 485, 486, 497, 505, 516, 520, 544, 553, 556, 560, 577, 586, 587, 589, 604, 609, 611, 613, 616, 622, 625, 627, 630, 635, 638, 640, 642, 645, 646, 647, 649, 655, 658, 659, 664, 666, 674, 703, 706, 716, 726, 729, 740, 749, 751, 752, 763, 764, 766, 767, 768, 787, 794, 800, 808, 809, 835, 842, 869, 887]

[0, 2, 3, 19, 20, 41, 49, 53, 58, 62, 64, 66, 69, 72, 78, 80, 81, 83, 84, 91, 92, 95, 97, 109, 110, 113, 114, 115, 117, 127, 128, 135, 136, 138, 140, 144, 146, 152, 155, 158, 164, 173, 185, 187, 188, 191, 194, 203, 223, 227, 229, 238, 245, 257, 274, 275, 282, 283, 284, 293, 303, 314, 332, 342, 346, 354, 359, 374, 378, 379, 382, 392, 393, 401, 406, 409, 412, 420, 427, 428, 430, 436, 437, 450, 455, 456, 458, 473, 487, 491, 502, 512, 517, 525, 539, 540, 541, 565, 573, 575, 577, 578, 588, 603, 620, 622, 626, 628, 635, 639, 643, 644, 646, 648, 658, 669, 681, 682, 690, 691, 701, 706, 719, 721, 724, 727, 728, 729, 741, 743, 747, 754, 760, 770, 772, 775, 776, 780, 782, 788, 789, 797, 808, 810, 812, 816, 836, 857, 859, 868, 874, 879, 887]
[0, 2, 4, 11, 13, 22, 29, 42, 63, 68, 69, 72, 75, 77, 85, 95, 103, 107, 110, 113, 127, 133, 134, 137, 146, 163, 164, 175, 204, 222, 249, 251, 261, 264, 269, 277, 282, 285, 288, 294, 298, 307, 315, 319, 331, 338, 343, 349, 359, 381, 392, 416, 423, 440, 447, 449, 451, 467, 471, 473, 480, 482, 485, 486, 497, 505, 516, 520, 544, 553, 556, 560, 577, 586, 587, 589, 604, 609, 611, 613, 616, 622, 625, 627, 630, 635, 638, 640, 642, 645, 646, 647, 649, 655, 658, 659, 664, 666, 674, 703, 706, 716, 726, 729, 740, 749, 751, 752, 763, 764, 766, 767, 768, 787, 794, 800, 808, 809, 835, 842, 869, 887]

[0, 2, 3, 19, 20, 41, 49, 53, 58, 62, 64, 66, 69, 72, 78, 80, 81, 83, 84, 86, 91, 92, 95, 97, 101, 109, 110, 111, 113, 114, 115, 117, 127, 128, 135, 136, 138, 140, 144, 146, 152, 154, 155, 158, 164, 166, 173, 185, 187, 188, 191, 193, 194, 202, 203, 223, 227, 229, 238, 245, 257, 260, 274, 275, 282, 283, 284, 293, 303, 314, 332, 342, 346, 354, 359, 370, 374, 378, 379, 382, 392, 393, 401, 406, 407, 409, 412, 420, 427, 428, 430, 436, 437, 450, 455, 456, 458, 461, 463, 473, 474, 487, 491, 502, 512, 517, 525, 533, 534, 535, 539, 540, 541, 565, 570, 573, 575, 577, 578, 588, 590, 603, 620, 622, 626, 628, 635, 639, 643, 644, 646, 648, 656, 658, 669, 673, 680, 681, 682, 690, 691, 701, 706, 719, 721, 724, 727, 728, 729, 732, 741, 743, 747, 754, 760, 770, 772, 773, 775, 776, 780, 782, 788, 789, 791, 797, 808, 810, 812, 816, 823, 836, 857, 859, 868, 874, 879, 887]
[0, 2, 4, 11, 13, 22, 29, 42, 63, 68, 69, 72, 75, 77, 85, 95, 103, 107, 110, 113, 127, 133, 134, 137, 146, 163, 164, 175, 204, 222, 249, 251, 261, 264, 269, 277, 282, 285, 288, 294, 298, 307, 315, 319, 331, 338, 343, 349, 359, 381, 392, 416, 423, 440, 447, 449, 451, 467, 471, 473, 480, 482, 485, 486, 497, 505, 516, 520, 544, 553, 556, 560, 577, 586, 587, 589, 604, 609, 611, 613, 616, 622, 625, 627, 630, 635, 638, 640, 642, 645, 646, 647, 649, 655, 658, 659, 664, 666, 674, 703, 706, 716, 726, 729, 740, 749, 751, 752, 763, 764, 766, 767, 768, 787, 794, 800, 808, 809, 835, 842, 869, 887]

[0, 2, 3, 19, 20, 41, 49, 53, 58, 62, 64, 66, 69, 72, 78, 80, 81, 83, 84, 86, 91, 92, 95, 97, 101, 107, 109, 110, 111, 113, 114, 115, 117, 127, 128, 130, 135, 136, 138, 140, 144, 146, 152, 154, 155, 158, 164, 166, 173, 185, 186, 187, 188, 191, 193, 194, 202, 203, 223, 227, 229, 233, 234, 238, 239, 245, 256, 257, 258, 260, 268, 274, 275, 282, 283, 284, 293, 303, 314, 324, 332, 342, 346, 354, 359, 370, 374, 378, 379, 382, 392, 393, 396, 401, 406, 407, 409, 411, 412, 420, 426, 427, 428, 430, 436, 437, 439, 450, 455, 456, 458, 461, 463, 469, 473, 474, 487, 491, 502, 512, 517, 525, 530, 533, 534, 535, 539, 540, 541, 565, 570, 573, 575, 577, 578, 588, 590, 596, 600, 603, 620, 622, 626, 628, 633, 635, 639, 643, 644, 646, 648, 656, 658, 664, 669, 673, 679, 680, 681, 682, 690, 691, 701, 706, 719, 721, 724, 727, 728, 729, 732, 741, 743, 747, 754, 760, 770, 772, 773, 775, 776, 780, 782, 788, 789, 791, 797, 808, 810, 812, 816, 817, 823, 836, 846, 857, 858, 859, 864, 868, 874, 879, 887]
[0, 2, 4, 11, 13, 22, 29, 42, 63, 68, 69, 72, 75, 77, 85, 95, 103, 107, 110, 113, 127, 133, 134, 137, 146, 163, 164, 175, 204, 222, 249, 251, 261, 264, 269, 277, 282, 285, 288, 294, 298, 307, 315, 319, 331, 338, 343, 349, 359, 381, 392, 416, 423, 440, 447, 449, 451, 467, 471, 473, 480, 482, 485, 486, 497, 505, 516, 520, 544, 553, 556, 560, 577, 586, 587, 589, 604, 609, 611, 613, 616, 622, 625, 627, 630, 635, 638, 640, 642, 645, 646, 647, 649, 655, 658, 659, 664, 666, 674, 703, 706, 716, 726, 729, 740, 749, 751, 752, 763, 764, 766, 767, 768, 787, 794, 800, 808, 809, 835, 842, 869, 887]

[0, 2, 3, 17, 19, 20, 28, 41, 44, 49, 52, 53, 57, 58, 62, 64, 66, 69, 72, 78, 80, 81, 83, 84, 86, 91, 92, 95, 97, 101, 107, 109, 110, 111, 113, 114, 115, 117, 126, 127, 128, 130, 135, 136, 138, 140, 144, 146, 152, 154, 155, 157, 158, 164, 166, 170, 173, 176, 185, 186, 187, 188, 191, 193, 194, 202, 203, 223, 227, 229, 230, 233, 234, 238, 239, 243, 245, 252, 254, 256, 257, 258, 260, 268, 274, 275, 282, 283, 284, 293, 303, 309, 314, 324, 332, 342, 346, 354, 359, 362, 366, 370, 374, 378, 379, 382, 392, 393, 396, 401, 406, 407, 409, 411, 412, 420, 426, 427, 428, 430, 436, 437, 439, 442, 450, 455, 456, 458, 461, 463, 469, 473, 474, 487, 491, 500, 502, 512, 517, 525, 530, 533, 534, 535, 539, 540, 541, 546, 549, 551, 558, 563, 565, 570, 573, 575, 577, 578, 588, 590, 596, 600, 603, 620, 622, 626, 628, 633, 635, 639, 643, 644, 646, 648, 656, 658, 664, 669, 670, 673, 679, 680, 681, 682, 690, 691, 701, 706, 719, 721, 724, 727, 728, 729, 732, 733, 741, 743, 747, 754, 758, 759, 760, 770, 772, 773, 775, 776, 780, 782, 788, 789, 791, 797, 808, 810, 812, 816, 817, 823, 824, 836, 844, 846, 855, 857, 858, 859, 864, 868, 871, 874, 876, 879, 887]
[0, 2, 4, 11, 13, 22, 29, 42, 63, 68, 69, 72, 75, 77, 85, 95, 103, 107, 110, 113, 127, 133, 134, 137, 146, 163, 164, 175, 204, 222, 249, 251, 261, 264, 269, 277, 282, 285, 288, 294, 298, 307, 315, 319, 331, 338, 343, 349, 359, 381, 392, 416, 423, 440, 447, 449, 451, 467, 471, 473, 480, 482, 485, 486, 497, 505, 516, 520, 544, 553, 556, 560, 577, 586, 587, 589, 604, 609, 611, 613, 616, 622, 625, 627, 630, 635, 638, 640, 642, 645, 646, 647, 649, 655, 658, 659, 664, 666, 674, 703, 706, 716, 726, 729, 740, 749, 751, 752, 763, 764, 766, 767, 768, 787, 794, 800, 808, 809, 835, 842, 869, 887]

[0, 2, 3, 17, 19, 20, 28, 41, 44, 49, 52, 53, 57, 58, 62, 64, 66, 69, 72, 78, 80, 81, 83, 84, 86, 91, 92, 95, 97, 101, 107, 109, 110, 111, 113, 114, 115, 117, 126, 127, 128, 130, 132, 135, 136, 138, 140, 144, 146, 152, 154, 155, 157, 158, 164, 166, 170, 173, 176, 185, 186, 187, 188, 191, 193, 194, 202, 203, 223, 225, 227, 229, 230, 233, 234, 238, 239, 243, 245, 246, 252, 254, 256, 257, 258, 260, 266, 268, 274, 275, 282, 283, 284, 293, 302, 303, 309, 314, 319, 324, 332, 342, 346, 354, 359, 362, 363, 365, 366, 370, 374, 378, 379, 382, 384, 392, 393, 396, 398, 401, 406, 407, 409, 411, 412, 420, 426, 427, 428, 430, 433, 436, 437, 439, 442, 450, 455, 456, 458, 461, 463, 469, 473, 474, 487, 491, 500, 502, 512, 517, 525, 530, 533, 534, 535, 539, 540, 541, 544, 546, 549, 551, 558, 560, 563, 565, 569, 570, 571, 573, 575, 577, 578, 588, 590, 596, 597, 600, 603, 620, 622, 626, 628, 633, 635, 639, 643, 644, 646, 648, 649, 656, 658, 664, 669, 670, 673, 679, 680, 681, 682, 690, 691, 699, 701, 706, 719, 721, 724, 727, 728, 729, 732, 733, 734, 741, 743, 747, 754, 758, 759, 760, 770, 772, 773, 775, 776, 780, 782, 788, 789, 791, 797, 802, 805, 806, 808, 810, 812, 816, 817, 823, 824, 830, 836, 844, 846, 849, 855, 857, 858, 859, 864, 868, 871, 874, 876, 879, 887, 889]
[0, 2, 4, 11, 13, 22, 29, 42, 63, 68, 69, 72, 75, 77, 85, 95, 103, 107, 110, 113, 127, 133, 134, 137, 146, 163, 164, 175, 204, 222, 249, 251, 261, 264, 269, 277, 282, 285, 288, 294, 298, 307, 315, 319, 331, 338, 343, 349, 359, 381, 392, 416, 423, 440, 447, 449, 451, 467, 471, 473, 480, 482, 485, 486, 497, 505, 516, 520, 544, 553, 556, 560, 577, 586, 587, 589, 604, 609, 611, 613, 616, 622, 625, 627, 630, 635, 638, 640, 642, 645, 646, 647, 649, 655, 658, 659, 664, 666, 674, 703, 706, 716, 726, 729, 740, 749, 751, 752, 763, 764, 766, 767, 768, 787, 794, 800, 808, 809, 835, 842, 869, 887]

[0, 2, 3, 17, 19, 20, 28, 41, 44, 49, 52, 53, 57, 58, 62, 64, 66, 69, 72, 78, 80, 81, 83, 84, 86, 91, 92, 95, 97, 101, 106, 107, 109, 110, 111, 113, 114, 115, 117, 126, 127, 128, 130, 132, 135, 136, 138, 140, 144, 146, 152, 154, 155, 157, 158, 164, 166, 170, 173, 176, 185, 186, 187, 188, 191, 193, 194, 202, 203, 212, 223, 225, 227, 229, 230, 233, 234, 238, 239, 243, 245, 246, 250, 252, 254, 256, 257, 258, 260, 266, 268, 274, 275, 280, 282, 283, 284, 293, 296, 302, 303, 309, 314, 319, 324, 325, 328, 332, 340, 342, 346, 354, 359, 362, 363, 365, 366, 370, 371, 374, 378, 379, 382, 384, 391, 392, 393, 395, 396, 398, 401, 406, 407, 409, 411, 412, 420, 426, 427, 428, 430, 431, 433, 436, 437, 439, 442, 450, 455, 456, 458, 461, 463, 469, 470, 473, 474, 487, 490, 491, 500, 502, 510, 512, 516, 517, 525, 530, 533, 534, 535, 539, 540, 541, 544, 546, 549, 551, 553, 558, 560, 563, 565, 569, 570, 571, 573, 575, 577, 578, 588, 590, 596, 597, 600, 603, 615, 620, 622, 626, 628, 633, 635, 639, 643, 644, 646, 648, 649, 656, 658, 664, 669, 670, 673, 679, 680, 681, 682, 690, 691, 699, 701, 706, 711, 719, 721, 724, 727, 728, 729, 732, 733, 734, 741, 743, 747, 749, 754, 758, 759, 760, 770, 772, 773, 775, 776, 780, 782, 788, 789, 791, 797, 801, 802, 805, 806, 808, 810, 812, 816, 817, 823, 824, 830, 836, 844, 846, 848, 849, 855, 857, 858, 859, 863, 864, 868, 869, 871, 874, 876, 879, 885, 887, 889]
[0, 2, 4, 11, 13, 22, 29, 42, 63, 68, 69, 72, 75, 77, 85, 95, 103, 107, 110, 113, 127, 133, 134, 137, 146, 163, 164, 175, 204, 222, 249, 251, 261, 264, 269, 277, 282, 285, 288, 294, 298, 307, 315, 319, 331, 338, 343, 349, 359, 381, 392, 416, 423, 440, 447, 449, 451, 467, 471, 473, 480, 482, 485, 486, 497, 505, 516, 520, 544, 553, 556, 560, 577, 586, 587, 589, 604, 609, 611, 613, 616, 622, 625, 627, 630, 635, 638, 640, 642, 645, 646, 647, 649, 655, 658, 659, 664, 666, 674, 703, 706, 716, 726, 729, 740, 749, 751, 752, 763, 764, 766, 767, 768, 787, 794, 800, 808, 809, 835, 842, 869, 887]

[0, 2, 3, 17, 19, 20, 28, 41, 44, 49, 52, 53, 57, 58, 62, 64, 66, 68, 69, 72, 78, 80, 81, 83, 84, 86, 91, 92, 95, 97, 101, 106, 107, 109, 110, 111, 113, 114, 115, 117, 124, 126, 127, 128, 130, 132, 135, 136, 138, 140, 144, 146, 147, 152, 154, 155, 157, 158, 164, 166, 170, 173, 176, 185, 186, 187, 188, 191, 192, 193, 194, 202, 203, 212, 223, 225, 227, 229, 230, 233, 234, 238, 239, 243, 245, 246, 250, 252, 254, 256, 257, 258, 260, 266, 268, 274, 275, 280, 282, 283, 284, 285, 293, 296, 301, 302, 303, 309, 310, 314, 319, 324, 325, 326, 327, 328, 332, 340, 342, 346, 354, 358, 359, 362, 363, 365, 366, 370, 371, 374, 377, 378, 379, 382, 384, 391, 392, 393, 395, 396, 398, 401, 406, 407, 409, 411, 412, 420, 426, 427, 428, 430, 431, 433, 436, 437, 439, 442, 450, 455, 456, 458, 461, 463, 469, 470, 473, 474, 487, 490, 491, 500, 502, 510, 512, 516, 517, 525, 530, 533, 534, 535, 539, 540, 541, 544, 546, 549, 551, 553, 558, 560, 563, 565, 569, 570, 571, 573, 575, 577, 578, 581, 588, 590, 596, 597, 600, 603, 612, 615, 620, 622, 626, 627, 628, 633, 635, 639, 640, 643, 644, 646, 648, 649, 656, 658, 664, 669, 670, 673, 678, 679, 680, 681, 682, 688, 690, 691, 699, 701, 706, 708, 711, 719, 721, 724, 727, 728, 729, 732, 733, 734, 737, 741, 743, 747, 749, 754, 758, 759, 760, 763, 765, 770, 772, 773, 775, 776, 780, 782, 788, 789, 791, 796, 797, 801, 802, 805, 806, 808, 810, 812, 816, 817, 823, 824, 830, 836, 840, 844, 846, 848, 849, 855, 857, 858, 859, 863, 864, 868, 869, 871, 873, 874, 876, 879, 885, 886, 887, 889]
[0, 2, 4, 11, 13, 22, 29, 42, 63, 68, 69, 72, 75, 77, 85, 95, 103, 107, 110, 113, 127, 133, 134, 137, 146, 163, 164, 175, 204, 222, 249, 251, 261, 264, 269, 277, 282, 285, 288, 294, 298, 307, 315, 319, 331, 338, 343, 349, 359, 381, 392, 416, 423, 440, 447, 449, 451, 467, 471, 473, 480, 482, 485, 486, 497, 505, 516, 520, 544, 553, 556, 560, 577, 586, 587, 589, 604, 609, 611, 613, 616, 622, 625, 627, 630, 635, 638, 640, 642, 645, 646, 647, 649, 655, 658, 659, 664, 666, 674, 703, 706, 716, 726, 729, 740, 749, 751, 752, 763, 764, 766, 767, 768, 787, 794, 800, 808, 809, 835, 842, 869, 887]

[0, 2, 3, 17, 19, 20, 28, 41, 44, 49, 52, 53, 57, 58, 62, 64, 66, 68, 69, 72, 78, 80, 81, 83, 84, 86, 91, 92, 95, 97, 101, 106, 107, 109, 110, 111, 112, 113, 114, 115, 117, 124, 126, 127, 128, 130, 132, 135, 136, 138, 140, 144, 146, 147, 149, 152, 154, 155, 156, 157, 158, 164, 166, 170, 173, 176, 185, 186, 187, 188, 191, 192, 193, 194, 202, 203, 212, 223, 225, 227, 229, 230, 233, 234, 238, 239, 243, 245, 246, 250, 252, 254, 256, 257, 258, 260, 262, 266, 268, 274, 275, 280, 282, 283, 284, 285, 287, 293, 296, 301, 302, 303, 309, 310, 314, 319, 324, 325, 326, 327, 328, 329, 332, 340, 342, 346, 354, 358, 359, 362, 363, 365, 366, 370, 371, 373, 374, 377, 378, 379, 382, 384, 390, 391, 392, 393, 395, 396, 398, 401, 406, 407, 409, 411, 412, 417, 420, 426, 427, 428, 430, 431, 433, 436, 437, 439, 442, 450, 455, 456, 458, 461, 462, 463, 469, 470, 473, 474, 487, 490, 491, 500, 502, 508, 510, 512, 516, 517, 525, 528, 529, 530, 533, 534, 535, 539, 540, 541, 544, 546, 549, 551, 553, 558, 560, 563, 565, 569, 570, 571, 573, 575, 577, 578, 579, 581, 587, 588, 590, 591, 596, 597, 600, 603, 612, 615, 620, 622, 626, 627, 628, 633, 635, 639, 640, 643, 644, 646, 648, 649, 656, 658, 664, 669, 670, 673, 678, 679, 680, 681, 682, 684, 686, 688, 690, 691, 699, 701, 706, 708, 709, 711, 712, 719, 721, 724, 727, 728, 729, 731, 732, 733, 734, 737, 741, 743, 747, 749, 754, 758, 759, 760, 763, 765, 770, 772, 773, 775, 776, 779, 780, 782, 788, 789, 791, 796, 797, 801, 802, 804, 805, 806, 808, 810, 812, 816, 817, 823, 824, 830, 836, 840, 844, 846, 848, 849, 852, 855, 857, 858, 859, 863, 864, 868, 869, 871, 873, 874, 876, 879, 881, 885, 886, 887, 889]
[0, 2, 4, 11, 13, 22, 29, 42, 63, 68, 69, 72, 75, 77, 85, 95, 103, 107, 110, 113, 127, 133, 134, 137, 146, 163, 164, 175, 204, 222, 249, 251, 261, 264, 269, 277, 282, 285, 288, 294, 298, 307, 315, 319, 331, 338, 343, 349, 359, 381, 392, 416, 423, 440, 447, 449, 451, 467, 471, 473, 480, 482, 485, 486, 497, 505, 516, 520, 544, 553, 556, 560, 577, 586, 587, 589, 604, 609, 611, 613, 616, 622, 625, 627, 630, 635, 638, 640, 642, 645, 646, 647, 649, 655, 658, 659, 664, 666, 674, 703, 706, 716, 726, 729, 740, 749, 751, 752, 763, 764, 766, 767, 768, 787, 794, 800, 808, 809, 835, 842, 869, 887]

[0, 2, 3, 17, 18, 19, 20, 28, 41, 42, 44, 49, 50, 52, 53, 57, 58, 62, 63, 64, 66, 68, 69, 72, 78, 80, 81, 83, 84, 86, 88, 91, 92, 95, 97, 101, 106, 107, 108, 109, 110, 111, 112, 113, 114, 115, 117, 124, 126, 127, 128, 130, 131, 132, 135, 136, 138, 140, 144, 146, 147, 149, 152, 154, 155, 156, 157, 158, 163, 164, 166, 170, 173, 176, 181, 185, 186, 187, 188, 191, 192, 193, 194, 198, 202, 203, 209, 212, 223, 225, 227, 229, 230, 233, 234, 238, 239, 243, 245, 246, 250, 252, 254, 256, 257, 258, 260, 262, 266, 268, 271, 274, 275, 280, 282, 283, 284, 285, 287, 293, 296, 301, 302, 303, 309, 310, 314, 318, 319, 324, 325, 326, 327, 328, 329, 332, 340, 342, 346, 350, 354, 358, 359, 360, 362, 363, 365, 366, 370, 371, 373, 374, 377, 378, 379, 380, 382, 383, 384, 390, 391, 392, 393, 395, 396, 398, 401, 406, 407, 409, 411, 412, 415, 417, 420, 426, 427, 428, 430, 431, 432, 433, 436, 437, 439, 442, 450, 455, 456, 458, 461, 462, 463, 469, 470, 473, 474, 487, 490, 491, 500, 502, 508, 510, 512, 516, 517, 525, 528, 529, 530, 533, 534, 535, 539, 540, 541, 544, 546, 549, 551, 553, 558, 560, 563, 565, 566, 569, 570, 571, 573, 575, 577, 578, 579, 581, 587, 588, 590, 591, 596, 597, 600, 603, 612, 615, 620, 622, 626, 627, 628, 633, 635, 639, 640, 643, 644, 646, 648, 649, 656, 658, 664, 669, 670, 673, 678, 679, 680, 681, 682, 684, 686, 688, 689, 690, 691, 699, 701, 706, 708, 709, 711, 712, 719, 721, 724, 727, 728, 729, 731, 732, 733, 734, 736, 737, 741, 743, 747, 749, 754, 758, 759, 760, 763, 765, 770, 772, 773, 774, 775, 776, 777, 779, 780, 782, 788, 789, 791, 796, 797, 801, 802, 804, 805, 806, 808, 810, 812, 816, 817, 821, 823, 824, 830, 836, 840, 844, 846, 848, 849, 852, 855, 857, 858, 859, 863, 864, 868, 869, 871, 873, 874, 876, 879, 881, 885, 886, 887, 889]
[0, 2, 4, 11, 13, 22, 29, 42, 63, 68, 69, 72, 75, 77, 85, 95, 103, 107, 110, 113, 127, 133, 134, 137, 146, 163, 164, 175, 204, 222, 249, 251, 261, 264, 269, 277, 282, 285, 288, 294, 298, 307, 315, 319, 331, 338, 343, 349, 359, 381, 392, 416, 423, 440, 447, 449, 451, 467, 471, 473, 480, 482, 485, 486, 497, 505, 516, 520, 544, 553, 556, 560, 577, 586, 587, 589, 604, 609, 611, 613, 616, 622, 625, 627, 630, 635, 638, 640, 642, 645, 646, 647, 649, 655, 658, 659, 664, 666, 674, 703, 706, 716, 726, 729, 740, 749, 751, 752, 763, 764, 766, 767, 768, 787, 794, 800, 808, 809, 835, 842, 869, 887]

[0, 2, 3, 17, 18, 19, 20, 24, 28, 41, 42, 44, 49, 50, 52, 53, 57, 58, 62, 63, 64, 66, 68, 69, 72, 73, 78, 80, 81, 83, 84, 85, 86, 88, 91, 92, 95, 97, 101, 103, 106, 107, 108, 109, 110, 111, 112, 113, 114, 115, 117, 123, 124, 126, 127, 128, 130, 131, 132, 135, 136, 138, 140, 144, 146, 147, 149, 152, 154, 155, 156, 157, 158, 163, 164, 166, 170, 173, 174, 176, 178, 181, 183, 185, 186, 187, 188, 191, 192, 193, 194, 198, 202, 203, 205, 209, 212, 223, 225, 227, 229, 230, 233, 234, 238, 239, 243, 245, 246, 247, 250, 252, 254, 256, 257, 258, 260, 262, 266, 268, 271, 273, 274, 275, 280, 281, 282, 283, 284, 285, 287, 293, 296, 300, 301, 302, 303, 306, 307, 309, 310, 314, 318, 319, 324, 325, 326, 327, 328, 329, 332, 340, 342, 346, 350, 354, 358, 359, 360, 362, 363, 365, 366, 370, 371, 373, 374, 377, 378, 379, 380, 382, 383, 384, 390, 391, 392, 393, 395, 396, 398, 401, 405, 406, 407, 409, 411, 412, 415, 417, 420, 426, 427, 428, 430, 431, 432, 433, 436, 437, 439, 442, 450, 452, 455, 456, 458, 461, 462, 463, 469, 470, 473, 474, 487, 490, 491, 492, 500, 502, 506, 508, 510, 512, 516, 517, 525, 528, 529, 530, 533, 534, 535, 539, 540, 541, 544, 546, 549, 551, 553, 558, 560, 563, 565, 566, 569, 570, 571, 573, 575, 577, 578, 579, 581, 587, 588, 590, 591, 596, 597, 600, 603, 612, 614, 615, 620, 622, 626, 627, 628, 629, 633, 635, 639, 640, 643, 644, 646, 648, 649, 656, 658, 664, 669, 670, 672, 673, 678, 679, 680, 681, 682, 684, 686, 688, 689, 690, 691, 699, 701, 706, 708, 709, 710, 711, 712, 719, 721, 724, 727, 728, 729, 731, 732, 733, 734, 736, 737, 741, 743, 747, 749, 754, 755, 758, 759, 760, 763, 765, 770, 772, 773, 774, 775, 776, 777, 779, 780, 782, 788, 789, 791, 796, 797, 801, 802, 804, 805, 806, 808, 810, 812, 816, 817, 821, 823, 824, 830, 836, 840, 844, 846, 848, 849, 852, 853, 855, 857, 858, 859, 863, 864, 868, 869, 871, 873, 874, 876, 879, 881, 885, 886, 887, 889]
[0, 2, 4, 11, 13, 22, 29, 42, 63, 68, 69, 72, 75, 77, 85, 95, 103, 107, 110, 113, 127, 133, 134, 137, 146, 163, 164, 175, 204, 222, 249, 251, 261, 264, 269, 277, 282, 285, 288, 294, 298, 307, 315, 319, 331, 338, 343, 349, 359, 381, 392, 416, 423, 440, 447, 449, 451, 467, 471, 473, 480, 482, 485, 486, 497, 505, 516, 520, 544, 553, 556, 560, 577, 586, 587, 589, 604, 609, 611, 613, 616, 622, 625, 627, 630, 635, 638, 640, 642, 645, 646, 647, 649, 655, 658, 659, 664, 666, 674, 703, 706, 716, 726, 729, 740, 749, 751, 752, 763, 764, 766, 767, 768, 787, 794, 800, 808, 809, 835, 842, 869, 887]

[0, 2, 3, 17, 18, 19, 20, 24, 28, 33, 41, 42, 44, 46, 49, 50, 52, 53, 56, 57, 58, 62, 63, 64, 66, 68, 69, 70, 72, 73, 78, 80, 81, 83, 84, 85, 86, 88, 91, 92, 93, 95, 97, 100, 101, 103, 106, 107, 108, 109, 110, 111, 112, 113, 114, 115, 117, 123, 124, 126, 127, 128, 130, 131, 132, 135, 136, 138, 140, 144, 146, 147, 148, 149, 152, 154, 155, 156, 157, 158, 163, 164, 166, 170, 173, 174, 176, 178, 181, 183, 185, 186, 187, 188, 191, 192, 193, 194, 198, 199, 202, 203, 205, 209, 212, 223, 224, 225, 227, 229, 230, 231, 233, 234, 238, 239, 243, 245, 246, 247, 249, 250, 252, 254, 256, 257, 258, 260, 262, 266, 268, 271, 273, 274, 275, 280, 281, 282, 283, 284, 285, 287, 293, 296, 300, 301, 302, 303, 306, 307, 309, 310, 314, 318, 319, 324, 325, 326, 327, 328, 329, 332, 339, 340, 342, 343, 346, 348, 350, 352, 354, 358, 359, 360, 362, 363, 365, 366, 370, 371, 373, 374, 377, 378, 379, 380, 382, 383, 384, 390, 391, 392, 393, 395, 396, 398, 401, 405, 406, 407, 409, 411, 412, 415, 417, 420, 426, 427, 428, 430, 431, 432, 433, 434, 436, 437, 439, 442, 449, 450, 452, 455, 456, 458, 461, 462, 463, 469, 470, 473, 474, 484, 487, 490, 491, 492, 500, 502, 506, 508, 510, 512, 516, 517, 525, 528, 529, 530, 533, 534, 535, 539, 540, 541, 544, 546, 549, 551, 553, 558, 560, 563, 565, 566, 569, 570, 571, 573, 575, 577, 578, 579, 581, 586, 587, 588, 590, 591, 596, 597, 600, 603, 612, 614, 615, 616, 620, 622, 626, 627, 628, 629, 633, 635, 639, 640, 643, 644, 646, 648, 649, 656, 658, 664, 669, 670, 672, 673, 678, 679, 680, 681, 682, 684, 686, 688, 689, 690, 691, 693, 698, 699, 701, 706, 708, 709, 710, 711, 712, 719, 721, 724, 727, 728, 729, 731, 732, 733, 734, 736, 737, 741, 743, 746, 747, 749, 754, 755, 758, 759, 760, 763, 765, 770, 772, 773, 774, 775, 776, 777, 779, 780, 782, 786, 788, 789, 791, 796, 797, 801, 802, 804, 805, 806, 808, 810, 812, 816, 817, 821, 823, 824, 830, 836, 840, 844, 846, 848, 849, 852, 853, 854, 855, 857, 858, 859, 863, 864, 868, 869, 871, 873, 874, 876, 879, 881, 885, 886, 887, 889]
[0, 2, 4, 11, 13, 22, 29, 42, 63, 68, 69, 72, 75, 77, 85, 95, 103, 107, 110, 113, 127, 133, 134, 137, 146, 163, 164, 175, 204, 222, 249, 251, 261, 264, 269, 277, 282, 285, 288, 294, 298, 307, 315, 319, 331, 338, 343, 349, 359, 381, 392, 416, 423, 440, 447, 449, 451, 467, 471, 473, 480, 482, 485, 486, 497, 505, 516, 520, 544, 553, 556, 560, 577, 586, 587, 589, 604, 609, 611, 613, 616, 622, 625, 627, 630, 635, 638, 640, 642, 645, 646, 647, 649, 655, 658, 659, 664, 666, 674, 703, 706, 716, 726, 729, 740, 749, 751, 752, 763, 764, 766, 767, 768, 787, 794, 800, 808, 809, 835, 842, 869, 887]

[0, 2, 3, 8, 17, 18, 19, 20, 24, 25, 28, 33, 39, 41, 42, 44, 46, 49, 50, 52, 53, 56, 57, 58, 62, 63, 64, 66, 68, 69, 70, 72, 73, 78, 80, 81, 82, 83, 84, 85, 86, 88, 91, 92, 93, 95, 97, 100, 101, 103, 106, 107, 108, 109, 110, 111, 112, 113, 114, 115, 117, 120, 123, 124, 126, 127, 128, 129, 130, 131, 132, 135, 136, 138, 140, 144, 146, 147, 148, 149, 151, 152, 154, 155, 156, 157, 158, 163, 164, 166, 170, 173, 174, 176, 178, 181, 183, 185, 186, 187, 188, 191, 192, 193, 194, 198, 199, 202, 203, 205, 209, 212, 223, 224, 225, 227, 229, 230, 231, 233, 234, 237, 238, 239, 243, 245, 246, 247, 249, 250, 252, 254, 256, 257, 258, 260, 262, 266, 268, 271, 272, 273, 274, 275, 280, 281, 282, 283, 284, 285, 287, 293, 296, 300, 301, 302, 303, 306, 307, 309, 310, 311, 314, 318, 319, 324, 325, 326, 327, 328, 329, 332, 338, 339, 340, 342, 343, 346, 347, 348, 350, 352, 354, 358, 359, 360, 362, 363, 365, 366, 370, 371, 373, 374, 377, 378, 379, 380, 382, 383, 384, 390, 391, 392, 393, 395, 396, 398, 401, 405, 406, 407, 409, 411, 412, 415, 417, 419, 420, 426, 427, 428, 429, 430, 431, 432, 433, 434, 436, 437, 439, 442, 449, 450, 452, 455, 456, 458, 461, 462, 463, 466, 469, 470, 473, 474, 479, 484, 487, 490, 491, 492, 500, 502, 506, 507, 508, 510, 512, 516, 517, 525, 528, 529, 530, 533, 534, 535, 539, 540, 541, 544, 546, 549, 551, 553, 558, 560, 563, 565, 566, 569, 570, 571, 573, 575, 577, 578, 579, 581, 586, 587, 588, 590, 591, 593, 596, 597, 600, 603, 612, 614, 615, 616, 620, 622, 626, 627, 628, 629, 633, 635, 637, 639, 640, 643, 644, 646, 648, 649, 652, 656, 658, 664, 669, 670, 672, 673, 678, 679, 680, 681, 682, 684, 686, 688, 689, 690, 691, 693, 698, 699, 701, 706, 708, 709, 710, 711, 712, 719, 721, 724, 727, 728, 729, 731, 732, 733, 734, 736, 737, 741, 743, 746, 747, 749, 754, 755, 756, 758, 759, 760, 763, 765, 770, 772, 773, 774, 775, 776, 777, 779, 780, 782, 783, 786, 788, 789, 791, 796, 797, 800, 801, 802, 804, 805, 806, 808, 810, 811, 812, 816, 817, 821, 823, 824, 830, 836, 840, 844, 846, 848, 849, 852, 853, 854, 855, 857, 858, 859, 863, 864, 868, 869, 871, 873, 874, 876, 879, 881, 884, 885, 886, 887, 889]
[0, 2, 4, 11, 13, 22, 29, 42, 63, 68, 69, 72, 75, 77, 85, 95, 103, 107, 110, 113, 127, 133, 134, 137, 146, 163, 164, 175, 204, 222, 249, 251, 261, 264, 269, 277, 282, 285, 288, 294, 298, 307, 315, 319, 331, 338, 343, 349, 359, 381, 392, 416, 423, 440, 447, 449, 451, 467, 471, 473, 480, 482, 485, 486, 497, 505, 516, 520, 544, 553, 556, 560, 577, 586, 587, 589, 604, 609, 611, 613, 616, 622, 625, 627, 630, 635, 638, 640, 642, 645, 646, 647, 649, 655, 658, 659, 664, 666, 674, 703, 706, 716, 726, 729, 740, 749, 751, 752, 763, 764, 766, 767, 768, 787, 794, 800, 808, 809, 835, 842, 869, 887]

[0, 2, 3, 8, 17, 18, 19, 20, 24, 25, 28, 33, 39, 41, 42, 44, 46, 49, 50, 52, 53, 55, 56, 57, 58, 62, 63, 64, 66, 68, 69, 70, 72, 73, 78, 80, 81, 82, 83, 84, 85, 86, 88, 91, 92, 93, 95, 97, 100, 101, 103, 106, 107, 108, 109, 110, 111, 112, 113, 114, 115, 117, 118, 120, 123, 124, 126, 127, 128, 129, 130, 131, 132, 135, 136, 138, 140, 144, 146, 147, 148, 149, 151, 152, 154, 155, 156, 157, 158, 163, 164, 166, 170, 173, 174, 176, 178, 181, 183, 185, 186, 187, 188, 191, 192, 193, 194, 198, 199, 202, 203, 205, 209, 210, 212, 222, 223, 224, 225, 227, 229, 230, 231, 233, 234, 237, 238, 239, 243, 245, 246, 247, 249, 250, 252, 254, 256, 257, 258, 260, 262, 266, 268, 271, 272, 273, 274, 275, 280, 281, 282, 283, 284, 285, 287, 292, 293, 296, 300, 301, 302, 303, 306, 307, 309, 310, 311, 314, 318, 319, 324, 325, 326, 327, 328, 329, 332, 334, 338, 339, 340, 342, 343, 346, 347, 348, 350, 352, 354, 358, 359, 360, 362, 363, 365, 366, 370, 371, 373, 374, 377, 378, 379, 380, 382, 383, 384, 390, 391, 392, 393, 395, 396, 398, 401, 405, 406, 407, 409, 411, 412, 415, 417, 419, 420, 424, 426, 427, 428, 429, 430, 431, 432, 433, 434, 435, 436, 437, 439, 442, 449, 450, 452, 455, 456, 458, 461, 462, 463, 466, 469, 470, 473, 474, 477, 479, 484, 487, 490, 491, 492, 500, 502, 506, 507, 508, 510, 511, 512, 516, 517, 520, 521, 525, 527, 528, 529, 530, 533, 534, 535, 539, 540, 541, 544, 546, 549, 551, 553, 558, 560, 563, 565, 566, 569, 570, 571, 572, 573, 575, 577, 578, 579, 581, 586, 587, 588, 589, 590, 591, 593, 596, 597, 600, 603, 604, 612, 614, 615, 616, 620, 622, 626, 627, 628, 629, 632, 633, 634, 635, 637, 639, 640, 643, 644, 646, 648, 649, 652, 656, 658, 663, 664, 669, 670, 672, 673, 678, 679, 680, 681, 682, 683, 684, 686, 688, 689, 690, 691, 693, 698, 699, 701, 702, 706, 708, 709, 710, 711, 712, 715, 719, 721, 724, 727, 728, 729, 731, 732, 733, 734, 736, 737, 741, 743, 746, 747, 749, 754, 755, 756, 757, 758, 759, 760, 763, 765, 770, 772, 773, 774, 775, 776, 777, 779, 780, 782, 783, 785, 786, 788, 789, 791, 796, 797, 800, 801, 802, 804, 805, 806, 808, 810, 811, 812, 816, 817, 821, 823, 824, 830, 836, 840, 844, 846, 848, 849, 852, 853, 854, 855, 857, 858, 859, 863, 864, 868, 869, 871, 873, 874, 876, 879, 881, 884, 885, 886, 887, 888, 889]
[0, 2, 4, 11, 13, 22, 29, 42, 63, 68, 69, 72, 75, 77, 85, 95, 103, 107, 110, 113, 127, 133, 134, 137, 146, 163, 164, 175, 204, 222, 249, 251, 261, 264, 269, 277, 282, 285, 288, 294, 298, 307, 315, 319, 331, 338, 343, 349, 359, 381, 392, 416, 423, 440, 447, 449, 451, 467, 471, 473, 480, 482, 485, 486, 497, 505, 516, 520, 544, 553, 556, 560, 577, 586, 587, 589, 604, 609, 611, 613, 616, 622, 625, 627, 630, 635, 638, 640, 642, 645, 646, 647, 649, 655, 658, 659, 664, 666, 674, 703, 706, 716, 726, 729, 740, 749, 751, 752, 763, 764, 766, 767, 768, 787, 794, 800, 808, 809, 835, 842, 869, 887]

[0, 2, 3, 8, 17, 18, 19, 20, 24, 25, 28, 29, 33, 39, 41, 42, 44, 46, 49, 50, 52, 53, 55, 56, 57, 58, 62, 63, 64, 66, 68, 69, 70, 72, 73, 78, 80, 81, 82, 83, 84, 85, 86, 88, 90, 91, 92, 93, 95, 97, 100, 101, 103, 106, 107, 108, 109, 110, 111, 112, 113, 114, 115, 117, 118, 120, 123, 124, 126, 127, 128, 129, 130, 131, 132, 135, 136, 138, 140, 144, 146, 147, 148, 149, 151, 152, 154, 155, 156, 157, 158, 163, 164, 166, 170, 173, 174, 176, 178, 180, 181, 183, 185, 186, 187, 188, 191, 192, 193, 194, 198, 199, 202, 203, 205, 209, 210, 212, 222, 223, 224, 225, 227, 229, 230, 231, 233, 234, 237, 238, 239, 243, 245, 246, 247, 249, 250, 252, 254, 256, 257, 258, 260, 262, 266, 268, 271, 272, 273, 274, 275, 278, 280, 281, 282, 283, 284, 285, 287, 290, 292, 293, 296, 300, 301, 302, 303, 306, 307, 309, 310, 311, 314, 318, 319, 324, 325, 326, 327, 328, 329, 330, 332, 334, 338, 339, 340, 342, 343, 346, 347, 348, 350, 352, 354, 358, 359, 360, 362, 363, 365, 366, 370, 371, 373, 374, 377, 378, 379, 380, 382, 383, 384, 390, 391, 392, 393, 395, 396, 398, 401, 405, 406, 407, 409, 411, 412, 415, 417, 419, 420, 424, 426, 427, 428, 429, 430, 431, 432, 433, 434, 435, 436, 437, 439, 442, 449, 450, 451, 452, 453, 455, 456, 458, 461, 462, 463, 464, 466, 469, 470, 473, 474, 477, 479, 484, 487, 490, 491, 492, 500, 502, 504, 506, 507, 508, 510, 511, 512, 516, 517, 518, 520, 521, 525, 527, 528, 529, 530, 533, 534, 535, 539, 540, 541, 543, 544, 546, 549, 551, 553, 558, 560, 563, 565, 566, 569, 570, 571, 572, 573, 575, 576, 577, 578, 579, 581, 586, 587, 588, 589, 590, 591, 592, 593, 596, 597, 600, 603, 604, 612, 614, 615, 616, 620, 622, 625, 626, 627, 628, 629, 632, 633, 634, 635, 636, 637, 639, 640, 643, 644, 646, 648, 649, 652, 656, 658, 663, 664, 669, 670, 672, 673, 678, 679, 680, 681, 682, 683, 684, 686, 688, 689, 690, 691, 693, 698, 699, 700, 701, 702, 706, 708, 709, 710, 711, 712, 715, 719, 721, 723, 724, 727, 728, 729, 731, 732, 733, 734, 736, 737, 741, 743, 746, 747, 749, 754, 755, 756, 757, 758, 759, 760, 763, 765, 770, 772, 773, 774, 775, 776, 777, 779, 780, 782, 783, 785, 786, 788, 789, 791, 796, 797, 800, 801, 802, 803, 804, 805, 806, 808, 810, 811, 812, 816, 817, 821, 823, 824, 830, 831, 836, 839, 840, 844, 845, 846, 848, 849, 850, 852, 853, 854, 855, 856, 857, 858, 859, 862, 863, 864, 868, 869, 871, 873, 874, 876, 879, 881, 884, 885, 886, 887, 888, 889]
[0, 2, 4, 11, 13, 22, 29, 42, 63, 68, 69, 72, 75, 77, 85, 95, 103, 107, 110, 113, 127, 133, 134, 137, 146, 163, 164, 175, 204, 222, 249, 251, 261, 264, 269, 277, 282, 285, 288, 294, 298, 307, 315, 319, 331, 338, 343, 349, 359, 381, 392, 416, 423, 440, 447, 449, 451, 467, 471, 473, 480, 482, 485, 486, 497, 505, 516, 520, 544, 553, 556, 560, 577, 586, 587, 589, 604, 609, 611, 613, 616, 622, 625, 627, 630, 635, 638, 640, 642, 645, 646, 647, 649, 655, 658, 659, 664, 666, 674, 703, 706, 716, 726, 729, 740, 749, 751, 752, 763, 764, 766, 767, 768, 787, 794, 800, 808, 809, 835, 842, 869, 887]

[0, 2, 3, 6, 8, 17, 18, 19, 20, 24, 25, 28, 29, 33, 36, 38, 39, 41, 42, 44, 46, 49, 50, 52, 53, 55, 56, 57, 58, 61, 62, 63, 64, 66, 68, 69, 70, 72, 73, 78, 80, 81, 82, 83, 84, 85, 86, 88, 90, 91, 92, 93, 95, 97, 100, 101, 103, 106, 107, 108, 109, 110, 111, 112, 113, 114, 115, 117, 118, 120, 122, 123, 124, 126, 127, 128, 129, 130, 131, 132, 134, 135, 136, 138, 140, 144, 146, 147, 148, 149, 151, 152, 154, 155, 156, 157, 158, 163, 164, 166, 170, 171, 173, 174, 176, 178, 180, 181, 183, 185, 186, 187, 188, 191, 192, 193, 194, 198, 199, 201, 202, 203, 205, 209, 210, 212, 222, 223, 224, 225, 227, 229, 230, 231, 233, 234, 237, 238, 239, 243, 245, 246, 247, 249, 250, 252, 254, 256, 257, 258, 260, 262, 266, 268, 271, 272, 273, 274, 275, 278, 280, 281, 282, 283, 284, 285, 287, 290, 292, 293, 296, 300, 301, 302, 303, 306, 307, 308, 309, 310, 311, 314, 318, 319, 322, 324, 325, 326, 327, 328, 329, 330, 332, 334, 338, 339, 340, 342, 343, 346, 347, 348, 350, 351, 352, 354, 358, 359, 360, 362, 363, 365, 366, 370, 371, 373, 374, 377, 378, 379, 380, 382, 383, 384, 390, 391, 392, 393, 395, 396, 398, 401, 405, 406, 407, 409, 411, 412, 415, 417, 419, 420, 424, 426, 427, 428, 429, 430, 431, 432, 433, 434, 435, 436, 437, 439, 442, 449, 450, 451, 452, 453, 455, 456, 458, 461, 462, 463, 464, 466, 469, 470, 472, 473, 474, 477, 479, 480, 484, 487, 490, 491, 492, 500, 502, 504, 506, 507, 508, 510, 511, 512, 516, 517, 518, 520, 521, 525, 526, 527, 528, 529, 530, 533, 534, 535, 539, 540, 541, 543, 544, 546, 549, 551, 553, 558, 560, 563, 565, 566, 569, 570, 571, 572, 573, 575, 576, 577, 578, 579, 581, 586, 587, 588, 589, 590, 591, 592, 593, 596, 597, 600, 603, 604, 605, 607, 612, 614, 615, 616, 619, 620, 622, 624, 625, 626, 627, 628, 629, 632, 633, 634, 635, 636, 637, 639, 640, 643, 644, 646, 648, 649, 652, 653, 656, 658, 663, 664, 669, 670, 672, 673, 677, 678, 679, 680, 681, 682, 683, 684, 686, 688, 689, 690, 691, 693, 698, 699, 700, 701, 702, 706, 708, 709, 710, 711, 712, 714, 715, 719, 721, 723, 724, 727, 728, 729, 731, 732, 733, 734, 736, 737, 741, 743, 746, 747, 749, 754, 755, 756, 757, 758, 759, 760, 763, 765, 770, 772, 773, 774, 775, 776, 777, 779, 780, 782, 783, 785, 786, 788, 789, 790, 791, 796, 797, 800, 801, 802, 803, 804, 805, 806, 808, 810, 811, 812, 816, 817, 821, 823, 824, 827, 830, 831, 836, 839, 840, 844, 845, 846, 847, 848, 849, 850, 852, 853, 854, 855, 856, 857, 858, 859, 862, 863, 864, 865, 868, 869, 871, 873, 874, 876, 879, 881, 884, 885, 886, 887, 888, 889]
[0, 2, 4, 11, 13, 22, 29, 42, 63, 68, 69, 72, 75, 77, 85, 95, 103, 107, 110, 113, 127, 133, 134, 137, 146, 163, 164, 175, 204, 222, 249, 251, 261, 264, 269, 277, 282, 285, 288, 294, 298, 307, 315, 319, 331, 338, 343, 349, 359, 381, 392, 416, 423, 440, 447, 449, 451, 467, 471, 473, 480, 482, 485, 486, 497, 505, 516, 520, 544, 553, 556, 560, 577, 586, 587, 589, 604, 609, 611, 613, 616, 622, 625, 627, 630, 635, 638, 640, 642, 645, 646, 647, 649, 655, 658, 659, 664, 666, 674, 703, 706, 716, 726, 729, 740, 749, 751, 752, 763, 764, 766, 767, 768, 787, 794, 800, 808, 809, 835, 842, 869, 887]

[0, 2, 3, 6, 7, 8, 11, 17, 18, 19, 20, 24, 25, 28, 29, 33, 36, 38, 39, 41, 42, 44, 46, 49, 50, 52, 53, 55, 56, 57, 58, 60, 61, 62, 63, 64, 65, 66, 68, 69, 70, 72, 73, 78, 80, 81, 82, 83, 84, 85, 86, 88, 90, 91, 92, 93, 95, 96, 97, 100, 101, 103, 106, 107, 108, 109, 110, 111, 112, 113, 114, 115, 117, 118, 120, 122, 123, 124, 126, 127, 128, 129, 130, 131, 132, 134, 135, 136, 138, 140, 144, 145, 146, 147, 148, 149, 151, 152, 154, 155, 156, 157, 158, 163, 164, 166, 170, 171, 173, 174, 176, 178, 180, 181, 182, 183, 185, 186, 187, 188, 191, 192, 193, 194, 198, 199, 201, 202, 203, 205, 209, 210, 212, 222, 223, 224, 225, 227, 229, 230, 231, 232, 233, 234, 237, 238, 239, 243, 245, 246, 247, 249, 250, 252, 254, 256, 257, 258, 260, 262, 266, 268, 271, 272, 273, 274, 275, 276, 278, 280, 281, 282, 283, 284, 285, 287, 290, 292, 293, 296, 300, 301, 302, 303, 306, 307, 308, 309, 310, 311, 314, 318, 319, 322, 324, 325, 326, 327, 328, 329, 330, 331, 332, 334, 338, 339, 340, 342, 343, 346, 347, 348, 350, 351, 352, 354, 358, 359, 360, 362, 363, 365, 366, 367, 370, 371, 373, 374, 377, 378, 379, 380, 382, 383, 384, 390, 391, 392, 393, 394, 395, 396, 398, 401, 405, 406, 407, 409, 411, 412, 415, 417, 419, 420, 423, 424, 426, 427, 428, 429, 430, 431, 432, 433, 434, 435, 436, 437, 439, 442, 449, 450, 451, 452, 453, 455, 456, 458, 460, 461, 462, 463, 464, 466, 469, 470, 472, 473, 474, 477, 479, 480, 484, 487, 490, 491, 492, 500, 502, 504, 506, 507, 508, 510, 511, 512, 516, 517, 518, 520, 521, 524, 525, 526, 527, 528, 529, 530, 533, 534, 535, 539, 540, 541, 543, 544, 546, 548, 549, 551, 553, 558, 560, 563, 565, 566, 569, 570, 571, 572, 573, 575, 576, 577, 578, 579, 580, 581, 586, 587, 588, 589, 590, 591, 592, 593, 596, 597, 600, 603, 604, 605, 607, 608, 612, 614, 615, 616, 619, 620, 622, 624, 625, 626, 627, 628, 629, 630, 632, 633, 634, 635, 636, 637, 639, 640, 643, 644, 646, 648, 649, 652, 653, 655, 656, 658, 663, 664, 669, 670, 671, 672, 673, 676, 677, 678, 679, 680, 681, 682, 683, 684, 686, 688, 689, 690, 691, 692, 693, 698, 699, 700, 701, 702, 706, 708, 709, 710, 711, 712, 714, 715, 719, 721, 723, 724, 727, 728, 729, 730, 731, 732, 733, 734, 736, 737, 741, 743, 746, 747, 749, 754, 755, 756, 757, 758, 759, 760, 763, 765, 770, 772, 773, 774, 775, 776, 777, 779, 780, 782, 783, 785, 786, 788, 789, 790, 791, 793, 796, 797, 800, 801, 802, 803, 804, 805, 806, 808, 810, 811, 812, 816, 817, 821, 823, 824, 827, 830, 831, 836, 839, 840, 844, 845, 846, 847, 848, 849, 850, 852, 853, 854, 855, 856, 857, 858, 859, 862, 863, 864, 865, 868, 869, 871, 873, 874, 876, 879, 881, 884, 885, 886, 887, 888, 889]
[0, 2, 4, 11, 13, 22, 29, 42, 63, 68, 69, 72, 75, 77, 85, 95, 103, 107, 110, 113, 127, 133, 134, 137, 146, 163, 164, 175, 204, 222, 249, 251, 261, 264, 269, 277, 282, 285, 288, 294, 298, 307, 315, 319, 331, 338, 343, 349, 359, 381, 392, 416, 423, 440, 447, 449, 451, 467, 471, 473, 480, 482, 485, 486, 497, 505, 516, 520, 544, 553, 556, 560, 577, 586, 587, 589, 604, 609, 611, 613, 616, 622, 625, 627, 630, 635, 638, 640, 642, 645, 646, 647, 649, 655, 658, 659, 664, 666, 674, 703, 706, 716, 726, 729, 740, 749, 751, 752, 763, 764, 766, 767, 768, 787, 794, 800, 808, 809, 835, 842, 869, 887]

[0, 2, 3, 6, 7, 8, 11, 15, 17, 18, 19, 20, 24, 25, 28, 29, 33, 35, 36, 38, 39, 41, 42, 44, 46, 47, 49, 50, 52, 53, 55, 56, 57, 58, 60, 61, 62, 63, 64, 65, 66, 68, 69, 70, 72, 73, 78, 80, 81, 82, 83, 84, 85, 86, 88, 90, 91, 92, 93, 95, 96, 97, 100, 101, 103, 106, 107, 108, 109, 110, 111, 112, 113, 114, 115, 117, 118, 120, 122, 123, 124, 126, 127, 128, 129, 130, 131, 132, 134, 135, 136, 138, 140, 144, 145, 146, 147, 148, 149, 150, 151, 152, 154, 155, 156, 157, 158, 163, 164, 166, 170, 171, 172, 173, 174, 176, 178, 180, 181, 182, 183, 185, 186, 187, 188, 191, 192, 193, 194, 198, 199, 200, 201, 202, 203, 205, 209, 210, 211, 212, 222, 223, 224, 225, 227, 229, 230, 231, 232, 233, 234, 237, 238, 239, 243, 245, 246, 247, 249, 250, 252, 254, 256, 257, 258, 260, 262, 266, 267, 268, 270, 271, 272, 273, 274, 275, 276, 277, 278, 280, 281, 282, 283, 284, 285, 287, 290, 292, 293, 296, 300, 301, 302, 303, 306, 307, 308, 309, 310, 311, 314, 318, 319, 322, 324, 325, 326, 327, 328, 329, 330, 331, 332, 333, 334, 338, 339, 340, 342, 343, 346, 347, 348, 350, 351, 352, 354, 358, 359, 360, 361, 362, 363, 365, 366, 367, 370, 371, 373, 374, 377, 378, 379, 380, 382, 383, 384, 390, 391, 392, 393, 394, 395, 396, 398, 401, 405, 406, 407, 409, 411, 412, 415, 417, 418, 419, 420, 423, 424, 426, 427, 428, 429, 430, 431, 432, 433, 434, 435, 436, 437, 439, 442, 447, 449, 450, 451, 452, 453, 455, 456, 458, 460, 461, 462, 463, 464, 466, 469, 470, 471, 472, 473, 474, 477, 479, 480, 484, 487, 490, 491, 492, 497, 500, 502, 504, 506, 507, 508, 510, 511, 512, 514, 516, 517, 518, 520, 521, 524, 525, 526, 527, 528, 529, 530, 533, 534, 535, 539, 540, 541, 543, 544, 546, 548, 549, 551, 553, 558, 560, 563, 565, 566, 569, 570, 571, 572, 573, 575, 576, 577, 578, 579, 580, 581, 586, 587, 588, 589, 590, 591, 592, 593, 594, 596, 597, 600, 603, 604, 605, 607, 608, 609, 612, 614, 615, 616, 617, 619, 620, 622, 624, 625, 626, 627, 628, 629, 630, 632, 633, 634, 635, 636, 637, 639, 640, 643, 644, 646, 648, 649, 650, 652, 653, 655, 656, 658, 663, 664, 668, 669, 670, 671, 672, 673, 676, 677, 678, 679, 680, 681, 682, 683, 684, 685, 686, 688, 689, 690, 691, 692, 693, 698, 699, 700, 701, 702, 706, 708, 709, 710, 711, 712, 714, 715, 719, 721, 723, 724, 727, 728, 729, 730, 731, 732, 733, 734, 736, 737, 741, 743, 746, 747, 749, 754, 755, 756, 757, 758, 759, 760, 763, 765, 767, 770, 772, 773, 774, 775, 776, 777, 779, 780, 782, 783, 785, 786, 788, 789, 790, 791, 793, 796, 797, 800, 801, 802, 803, 804, 805, 806, 808, 810, 811, 812, 816, 817, 821, 823, 824, 827, 830, 831, 836, 839, 840, 844, 845, 846, 847, 848, 849, 850, 851, 852, 853, 854, 855, 856, 857, 858, 859, 862, 863, 864, 865, 868, 869, 871, 873, 874, 876, 879, 881, 884, 885, 886, 887, 888, 889]
[0, 2, 4, 11, 13, 22, 29, 42, 63, 68, 69, 72, 75, 77, 85, 95, 103, 107, 110, 113, 127, 133, 134, 137, 146, 163, 164, 175, 204, 222, 249, 251, 261, 264, 269, 277, 282, 285, 288, 294, 298, 307, 315, 319, 331, 338, 343, 349, 359, 381, 392, 416, 423, 440, 447, 449, 451, 467, 471, 473, 480, 482, 485, 486, 497, 505, 516, 520, 544, 553, 556, 560, 577, 586, 587, 589, 604, 609, 611, 613, 616, 622, 625, 627, 630, 635, 638, 640, 642, 645, 646, 647, 649, 655, 658, 659, 664, 666, 674, 703, 706, 716, 726, 729, 740, 749, 751, 752, 763, 764, 766, 767, 768, 787, 794, 800, 808, 809, 835, 842, 869, 887]

[0, 1, 2, 3, 6, 7, 8, 11, 15, 16, 17, 18, 19, 20, 24, 25, 28, 29, 33, 35, 36, 38, 39, 41, 42, 44, 46, 47, 48, 49, 50, 52, 53, 55, 56, 57, 58, 60, 61, 62, 63, 64, 65, 66, 68, 69, 70, 72, 73, 78, 80, 81, 82, 83, 84, 85, 86, 88, 90, 91, 92, 93, 95, 96, 97, 100, 101, 103, 106, 107, 108, 109, 110, 111, 112, 113, 114, 115, 117, 118, 119, 120, 122, 123, 124, 126, 127, 128, 129, 130, 131, 132, 134, 135, 136, 138, 140, 142, 144, 145, 146, 147, 148, 149, 150, 151, 152, 154, 155, 156, 157, 158, 163, 164, 166, 170, 171, 172, 173, 174, 176, 178, 180, 181, 182, 183, 185, 186, 187, 188, 191, 192, 193, 194, 197, 198, 199, 200, 201, 202, 203, 205, 208, 209, 210, 211, 212, 216, 221, 222, 223, 224, 225, 227, 229, 230, 231, 232, 233, 234, 237, 238, 239, 243, 245, 246, 247, 248, 249, 250, 252, 254, 256, 257, 258, 260, 262, 266, 267, 268, 270, 271, 272, 273, 274, 275, 276, 277, 278, 279, 280, 281, 282, 283, 284, 285, 286, 287, 290, 292, 293, 296, 297, 300, 301, 302, 303, 306, 307, 308, 309, 310, 311, 314, 318, 319, 322, 324, 325, 326, 327, 328, 329, 330, 331, 332, 333, 334, 338, 339, 340, 342, 343, 346, 347, 348, 350, 351, 352, 354, 358, 359, 360, 361, 362, 363, 364, 365, 366, 367, 370, 371, 373, 374, 377, 378, 379, 380, 382, 383, 384, 388, 390, 391, 392, 393, 394, 395, 396, 398, 401, 405, 406, 407, 409, 411, 412, 415, 417, 418, 419, 420, 423, 424, 426, 427, 428, 429, 430, 431, 432, 433, 434, 435, 436, 437, 439, 442, 447, 449, 450, 451, 452, 453, 455, 456, 458, 460, 461, 462, 463, 464, 466, 468, 469, 470, 471, 472, 473, 474, 477, 479, 480, 484, 487, 490, 491, 492, 497, 500, 502, 504, 506, 507, 508, 510, 511, 512, 514, 516, 517, 518, 520, 521, 524, 525, 526, 527, 528, 529, 530, 533, 534, 535, 539, 540, 541, 543, 544, 546, 548, 549, 551, 553, 555, 558, 560, 563, 565, 566, 569, 570, 571, 572, 573, 575, 576, 577, 578, 579, 580, 581, 586, 587, 588, 589, 590, 591, 592, 593, 594, 596, 597, 600, 603, 604, 605, 607, 608, 609, 610, 612, 614, 615, 616, 617, 619, 620, 622, 624, 625, 626, 627, 628, 629, 630, 632, 633, 634, 635, 636, 637, 639, 640, 643, 644, 646, 647, 648, 649, 650, 652, 653, 655, 656, 658, 663, 664, 666, 668, 669, 670, 671, 672, 673, 674, 676, 677, 678, 679, 680, 681, 682, 683, 684, 685, 686, 688, 689, 690, 691, 692, 693, 694, 698, 699, 700, 701, 702, 706, 708, 709, 710, 711, 712, 714, 715, 719, 721, 723, 724, 727, 728, 729, 730, 731, 732, 733, 734, 736, 737, 741, 743, 746, 747, 749, 754, 755, 756, 757, 758, 759, 760, 763, 765, 767, 770, 772, 773, 774, 775, 776, 777, 779, 780, 782, 783, 785, 786, 788, 789, 790, 791, 793, 796, 797, 800, 801, 802, 803, 804, 805, 806, 808, 810, 811, 812, 816, 817, 818, 821, 823, 824, 826, 827, 830, 831, 836, 839, 840, 844, 845, 846, 847, 848, 849, 850, 851, 852, 853, 854, 855, 856, 857, 858, 859, 862, 863, 864, 865, 868, 869, 871, 873, 874, 876, 879, 881, 882, 884, 885, 886, 887, 888, 889]
[0, 2, 4, 11, 13, 22, 29, 42, 63, 68, 69, 72, 75, 77, 85, 95, 103, 107, 110, 113, 127, 133, 134, 137, 146, 163, 164, 175, 204, 222, 249, 251, 261, 264, 269, 277, 282, 285, 288, 294, 298, 307, 315, 319, 331, 338, 343, 349, 359, 381, 392, 416, 423, 440, 447, 449, 451, 467, 471, 473, 480, 482, 485, 486, 497, 505, 516, 520, 544, 553, 556, 560, 577, 586, 587, 589, 604, 609, 611, 613, 616, 622, 625, 627, 630, 635, 638, 640, 642, 645, 646, 647, 649, 655, 658, 659, 664, 666, 674, 703, 706, 716, 726, 729, 740, 749, 751, 752, 763, 764, 766, 767, 768, 787, 794, 800, 808, 809, 835, 842, 869, 887]

[0, 1, 2, 3, 6, 7, 8, 11, 15, 16, 17, 18, 19, 20, 23, 24, 25, 28, 29, 33, 35, 36, 38, 39, 41, 42, 44, 46, 47, 48, 49, 50, 52, 53, 55, 56, 57, 58, 60, 61, 62, 63, 64, 65, 66, 67, 68, 69, 70, 72, 73, 78, 80, 81, 82, 83, 84, 85, 86, 87, 88, 90, 91, 92, 93, 95, 96, 97, 100, 101, 103, 106, 107, 108, 109, 110, 111, 112, 113, 114, 115, 117, 118, 119, 120, 122, 123, 124, 126, 127, 128, 129, 130, 131, 132, 134, 135, 136, 137, 138, 140, 142, 144, 145, 146, 147, 148, 149, 150, 151, 152, 154, 155, 156, 157, 158, 163, 164, 165, 166, 170, 171, 172, 173, 174, 176, 178, 180, 181, 182, 183, 185, 186, 187, 188, 191, 192, 193, 194, 197, 198, 199, 200, 201, 202, 203, 205, 208, 209, 210, 211, 212, 216, 218, 221, 222, 223, 224, 225, 227, 229, 230, 231, 232, 233, 234, 237, 238, 239, 243, 245, 246, 247, 248, 249, 250, 252, 254, 256, 257, 258, 260, 262, 266, 267, 268, 270, 271, 272, 273, 274, 275, 276, 277, 278, 279, 280, 281, 282, 283, 284, 285, 286, 287, 290, 292, 293, 296, 297, 300, 301, 302, 303, 306, 307, 308, 309, 310, 311, 314, 315, 318, 319, 322, 324, 325, 326, 327, 328, 329, 330, 331, 332, 333, 334, 338, 339, 340, 342, 343, 346, 347, 348, 350, 351, 352, 354, 358, 359, 360, 361, 362, 363, 364, 365, 366, 367, 369, 370, 371, 373, 374, 377, 378, 379, 380, 382, 383, 384, 388, 390, 391, 392, 393, 394, 395, 396, 398, 401, 405, 406, 407, 409, 411, 412, 415, 417, 418, 419, 420, 423, 424, 425, 426, 427, 428, 429, 430, 431, 432, 433, 434, 435, 436, 437, 439, 442, 447, 449, 450, 451, 452, 453, 455, 456, 458, 460, 461, 462, 463, 464, 466, 468, 469, 470, 471, 472, 473, 474, 477, 479, 480, 483, 484, 487, 488, 490, 491, 492, 497, 500, 502, 504, 506, 507, 508, 510, 511, 512, 513, 514, 515, 516, 517, 518, 520, 521, 523, 524, 525, 526, 527, 528, 529, 530, 533, 534, 535, 539, 540, 541, 543, 544, 546, 547, 548, 549, 551, 553, 555, 558, 559, 560, 563, 565, 566, 569, 570, 571, 572, 573, 575, 576, 577, 578, 579, 580, 581, 586, 587, 588, 589, 590, 591, 592, 593, 594, 596, 597, 600, 603, 604, 605, 607, 608, 609, 610, 612, 614, 615, 616, 617, 619, 620, 621, 622, 624, 625, 626, 627, 628, 629, 630, 632, 633, 634, 635, 636, 637, 638, 639, 640, 643, 644, 646, 647, 648, 649, 650, 652, 653, 655, 656, 658, 663, 664, 666, 668, 669, 670, 671, 672, 673, 674, 676, 677, 678, 679, 680, 681, 682, 683, 684, 685, 686, 688, 689, 690, 691, 692, 693, 694, 698, 699, 700, 701, 702, 706, 708, 709, 710, 711, 712, 713, 714, 715, 719, 720, 721, 723, 724, 727, 728, 729, 730, 731, 732, 733, 734, 736, 737, 741, 743, 746, 747, 749, 754, 755, 756, 757, 758, 759, 760, 762, 763, 765, 767, 770, 772, 773, 774, 775, 776, 777, 779, 780, 782, 783, 785, 786, 788, 789, 790, 791, 792, 793, 796, 797, 798, 799, 800, 801, 802, 803, 804, 805, 806, 808, 810, 811, 812, 816, 817, 818, 821, 823, 824, 826, 827, 830, 831, 836, 838, 839, 840, 844, 845, 846, 847, 848, 849, 850, 851, 852, 853, 854, 855, 856, 857, 858, 859, 862, 863, 864, 865, 868, 869, 871, 873, 874, 876, 879, 881, 882, 884, 885, 886, 887, 888, 889]
[0, 2, 4, 11, 13, 22, 29, 42, 63, 68, 69, 72, 75, 77, 85, 95, 103, 107, 110, 113, 127, 133, 134, 137, 146, 163, 164, 175, 204, 222, 249, 251, 261, 264, 269, 277, 282, 285, 288, 294, 298, 307, 315, 319, 331, 338, 343, 349, 359, 381, 392, 416, 423, 440, 447, 449, 451, 467, 471, 473, 480, 482, 485, 486, 497, 505, 516, 520, 544, 553, 556, 560, 577, 586, 587, 589, 604, 609, 611, 613, 616, 622, 625, 627, 630, 635, 638, 640, 642, 645, 646, 647, 649, 655, 658, 659, 664, 666, 674, 703, 706, 716, 726, 729, 740, 749, 751, 752, 763, 764, 766, 767, 768, 787, 794, 800, 808, 809, 835, 842, 869, 887]

[0, 1, 2, 3, 6, 7, 8, 11, 15, 16, 17, 18, 19, 20, 23, 24, 25, 28, 29, 33, 35, 36, 38, 39, 41, 42, 44, 46, 47, 48, 49, 50, 51, 52, 53, 55, 56, 57, 58, 59, 60, 61, 62, 63, 64, 65, 66, 67, 68, 69, 70, 72, 73, 78, 80, 81, 82, 83, 84, 85, 86, 87, 88, 90, 91, 92, 93, 95, 96, 97, 100, 101, 103, 105, 106, 107, 108, 109, 110, 111, 112, 113, 114, 115, 117, 118, 119, 120, 121, 122, 123, 124, 126, 127, 128, 129, 130, 131, 132, 134, 135, 136, 137, 138, 140, 142, 144, 145, 146, 147, 148, 149, 150, 151, 152, 154, 155, 156, 157, 158, 163, 164, 165, 166, 170, 171, 172, 173, 174, 176, 178, 179, 180, 181, 182, 183, 185, 186, 187, 188, 191, 192, 193, 194, 197, 198, 199, 200, 201, 202, 203, 205, 208, 209, 210, 211, 212, 216, 217, 218, 221, 222, 223, 224, 225, 227, 229, 230, 231, 232, 233, 234, 237, 238, 239, 243, 245, 246, 247, 248, 249, 250, 252, 254, 256, 257, 258, 260, 262, 265, 266, 267, 268, 270, 271, 272, 273, 274, 275, 276, 277, 278, 279, 280, 281, 282, 283, 284, 285, 286, 287, 290, 292, 293, 296, 297, 300, 301, 302, 303, 306, 307, 308, 309, 310, 311, 314, 315, 318, 319, 322, 324, 325, 326, 327, 328, 329, 330, 331, 332, 333, 334, 338, 339, 340, 342, 343, 346, 347, 348, 350, 351, 352, 354, 358, 359, 360, 361, 362, 363, 364, 365, 366, 367, 369, 370, 371, 373, 374, 377, 378, 379, 380, 382, 383, 384, 388, 390, 391, 392, 393, 394, 395, 396, 398, 401, 405, 406, 407, 409, 411, 412, 415, 417, 418, 419, 420, 421, 423, 424, 425, 426, 427, 428, 429, 430, 431, 432, 433, 434, 435, 436, 437, 439, 442, 447, 449, 450, 451, 452, 453, 455, 456, 458, 460, 461, 462, 463, 464, 466, 468, 469, 470, 471, 472, 473, 474, 477, 479, 480, 483, 484, 487, 488, 490, 491, 492, 497, 499, 500, 502, 504, 506, 507, 508, 510, 511, 512, 513, 514, 515, 516, 517, 518, 520, 521, 523, 524, 525, 526, 527, 528, 529, 530, 533, 534, 535, 537, 539, 540, 541, 542, 543, 544, 546, 547, 548, 549, 551, 553, 555, 556, 558, 559, 560, 563, 565, 566, 569, 570, 571, 572, 573, 575, 576, 577, 578, 579, 580, 581, 582, 586, 587, 588, 589, 590, 591, 592, 593, 594, 596, 597, 599, 600, 603, 604, 605, 607, 608, 609, 610, 612, 614, 615, 616, 617, 619, 620, 621, 622, 624, 625, 626, 627, 628, 629, 630, 632, 633, 634, 635, 636, 637, 638, 639, 640, 643, 644, 646, 647, 648, 649, 650, 652, 653, 655, 656, 658, 663, 664, 666, 668, 669, 670, 671, 672, 673, 674, 676, 677, 678, 679, 680, 681, 682, 683, 684, 685, 686, 688, 689, 690, 691, 692, 693, 694, 696, 698, 699, 700, 701, 702, 706, 708, 709, 710, 711, 712, 713, 714, 715, 716, 719, 720, 721, 723, 724, 726, 727, 728, 729, 730, 731, 732, 733, 734, 736, 737, 741, 743, 746, 747, 748, 749, 752, 754, 755, 756, 757, 758, 759, 760, 762, 763, 765, 767, 770, 772, 773, 774, 775, 776, 777, 779, 780, 782, 783, 785, 786, 788, 789, 790, 791, 792, 793, 795, 796, 797, 798, 799, 800, 801, 802, 803, 804, 805, 806, 808, 810, 811, 812, 816, 817, 818, 821, 823, 824, 826, 827, 830, 831, 833, 836, 838, 839, 840, 842, 844, 845, 846, 847, 848, 849, 850, 851, 852, 853, 854, 855, 856, 857, 858, 859, 862, 863, 864, 865, 868, 869, 870, 871, 873, 874, 875, 876, 879, 881, 882, 883, 884, 885, 886, 887, 888, 889]
[0, 2, 4, 11, 13, 22, 29, 42, 63, 68, 69, 72, 75, 77, 85, 95, 103, 107, 110, 113, 127, 133, 134, 137, 146, 163, 164, 175, 204, 222, 249, 251, 261, 264, 269, 277, 282, 285, 288, 294, 298, 307, 315, 319, 331, 338, 343, 349, 359, 381, 392, 416, 423, 440, 447, 449, 451, 467, 471, 473, 480, 482, 485, 486, 497, 505, 516, 520, 544, 553, 556, 560, 577, 586, 587, 589, 604, 609, 611, 613, 616, 622, 625, 627, 630, 635, 638, 640, 642, 645, 646, 647, 649, 655, 658, 659, 664, 666, 674, 703, 706, 716, 726, 729, 740, 749, 751, 752, 763, 764, 766, 767, 768, 787, 794, 800, 808, 809, 835, 842, 869, 887]

[0, 1, 2, 3, 5, 6, 7, 8, 11, 13, 15, 16, 17, 18, 19, 20, 23, 24, 25, 28, 29, 33, 34, 35, 36, 38, 39, 41, 42, 44, 46, 47, 48, 49, 50, 51, 52, 53, 55, 56, 57, 58, 59, 60, 61, 62, 63, 64, 65, 66, 67, 68, 69, 70, 72, 73, 78, 80, 81, 82, 83, 84, 85, 86, 87, 88, 90, 91, 92, 93, 95, 96, 97, 100, 101, 103, 105, 106, 107, 108, 109, 110, 111, 112, 113, 114, 115, 117, 118, 119, 120, 121, 122, 123, 124, 126, 127, 128, 129, 130, 131, 132, 134, 135, 136, 137, 138, 140, 142, 144, 145, 146, 147, 148, 149, 150, 151, 152, 154, 155, 156, 157, 158, 163, 164, 165, 166, 170, 171, 172, 173, 174, 176, 178, 179, 180, 181, 182, 183, 185, 186, 187, 188, 191, 192, 193, 194, 197, 198, 199, 200, 201, 202, 203, 205, 208, 209, 210, 211, 212, 216, 217, 218, 221, 222, 223, 224, 225, 227, 229, 230, 231, 232, 233, 234, 237, 238, 239, 241, 242, 243, 245, 246, 247, 248, 249, 250, 252, 254, 256, 257, 258, 260, 262, 264, 265, 266, 267, 268, 270, 271, 272, 273, 274, 275, 276, 277, 278, 279, 280, 281, 282, 283, 284, 285, 286, 287, 290, 292, 293, 296, 297, 300, 301, 302, 303, 306, 307, 308, 309, 310, 311, 314, 315, 318, 319, 322, 324, 325, 326, 327, 328, 329, 330, 331, 332, 333, 334, 335, 338, 339, 340, 342, 343, 346, 347, 348, 350, 351, 352, 354, 358, 359, 360, 361, 362, 363, 364, 365, 366, 367, 369, 370, 371, 372, 373, 374, 377, 378, 379, 380, 381, 382, 383, 384, 386, 388, 390, 391, 392, 393, 394, 395, 396, 397, 398, 401, 405, 406, 407, 409, 411, 412, 415, 417, 418, 419, 420, 421, 423, 424, 425, 426, 427, 428, 429, 430, 431, 432, 433, 434, 435, 436, 437, 439, 442, 444, 447, 449, 450, 451, 452, 453, 454, 455, 456, 458, 460, 461, 462, 463, 464, 466, 468, 469, 470, 471, 472, 473, 474, 477, 479, 480, 483, 484, 487, 488, 490, 491, 492, 493, 497, 499, 500, 502, 504, 506, 507, 508, 510, 511, 512, 513, 514, 515, 516, 517, 518, 520, 521, 523, 524, 525, 526, 527, 528, 529, 530, 533, 534, 535, 537, 539, 540, 541, 542, 543, 544, 545, 546, 547, 548, 549, 551, 553, 555, 556, 558, 559, 560, 563, 565, 566, 567, 569, 570, 571, 572, 573, 574, 575, 576, 577, 578, 579, 580, 581, 582, 586, 587, 588, 589, 590, 591, 592, 593, 594, 595, 596, 597, 599, 600, 603, 604, 605, 607, 608, 609, 610, 612, 614, 615, 616, 617, 619, 620, 621, 622, 624, 625, 626, 627, 628, 629, 630, 631, 632, 633, 634, 635, 636, 637, 638, 639, 640, 643, 644, 646, 647, 648, 649, 650, 652, 653, 655, 656, 658, 663, 664, 666, 668, 669, 670, 671, 672, 673, 674, 676, 677, 678, 679, 680, 681, 682, 683, 684, 685, 686, 688, 689, 690, 691, 692, 693, 694, 696, 698, 699, 700, 701, 702, 706, 708, 709, 710, 711, 712, 713, 714, 715, 716, 719, 720, 721, 723, 724, 726, 727, 728, 729, 730, 731, 732, 733, 734, 736, 737, 738, 741, 743, 745, 746, 747, 748, 749, 752, 754, 755, 756, 757, 758, 759, 760, 762, 763, 765, 767, 770, 772, 773, 774, 775, 776, 777, 778, 779, 780, 782, 783, 785, 786, 788, 789, 790, 791, 792, 793, 795, 796, 797, 798, 799, 800, 801, 802, 803, 804, 805, 806, 808, 810, 811, 812, 814, 816, 817, 818, 821, 823, 824, 826, 827, 829, 830, 831, 833, 836, 838, 839, 840, 842, 844, 845, 846, 847, 848, 849, 850, 851, 852, 853, 854, 855, 856, 857, 858, 859, 860, 862, 863, 864, 865, 868, 869, 870, 871, 873, 874, 875, 876, 879, 881, 882, 883, 884, 885, 886, 887, 888, 889]
[0, 2, 4, 11, 13, 22, 29, 42, 63, 68, 69, 72, 75, 77, 85, 95, 103, 107, 110, 113, 127, 133, 134, 137, 146, 163, 164, 175, 204, 222, 249, 251, 261, 264, 269, 277, 282, 285, 288, 294, 298, 307, 315, 319, 331, 338, 343, 349, 359, 381, 392, 416, 423, 440, 447, 449, 451, 467, 471, 473, 480, 482, 485, 486, 497, 505, 516, 520, 544, 553, 556, 560, 577, 586, 587, 589, 604, 609, 611, 613, 616, 622, 625, 627, 630, 635, 638, 640, 642, 645, 646, 647, 649, 655, 658, 659, 664, 666, 674, 703, 706, 716, 726, 729, 740, 749, 751, 752, 763, 764, 766, 767, 768, 787, 794, 800, 808, 809, 835, 842, 869, 887]

[0, 1, 2, 3, 5, 6, 7, 8, 10, 11, 13, 15, 16, 17, 18, 19, 20, 23, 24, 25, 26, 27, 28, 29, 31, 33, 34, 35, 36, 38, 39, 41, 42, 44, 46, 47, 48, 49, 50, 51, 52, 53, 55, 56, 57, 58, 59, 60, 61, 62, 63, 64, 65, 66, 67, 68, 69, 70, 72, 73, 75, 78, 79, 80, 81, 82, 83, 84, 85, 86, 87, 88, 90, 91, 92, 93, 94, 95, 96, 97, 100, 101, 103, 105, 106, 107, 108, 109, 110, 111, 112, 113, 114, 115, 117, 118, 119, 120, 121, 122, 123, 124, 126, 127, 128, 129, 130, 131, 132, 134, 135, 136, 137, 138, 140, 142, 144, 145, 146, 147, 148, 149, 150, 151, 152, 154, 155, 156, 157, 158, 163, 164, 165, 166, 170, 171, 172, 173, 174, 175, 176, 178, 179, 180, 181, 182, 183, 185, 186, 187, 188, 191, 192, 193, 194, 197, 198, 199, 200, 201, 202, 203, 205, 207, 208, 209, 210, 211, 212, 215, 216, 217, 218, 221, 222, 223, 224, 225, 227, 229, 230, 231, 232, 233, 234, 237, 238, 239, 241, 242, 243, 245, 246, 247, 248, 249, 250, 252, 254, 256, 257, 258, 260, 262, 264, 265, 266, 267, 268, 269, 270, 271, 272, 273, 274, 275, 276, 277, 278, 279, 280, 281, 282, 283, 284, 285, 286, 287, 290, 292, 293, 296, 297, 300, 301, 302, 303, 306, 307, 308, 309, 310, 311, 314, 315, 317, 318, 319, 322, 324, 325, 326, 327, 328, 329, 330, 331, 332, 333, 334, 335, 338, 339, 340, 342, 343, 346, 347, 348, 350, 351, 352, 354, 358, 359, 360, 361, 362, 363, 364, 365, 366, 367, 368, 369, 370, 371, 372, 373, 374, 377, 378, 379, 380, 381, 382, 383, 384, 385, 386, 388, 390, 391, 392, 393, 394, 395, 396, 397, 398, 401, 405, 406, 407, 409, 410, 411, 412, 415, 417, 418, 419, 420, 421, 423, 424, 425, 426, 427, 428, 429, 430, 431, 432, 433, 434, 435, 436, 437, 439, 442, 443, 444, 447, 449, 450, 451, 452, 453, 454, 455, 456, 458, 460, 461, 462, 463, 464, 466, 468, 469, 470, 471, 472, 473, 474, 477, 479, 480, 483, 484, 485, 487, 488, 490, 491, 492, 493, 497, 498, 499, 500, 502, 504, 506, 507, 508, 509, 510, 511, 512, 513, 514, 515, 516, 517, 518, 520, 521, 523, 524, 525, 526, 527, 528, 529, 530, 533, 534, 535, 537, 539, 540, 541, 542, 543, 544, 545, 546, 547, 548, 549, 550, 551, 553, 555, 556, 558, 559, 560, 563, 565, 566, 567, 569, 570, 571, 572, 573, 574, 575, 576, 577, 578, 579, 580, 581, 582, 586, 587, 588, 589, 590, 591, 592, 593, 594, 595, 596, 597, 599, 600, 603, 604, 605, 607, 608, 609, 610, 612, 614, 615, 616, 617, 619, 620, 621, 622, 624, 625, 626, 627, 628, 629, 630, 631, 632, 633, 634, 635, 636, 637, 638, 639, 640, 643, 644, 646, 647, 648, 649, 650, 652, 653, 655, 656, 658, 660, 663, 664, 666, 668, 669, 670, 671, 672, 673, 674, 676, 677, 678, 679, 680, 681, 682, 683, 684, 685, 686, 688, 689, 690, 691, 692, 693, 694, 696, 698, 699, 700, 701, 702, 706, 708, 709, 710, 711, 712, 713, 714, 715, 716, 719, 720, 721, 723, 724, 726, 727, 728, 729, 730, 731, 732, 733, 734, 736, 737, 738, 740, 741, 743, 745, 746, 747, 748, 749, 752, 754, 755, 756, 757, 758, 759, 760, 762, 763, 765, 767, 770, 771, 772, 773, 774, 775, 776, 777, 778, 779, 780, 782, 783, 785, 786, 788, 789, 790, 791, 792, 793, 795, 796, 797, 798, 799, 800, 801, 802, 803, 804, 805, 806, 808, 810, 811, 812, 814, 816, 817, 818, 821, 823, 824, 826, 827, 828, 829, 830, 831, 833, 836, 838, 839, 840, 841, 842, 844, 845, 846, 847, 848, 849, 850, 851, 852, 853, 854, 855, 856, 857, 858, 859, 860, 862, 863, 864, 865, 868, 869, 870, 871, 873, 874, 875, 876, 879, 881, 882, 883, 884, 885, 886, 887, 888, 889]
[0, 2, 4, 11, 13, 22, 29, 42, 63, 68, 69, 72, 75, 77, 85, 95, 103, 107, 110, 113, 127, 133, 134, 137, 146, 163, 164, 175, 204, 222, 249, 251, 261, 264, 269, 277, 282, 285, 288, 294, 298, 307, 315, 319, 331, 338, 343, 349, 359, 381, 392, 416, 423, 440, 447, 449, 451, 467, 471, 473, 480, 482, 485, 486, 497, 505, 516, 520, 544, 553, 556, 560, 577, 586, 587, 589, 604, 609, 611, 613, 616, 622, 625, 627, 630, 635, 638, 640, 642, 645, 646, 647, 649, 655, 658, 659, 664, 666, 674, 703, 706, 716, 726, 729, 740, 749, 751, 752, 763, 764, 766, 767, 768, 787, 794, 800, 808, 809, 835, 842, 869, 887]

[0, 1, 2, 3, 5, 6, 7, 8, 10, 11, 13, 15, 16, 17, 18, 19, 20, 23, 24, 25, 26, 27, 28, 29, 31, 32, 33, 34, 35, 36, 38, 39, 41, 42, 44, 46, 47, 48, 49, 50, 51, 52, 53, 55, 56, 57, 58, 59, 60, 61, 62, 63, 64, 65, 66, 67, 68, 69, 70, 72, 73, 75, 78, 79, 80, 81, 82, 83, 84, 85, 86, 87, 88, 90, 91, 92, 93, 94, 95, 96, 97, 100, 101, 103, 105, 106, 107, 108, 109, 110, 111, 112, 113, 114, 115, 116, 117, 118, 119, 120, 121, 122, 123, 124, 126, 127, 128, 129, 130, 131, 132, 134, 135, 136, 137, 138, 140, 142, 144, 145, 146, 147, 148, 149, 150, 151, 152, 154, 155, 156, 157, 158, 160, 163, 164, 165, 166, 169, 170, 171, 172, 173, 174, 175, 176, 178, 179, 180, 181, 182, 183, 185, 186, 187, 188, 191, 192, 193, 194, 197, 198, 199, 200, 201, 202, 203, 204, 205, 207, 208, 209, 210, 211, 212, 213, 215, 216, 217, 218, 219, 221, 222, 223, 224, 225, 227, 229, 230, 231, 232, 233, 234, 237, 238, 239, 241, 242, 243, 245, 246, 247, 248, 249, 250, 252, 254, 256, 257, 258, 260, 262, 264, 265, 266, 267, 268, 269, 270, 271, 272, 273, 274, 275, 276, 277, 278, 279, 280, 281, 282, 283, 284, 285, 286, 287, 289, 290, 292, 293, 296, 297, 300, 301, 302, 303, 306, 307, 308, 309, 310, 311, 314, 315, 317, 318, 319, 322, 324, 325, 326, 327, 328, 329, 330, 331, 332, 333, 334, 335, 338, 339, 340, 342, 343, 346, 347, 348, 350, 351, 352, 354, 357, 358, 359, 360, 361, 362, 363, 364, 365, 366, 367, 368, 369, 370, 371, 372, 373, 374, 377, 378, 379, 380, 381, 382, 383, 384, 385, 386, 388, 389, 390, 391, 392, 393, 394, 395, 396, 397, 398, 401, 405, 406, 407, 408, 409, 410, 411, 412, 415, 417, 418, 419, 420, 421, 423, 424, 425, 426, 427, 428, 429, 430, 431, 432, 433, 434, 435, 436, 437, 439, 441, 442, 443, 444, 447, 449, 450, 451, 452, 453, 454, 455, 456, 458, 459, 460, 461, 462, 463, 464, 466, 468, 469, 470, 471, 472, 473, 474, 477, 479, 480, 483, 484, 485, 487, 488, 490, 491, 492, 493, 497, 498, 499, 500, 502, 504, 506, 507, 508, 509, 510, 511, 512, 513, 514, 515, 516, 517, 518, 520, 521, 523, 524, 525, 526, 527, 528, 529, 530, 533, 534, 535, 537, 539, 540, 541, 542, 543, 544, 545, 546, 547, 548, 549, 550, 551, 553, 555, 556, 558, 559, 560, 563, 565, 566, 567, 569, 570, 571, 572, 573, 574, 575, 576, 577, 578, 579, 580, 581, 582, 586, 587, 588, 589, 590, 591, 592, 593, 594, 595, 596, 597, 599, 600, 602, 603, 604, 605, 607, 608, 609, 610, 612, 614, 615, 616, 617, 619, 620, 621, 622, 624, 625, 626, 627, 628, 629, 630, 631, 632, 633, 634, 635, 636, 637, 638, 639, 640, 643, 644, 645, 646, 647, 648, 649, 650, 652, 653, 655, 656, 657, 658, 660, 663, 664, 666, 668, 669, 670, 671, 672, 673, 674, 676, 677, 678, 679, 680, 681, 682, 683, 684, 685, 686, 688, 689, 690, 691, 692, 693, 694, 695, 696, 697, 698, 699, 700, 701, 702, 706, 708, 709, 710, 711, 712, 713, 714, 715, 716, 719, 720, 721, 723, 724, 726, 727, 728, 729, 730, 731, 732, 733, 734, 736, 737, 738, 740, 741, 743, 744, 745, 746, 747, 748, 749, 752, 754, 755, 756, 757, 758, 759, 760, 761, 762, 763, 765, 767, 769, 770, 771, 772, 773, 774, 775, 776, 777, 778, 779, 780, 781, 782, 783, 785, 786, 788, 789, 790, 791, 792, 793, 795, 796, 797, 798, 799, 800, 801, 802, 803, 804, 805, 806, 808, 810, 811, 812, 814, 816, 817, 818, 820, 821, 823, 824, 825, 826, 827, 828, 829, 830, 831, 832, 833, 836, 838, 839, 840, 841, 842, 844, 845, 846, 847, 848, 849, 850, 851, 852, 853, 854, 855, 856, 857, 858, 859, 860, 862, 863, 864, 865, 868, 869, 870, 871, 873, 874, 875, 876, 879, 881, 882, 883, 884, 885, 886, 887, 888, 889]
[0, 2, 4, 11, 13, 22, 29, 42, 63, 68, 69, 72, 75, 77, 85, 95, 103, 107, 110, 113, 127, 133, 134, 137, 146, 163, 164, 175, 204, 222, 249, 251, 261, 264, 269, 277, 282, 285, 288, 294, 298, 307, 315, 319, 331, 338, 343, 349, 359, 381, 392, 416, 423, 440, 447, 449, 451, 467, 471, 473, 480, 482, 485, 486, 497, 505, 516, 520, 544, 553, 556, 560, 577, 586, 587, 589, 604, 609, 611, 613, 616, 622, 625, 627, 630, 635, 638, 640, 642, 645, 646, 647, 649, 655, 658, 659, 664, 666, 674, 703, 706, 716, 726, 729, 740, 749, 751, 752, 763, 764, 766, 767, 768, 787, 794, 800, 808, 809, 835, 842, 869, 887]

[0, 1, 2, 3, 5, 6, 7, 8, 10, 11, 13, 15, 16, 17, 18, 19, 20, 23, 24, 25, 26, 27, 28, 29, 31, 32, 33, 34, 35, 36, 38, 39, 41, 42, 44, 46, 47, 48, 49, 50, 51, 52, 53, 55, 56, 57, 58, 59, 60, 61, 62, 63, 64, 65, 66, 67, 68, 69, 70, 72, 73, 74, 75, 76, 77, 78, 79, 80, 81, 82, 83, 84, 85, 86, 87, 88, 90, 91, 92, 93, 94, 95, 96, 97, 100, 101, 103, 105, 106, 107, 108, 109, 110, 111, 112, 113, 114, 115, 116, 117, 118, 119, 120, 121, 122, 123, 124, 126, 127, 128, 129, 130, 131, 132, 134, 135, 136, 137, 138, 140, 142, 144, 145, 146, 147, 148, 149, 150, 151, 152, 154, 155, 156, 157, 158, 160, 161, 163, 164, 165, 166, 169, 170, 171, 172, 173, 174, 175, 176, 177, 178, 179, 180, 181, 182, 183, 185, 186, 187, 188, 191, 192, 193, 194, 195, 197, 198, 199, 200, 201, 202, 203, 204, 205, 207, 208, 209, 210, 211, 212, 213, 215, 216, 217, 218, 219, 221, 222, 223, 224, 225, 227, 229, 230, 231, 232, 233, 234, 237, 238, 239, 240, 241, 242, 243, 245, 246, 247, 248, 249, 250, 252, 253, 254, 255, 256, 257, 258, 260, 261, 262, 264, 265, 266, 267, 268, 269, 270, 271, 272, 273, 274, 275, 276, 277, 278, 279, 280, 281, 282, 283, 284, 285, 286, 287, 289, 290, 292, 293, 294, 296, 297, 298, 300, 301, 302, 303, 306, 307, 308, 309, 310, 311, 314, 315, 317, 318, 319, 322, 324, 325, 326, 327, 328, 329, 330, 331, 332, 333, 334, 335, 336, 338, 339, 340, 342, 343, 344, 346, 347, 348, 350, 351, 352, 354, 355, 357, 358, 359, 360, 361, 362, 363, 364, 365, 366, 367, 368, 369, 370, 371, 372, 373, 374, 377, 378, 379, 380, 381, 382, 383, 384, 385, 386, 387, 388, 389, 390, 391, 392, 393, 394, 395, 396, 397, 398, 401, 405, 406, 407, 408, 409, 410, 411, 412, 414, 415, 417, 418, 419, 420, 421, 423, 424, 425, 426, 427, 428, 429, 430, 431, 432, 433, 434, 435, 436, 437, 439, 441, 442, 443, 444, 447, 449, 450, 451, 452, 453, 454, 455, 456, 458, 459, 460, 461, 462, 463, 464, 465, 466, 468, 469, 470, 471, 472, 473, 474, 477, 479, 480, 483, 484, 485, 487, 488, 490, 491, 492, 493, 497, 498, 499, 500, 502, 504, 506, 507, 508, 509, 510, 511, 512, 513, 514, 515, 516, 517, 518, 520, 521, 523, 524, 525, 526, 527, 528, 529, 530, 533, 534, 535, 537, 539, 540, 541, 542, 543, 544, 545, 546, 547, 548, 549, 550, 551, 553, 555, 556, 558, 559, 560, 563, 564, 565, 566, 567, 569, 570, 571, 572, 573, 574, 575, 576, 577, 578, 579, 580, 581, 582, 586, 587, 588, 589, 590, 591, 592, 593, 594, 595, 596, 597, 599, 600, 602, 603, 604, 605, 606, 607, 608, 609, 610, 611, 612, 614, 615, 616, 617, 619, 620, 621, 622, 624, 625, 626, 627, 628, 629, 630, 631, 632, 633, 634, 635, 636, 637, 638, 639, 640, 643, 644, 645, 646, 647, 648, 649, 650, 652, 653, 655, 656, 657, 658, 660, 663, 664, 666, 668, 669, 670, 671, 672, 673, 674, 676, 677, 678, 679, 680, 681, 682, 683, 684, 685, 686, 688, 689, 690, 691, 692, 693, 694, 695, 696, 697, 698, 699, 700, 701, 702, 706, 708, 709, 710, 711, 712, 713, 714, 715, 716, 719, 720, 721, 723, 724, 726, 727, 728, 729, 730, 731, 732, 733, 734, 736, 737, 738, 740, 741, 743, 744, 745, 746, 747, 748, 749, 752, 754, 755, 756, 757, 758, 759, 760, 761, 762, 763, 764, 765, 767, 769, 770, 771, 772, 773, 774, 775, 776, 777, 778, 779, 780, 781, 782, 783, 785, 786, 788, 789, 790, 791, 792, 793, 795, 796, 797, 798, 799, 800, 801, 802, 803, 804, 805, 806, 808, 810, 811, 812, 814, 816, 817, 818, 819, 820, 821, 823, 824, 825, 826, 827, 828, 829, 830, 831, 832, 833, 835, 836, 838, 839, 840, 841, 842, 844, 845, 846, 847, 848, 849, 850, 851, 852, 853, 854, 855, 856, 857, 858, 859, 860, 862, 863, 864, 865, 868, 869, 870, 871, 873, 874, 875, 876, 879, 880, 881, 882, 883, 884, 885, 886, 887, 888, 889]
[0, 2, 4, 11, 13, 22, 29, 42, 63, 68, 69, 72, 75, 77, 85, 95, 103, 107, 110, 113, 127, 133, 134, 137, 146, 163, 164, 175, 204, 222, 249, 251, 261, 264, 269, 277, 282, 285, 288, 294, 298, 307, 315, 319, 331, 338, 343, 349, 359, 381, 392, 416, 423, 440, 447, 449, 451, 467, 471, 473, 480, 482, 485, 486, 497, 505, 516, 520, 544, 553, 556, 560, 577, 586, 587, 589, 604, 609, 611, 613, 616, 622, 625, 627, 630, 635, 638, 640, 642, 645, 646, 647, 649, 655, 658, 659, 664, 666, 674, 703, 706, 716, 726, 729, 740, 749, 751, 752, 763, 764, 766, 767, 768, 787, 794, 800, 808, 809, 835, 842, 869, 887]

[0, 1, 2, 3, 5, 6, 7, 8, 10, 11, 13, 15, 16, 17, 18, 19, 20, 21, 23, 24, 25, 26, 27, 28, 29, 31, 32, 33, 34, 35, 36, 37, 38, 39, 41, 42, 43, 44, 46, 47, 48, 49, 50, 51, 52, 53, 55, 56, 57, 58, 59, 60, 61, 62, 63, 64, 65, 66, 67, 68, 69, 70, 72, 73, 74, 75, 76, 77, 78, 79, 80, 81, 82, 83, 84, 85, 86, 87, 88, 90, 91, 92, 93, 94, 95, 96, 97, 99, 100, 101, 103, 105, 106, 107, 108, 109, 110, 111, 112, 113, 114, 115, 116, 117, 118, 119, 120, 121, 122, 123, 124, 125, 126, 127, 128, 129, 130, 131, 132, 134, 135, 136, 137, 138, 140, 142, 143, 144, 145, 146, 147, 148, 149, 150, 151, 152, 154, 155, 156, 157, 158, 160, 161, 162, 163, 164, 165, 166, 167, 169, 170, 171, 172, 173, 174, 175, 176, 177, 178, 179, 180, 181, 182, 183, 185, 186, 187, 188, 191, 192, 193, 194, 195, 197, 198, 199, 200, 201, 202, 203, 204, 205, 207, 208, 209, 210, 211, 212, 213, 215, 216, 217, 218, 219, 221, 222, 223, 224, 225, 227, 229, 230, 231, 232, 233, 234, 237, 238, 239, 240, 241, 242, 243, 244, 245, 246, 247, 248, 249, 250, 252, 253, 254, 255, 256, 257, 258, 259, 260, 261, 262, 264, 265, 266, 267, 268, 269, 270, 271, 272, 273, 274, 275, 276, 277, 278, 279, 280, 281, 282, 283, 284, 285, 286, 287, 288, 289, 290, 291, 292, 293, 294, 296, 297, 298, 300, 301, 302, 303, 305, 306, 307, 308, 309, 310, 311, 314, 315, 316, 317, 318, 319, 322, 324, 325, 326, 327, 328, 329, 330, 331, 332, 333, 334, 335, 336, 338, 339, 340, 342, 343, 344, 346, 347, 348, 350, 351, 352, 354, 355, 357, 358, 359, 360, 361, 362, 363, 364, 365, 366, 367, 368, 369, 370, 371, 372, 373, 374, 377, 378, 379, 380, 381, 382, 383, 384, 385, 386, 387, 388, 389, 390, 391, 392, 393, 394, 395, 396, 397, 398, 401, 405, 406, 407, 408, 409, 410, 411, 412, 414, 415, 417, 418, 419, 420, 421, 423, 424, 425, 426, 427, 428, 429, 430, 431, 432, 433, 434, 435, 436, 437, 438, 439, 441, 442, 443, 444, 447, 449, 450, 451, 452, 453, 454, 455, 456, 458, 459, 460, 461, 462, 463, 464, 465, 466, 468, 469, 470, 471, 472, 473, 474, 477, 479, 480, 483, 484, 485, 487, 488, 490, 491, 492, 493, 497, 498, 499, 500, 502, 503, 504, 506, 507, 508, 509, 510, 511, 512, 513, 514, 515, 516, 517, 518, 519, 520, 521, 523, 524, 525, 526, 527, 528, 529, 530, 533, 534, 535, 537, 539, 540, 541, 542, 543, 544, 545, 546, 547, 548, 549, 550, 551, 553, 555, 556, 558, 559, 560, 562, 563, 564, 565, 566, 567, 569, 570, 571, 572, 573, 574, 575, 576, 577, 578, 579, 580, 581, 582, 586, 587, 588, 589, 590, 591, 592, 593, 594, 595, 596, 597, 599, 600, 601, 602, 603, 604, 605, 606, 607, 608, 609, 610, 611, 612, 613, 614, 615, 616, 617, 619, 620, 621, 622, 624, 625, 626, 627, 628, 629, 630, 631, 632, 633, 634, 635, 636, 637, 638, 639, 640, 643, 644, 645, 646, 647, 648, 649, 650, 651, 652, 653, 655, 656, 657, 658, 660, 663, 664, 665, 666, 668, 669, 670, 671, 672, 673, 674, 676, 677, 678, 679, 680, 681, 682, 683, 684, 685, 686, 687, 688, 689, 690, 691, 692, 693, 694, 695, 696, 697, 698, 699, 700, 701, 702, 706, 708, 709, 710, 711, 712, 713, 714, 715, 716, 719, 720, 721, 723, 724, 726, 727, 728, 729, 730, 731, 732, 733, 734, 736, 737, 738, 740, 741, 743, 744, 745, 746, 747, 748, 749, 752, 754, 755, 756, 757, 758, 759, 760, 761, 762, 763, 764, 765, 767, 768, 769, 770, 771, 772, 773, 774, 775, 776, 777, 778, 779, 780, 781, 782, 783, 784, 785, 786, 788, 789, 790, 791, 792, 793, 795, 796, 797, 798, 799, 800, 801, 802, 803, 804, 805, 806, 808, 810, 811, 812, 814, 816, 817, 818, 819, 820, 821, 823, 824, 825, 826, 827, 828, 829, 830, 831, 832, 833, 835, 836, 838, 839, 840, 841, 842, 844, 845, 846, 847, 848, 849, 850, 851, 852, 853, 854, 855, 856, 857, 858, 859, 860, 862, 863, 864, 865, 868, 869, 870, 871, 873, 874, 875, 876, 879, 880, 881, 882, 883, 884, 885, 886, 887, 888, 889]
[0, 2, 4, 11, 13, 22, 29, 42, 63, 68, 69, 72, 75, 77, 85, 95, 103, 107, 110, 113, 127, 133, 134, 137, 146, 163, 164, 175, 204, 222, 249, 251, 261, 264, 269, 277, 282, 285, 288, 294, 298, 307, 315, 319, 331, 338, 343, 349, 359, 381, 392, 416, 423, 440, 447, 449, 451, 467, 471, 473, 480, 482, 485, 486, 497, 505, 516, 520, 544, 553, 556, 560, 577, 586, 587, 589, 604, 609, 611, 613, 616, 622, 625, 627, 630, 635, 638, 640, 642, 645, 646, 647, 649, 655, 658, 659, 664, 666, 674, 703, 706, 716, 726, 729, 740, 749, 751, 752, 763, 764, 766, 767, 768, 787, 794, 800, 808, 809, 835, 842, 869, 887]

[0, 1, 2, 3, 5, 6, 7, 8, 10, 11, 13, 15, 16, 17, 18, 19, 20, 21, 23, 24, 25, 26, 27, 28, 29, 31, 32, 33, 34, 35, 36, 37, 38, 39, 41, 42, 43, 44, 46, 47, 48, 49, 50, 51, 52, 53, 55, 56, 57, 58, 59, 60, 61, 62, 63, 64, 65, 66, 67, 68, 69, 70, 72, 73, 74, 75, 76, 77, 78, 79, 80, 81, 82, 83, 84, 85, 86, 87, 88, 89, 90, 91, 92, 93, 94, 95, 96, 97, 99, 100, 101, 103, 105, 106, 107, 108, 109, 110, 111, 112, 113, 114, 115, 116, 117, 118, 119, 120, 121, 122, 123, 124, 125, 126, 127, 128, 129, 130, 131, 132, 134, 135, 136, 137, 138, 140, 141, 142, 143, 144, 145, 146, 147, 148, 149, 150, 151, 152, 154, 155, 156, 157, 158, 159, 160, 161, 162, 163, 164, 165, 166, 167, 169, 170, 171, 172, 173, 174, 175, 176, 177, 178, 179, 180, 181, 182, 183, 185, 186, 187, 188, 190, 191, 192, 193, 194, 195, 197, 198, 199, 200, 201, 202, 203, 204, 205, 206, 207, 208, 209, 210, 211, 212, 213, 214, 215, 216, 217, 218, 219, 220, 221, 222, 223, 224, 225, 227, 228, 229, 230, 231, 232, 233, 234, 237, 238, 239, 240, 241, 242, 243, 244, 245, 246, 247, 248, 249, 250, 252, 253, 254, 255, 256, 257, 258, 259, 260, 261, 262, 264, 265, 266, 267, 268, 269, 270, 271, 272, 273, 274, 275, 276, 277, 278, 279, 280, 281, 282, 283, 284, 285, 286, 287, 288, 289, 290, 291, 292, 293, 294, 296, 297, 298, 300, 301, 302, 303, 305, 306, 307, 308, 309, 310, 311, 312, 314, 315, 316, 317, 318, 319, 320, 321, 322, 324, 325, 326, 327, 328, 329, 330, 331, 332, 333, 334, 335, 336, 338, 339, 340, 342, 343, 344, 346, 347, 348, 350, 351, 352, 354, 355, 356, 357, 358, 359, 360, 361, 362, 363, 364, 365, 366, 367, 368, 369, 370, 371, 372, 373, 374, 377, 378, 379, 380, 381, 382, 383, 384, 385, 386, 387, 388, 389, 390, 391, 392, 393, 394, 395, 396, 397, 398, 399, 401, 405, 406, 407, 408, 409, 410, 411, 412, 414, 415, 417, 418, 419, 420, 421, 423, 424, 425, 426, 427, 428, 429, 430, 431, 432, 433, 434, 435, 436, 437, 438, 439, 441, 442, 443, 444, 445, 447, 449, 450, 451, 452, 453, 454, 455, 456, 458, 459, 460, 461, 462, 463, 464, 465, 466, 468, 469, 470, 471, 472, 473, 474, 477, 479, 480, 483, 484, 485, 487, 488, 490, 491, 492, 493, 494, 496, 497, 498, 499, 500, 502, 503, 504, 506, 507, 508, 509, 510, 511, 512, 513, 514, 515, 516, 517, 518, 519, 520, 521, 523, 524, 525, 526, 527, 528, 529, 530, 533, 534, 535, 537, 539, 540, 541, 542, 543, 544, 545, 546, 547, 548, 549, 550, 551, 553, 554, 555, 556, 558, 559, 560, 562, 563, 564, 565, 566, 567, 569, 570, 571, 572, 573, 574, 575, 576, 577, 578, 579, 580, 581, 582, 586, 587, 588, 589, 590, 591, 592, 593, 594, 595, 596, 597, 598, 599, 600, 601, 602, 603, 604, 605, 606, 607, 608, 609, 610, 611, 612, 613, 614, 615, 616, 617, 619, 620, 621, 622, 624, 625, 626, 627, 628, 629, 630, 631, 632, 633, 634, 635, 636, 637, 638, 639, 640, 641, 643, 644, 645, 646, 647, 648, 649, 650, 651, 652, 653, 655, 656, 657, 658, 659, 660, 663, 664, 665, 666, 668, 669, 670, 671, 672, 673, 674, 675, 676, 677, 678, 679, 680, 681, 682, 683, 684, 685, 686, 687, 688, 689, 690, 691, 692, 693, 694, 695, 696, 697, 698, 699, 700, 701, 702, 705, 706, 708, 709, 710, 711, 712, 713, 714, 715, 716, 719, 720, 721, 723, 724, 726, 727, 728, 729, 730, 731, 732, 733, 734, 736, 737, 738, 740, 741, 742, 743, 744, 745, 746, 747, 748, 749, 752, 754, 755, 756, 757, 758, 759, 760, 761, 762, 763, 764, 765, 767, 768, 769, 770, 771, 772, 773, 774, 775, 776, 777, 778, 779, 780, 781, 782, 783, 784, 785, 786, 787, 788, 789, 790, 791, 792, 793, 795, 796, 797, 798, 799, 800, 801, 802, 803, 804, 805, 806, 808, 810, 811, 812, 814, 816, 817, 818, 819, 820, 821, 823, 824, 825, 826, 827, 828, 829, 830, 831, 832, 833, 835, 836, 838, 839, 840, 841, 842, 844, 845, 846, 847, 848, 849, 850, 851, 852, 853, 854, 855, 856, 857, 858, 859, 860, 862, 863, 864, 865, 868, 869, 870, 871, 873, 874, 875, 876, 879, 880, 881, 882, 883, 884, 885, 886, 887, 888, 889]
[0, 2, 4, 11, 13, 22, 29, 42, 63, 68, 69, 72, 75, 77, 85, 95, 103, 107, 110, 113, 127, 133, 134, 137, 146, 163, 164, 175, 204, 222, 249, 251, 261, 264, 269, 277, 282, 285, 288, 294, 298, 307, 315, 319, 331, 338, 343, 349, 359, 381, 392, 416, 423, 440, 447, 449, 451, 467, 471, 473, 480, 482, 485, 486, 497, 505, 516, 520, 544, 553, 556, 560, 577, 586, 587, 589, 604, 609, 611, 613, 616, 622, 625, 627, 630, 635, 638, 640, 642, 645, 646, 647, 649, 655, 658, 659, 664, 666, 674, 703, 706, 716, 726, 729, 740, 749, 751, 752, 763, 764, 766, 767, 768, 787, 794, 800, 808, 809, 835, 842, 869, 887]

