[60, 187, 203, 245, 266, 379, 387, 408, 411, 443, 445, 472, 502, 529, 616, 661, 665, 683, 703, 824, 829, 860]
[8, 20, 62, 87, 151, 201, 342, 355, 376, 396, 448, 500, 517, 570, 644, 709, 729, 788, 792, 806, 825, 858]

[60, 187, 203, 245, 266, 379, 387, 408, 411, 443, 445, 472, 502, 529, 616, 661, 665, 683, 703, 824, 829, 860]
[8, 20, 22, 32, 34, 36, 39, 47, 55, 58, 62, 72, 77, 82, 83, 85, 87, 92, 94, 100, 101, 113, 114, 125, 130, 132, 136, 141, 147, 148, 151, 153, 175, 181, 191, 201, 206, 208, 222, 229, 230, 241, 254, 260, 261, 273, 282, 283, 286, 290, 295, 297, 307, 311, 320, 335, 342, 355, 369, 375, 376, 384, 385, 396, 402, 415, 426, 437, 438, 440, 448, 460, 461, 466, 477, 478, 482, 493, 494, 500, 503, 514, 517, 526, 544, 548, 558, 564, 570, 574, 580, 587, 620, 632, 641, 644, 652, 659, 709, 718, 729, 740, 754, 760, 764, 766, 769, 788, 792, 798, 799, 801, 805, 806, 825, 835, 837, 854, 858, 861, 869, 878]

[60, 98, 117, 187, 203, 204, 245, 246, 249, 266, 287, 331, 339, 379, 387, 397, 407, 408, 411, 443, 445, 448, 466, 472, 496, 502, 527, 529, 539, 584, 616, 628, 658, 661, 665, 681, 683, 703, 716, 725, 732, 781, 824, 829, 839, 860, 885]
[8, 20, 22, 32, 34, 36, 39, 47, 55, 58, 62, 72, 77, 82, 83, 85, 87, 92, 94, 100, 101, 113, 114, 125, 130, 132, 136, 141, 147, 148, 151, 153, 175, 181, 191, 201, 206, 208, 222, 229, 230, 241, 254, 260, 261, 273, 282, 283, 286, 290, 295, 297, 307, 311, 320, 335, 342, 355, 369, 375, 376, 384, 385, 396, 402, 415, 426, 437, 438, 440, 448, 460, 461, 466, 477, 478, 482, 493, 494, 500, 503, 514, 517, 526, 544, 548, 558, 564, 570, 574, 580, 587, 620, 632, 641, 644, 652, 659, 709, 718, 729, 740, 754, 760, 764, 766, 769, 788, 792, 798, 799, 801, 805, 806, 825, 835, 837, 854, 858, 861, 869, 878]

[2, 51, 53, 60, 70, 98, 101, 117, 138, 172, 187, 203, 204, 235, 245, 246, 248, 249, 254, 266, 287, 297, 313, 331, 339, 379, 387, 397, 398, 407, 408, 411, 443, 445, 448, 466, 472, 496, 502, 508, 510, 516, 527, 529, 539, 544, 584, 616, 617, 628, 637, 658, 661, 665, 681, 683, 702, 703, 704, 716, 725, 728, 732, 749, 781, 813, 822, 824, 829, 839, 860, 885]
[8, 20, 22, 32, 34, 36, 39, 47, 55, 58, 62, 72, 77, 82, 83, 85, 87, 92, 94, 100, 101, 113, 114, 125, 130, 132, 136, 141, 147, 148, 151, 153, 175, 181, 191, 201, 206, 208, 222, 229, 230, 241, 254, 260, 261, 273, 282, 283, 286, 290, 295, 297, 307, 311, 320, 335, 342, 355, 369, 375, 376, 384, 385, 396, 402, 415, 426, 437, 438, 440, 448, 460, 461, 466, 477, 478, 482, 493, 494, 500, 503, 514, 517, 526, 544, 548, 558, 564, 570, 574, 580, 587, 620, 632, 641, 644, 652, 659, 709, 718, 729, 740, 754, 760, 764, 766, 769, 788, 792, 798, 799, 801, 805, 806, 825, 835, 837, 854, 858, 861, 869, 878]

[2, 10, 51, 53, 60, 70, 72, 83, 91, 98, 101, 104, 109, 112, 117, 138, 153, 167, 172, 187, 189, 203, 204, 229, 235, 245, 246, 248, 249, 254, 266, 268, 271, 278, 287, 297, 313, 314, 331, 339, 370, 377, 379, 387, 397, 398, 407, 408, 411, 443, 445, 448, 456, 466, 472, 496, 502, 508, 510, 516, 527, 529, 539, 544, 584, 616, 617, 628, 637, 653, 658, 661, 663, 665, 681, 683, 695, 697, 702, 703, 704, 716, 725, 728, 732, 749, 781, 810, 813, 822, 824, 829, 839, 848, 860, 885, 888]
[8, 20, 22, 32, 34, 36, 39, 47, 55, 58, 62, 72, 77, 82, 83, 85, 87, 92, 94, 100, 101, 113, 114, 125, 130, 132, 136, 141, 147, 148, 151, 153, 175, 181, 191, 201, 206, 208, 222, 229, 230, 241, 254, 260, 261, 273, 282, 283, 286, 290, 295, 297, 307, 311, 320, 335, 342, 355, 369, 375, 376, 384, 385, 396, 402, 415, 426, 437, 438, 440, 448, 460, 461, 466, 477, 478, 482, 493, 494, 500, 503, 514, 517, 526, 544, 548, 558, 564, 570, 574, 580, 587, 620, 632, 641, 644, 652, 659, 709, 718, 729, 740, 754, 760, 764, 766, 769, 788, 792, 798, 799, 801, 805, 806, 825, 835, 837, 854, 858, 861, 869, 878]

[2, 5, 10, 11, 22, 33, 39, 49, 51, 53, 58, 60, 70, 72, 83, 84, 91, 98, 101, 104, 109, 112, 117, 138, 153, 167, 172, 183, 187, 189, 203, 204, 214, 229, 234, 235, 239, 245, 246, 248, 249, 254, 266, 268, 271, 278, 280, 282, 287, 289, 297, 303, 313, 314, 331, 339, 370, 377, 379, 387, 397, 398, 407, 408, 411, 436, 443, 445, 448, 456, 466, 472, 496, 502, 508, 510, 516, 527, 529, 539, 544, 584, 610, 616, 617, 628, 637, 653, 658, 661, 663, 665, 681, 683, 695, 697, 701, 702, 703, 704, 716, 725, 728, 731, 732, 749, 781, 810, 813, 822, 824, 829, 838, 839, 841, 844, 848, 851, 860, 885, 886, 888]
[8, 20, 22, 32, 34, 36, 39, 47, 55, 58, 62, 72, 77, 82, 83, 85, 87, 92, 94, 100, 101, 113, 114, 125, 130, 132, 136, 141, 147, 148, 151, 153, 175, 181, 191, 201, 206, 208, 222, 229, 230, 241, 254, 260, 261, 273, 282, 283, 286, 290, 295, 297, 307, 311, 320, 335, 342, 355, 369, 375, 376, 384, 385, 396, 402, 415, 426, 437, 438, 440, 448, 460, 461, 466, 477, 478, 482, 493, 494, 500, 503, 514, 517, 526, 544, 548, 558, 564, 570, 574, 580, 587, 620, 632, 641, 644, 652, 659, 709, 718, 729, 740, 754, 760, 764, 766, 769, 788, 792, 798, 799, 801, 805, 806, 825, 835, 837, 854, 858, 861, 869, 878]

[2, 3, 5, 10, 11, 12, 22, 33, 39, 49, 51, 53, 58, 60, 70, 72, 83, 84, 87, 91, 98, 101, 104, 109, 112, 117, 138, 153, 167, 168, 172, 180, 183, 187, 189, 203, 204, 212, 214, 225, 229, 234, 235, 238, 239, 245, 246, 248, 249, 254, 266, 268, 269, 271, 278, 280, 282, 287, 289, 297, 303, 313, 314, 320, 331, 339, 368, 370, 377, 379, 386, 387, 397, 398, 407, 408, 411, 415, 433, 436, 443, 444, 445, 448, 456, 462, 466, 472, 492, 496, 501, 502, 508, 510, 516, 527, 529, 539, 544, 559, 561, 577, 584, 610, 612, 616, 617, 628, 637, 653, 658, 661, 663, 665, 681, 683, 695, 697, 701, 702, 703, 704, 716, 725, 728, 731, 732, 735, 749, 781, 810, 813, 822, 824, 829, 834, 838, 839, 841, 844, 848, 851, 859, 860, 885, 886, 888]
[8, 20, 22, 32, 34, 36, 39, 47, 55, 58, 62, 72, 77, 82, 83, 85, 87, 92, 94, 100, 101, 113, 114, 125, 130, 132, 136, 141, 147, 148, 151, 153, 175, 181, 191, 201, 206, 208, 222, 229, 230, 241, 254, 260, 261, 273, 282, 283, 286, 290, 295, 297, 307, 311, 320, 335, 342, 355, 369, 375, 376, 384, 385, 396, 402, 415, 426, 437, 438, 440, 448, 460, 461, 466, 477, 478, 482, 493, 494, 500, 503, 514, 517, 526, 544, 548, 558, 564, 570, 574, 580, 587, 620, 632, 641, 644, 652, 659, 709, 718, 729, 740, 754, 760, 764, 766, 769, 788, 792, 798, 799, 801, 805, 806, 825, 835, 837, 854, 858, 861, 869, 878]

[2, 3, 5, 10, 11, 12, 22, 24, 33, 39, 46, 49, 51, 53, 58, 60, 64, 70, 72, 83, 84, 87, 91, 98, 101, 104, 109, 112, 117, 138, 153, 167, 168, 172, 180, 183, 187, 189, 203, 204, 212, 214, 225, 229, 234, 235, 238, 239, 245, 246, 248, 249, 254, 266, 268, 269, 271, 278, 280, 282, 287, 289, 297, 301, 303, 313, 314, 320, 331, 339, 356, 368, 370, 377, 379, 380, 386, 387, 396, 397, 398, 399, 407, 408, 411, 415, 425, 433, 436, 443, 444, 445, 448, 456, 462, 466, 472, 484, 492, 496, 501, 502, 508, 510, 512, 516, 517, 520, 527, 529, 539, 540, 541, 544, 548, 559, 561, 570, 577, 584, 610, 612, 616, 617, 628, 637, 649, 650, 653, 658, 661, 663, 665, 666, 681, 683, 693, 695, 697, 701, 702, 703, 704, 716, 725, 728, 731, 732, 735, 745, 747, 749, 767, 781, 802, 810, 813, 822, 824, 829, 831, 834, 838, 839, 841, 844, 848, 851, 859, 860, 875, 885, 886, 888]
[8, 20, 22, 32, 34, 36, 39, 47, 55, 58, 62, 72, 77, 82, 83, 85, 87, 92, 94, 100, 101, 113, 114, 125, 130, 132, 136, 141, 147, 148, 151, 153, 175, 181, 191, 201, 206, 208, 222, 229, 230, 241, 254, 260, 261, 273, 282, 283, 286, 290, 295, 297, 307, 311, 320, 335, 342, 355, 369, 375, 376, 384, 385, 396, 402, 415, 426, 437, 438, 440, 448, 460, 461, 466, 477, 478, 482, 493, 494, 500, 503, 514, 517, 526, 544, 548, 558, 564, 570, 574, 580, 587, 620, 632, 641, 644, 652, 659, 709, 718, 729, 740, 754, 760, 764, 766, 769, 788, 792, 798, 799, 801, 805, 806, 825, 835, 837, 854, 858, 861, 869, 878]

[1, 2, 3, 5, 10, 11, 12, 20, 22, 24, 33, 39, 46, 49, 51, 53, 58, 60, 64, 69, 70, 72, 83, 84, 87, 91, 98, 101, 104, 109, 112, 117, 119, 125, 129, 138, 153, 164, 167, 168, 172, 180, 183, 187, 189, 191, 192, 198, 203, 204, 212, 214, 221, 225, 229, 234, 235, 238, 239, 245, 246, 248, 249, 254, 266, 268, 269, 271, 274, 278, 279, 280, 282, 287, 289, 297, 301, 303, 313, 314, 317, 320, 331, 339, 342, 356, 368, 370, 374, 377, 379, 380, 386, 387, 396, 397, 398, 399, 402, 407, 408, 411, 415, 425, 433, 436, 439, 443, 444, 445, 446, 448, 456, 462, 463, 466, 472, 484, 485, 492, 494, 496, 501, 502, 508, 510, 512, 516, 517, 520, 527, 529, 539, 540, 541, 544, 548, 558, 559, 561, 570, 577, 584, 592, 602, 610, 612, 616, 617, 628, 637, 649, 650, 653, 658, 661, 663, 665, 666, 681, 683, 693, 695, 697, 701, 702, 703, 704, 716, 725, 728, 730, 731, 732, 735, 745, 746, 747, 749, 751, 755, 767, 775, 781, 796, 798, 802, 810, 813, 816, 822, 824, 829, 831, 834, 838, 839, 841, 844, 848, 851, 859, 860, 867, 868, 875, 885, 886, 888]
[8, 20, 22, 32, 34, 36, 39, 47, 55, 58, 62, 72, 77, 82, 83, 85, 87, 92, 94, 100, 101, 113, 114, 125, 130, 132, 136, 141, 147, 148, 151, 153, 175, 181, 191, 201, 206, 208, 222, 229, 230, 241, 254, 260, 261, 273, 282, 283, 286, 290, 295, 297, 307, 311, 320, 335, 342, 355, 369, 375, 376, 384, 385, 396, 402, 415, 426, 437, 438, 440, 448, 460, 461, 466, 477, 478, 482, 493, 494, 500, 503, 514, 517, 526, 544, 548, 558, 564, 570, 574, 580, 587, 620, 632, 641, 644, 652, 659, 709, 718, 729, 740, 754, 760, 764, 766, 769, 788, 792, 798, 799, 801, 805, 806, 825, 835, 837, 854, 858, 861, 869, 878]

[1, 2, 3, 5, 10, 11, 12, 20, 22, 24, 28, 33, 39, 46, 49, 51, 53, 58, 59, 60, 64, 69, 70, 72, 83, 84, 87, 91, 98, 100, 101, 104, 109, 112, 117, 119, 125, 129, 135, 138, 142, 153, 156, 164, 167, 168, 172, 180, 183, 187, 189, 191, 192, 198, 203, 204, 212, 214, 221, 225, 229, 234, 235, 238, 239, 245, 246, 248, 249, 254, 262, 266, 268, 269, 271, 274, 278, 279, 280, 282, 287, 289, 297, 301, 303, 313, 314, 317, 320, 330, 331, 339, 342, 356, 368, 370, 374, 377, 379, 380, 386, 387, 396, 397, 398, 399, 402, 407, 408, 411, 414, 415, 416, 423, 425, 433, 436, 439, 443, 444, 445, 446, 448, 449, 456, 462, 463, 466, 472, 484, 485, 492, 494, 496, 501, 502, 508, 510, 512, 516, 517, 520, 527, 529, 531, 535, 539, 540, 541, 544, 548, 558, 559, 561, 568, 570, 577, 584, 592, 602, 610, 612, 616, 617, 622, 624, 628, 637, 646, 649, 650, 653, 658, 661, 663, 665, 666, 677, 681, 683, 693, 695, 697, 701, 702, 703, 704, 716, 723, 725, 728, 730, 731, 732, 735, 744, 745, 746, 747, 749, 751, 755, 760, 767, 775, 781, 796, 798, 802, 810, 813, 814, 816, 822, 824, 829, 831, 834, 837, 838, 839, 840, 841, 844, 848, 851, 859, 860, 867, 868, 870, 875, 885, 886, 888]
[8, 20, 22, 32, 34, 36, 39, 47, 55, 58, 62, 72, 77, 82, 83, 85, 87, 92, 94, 100, 101, 113, 114, 125, 130, 132, 136, 141, 147, 148, 151, 153, 175, 181, 191, 201, 206, 208, 222, 229, 230, 241, 254, 260, 261, 273, 282, 283, 286, 290, 295, 297, 307, 311, 320, 335, 342, 355, 369, 375, 376, 384, 385, 396, 402, 415, 426, 437, 438, 440, 448, 460, 461, 466, 477, 478, 482, 493, 494, 500, 503, 514, 517, 526, 544, 548, 558, 564, 570, 574, 580, 587, 620, 632, 641, 644, 652, 659, 709, 718, 729, 740, 754, 760, 764, 766, 769, 788, 792, 798, 799, 801, 805, 806, 825, 835, 837, 854, 858, 861, 869, 878]

[1, 2, 3, 4, 5, 10, 11, 12, 13, 20, 22, 24, 28, 33, 39, 42, 46, 49, 51, 53, 58, 59, 60, 64, 69, 70, 72, 75, 83, 84, 86, 87, 91, 96, 98, 100, 101, 104, 109, 112, 117, 119, 125, 129, 135, 138, 141, 142, 153, 156, 164, 167, 168, 172, 180, 183, 187, 189, 191, 192, 198, 203, 204, 212, 214, 221, 225, 229, 234, 235, 238, 239, 242, 245, 246, 248, 249, 252, 254, 262, 266, 268, 269, 271, 274, 278, 279, 280, 282, 287, 289, 297, 301, 303, 313, 314, 317, 320, 325, 330, 331, 335, 339, 342, 353, 356, 368, 370, 374, 377, 379, 380, 386, 387, 396, 397, 398, 399, 402, 407, 408, 411, 414, 415, 416, 417, 423, 425, 430, 433, 436, 439, 443, 444, 445, 446, 447, 448, 449, 456, 462, 463, 466, 469, 472, 484, 485, 492, 494, 495, 496, 501, 502, 508, 510, 511, 512, 516, 517, 520, 527, 529, 531, 535, 539, 540, 541, 544, 548, 557, 558, 559, 561, 568, 570, 577, 584, 592, 598, 602, 610, 612, 616, 617, 622, 624, 628, 633, 637, 646, 649, 650, 653, 658, 661, 663, 665, 666, 677, 681, 683, 693, 695, 697, 701, 702, 703, 704, 716, 723, 724, 725, 728, 730, 731, 732, 735, 744, 745, 746, 747, 749, 751, 755, 760, 767, 769, 775, 781, 796, 798, 800, 802, 810, 813, 814, 816, 822, 824, 829, 831, 834, 837, 838, 839, 840, 841, 844, 848, 851, 859, 860, 862, 867, 868, 870, 875, 885, 886, 888]
[8, 20, 22, 32, 34, 36, 39, 47, 55, 58, 62, 72, 77, 82, 83, 85, 87, 92, 94, 100, 101, 113, 114, 125, 130, 132, 136, 141, 147, 148, 151, 153, 175, 181, 191, 201, 206, 208, 222, 229, 230, 241, 254, 260, 261, 273, 282, 283, 286, 290, 295, 297, 307, 311, 320, 335, 342, 355, 369, 375, 376, 384, 385, 396, 402, 415, 426, 437, 438, 440, 448, 460, 461, 466, 477, 478, 482, 493, 494, 500, 503, 514, 517, 526, 544, 548, 558, 564, 570, 574, 580, 587, 620, 632, 641, 644, 652, 659, 709, 718, 729, 740, 754, 760, 764, 766, 769, 788, 792, 798, 799, 801, 805, 806, 825, 835, 837, 854, 858, 861, 869, 878]

[1, 2, 3, 4, 5, 10, 11, 12, 13, 17, 20, 22, 24, 28, 33, 39, 42, 46, 49, 51, 53, 58, 59, 60, 64, 69, 70, 72, 75, 76, 83, 84, 86, 87, 91, 95, 96, 98, 100, 101, 104, 105, 109, 112, 117, 119, 125, 129, 135, 138, 141, 142, 145, 153, 156, 164, 167, 168, 172, 180, 181, 183, 187, 189, 191, 192, 198, 203, 204, 212, 214, 221, 222, 225, 229, 234, 235, 237, 238, 239, 242, 245, 246, 248, 249, 252, 254, 262, 266, 268, 269, 271, 273, 274, 278, 279, 280, 282, 287, 289, 297, 301, 303, 313, 314, 317, 320, 325, 330, 331, 335, 339, 342, 353, 356, 357, 368, 369, 370, 374, 377, 379, 380, 386, 387, 396, 397, 398, 399, 402, 407, 408, 411, 414, 415, 416, 417, 423, 425, 430, 433, 436, 439, 443, 444, 445, 446, 447, 448, 449, 456, 462, 463, 466, 469, 471, 472, 484, 485, 492, 494, 495, 496, 501, 502, 508, 510, 511, 512, 516, 517, 520, 527, 529, 531, 535, 536, 539, 540, 541, 544, 548, 549, 557, 558, 559, 560, 561, 568, 570, 577, 584, 592, 595, 598, 602, 610, 612, 616, 617, 618, 622, 624, 628, 633, 637, 646, 649, 650, 653, 658, 661, 663, 665, 666, 673, 677, 681, 683, 691, 693, 695, 696, 697, 701, 702, 703, 704, 716, 722, 723, 724, 725, 728, 730, 731, 732, 735, 744, 745, 746, 747, 748, 749, 751, 755, 760, 765, 767, 769, 775, 781, 796, 798, 800, 802, 810, 813, 814, 816, 819, 822, 824, 829, 831, 834, 837, 838, 839, 840, 841, 844, 848, 851, 854, 859, 860, 862, 867, 868, 870, 875, 885, 886, 888]
[8, 20, 22, 32, 34, 36, 39, 47, 55, 58, 62, 72, 77, 82, 83, 85, 87, 92, 94, 100, 101, 113, 114, 125, 130, 132, 136, 141, 147, 148, 151, 153, 175, 181, 191, 201, 206, 208, 222, 229, 230, 241, 254, 260, 261, 273, 282, 283, 286, 290, 295, 297, 307, 311, 320, 335, 342, 355, 369, 375, 376, 384, 385, 396, 402, 415, 426, 437, 438, 440, 448, 460, 461, 466, 477, 478, 482, 493, 494, 500, 503, 514, 517, 526, 544, 548, 558, 564, 570, 574, 580, 587, 620, 632, 641, 644, 652, 659, 709, 718, 729, 740, 754, 760, 764, 766, 769, 788, 792, 798, 799, 801, 805, 806, 825, 835, 837, 854, 858, 861, 869, 878]

[1, 2, 3, 4, 5, 10, 11, 12, 13, 17, 20, 22, 24, 28, 30, 33, 39, 42, 46, 49, 51, 53, 58, 59, 60, 64, 69, 70, 72, 75, 76, 83, 84, 86, 87, 91, 95, 96, 98, 100, 101, 104, 105, 108, 109, 112, 117, 119, 121, 125, 129, 135, 138, 141, 142, 145, 153, 156, 164, 167, 168, 169, 172, 177, 180, 181, 183, 187, 189, 191, 192, 198, 203, 204, 210, 212, 214, 221, 222, 225, 229, 234, 235, 237, 238, 239, 242, 245, 246, 248, 249, 252, 254, 262, 264, 266, 268, 269, 271, 273, 274, 277, 278, 279, 280, 282, 287, 289, 297, 298, 301, 303, 313, 314, 316, 317, 320, 325, 330, 331, 335, 339, 342, 353, 356, 357, 359, 368, 369, 370, 374, 376, 377, 379, 380, 386, 387, 394, 395, 396, 397, 398, 399, 402, 407, 408, 411, 414, 415, 416, 417, 423, 425, 430, 433, 436, 439, 443, 444, 445, 446, 447, 448, 449, 456, 462, 463, 466, 469, 471, 472, 484, 485, 492, 494, 495, 496, 501, 502, 508, 510, 511, 512, 514, 516, 517, 520, 527, 529, 531, 535, 536, 539, 540, 541, 544, 548, 549, 557, 558, 559, 560, 561, 568, 570, 577, 579, 584, 592, 595, 598, 600, 602, 610, 612, 616, 617, 618, 622, 624, 628, 633, 637, 641, 646, 649, 650, 653, 658, 661, 663, 665, 666, 671, 673, 675, 677, 678, 681, 683, 691, 693, 695, 696, 697, 701, 702, 703, 704, 716, 722, 723, 724, 725, 728, 730, 731, 732, 735, 744, 745, 746, 747, 748, 749, 751, 755, 756, 760, 761, 765, 767, 769, 775, 781, 788, 793, 796, 798, 800, 802, 810, 813, 814, 816, 819, 822, 824, 829, 831, 834, 837, 838, 839, 840, 841, 844, 848, 851, 854, 859, 860, 862, 867, 868, 870, 875, 885, 886, 888]
[8, 20, 22, 32, 34, 36, 39, 47, 55, 58, 62, 72, 77, 82, 83, 85, 87, 92, 94, 100, 101, 113, 114, 125, 130, 132, 136, 141, 147, 148, 151, 153, 175, 181, 191, 201, 206, 208, 222, 229, 230, 241, 254, 260, 261, 273, 282, 283, 286, 290, 295, 297, 307, 311, 320, 335, 342, 355, 369, 375, 376, 384, 385, 396, 402, 415, 426, 437, 438, 440, 448, 460, 461, 466, 477, 478, 482, 493, 494, 500, 503, 514, 517, 526, 544, 548, 558, 564, 570, 574, 580, 587, 620, 632, 641, 644, 652, 659, 709, 718, 729, 740, 754, 760, 764, 766, 769, 788, 792, 798, 799, 801, 805, 806, 825, 835, 837, 854, 858, 861, 869, 878]

[1, 2, 3, 4, 5, 10, 11, 12, 13, 17, 20, 22, 24, 28, 30, 33, 39, 42, 46, 49, 51, 53, 55, 58, 59, 60, 64, 69, 70, 72, 75, 76, 79, 83, 84, 86, 87, 91, 95, 96, 98, 100, 101, 104, 105, 108, 109, 112, 117, 119, 121, 125, 129, 135, 138, 141, 142, 145, 153, 156, 157, 164, 167, 168, 169, 172, 177, 180, 181, 183, 187, 189, 191, 192, 198, 203, 204, 206, 210, 212, 214, 221, 222, 223, 225, 228, 229, 234, 235, 237, 238, 239, 242, 245, 246, 248, 249, 252, 254, 262, 264, 266, 268, 269, 271, 273, 274, 277, 278, 279, 280, 282, 287, 289, 297, 298, 301, 303, 307, 308, 313, 314, 316, 317, 320, 325, 330, 331, 335, 339, 342, 353, 356, 357, 359, 368, 369, 370, 374, 376, 377, 379, 380, 381, 386, 387, 394, 395, 396, 397, 398, 399, 402, 407, 408, 411, 414, 415, 416, 417, 423, 425, 427, 429, 430, 433, 436, 439, 441, 443, 444, 445, 446, 447, 448, 449, 453, 456, 462, 463, 466, 469, 471, 472, 484, 485, 492, 494, 495, 496, 501, 502, 508, 510, 511, 512, 514, 516, 517, 519, 520, 527, 529, 531, 535, 536, 537, 539, 540, 541, 544, 548, 549, 557, 558, 559, 560, 561, 568, 570, 577, 579, 584, 592, 595, 598, 600, 602, 610, 612, 616, 617, 618, 622, 624, 628, 633, 635, 637, 641, 646, 649, 650, 653, 656, 658, 659, 661, 663, 664, 665, 666, 671, 673, 675, 677, 678, 681, 683, 691, 693, 695, 696, 697, 701, 702, 703, 704, 705, 716, 722, 723, 724, 725, 728, 730, 731, 732, 735, 744, 745, 746, 747, 748, 749, 751, 755, 756, 760, 761, 765, 767, 769, 775, 781, 788, 793, 794, 796, 798, 800, 802, 810, 813, 814, 816, 819, 822, 824, 826, 829, 831, 834, 835, 836, 837, 838, 839, 840, 841, 844, 848, 851, 854, 859, 860, 862, 867, 868, 870, 875, 881, 885, 886, 888]
[8, 20, 22, 32, 34, 36, 39, 47, 55, 58, 62, 72, 77, 82, 83, 85, 87, 92, 94, 100, 101, 113, 114, 125, 130, 132, 136, 141, 147, 148, 151, 153, 175, 181, 191, 201, 206, 208, 222, 229, 230, 241, 254, 260, 261, 273, 282, 283, 286, 290, 295, 297, 307, 311, 320, 335, 342, 355, 369, 375, 376, 384, 385, 396, 402, 415, 426, 437, 438, 440, 448, 460, 461, 466, 477, 478, 482, 493, 494, 500, 503, 514, 517, 526, 544, 548, 558, 564, 570, 574, 580, 587, 620, 632, 641, 644, 652, 659, 709, 718, 729, 740, 754, 760, 764, 766, 769, 788, 792, 798, 799, 801, 805, 806, 825, 835, 837, 854, 858, 861, 869, 878]

[1, 2, 3, 4, 5, 10, 11, 12, 13, 17, 20, 22, 24, 28, 30, 31, 33, 39, 42, 46, 49, 50, 51, 53, 55, 58, 59, 60, 61, 64, 69, 70, 72, 75, 76, 79, 83, 84, 86, 87, 91, 95, 96, 98, 100, 101, 104, 105, 108, 109, 112, 115, 117, 119, 121, 125, 129, 135, 138, 141, 142, 145, 153, 156, 157, 164, 167, 168, 169, 172, 177, 180, 181, 183, 187, 189, 191, 192, 198, 203, 204, 206, 210, 212, 214, 221, 222, 223, 225, 228, 229, 234, 235, 237, 238, 239, 242, 245, 246, 248, 249, 252, 254, 262, 264, 266, 268, 269, 271, 273, 274, 277, 278, 279, 280, 282, 287, 289, 297, 298, 301, 303, 305, 307, 308, 313, 314, 315, 316, 317, 320, 325, 330, 331, 335, 339, 342, 353, 356, 357, 358, 359, 368, 369, 370, 374, 376, 377, 379, 380, 381, 386, 387, 391, 394, 395, 396, 397, 398, 399, 402, 407, 408, 411, 414, 415, 416, 417, 422, 423, 425, 427, 429, 430, 433, 435, 436, 439, 441, 443, 444, 445, 446, 447, 448, 449, 453, 456, 461, 462, 463, 466, 469, 471, 472, 484, 485, 492, 494, 495, 496, 501, 502, 508, 510, 511, 512, 514, 516, 517, 519, 520, 523, 527, 528, 529, 531, 535, 536, 537, 539, 540, 541, 544, 548, 549, 557, 558, 559, 560, 561, 568, 570, 577, 579, 582, 584, 592, 595, 598, 599, 600, 602, 610, 612, 616, 617, 618, 622, 624, 628, 632, 633, 635, 637, 641, 646, 649, 650, 653, 656, 658, 659, 661, 663, 664, 665, 666, 671, 673, 675, 677, 678, 681, 683, 687, 691, 693, 695, 696, 697, 701, 702, 703, 704, 705, 716, 719, 722, 723, 724, 725, 728, 730, 731, 732, 735, 744, 745, 746, 747, 748, 749, 751, 755, 756, 760, 761, 765, 767, 769, 771, 775, 781, 782, 788, 793, 794, 796, 798, 800, 802, 808, 810, 813, 814, 816, 819, 822, 824, 826, 828, 829, 831, 834, 835, 836, 837, 838, 839, 840, 841, 844, 848, 851, 854, 859, 860, 862, 867, 868, 870, 875, 880, 881, 882, 885, 886, 888, 889]
[8, 20, 22, 32, 34, 36, 39, 47, 55, 58, 62, 72, 77, 82, 83, 85, 87, 92, 94, 100, 101, 113, 114, 125, 130, 132, 136, 141, 147, 148, 151, 153, 175, 181, 191, 201, 206, 208, 222, 229, 230, 241, 254, 260, 261, 273, 282, 283, 286, 290, 295, 297, 307, 311, 320, 335, 342, 355, 369, 375, 376, 384, 385, 396, 402, 415, 426, 437, 438, 440, 448, 460, 461, 466, 477, 478, 482, 493, 494, 500, 503, 514, 517, 526, 544, 548, 558, 564, 570, 574, 580, 587, 620, 632, 641, 644, 652, 659, 709, 718, 729, 740, 754, 760, 764, 766, 769, 788, 792, 798, 799, 801, 805, 806, 825, 835, 837, 854, 858, 861, 869, 878]

[1, 2, 3, 4, 5, 10, 11, 12, 13, 17, 20, 22, 24, 28, 30, 31, 33, 34, 39, 42, 46, 49, 50, 51, 53, 55, 58, 59, 60, 61, 64, 69, 70, 72, 75, 76, 79, 80, 83, 84, 86, 87, 91, 95, 96, 98, 99, 100, 101, 104, 105, 108, 109, 112, 115, 117, 119, 121, 125, 129, 135, 138, 141, 142, 145, 150, 153, 156, 157, 164, 167, 168, 169, 172, 177, 180, 181, 183, 187, 189, 190, 191, 192, 198, 203, 204, 206, 210, 212, 214, 221, 222, 223, 225, 228, 229, 234, 235, 237, 238, 239, 242, 245, 246, 248, 249, 252, 254, 258, 262, 264, 266, 268, 269, 271, 273, 274, 277, 278, 279, 280, 282, 283, 287, 289, 292, 294, 297, 298, 301, 303, 305, 307, 308, 313, 314, 315, 316, 317, 320, 323, 325, 330, 331, 333, 335, 339, 342, 344, 348, 353, 356, 357, 358, 359, 368, 369, 370, 374, 376, 377, 379, 380, 381, 386, 387, 391, 394, 395, 396, 397, 398, 399, 402, 407, 408, 411, 414, 415, 416, 417, 422, 423, 425, 427, 429, 430, 433, 435, 436, 439, 441, 443, 444, 445, 446, 447, 448, 449, 451, 453, 456, 461, 462, 463, 466, 469, 471, 472, 484, 485, 492, 494, 495, 496, 501, 502, 503, 508, 510, 511, 512, 514, 516, 517, 519, 520, 521, 523, 527, 528, 529, 531, 532, 535, 536, 537, 539, 540, 541, 544, 548, 549, 557, 558, 559, 560, 561, 568, 570, 577, 578, 579, 581, 582, 584, 592, 595, 598, 599, 600, 602, 604, 610, 612, 614, 616, 617, 618, 622, 624, 626, 628, 632, 633, 635, 637, 641, 646, 649, 650, 653, 656, 658, 659, 661, 663, 664, 665, 666, 671, 673, 675, 677, 678, 679, 681, 683, 687, 691, 693, 695, 696, 697, 701, 702, 703, 704, 705, 716, 719, 722, 723, 724, 725, 728, 730, 731, 732, 735, 742, 744, 745, 746, 747, 748, 749, 751, 755, 756, 760, 761, 765, 767, 769, 771, 775, 781, 782, 788, 789, 793, 794, 796, 798, 800, 802, 808, 810, 813, 814, 816, 819, 822, 824, 826, 828, 829, 831, 834, 835, 836, 837, 838, 839, 840, 841, 844, 848, 851, 854, 859, 860, 862, 867, 868, 870, 875, 880, 881, 882, 885, 886, 888, 889]
[8, 20, 22, 32, 34, 36, 39, 47, 55, 58, 62, 72, 77, 82, 83, 85, 87, 92, 94, 100, 101, 113, 114, 125, 130, 132, 136, 141, 147, 148, 151, 153, 175, 181, 191, 201, 206, 208, 222, 229, 230, 241, 254, 260, 261, 273, 282, 283, 286, 290, 295, 297, 307, 311, 320, 335, 342, 355, 369, 375, 376, 384, 385, 396, 402, 415, 426, 437, 438, 440, 448, 460, 461, 466, 477, 478, 482, 493, 494, 500, 503, 514, 517, 526, 544, 548, 558, 564, 570, 574, 580, 587, 620, 632, 641, 644, 652, 659, 709, 718, 729, 740, 754, 760, 764, 766, 769, 788, 792, 798, 799, 801, 805, 806, 825, 835, 837, 854, 858, 861, 869, 878]

[1, 2, 3, 4, 5, 10, 11, 12, 13, 16, 17, 20, 22, 24, 28, 30, 31, 33, 34, 39, 42, 46, 49, 50, 51, 53, 55, 58, 59, 60, 61, 64, 69, 70, 72, 75, 76, 79, 80, 83, 84, 86, 87, 91, 95, 96, 98, 99, 100, 101, 104, 105, 108, 109, 112, 115, 117, 119, 121, 125, 129, 135, 138, 141, 142, 145, 150, 153, 156, 157, 164, 167, 168, 169, 172, 177, 180, 181, 183, 187, 189, 190, 191, 192, 198, 202, 203, 204, 206, 210, 212, 214, 221, 222, 223, 224, 225, 228, 229, 234, 235, 237, 238, 239, 242, 245, 246, 248, 249, 252, 253, 254, 257, 258, 262, 264, 266, 268, 269, 271, 273, 274, 277, 278, 279, 280, 282, 283, 285, 286, 287, 289, 292, 294, 297, 298, 301, 303, 305, 307, 308, 313, 314, 315, 316, 317, 320, 323, 325, 330, 331, 333, 335, 339, 342, 344, 347, 348, 353, 356, 357, 358, 359, 368, 369, 370, 371, 374, 376, 377, 379, 380, 381, 386, 387, 391, 394, 395, 396, 397, 398, 399, 402, 407, 408, 411, 414, 415, 416, 417, 419, 422, 423, 425, 427, 429, 430, 432, 433, 434, 435, 436, 438, 439, 441, 443, 444, 445, 446, 447, 448, 449, 451, 453, 456, 461, 462, 463, 466, 469, 471, 472, 484, 485, 492, 494, 495, 496, 501, 502, 503, 508, 510, 511, 512, 514, 516, 517, 519, 520, 521, 523, 527, 528, 529, 531, 532, 535, 536, 537, 539, 540, 541, 542, 544, 548, 549, 557, 558, 559, 560, 561, 562, 568, 570, 577, 578, 579, 581, 582, 584, 588, 590, 592, 595, 598, 599, 600, 602, 604, 610, 612, 614, 615, 616, 617, 618, 622, 624, 626, 628, 632, 633, 635, 637, 641, 646, 649, 650, 653, 654, 656, 658, 659, 660, 661, 663, 664, 665, 666, 671, 672, 673, 675, 677, 678, 679, 681, 683, 687, 691, 693, 695, 696, 697, 701, 702, 703, 704, 705, 716, 719, 722, 723, 724, 725, 728, 730, 731, 732, 735, 742, 744, 745, 746, 747, 748, 749, 751, 753, 755, 756, 760, 761, 765, 767, 769, 771, 775, 779, 781, 782, 788, 789, 793, 794, 796, 798, 800, 801, 802, 808, 810, 813, 814, 816, 819, 822, 824, 826, 828, 829, 831, 834, 835, 836, 837, 838, 839, 840, 841, 844, 848, 851, 854, 859, 860, 862, 867, 868, 869, 870, 875, 880, 881, 882, 885, 886, 888, 889]
[8, 20, 22, 32, 34, 36, 39, 47, 55, 58, 62, 72, 77, 82, 83, 85, 87, 92, 94, 100, 101, 113, 114, 125, 130, 132, 136, 141, 147, 148, 151, 153, 175, 181, 191, 201, 206, 208, 222, 229, 230, 241, 254, 260, 261, 273, 282, 283, 286, 290, 295, 297, 307, 311, 320, 335, 342, 355, 369, 375, 376, 384, 385, 396, 402, 415, 426, 437, 438, 440, 448, 460, 461, 466, 477, 478, 482, 493, 494, 500, 503, 514, 517, 526, 544, 548, 558, 564, 570, 574, 580, 587, 620, 632, 641, 644, 652, 659, 709, 718, 729, 740, 754, 760, 764, 766, 769, 788, 792, 798, 799, 801, 805, 806, 825, 835, 837, 854, 858, 861, 869, 878]

[1, 2, 3, 4, 5, 10, 11, 12, 13, 16, 17, 20, 22, 24, 28, 30, 31, 33, 34, 39, 42, 46, 49, 50, 51, 53, 55, 56, 58, 59, 60, 61, 64, 66, 69, 70, 72, 75, 76, 79, 80, 83, 84, 86, 87, 91, 95, 96, 98, 99, 100, 101, 104, 105, 108, 109, 112, 115, 117, 119, 121, 124, 125, 129, 133, 135, 136, 138, 141, 142, 145, 150, 153, 156, 157, 164, 167, 168, 169, 172, 177, 180, 181, 183, 187, 189, 190, 191, 192, 197, 198, 202, 203, 204, 206, 210, 212, 214, 221, 222, 223, 224, 225, 228, 229, 234, 235, 237, 238, 239, 242, 245, 246, 248, 249, 252, 253, 254, 257, 258, 261, 262, 264, 266, 268, 269, 271, 273, 274, 277, 278, 279, 280, 282, 283, 285, 286, 287, 289, 292, 294, 297, 298, 301, 303, 305, 307, 308, 313, 314, 315, 316, 317, 320, 323, 325, 330, 331, 333, 335, 339, 342, 344, 347, 348, 353, 354, 356, 357, 358, 359, 362, 368, 369, 370, 371, 374, 376, 377, 379, 380, 381, 386, 387, 391, 394, 395, 396, 397, 398, 399, 402, 404, 407, 408, 411, 414, 415, 416, 417, 419, 421, 422, 423, 425, 427, 429, 430, 432, 433, 434, 435, 436, 438, 439, 441, 442, 443, 444, 445, 446, 447, 448, 449, 451, 453, 454, 456, 461, 462, 463, 466, 469, 471, 472, 484, 485, 492, 494, 495, 496, 501, 502, 503, 508, 510, 511, 512, 513, 514, 516, 517, 519, 520, 521, 523, 527, 528, 529, 531, 532, 533, 535, 536, 537, 539, 540, 541, 542, 544, 548, 549, 557, 558, 559, 560, 561, 562, 566, 568, 570, 577, 578, 579, 581, 582, 584, 588, 590, 592, 595, 598, 599, 600, 602, 604, 610, 612, 614, 615, 616, 617, 618, 622, 624, 626, 628, 632, 633, 635, 637, 641, 646, 649, 650, 653, 654, 656, 658, 659, 660, 661, 663, 664, 665, 666, 671, 672, 673, 675, 677, 678, 679, 681, 683, 687, 691, 693, 695, 696, 697, 701, 702, 703, 704, 705, 706, 709, 716, 719, 722, 723, 724, 725, 728, 730, 731, 732, 735, 742, 744, 745, 746, 747, 748, 749, 751, 753, 755, 756, 760, 761, 765, 767, 769, 771, 775, 778, 779, 781, 782, 788, 789, 793, 794, 796, 798, 800, 801, 802, 804, 808, 810, 813, 814, 816, 819, 822, 824, 826, 828, 829, 831, 834, 835, 836, 837, 838, 839, 840, 841, 844, 848, 851, 854, 857, 858, 859, 860, 862, 863, 867, 868, 869, 870, 875, 877, 880, 881, 882, 884, 885, 886, 888, 889]
[8, 20, 22, 32, 34, 36, 39, 47, 55, 58, 62, 72, 77, 82, 83, 85, 87, 92, 94, 100, 101, 113, 114, 125, 130, 132, 136, 141, 147, 148, 151, 153, 175, 181, 191, 201, 206, 208, 222, 229, 230, 241, 254, 260, 261, 273, 282, 283, 286, 290, 295, 297, 307, 311, 320, 335, 342, 355, 369, 375, 376, 384, 385, 396, 402, 415, 426, 437, 438, 440, 448, 460, 461, 466, 477, 478, 482, 493, 494, 500, 503, 514, 517, 526, 544, 548, 558, 564, 570, 574, 580, 587, 620, 632, 641, 644, 652, 659, 709, 718, 729, 740, 754, 760, 764, 766, 769, 788, 792, 798, 799, 801, 805, 806, 825, 835, 837, 854, 858, 861, 869, 878]

[1, 2, 3, 4, 5, 10, 11, 12, 13, 16, 17, 20, 22, 24, 27, 28, 30, 31, 33, 34, 39, 42, 45, 46, 49, 50, 51, 53, 55, 56, 58, 59, 60, 61, 64, 66, 69, 70, 72, 75, 76, 79, 80, 83, 84, 86, 87, 91, 95, 96, 98, 99, 100, 101, 104, 105, 108, 109, 112, 115, 117, 119, 121, 124, 125, 129, 133, 135, 136, 138, 141, 142, 145, 150, 153, 156, 157, 164, 165, 167, 168, 169, 172, 177, 180, 181, 183, 187, 189, 190, 191, 192, 197, 198, 202, 203, 204, 206, 210, 212, 214, 220, 221, 222, 223, 224, 225, 228, 229, 234, 235, 237, 238, 239, 242, 245, 246, 248, 249, 252, 253, 254, 257, 258, 260, 261, 262, 264, 266, 268, 269, 271, 273, 274, 277, 278, 279, 280, 281, 282, 283, 285, 286, 287, 289, 292, 294, 297, 298, 301, 303, 305, 307, 308, 313, 314, 315, 316, 317, 320, 323, 325, 330, 331, 333, 335, 339, 342, 344, 347, 348, 349, 353, 354, 356, 357, 358, 359, 362, 368, 369, 370, 371, 374, 376, 377, 379, 380, 381, 386, 387, 391, 393, 394, 395, 396, 397, 398, 399, 402, 404, 407, 408, 411, 414, 415, 416, 417, 419, 421, 422, 423, 424, 425, 427, 429, 430, 432, 433, 434, 435, 436, 438, 439, 441, 442, 443, 444, 445, 446, 447, 448, 449, 451, 453, 454, 456, 461, 462, 463, 466, 469, 471, 472, 484, 485, 486, 492, 494, 495, 496, 501, 502, 503, 508, 510, 511, 512, 513, 514, 515, 516, 517, 519, 520, 521, 523, 527, 528, 529, 531, 532, 533, 535, 536, 537, 539, 540, 541, 542, 544, 548, 549, 557, 558, 559, 560, 561, 562, 566, 568, 570, 575, 577, 578, 579, 580, 581, 582, 584, 588, 590, 592, 594, 595, 598, 599, 600, 602, 604, 610, 612, 614, 615, 616, 617, 618, 622, 624, 626, 628, 632, 633, 635, 637, 641, 643, 646, 649, 650, 653, 654, 656, 658, 659, 660, 661, 663, 664, 665, 666, 669, 671, 672, 673, 675, 677, 678, 679, 681, 683, 687, 690, 691, 693, 695, 696, 697, 701, 702, 703, 704, 705, 706, 709, 716, 719, 722, 723, 724, 725, 728, 730, 731, 732, 735, 742, 744, 745, 746, 747, 748, 749, 750, 751, 753, 754, 755, 756, 760, 761, 764, 765, 767, 769, 770, 771, 775, 778, 779, 781, 782, 783, 788, 789, 793, 794, 796, 798, 800, 801, 802, 804, 808, 810, 812, 813, 814, 816, 819, 822, 824, 825, 826, 828, 829, 831, 834, 835, 836, 837, 838, 839, 840, 841, 842, 844, 848, 851, 854, 857, 858, 859, 860, 862, 863, 867, 868, 869, 870, 875, 877, 880, 881, 882, 884, 885, 886, 888, 889]
[8, 20, 22, 32, 34, 36, 39, 47, 55, 58, 62, 72, 77, 82, 83, 85, 87, 92, 94, 100, 101, 113, 114, 125, 130, 132, 136, 141, 147, 148, 151, 153, 175, 181, 191, 201, 206, 208, 222, 229, 230, 241, 254, 260, 261, 273, 282, 283, 286, 290, 295, 297, 307, 311, 320, 335, 342, 355, 369, 375, 376, 384, 385, 396, 402, 415, 426, 437, 438, 440, 448, 460, 461, 466, 477, 478, 482, 493, 494, 500, 503, 514, 517, 526, 544, 548, 558, 564, 570, 574, 580, 587, 620, 632, 641, 644, 652, 659, 709, 718, 729, 740, 754, 760, 764, 766, 769, 788, 792, 798, 799, 801, 805, 806, 825, 835, 837, 854, 858, 861, 869, 878]

[1, 2, 3, 4, 5, 10, 11, 12, 13, 16, 17, 20, 22, 24, 27, 28, 30, 31, 33, 34, 39, 42, 44, 45, 46, 49, 50, 51, 53, 55, 56, 58, 59, 60, 61, 64, 65, 66, 69, 70, 72, 75, 76, 79, 80, 83, 84, 86, 87, 91, 93, 95, 96, 98, 99, 100, 101, 103, 104, 105, 108, 109, 112, 115, 117, 119, 121, 124, 125, 129, 133, 135, 136, 137, 138, 141, 142, 145, 147, 150, 153, 156, 157, 164, 165, 167, 168, 169, 172, 175, 177, 180, 181, 183, 187, 189, 190, 191, 192, 197, 198, 202, 203, 204, 206, 210, 212, 214, 218, 220, 221, 222, 223, 224, 225, 228, 229, 234, 235, 236, 237, 238, 239, 242, 245, 246, 248, 249, 252, 253, 254, 257, 258, 260, 261, 262, 264, 266, 268, 269, 271, 273, 274, 275, 277, 278, 279, 280, 281, 282, 283, 285, 286, 287, 289, 292, 294, 297, 298, 301, 303, 305, 307, 308, 313, 314, 315, 316, 317, 318, 320, 323, 325, 329, 330, 331, 333, 335, 339, 342, 344, 347, 348, 349, 353, 354, 356, 357, 358, 359, 362, 368, 369, 370, 371, 372, 374, 376, 377, 379, 380, 381, 386, 387, 391, 393, 394, 395, 396, 397, 398, 399, 402, 404, 407, 408, 411, 414, 415, 416, 417, 419, 421, 422, 423, 424, 425, 427, 429, 430, 431, 432, 433, 434, 435, 436, 438, 439, 441, 442, 443, 444, 445, 446, 447, 448, 449, 451, 453, 454, 456, 461, 462, 463, 466, 469, 471, 472, 484, 485, 486, 492, 494, 495, 496, 500, 501, 502, 503, 508, 510, 511, 512, 513, 514, 515, 516, 517, 519, 520, 521, 522, 523, 527, 528, 529, 531, 532, 533, 535, 536, 537, 539, 540, 541, 542, 544, 547, 548, 549, 557, 558, 559, 560, 561, 562, 566, 568, 570, 575, 577, 578, 579, 580, 581, 582, 584, 588, 590, 592, 593, 594, 595, 598, 599, 600, 602, 604, 610, 612, 614, 615, 616, 617, 618, 622, 624, 626, 628, 632, 633, 635, 637, 640, 641, 643, 646, 649, 650, 653, 654, 656, 658, 659, 660, 661, 663, 664, 665, 666, 669, 671, 672, 673, 675, 677, 678, 679, 681, 683, 687, 690, 691, 693, 695, 696, 697, 701, 702, 703, 704, 705, 706, 709, 716, 719, 722, 723, 724, 725, 726, 728, 730, 731, 732, 735, 736, 742, 744, 745, 746, 747, 748, 749, 750, 751, 753, 754, 755, 756, 760, 761, 764, 765, 767, 769, 770, 771, 775, 777, 778, 779, 781, 782, 783, 788, 789, 793, 794, 796, 798, 800, 801, 802, 804, 808, 810, 812, 813, 814, 816, 819, 822, 824, 825, 826, 828, 829, 831, 834, 835, 836, 837, 838, 839, 840, 841, 842, 844, 845, 848, 851, 854, 857, 858, 859, 860, 862, 863, 867, 868, 869, 870, 871, 875, 876, 877, 880, 881, 882, 884, 885, 886, 888, 889]
[8, 20, 22, 32, 34, 36, 39, 47, 55, 58, 62, 72, 77, 82, 83, 85, 87, 92, 94, 100, 101, 113, 114, 125, 130, 132, 136, 141, 147, 148, 151, 153, 175, 181, 191, 201, 206, 208, 222, 229, 230, 241, 254, 260, 261, 273, 282, 283, 286, 290, 295, 297, 307, 311, 320, 335, 342, 355, 369, 375, 376, 384, 385, 396, 402, 415, 426, 437, 438, 440, 448, 460, 461, 466, 477, 478, 482, 493, 494, 500, 503, 514, 517, 526, 544, 548, 558, 564, 570, 574, 580, 587, 620, 632, 641, 644, 652, 659, 709, 718, 729, 740, 754, 760, 764, 766, 769, 788, 792, 798, 799, 801, 805, 806, 825, 835, 837, 854, 858, 861, 869, 878]

[1, 2, 3, 4, 5, 10, 11, 12, 13, 16, 17, 19, 20, 22, 24, 27, 28, 30, 31, 33, 34, 37, 39, 42, 44, 45, 46, 49, 50, 51, 53, 55, 56, 58, 59, 60, 61, 63, 64, 65, 66, 69, 70, 72, 75, 76, 77, 79, 80, 83, 84, 86, 87, 91, 93, 95, 96, 98, 99, 100, 101, 103, 104, 105, 108, 109, 112, 115, 117, 119, 121, 124, 125, 129, 133, 135, 136, 137, 138, 141, 142, 145, 147, 150, 153, 154, 156, 157, 164, 165, 167, 168, 169, 172, 175, 177, 180, 181, 183, 187, 189, 190, 191, 192, 197, 198, 202, 203, 204, 206, 210, 212, 214, 217, 218, 220, 221, 222, 223, 224, 225, 228, 229, 230, 234, 235, 236, 237, 238, 239, 240, 242, 243, 244, 245, 246, 248, 249, 252, 253, 254, 257, 258, 260, 261, 262, 264, 266, 268, 269, 271, 273, 274, 275, 277, 278, 279, 280, 281, 282, 283, 285, 286, 287, 289, 292, 294, 297, 298, 301, 303, 305, 307, 308, 313, 314, 315, 316, 317, 318, 320, 323, 325, 329, 330, 331, 333, 334, 335, 339, 342, 343, 344, 347, 348, 349, 353, 354, 356, 357, 358, 359, 362, 368, 369, 370, 371, 372, 374, 375, 376, 377, 379, 380, 381, 386, 387, 391, 393, 394, 395, 396, 397, 398, 399, 402, 404, 406, 407, 408, 410, 411, 414, 415, 416, 417, 419, 421, 422, 423, 424, 425, 427, 429, 430, 431, 432, 433, 434, 435, 436, 438, 439, 441, 442, 443, 444, 445, 446, 447, 448, 449, 451, 453, 454, 456, 461, 462, 463, 466, 469, 471, 472, 479, 484, 485, 486, 492, 494, 495, 496, 500, 501, 502, 503, 508, 510, 511, 512, 513, 514, 515, 516, 517, 519, 520, 521, 522, 523, 527, 528, 529, 531, 532, 533, 535, 536, 537, 538, 539, 540, 541, 542, 544, 547, 548, 549, 557, 558, 559, 560, 561, 562, 566, 568, 569, 570, 575, 577, 578, 579, 580, 581, 582, 584, 588, 590, 592, 593, 594, 595, 598, 599, 600, 602, 604, 610, 612, 614, 615, 616, 617, 618, 622, 624, 626, 628, 632, 633, 635, 637, 640, 641, 643, 646, 648, 649, 650, 653, 654, 656, 658, 659, 660, 661, 663, 664, 665, 666, 669, 671, 672, 673, 675, 677, 678, 679, 681, 683, 687, 690, 691, 693, 695, 696, 697, 701, 702, 703, 704, 705, 706, 709, 712, 716, 719, 722, 723, 724, 725, 726, 727, 728, 730, 731, 732, 735, 736, 742, 744, 745, 746, 747, 748, 749, 750, 751, 753, 754, 755, 756, 759, 760, 761, 764, 765, 767, 769, 770, 771, 775, 777, 778, 779, 781, 782, 783, 788, 789, 791, 793, 794, 796, 798, 800, 801, 802, 804, 808, 810, 812, 813, 814, 816, 819, 822, 824, 825, 826, 827, 828, 829, 831, 834, 835, 836, 837, 838, 839, 840, 841, 842, 843, 844, 845, 848, 851, 854, 857, 858, 859, 860, 862, 863, 867, 868, 869, 870, 871, 875, 876, 877, 880, 881, 882, 884, 885, 886, 888, 889]
[8, 20, 22, 32, 34, 36, 39, 47, 55, 58, 62, 72, 77, 82, 83, 85, 87, 92, 94, 100, 101, 113, 114, 125, 130, 132, 136, 141, 147, 148, 151, 153, 175, 181, 191, 201, 206, 208, 222, 229, 230, 241, 254, 260, 261, 273, 282, 283, 286, 290, 295, 297, 307, 311, 320, 335, 342, 355, 369, 375, 376, 384, 385, 396, 402, 415, 426, 437, 438, 440, 448, 460, 461, 466, 477, 478, 482, 493, 494, 500, 503, 514, 517, 526, 544, 548, 558, 564, 570, 574, 580, 587, 620, 632, 641, 644, 652, 659, 709, 718, 729, 740, 754, 760, 764, 766, 769, 788, 792, 798, 799, 801, 805, 806, 825, 835, 837, 854, 858, 861, 869, 878]

[1, 2, 3, 4, 5, 6, 10, 11, 12, 13, 16, 17, 19, 20, 21, 22, 24, 27, 28, 30, 31, 33, 34, 37, 39, 42, 44, 45, 46, 49, 50, 51, 53, 55, 56, 58, 59, 60, 61, 63, 64, 65, 66, 69, 70, 71, 72, 75, 76, 77, 79, 80, 83, 84, 86, 87, 89, 91, 92, 93, 95, 96, 98, 99, 100, 101, 103, 104, 105, 108, 109, 110, 112, 115, 117, 119, 121, 124, 125, 129, 133, 135, 136, 137, 138, 141, 142, 145, 147, 150, 153, 154, 156, 157, 164, 165, 167, 168, 169, 172, 175, 177, 180, 181, 183, 187, 189, 190, 191, 192, 193, 197, 198, 202, 203, 204, 206, 210, 212, 214, 217, 218, 220, 221, 222, 223, 224, 225, 228, 229, 230, 234, 235, 236, 237, 238, 239, 240, 242, 243, 244, 245, 246, 248, 249, 252, 253, 254, 257, 258, 260, 261, 262, 264, 266, 267, 268, 269, 271, 273, 274, 275, 276, 277, 278, 279, 280, 281, 282, 283, 284, 285, 286, 287, 289, 292, 294, 297, 298, 301, 303, 305, 307, 308, 313, 314, 315, 316, 317, 318, 320, 323, 325, 326, 329, 330, 331, 333, 334, 335, 339, 342, 343, 344, 347, 348, 349, 353, 354, 356, 357, 358, 359, 362, 366, 368, 369, 370, 371, 372, 374, 375, 376, 377, 379, 380, 381, 386, 387, 391, 393, 394, 395, 396, 397, 398, 399, 401, 402, 404, 406, 407, 408, 410, 411, 414, 415, 416, 417, 419, 421, 422, 423, 424, 425, 427, 429, 430, 431, 432, 433, 434, 435, 436, 437, 438, 439, 441, 442, 443, 444, 445, 446, 447, 448, 449, 451, 452, 453, 454, 456, 461, 462, 463, 466, 469, 471, 472, 479, 484, 485, 486, 489, 492, 494, 495, 496, 500, 501, 502, 503, 508, 510, 511, 512, 513, 514, 515, 516, 517, 519, 520, 521, 522, 523, 527, 528, 529, 531, 532, 533, 535, 536, 537, 538, 539, 540, 541, 542, 544, 547, 548, 549, 557, 558, 559, 560, 561, 562, 566, 568, 569, 570, 575, 577, 578, 579, 580, 581, 582, 584, 588, 590, 591, 592, 593, 594, 595, 598, 599, 600, 602, 604, 607, 608, 610, 612, 614, 615, 616, 617, 618, 620, 622, 624, 626, 628, 632, 633, 635, 637, 640, 641, 643, 644, 646, 648, 649, 650, 653, 654, 656, 658, 659, 660, 661, 663, 664, 665, 666, 669, 671, 672, 673, 675, 677, 678, 679, 681, 683, 685, 687, 690, 691, 693, 695, 696, 697, 701, 702, 703, 704, 705, 706, 709, 711, 712, 716, 719, 722, 723, 724, 725, 726, 727, 728, 730, 731, 732, 735, 736, 742, 744, 745, 746, 747, 748, 749, 750, 751, 753, 754, 755, 756, 759, 760, 761, 764, 765, 767, 769, 770, 771, 775, 777, 778, 779, 781, 782, 783, 788, 789, 791, 793, 794, 796, 798, 800, 801, 802, 804, 808, 810, 812, 813, 814, 816, 819, 822, 824, 825, 826, 827, 828, 829, 831, 834, 835, 836, 837, 838, 839, 840, 841, 842, 843, 844, 845, 847, 848, 851, 854, 855, 857, 858, 859, 860, 862, 863, 867, 868, 869, 870, 871, 875, 876, 877, 880, 881, 882, 884, 885, 886, 888, 889]
[8, 20, 22, 32, 34, 36, 39, 47, 55, 58, 62, 72, 77, 82, 83, 85, 87, 92, 94, 100, 101, 113, 114, 125, 130, 132, 136, 141, 147, 148, 151, 153, 175, 181, 191, 201, 206, 208, 222, 229, 230, 241, 254, 260, 261, 273, 282, 283, 286, 290, 295, 297, 307, 311, 320, 335, 342, 355, 369, 375, 376, 384, 385, 396, 402, 415, 426, 437, 438, 440, 448, 460, 461, 466, 477, 478, 482, 493, 494, 500, 503, 514, 517, 526, 544, 548, 558, 564, 570, 574, 580, 587, 620, 632, 641, 644, 652, 659, 709, 718, 729, 740, 754, 760, 764, 766, 769, 788, 792, 798, 799, 801, 805, 806, 825, 835, 837, 854, 858, 861, 869, 878]

[1, 2, 3, 4, 5, 6, 10, 11, 12, 13, 16, 17, 19, 20, 21, 22, 24, 27, 28, 30, 31, 33, 34, 37, 39, 42, 44, 45, 46, 49, 50, 51, 53, 55, 56, 58, 59, 60, 61, 63, 64, 65, 66, 69, 70, 71, 72, 75, 76, 77, 79, 80, 83, 84, 86, 87, 89, 91, 92, 93, 95, 96, 97, 98, 99, 100, 101, 103, 104, 105, 108, 109, 110, 112, 115, 117, 119, 121, 124, 125, 129, 133, 135, 136, 137, 138, 141, 142, 145, 147, 150, 153, 154, 156, 157, 159, 163, 164, 165, 167, 168, 169, 172, 175, 177, 180, 181, 183, 187, 189, 190, 191, 192, 193, 197, 198, 202, 203, 204, 206, 210, 212, 214, 217, 218, 220, 221, 222, 223, 224, 225, 228, 229, 230, 234, 235, 236, 237, 238, 239, 240, 242, 243, 244, 245, 246, 248, 249, 252, 253, 254, 257, 258, 260, 261, 262, 264, 266, 267, 268, 269, 270, 271, 272, 273, 274, 275, 276, 277, 278, 279, 280, 281, 282, 283, 284, 285, 286, 287, 289, 292, 294, 297, 298, 301, 303, 305, 307, 308, 313, 314, 315, 316, 317, 318, 320, 323, 325, 326, 329, 330, 331, 333, 334, 335, 339, 342, 343, 344, 347, 348, 349, 353, 354, 356, 357, 358, 359, 360, 362, 366, 367, 368, 369, 370, 371, 372, 374, 375, 376, 377, 379, 380, 381, 386, 387, 391, 393, 394, 395, 396, 397, 398, 399, 401, 402, 403, 404, 406, 407, 408, 410, 411, 414, 415, 416, 417, 419, 421, 422, 423, 424, 425, 427, 428, 429, 430, 431, 432, 433, 434, 435, 436, 437, 438, 439, 441, 442, 443, 444, 445, 446, 447, 448, 449, 451, 452, 453, 454, 456, 461, 462, 463, 466, 469, 471, 472, 479, 484, 485, 486, 489, 490, 492, 494, 495, 496, 497, 498, 500, 501, 502, 503, 508, 510, 511, 512, 513, 514, 515, 516, 517, 519, 520, 521, 522, 523, 527, 528, 529, 531, 532, 533, 535, 536, 537, 538, 539, 540, 541, 542, 543, 544, 545, 547, 548, 549, 552, 557, 558, 559, 560, 561, 562, 566, 568, 569, 570, 575, 577, 578, 579, 580, 581, 582, 584, 588, 590, 591, 592, 593, 594, 595, 596, 598, 599, 600, 602, 603, 604, 607, 608, 610, 612, 613, 614, 615, 616, 617, 618, 620, 622, 623, 624, 626, 628, 632, 633, 635, 637, 640, 641, 643, 644, 646, 648, 649, 650, 653, 654, 656, 658, 659, 660, 661, 663, 664, 665, 666, 669, 671, 672, 673, 674, 675, 677, 678, 679, 681, 683, 685, 687, 688, 690, 691, 693, 695, 696, 697, 701, 702, 703, 704, 705, 706, 709, 711, 712, 716, 719, 722, 723, 724, 725, 726, 727, 728, 730, 731, 732, 734, 735, 736, 742, 744, 745, 746, 747, 748, 749, 750, 751, 753, 754, 755, 756, 759, 760, 761, 764, 765, 767, 769, 770, 771, 775, 777, 778, 779, 781, 782, 783, 785, 788, 789, 791, 793, 794, 796, 798, 800, 801, 802, 804, 808, 810, 812, 813, 814, 816, 819, 822, 824, 825, 826, 827, 828, 829, 831, 834, 835, 836, 837, 838, 839, 840, 841, 842, 843, 844, 845, 847, 848, 851, 854, 855, 857, 858, 859, 860, 861, 862, 863, 864, 867, 868, 869, 870, 871, 875, 876, 877, 880, 881, 882, 884, 885, 886, 888, 889]
[8, 20, 22, 32, 34, 36, 39, 47, 55, 58, 62, 72, 77, 82, 83, 85, 87, 92, 94, 100, 101, 113, 114, 125, 130, 132, 136, 141, 147, 148, 151, 153, 175, 181, 191, 201, 206, 208, 222, 229, 230, 241, 254, 260, 261, 273, 282, 283, 286, 290, 295, 297, 307, 311, 320, 335, 342, 355, 369, 375, 376, 384, 385, 396, 402, 415, 426, 437, 438, 440, 448, 460, 461, 466, 477, 478, 482, 493, 494, 500, 503, 514, 517, 526, 544, 548, 558, 564, 570, 574, 580, 587, 620, 632, 641, 644, 652, 659, 709, 718, 729, 740, 754, 760, 764, 766, 769, 788, 792, 798, 799, 801, 805, 806, 825, 835, 837, 854, 858, 861, 869, 878]

[0, 1, 2, 3, 4, 5, 6, 10, 11, 12, 13, 16, 17, 19, 20, 21, 22, 24, 27, 28, 30, 31, 33, 34, 37, 39, 42, 44, 45, 46, 49, 50, 51, 53, 55, 56, 58, 59, 60, 61, 63, 64, 65, 66, 69, 70, 71, 72, 75, 76, 77, 79, 80, 83, 84, 86, 87, 89, 90, 91, 92, 93, 95, 96, 97, 98, 99, 100, 101, 103, 104, 105, 106, 108, 109, 110, 112, 114, 115, 117, 119, 121, 124, 125, 129, 133, 135, 136, 137, 138, 141, 142, 145, 147, 150, 153, 154, 156, 157, 159, 160, 163, 164, 165, 166, 167, 168, 169, 172, 175, 177, 180, 181, 183, 187, 189, 190, 191, 192, 193, 197, 198, 202, 203, 204, 206, 210, 212, 214, 217, 218, 220, 221, 222, 223, 224, 225, 227, 228, 229, 230, 234, 235, 236, 237, 238, 239, 240, 242, 243, 244, 245, 246, 248, 249, 252, 253, 254, 257, 258, 260, 261, 262, 264, 266, 267, 268, 269, 270, 271, 272, 273, 274, 275, 276, 277, 278, 279, 280, 281, 282, 283, 284, 285, 286, 287, 289, 292, 294, 297, 298, 301, 302, 303, 305, 307, 308, 313, 314, 315, 316, 317, 318, 320, 322, 323, 325, 326, 329, 330, 331, 333, 334, 335, 337, 339, 342, 343, 344, 347, 348, 349, 353, 354, 356, 357, 358, 359, 360, 361, 362, 366, 367, 368, 369, 370, 371, 372, 374, 375, 376, 377, 379, 380, 381, 382, 386, 387, 391, 393, 394, 395, 396, 397, 398, 399, 401, 402, 403, 404, 406, 407, 408, 410, 411, 412, 414, 415, 416, 417, 419, 420, 421, 422, 423, 424, 425, 427, 428, 429, 430, 431, 432, 433, 434, 435, 436, 437, 438, 439, 441, 442, 443, 444, 445, 446, 447, 448, 449, 451, 452, 453, 454, 456, 461, 462, 463, 466, 469, 471, 472, 479, 480, 484, 485, 486, 489, 490, 492, 494, 495, 496, 497, 498, 500, 501, 502, 503, 508, 510, 511, 512, 513, 514, 515, 516, 517, 519, 520, 521, 522, 523, 527, 528, 529, 531, 532, 533, 535, 536, 537, 538, 539, 540, 541, 542, 543, 544, 545, 547, 548, 549, 552, 553, 557, 558, 559, 560, 561, 562, 566, 567, 568, 569, 570, 572, 575, 577, 578, 579, 580, 581, 582, 584, 588, 590, 591, 592, 593, 594, 595, 596, 598, 599, 600, 602, 603, 604, 607, 608, 610, 612, 613, 614, 615, 616, 617, 618, 620, 622, 623, 624, 626, 628, 632, 633, 635, 637, 638, 640, 641, 643, 644, 646, 648, 649, 650, 653, 654, 655, 656, 658, 659, 660, 661, 663, 664, 665, 666, 669, 671, 672, 673, 674, 675, 677, 678, 679, 680, 681, 682, 683, 685, 687, 688, 690, 691, 693, 695, 696, 697, 701, 702, 703, 704, 705, 706, 709, 711, 712, 716, 719, 722, 723, 724, 725, 726, 727, 728, 730, 731, 732, 734, 735, 736, 742, 744, 745, 746, 747, 748, 749, 750, 751, 753, 754, 755, 756, 759, 760, 761, 764, 765, 767, 769, 770, 771, 775, 777, 778, 779, 781, 782, 783, 785, 788, 789, 791, 792, 793, 794, 796, 797, 798, 800, 801, 802, 804, 808, 810, 812, 813, 814, 816, 819, 822, 824, 825, 826, 827, 828, 829, 831, 834, 835, 836, 837, 838, 839, 840, 841, 842, 843, 844, 845, 847, 848, 851, 854, 855, 857, 858, 859, 860, 861, 862, 863, 864, 867, 868, 869, 870, 871, 875, 876, 877, 880, 881, 882, 884, 885, 886, 887, 888, 889]
[8, 20, 22, 32, 34, 36, 39, 47, 55, 58, 62, 72, 77, 82, 83, 85, 87, 92, 94, 100, 101, 113, 114, 125, 130, 132, 136, 141, 147, 148, 151, 153, 175, 181, 191, 201, 206, 208, 222, 229, 230, 241, 254, 260, 261, 273, 282, 283, 286, 290, 295, 297, 307, 311, 320, 335, 342, 355, 369, 375, 376, 384, 385, 396, 402, 415, 426, 437, 438, 440, 448, 460, 461, 466, 477, 478, 482, 493, 494, 500, 503, 514, 517, 526, 544, 548, 558, 564, 570, 574, 580, 587, 620, 632, 641, 644, 652, 659, 709, 718, 729, 740, 754, 760, 764, 766, 769, 788, 792, 798, 799, 801, 805, 806, 825, 835, 837, 854, 858, 861, 869, 878]

[0, 1, 2, 3, 4, 5, 6, 10, 11, 12, 13, 16, 17, 19, 20, 21, 22, 24, 27, 28, 30, 31, 33, 34, 36, 37, 39, 42, 44, 45, 46, 48, 49, 50, 51, 53, 55, 56, 58, 59, 60, 61, 63, 64, 65, 66, 69, 70, 71, 72, 75, 76, 77, 79, 80, 83, 84, 86, 87, 89, 90, 91, 92, 93, 95, 96, 97, 98, 99, 100, 101, 102, 103, 104, 105, 106, 108, 109, 110, 112, 114, 115, 117, 119, 121, 124, 125, 129, 133, 135, 136, 137, 138, 141, 142, 145, 147, 150, 153, 154, 156, 157, 159, 160, 163, 164, 165, 166, 167, 168, 169, 172, 175, 177, 180, 181, 183, 187, 189, 190, 191, 192, 193, 197, 198, 202, 203, 204, 206, 209, 210, 212, 214, 215, 217, 218, 220, 221, 222, 223, 224, 225, 227, 228, 229, 230, 234, 235, 236, 237, 238, 239, 240, 241, 242, 243, 244, 245, 246, 247, 248, 249, 252, 253, 254, 257, 258, 260, 261, 262, 264, 266, 267, 268, 269, 270, 271, 272, 273, 274, 275, 276, 277, 278, 279, 280, 281, 282, 283, 284, 285, 286, 287, 289, 292, 293, 294, 296, 297, 298, 301, 302, 303, 305, 307, 308, 313, 314, 315, 316, 317, 318, 319, 320, 322, 323, 325, 326, 329, 330, 331, 333, 334, 335, 337, 339, 342, 343, 344, 347, 348, 349, 353, 354, 355, 356, 357, 358, 359, 360, 361, 362, 366, 367, 368, 369, 370, 371, 372, 374, 375, 376, 377, 379, 380, 381, 382, 386, 387, 391, 393, 394, 395, 396, 397, 398, 399, 401, 402, 403, 404, 406, 407, 408, 410, 411, 412, 413, 414, 415, 416, 417, 419, 420, 421, 422, 423, 424, 425, 427, 428, 429, 430, 431, 432, 433, 434, 435, 436, 437, 438, 439, 441, 442, 443, 444, 445, 446, 447, 448, 449, 451, 452, 453, 454, 456, 461, 462, 463, 466, 469, 471, 472, 479, 480, 483, 484, 485, 486, 489, 490, 492, 494, 495, 496, 497, 498, 500, 501, 502, 503, 508, 510, 511, 512, 513, 514, 515, 516, 517, 519, 520, 521, 522, 523, 525, 527, 528, 529, 531, 532, 533, 535, 536, 537, 538, 539, 540, 541, 542, 543, 544, 545, 547, 548, 549, 552, 553, 557, 558, 559, 560, 561, 562, 566, 567, 568, 569, 570, 571, 572, 575, 577, 578, 579, 580, 581, 582, 584, 588, 590, 591, 592, 593, 594, 595, 596, 597, 598, 599, 600, 602, 603, 604, 607, 608, 610, 612, 613, 614, 615, 616, 617, 618, 620, 622, 623, 624, 626, 628, 629, 632, 633, 635, 637, 638, 640, 641, 643, 644, 646, 648, 649, 650, 653, 654, 655, 656, 658, 659, 660, 661, 663, 664, 665, 666, 669, 671, 672, 673, 674, 675, 677, 678, 679, 680, 681, 682, 683, 685, 687, 688, 690, 691, 692, 693, 695, 696, 697, 701, 702, 703, 704, 705, 706, 709, 711, 712, 713, 716, 719, 722, 723, 724, 725, 726, 727, 728, 730, 731, 732, 734, 735, 736, 742, 744, 745, 746, 747, 748, 749, 750, 751, 753, 754, 755, 756, 759, 760, 761, 762, 764, 765, 767, 769, 770, 771, 775, 777, 778, 779, 781, 782, 783, 785, 788, 789, 790, 791, 792, 793, 794, 796, 797, 798, 800, 801, 802, 804, 806, 808, 809, 810, 812, 813, 814, 816, 819, 822, 824, 825, 826, 827, 828, 829, 831, 834, 835, 836, 837, 838, 839, 840, 841, 842, 843, 844, 845, 847, 848, 851, 853, 854, 855, 857, 858, 859, 860, 861, 862, 863, 864, 867, 868, 869, 870, 871, 874, 875, 876, 877, 880, 881, 882, 884, 885, 886, 887, 888, 889]
[8, 20, 22, 32, 34, 36, 39, 47, 55, 58, 62, 72, 77, 82, 83, 85, 87, 92, 94, 100, 101, 113, 114, 125, 130, 132, 136, 141, 147, 148, 151, 153, 175, 181, 191, 201, 206, 208, 222, 229, 230, 241, 254, 260, 261, 273, 282, 283, 286, 290, 295, 297, 307, 311, 320, 335, 342, 355, 369, 375, 376, 384, 385, 396, 402, 415, 426, 437, 438, 440, 448, 460, 461, 466, 477, 478, 482, 493, 494, 500, 503, 514, 517, 526, 544, 548, 558, 564, 570, 574, 580, 587, 620, 632, 641, 644, 652, 659, 709, 718, 729, 740, 754, 760, 764, 766, 769, 788, 792, 798, 799, 801, 805, 806, 825, 835, 837, 854, 858, 861, 869, 878]

[0, 1, 2, 3, 4, 5, 6, 10, 11, 12, 13, 15, 16, 17, 19, 20, 21, 22, 24, 27, 28, 30, 31, 33, 34, 36, 37, 39, 40, 42, 44, 45, 46, 48, 49, 50, 51, 53, 55, 56, 57, 58, 59, 60, 61, 63, 64, 65, 66, 68, 69, 70, 71, 72, 74, 75, 76, 77, 79, 80, 83, 84, 86, 87, 89, 90, 91, 92, 93, 95, 96, 97, 98, 99, 100, 101, 102, 103, 104, 105, 106, 108, 109, 110, 112, 114, 115, 117, 119, 121, 124, 125, 129, 133, 135, 136, 137, 138, 141, 142, 145, 147, 150, 153, 154, 156, 157, 159, 160, 163, 164, 165, 166, 167, 168, 169, 172, 175, 177, 180, 181, 182, 183, 187, 189, 190, 191, 192, 193, 197, 198, 202, 203, 204, 206, 209, 210, 212, 214, 215, 217, 218, 220, 221, 222, 223, 224, 225, 226, 227, 228, 229, 230, 232, 234, 235, 236, 237, 238, 239, 240, 241, 242, 243, 244, 245, 246, 247, 248, 249, 252, 253, 254, 257, 258, 260, 261, 262, 264, 266, 267, 268, 269, 270, 271, 272, 273, 274, 275, 276, 277, 278, 279, 280, 281, 282, 283, 284, 285, 286, 287, 289, 292, 293, 294, 296, 297, 298, 301, 302, 303, 305, 307, 308, 313, 314, 315, 316, 317, 318, 319, 320, 322, 323, 325, 326, 329, 330, 331, 332, 333, 334, 335, 337, 339, 342, 343, 344, 347, 348, 349, 353, 354, 355, 356, 357, 358, 359, 360, 361, 362, 366, 367, 368, 369, 370, 371, 372, 374, 375, 376, 377, 379, 380, 381, 382, 385, 386, 387, 388, 389, 391, 393, 394, 395, 396, 397, 398, 399, 401, 402, 403, 404, 406, 407, 408, 410, 411, 412, 413, 414, 415, 416, 417, 419, 420, 421, 422, 423, 424, 425, 427, 428, 429, 430, 431, 432, 433, 434, 435, 436, 437, 438, 439, 441, 442, 443, 444, 445, 446, 447, 448, 449, 451, 452, 453, 454, 456, 458, 461, 462, 463, 465, 466, 469, 471, 472, 479, 480, 483, 484, 485, 486, 487, 488, 489, 490, 492, 494, 495, 496, 497, 498, 500, 501, 502, 503, 508, 510, 511, 512, 513, 514, 515, 516, 517, 519, 520, 521, 522, 523, 525, 527, 528, 529, 531, 532, 533, 535, 536, 537, 538, 539, 540, 541, 542, 543, 544, 545, 547, 548, 549, 552, 553, 554, 557, 558, 559, 560, 561, 562, 566, 567, 568, 569, 570, 571, 572, 575, 576, 577, 578, 579, 580, 581, 582, 584, 588, 590, 591, 592, 593, 594, 595, 596, 597, 598, 599, 600, 602, 603, 604, 607, 608, 610, 612, 613, 614, 615, 616, 617, 618, 620, 622, 623, 624, 626, 628, 629, 632, 633, 635, 637, 638, 640, 641, 643, 644, 645, 646, 648, 649, 650, 653, 654, 655, 656, 658, 659, 660, 661, 663, 664, 665, 666, 668, 669, 671, 672, 673, 674, 675, 677, 678, 679, 680, 681, 682, 683, 685, 687, 688, 690, 691, 692, 693, 694, 695, 696, 697, 701, 702, 703, 704, 705, 706, 709, 711, 712, 713, 714, 716, 719, 720, 722, 723, 724, 725, 726, 727, 728, 730, 731, 732, 734, 735, 736, 742, 744, 745, 746, 747, 748, 749, 750, 751, 753, 754, 755, 756, 759, 760, 761, 762, 764, 765, 766, 767, 769, 770, 771, 775, 777, 778, 779, 781, 782, 783, 785, 788, 789, 790, 791, 792, 793, 794, 796, 797, 798, 800, 801, 802, 803, 804, 806, 808, 809, 810, 812, 813, 814, 816, 819, 822, 824, 825, 826, 827, 828, 829, 831, 834, 835, 836, 837, 838, 839, 840, 841, 842, 843, 844, 845, 847, 848, 851, 853, 854, 855, 857, 858, 859, 860, 861, 862, 863, 864, 867, 868, 869, 870, 871, 874, 875, 876, 877, 880, 881, 882, 884, 885, 886, 887, 888, 889]
[8, 20, 22, 32, 34, 36, 39, 47, 55, 58, 62, 72, 77, 82, 83, 85, 87, 92, 94, 100, 101, 113, 114, 125, 130, 132, 136, 141, 147, 148, 151, 153, 175, 181, 191, 201, 206, 208, 222, 229, 230, 241, 254, 260, 261, 273, 282, 283, 286, 290, 295, 297, 307, 311, 320, 335, 342, 355, 369, 375, 376, 384, 385, 396, 402, 415, 426, 437, 438, 440, 448, 460, 461, 466, 477, 478, 482, 493, 494, 500, 503, 514, 517, 526, 544, 548, 558, 564, 570, 574, 580, 587, 620, 632, 641, 644, 652, 659, 709, 718, 729, 740, 754, 760, 764, 766, 769, 788, 792, 798, 799, 801, 805, 806, 825, 835, 837, 854, 858, 861, 869, 878]

[0, 1, 2, 3, 4, 5, 6, 10, 11, 12, 13, 15, 16, 17, 19, 20, 21, 22, 23, 24, 25, 26, 27, 28, 30, 31, 33, 34, 36, 37, 39, 40, 42, 44, 45, 46, 48, 49, 50, 51, 53, 54, 55, 56, 57, 58, 59, 60, 61, 63, 64, 65, 66, 68, 69, 70, 71, 72, 74, 75, 76, 77, 79, 80, 83, 84, 86, 87, 89, 90, 91, 92, 93, 95, 96, 97, 98, 99, 100, 101, 102, 103, 104, 105, 106, 108, 109, 110, 112, 114, 115, 117, 119, 120, 121, 123, 124, 125, 128, 129, 133, 135, 136, 137, 138, 141, 142, 145, 147, 149, 150, 153, 154, 156, 157, 159, 160, 163, 164, 165, 166, 167, 168, 169, 172, 174, 175, 177, 180, 181, 182, 183, 187, 189, 190, 191, 192, 193, 197, 198, 202, 203, 204, 206, 209, 210, 212, 214, 215, 217, 218, 220, 221, 222, 223, 224, 225, 226, 227, 228, 229, 230, 232, 234, 235, 236, 237, 238, 239, 240, 241, 242, 243, 244, 245, 246, 247, 248, 249, 251, 252, 253, 254, 255, 257, 258, 260, 261, 262, 264, 266, 267, 268, 269, 270, 271, 272, 273, 274, 275, 276, 277, 278, 279, 280, 281, 282, 283, 284, 285, 286, 287, 289, 292, 293, 294, 296, 297, 298, 299, 301, 302, 303, 305, 307, 308, 313, 314, 315, 316, 317, 318, 319, 320, 322, 323, 325, 326, 329, 330, 331, 332, 333, 334, 335, 337, 339, 341, 342, 343, 344, 347, 348, 349, 353, 354, 355, 356, 357, 358, 359, 360, 361, 362, 366, 367, 368, 369, 370, 371, 372, 374, 375, 376, 377, 379, 380, 381, 382, 385, 386, 387, 388, 389, 391, 393, 394, 395, 396, 397, 398, 399, 401, 402, 403, 404, 406, 407, 408, 409, 410, 411, 412, 413, 414, 415, 416, 417, 419, 420, 421, 422, 423, 424, 425, 427, 428, 429, 430, 431, 432, 433, 434, 435, 436, 437, 438, 439, 441, 442, 443, 444, 445, 446, 447, 448, 449, 451, 452, 453, 454, 456, 458, 461, 462, 463, 465, 466, 469, 470, 471, 472, 479, 480, 483, 484, 485, 486, 487, 488, 489, 490, 492, 493, 494, 495, 496, 497, 498, 500, 501, 502, 503, 504, 508, 510, 511, 512, 513, 514, 515, 516, 517, 518, 519, 520, 521, 522, 523, 525, 527, 528, 529, 531, 532, 533, 535, 536, 537, 538, 539, 540, 541, 542, 543, 544, 545, 547, 548, 549, 552, 553, 554, 557, 558, 559, 560, 561, 562, 566, 567, 568, 569, 570, 571, 572, 575, 576, 577, 578, 579, 580, 581, 582, 584, 586, 588, 590, 591, 592, 593, 594, 595, 596, 597, 598, 599, 600, 602, 603, 604, 606, 607, 608, 610, 611, 612, 613, 614, 615, 616, 617, 618, 620, 621, 622, 623, 624, 626, 628, 629, 632, 633, 635, 637, 638, 640, 641, 643, 644, 645, 646, 648, 649, 650, 653, 654, 655, 656, 658, 659, 660, 661, 663, 664, 665, 666, 668, 669, 671, 672, 673, 674, 675, 677, 678, 679, 680, 681, 682, 683, 685, 687, 688, 690, 691, 692, 693, 694, 695, 696, 697, 701, 702, 703, 704, 705, 706, 708, 709, 711, 712, 713, 714, 716, 719, 720, 722, 723, 724, 725, 726, 727, 728, 730, 731, 732, 733, 734, 735, 736, 742, 744, 745, 746, 747, 748, 749, 750, 751, 753, 754, 755, 756, 759, 760, 761, 762, 764, 765, 766, 767, 769, 770, 771, 775, 777, 778, 779, 781, 782, 783, 785, 788, 789, 790, 791, 792, 793, 794, 796, 797, 798, 800, 801, 802, 803, 804, 806, 808, 809, 810, 812, 813, 814, 816, 819, 822, 824, 825, 826, 827, 828, 829, 831, 834, 835, 836, 837, 838, 839, 840, 841, 842, 843, 844, 845, 846, 847, 848, 851, 853, 854, 855, 857, 858, 859, 860, 861, 862, 863, 864, 867, 868, 869, 870, 871, 874, 875, 876, 877, 880, 881, 882, 884, 885, 886, 887, 888, 889]
[8, 20, 22, 32, 34, 36, 39, 47, 55, 58, 62, 72, 77, 82, 83, 85, 87, 92, 94, 100, 101, 113, 114, 125, 130, 132, 136, 141, 147, 148, 151, 153, 175, 181, 191, 201, 206, 208, 222, 229, 230, 241, 254, 260, 261, 273, 282, 283, 286, 290, 295, 297, 307, 311, 320, 335, 342, 355, 369, 375, 376, 384, 385, 396, 402, 415, 426, 437, 438, 440, 448, 460, 461, 466, 477, 478, 482, 493, 494, 500, 503, 514, 517, 526, 544, 548, 558, 564, 570, 574, 580, 587, 620, 632, 641, 644, 652, 659, 709, 718, 729, 740, 754, 760, 764, 766, 769, 788, 792, 798, 799, 801, 805, 806, 825, 835, 837, 854, 858, 861, 869, 878]

[0, 1, 2, 3, 4, 5, 6, 8, 10, 11, 12, 13, 15, 16, 17, 19, 20, 21, 22, 23, 24, 25, 26, 27, 28, 30, 31, 33, 34, 35, 36, 37, 39, 40, 41, 42, 43, 44, 45, 46, 48, 49, 50, 51, 53, 54, 55, 56, 57, 58, 59, 60, 61, 63, 64, 65, 66, 68, 69, 70, 71, 72, 74, 75, 76, 77, 79, 80, 83, 84, 86, 87, 89, 90, 91, 92, 93, 95, 96, 97, 98, 99, 100, 101, 102, 103, 104, 105, 106, 108, 109, 110, 112, 114, 115, 117, 118, 119, 120, 121, 123, 124, 125, 128, 129, 133, 135, 136, 137, 138, 141, 142, 145, 147, 149, 150, 153, 154, 155, 156, 157, 159, 160, 162, 163, 164, 165, 166, 167, 168, 169, 172, 174, 175, 177, 180, 181, 182, 183, 187, 189, 190, 191, 192, 193, 197, 198, 202, 203, 204, 206, 209, 210, 212, 214, 215, 217, 218, 220, 221, 222, 223, 224, 225, 226, 227, 228, 229, 230, 232, 234, 235, 236, 237, 238, 239, 240, 241, 242, 243, 244, 245, 246, 247, 248, 249, 251, 252, 253, 254, 255, 257, 258, 260, 261, 262, 263, 264, 265, 266, 267, 268, 269, 270, 271, 272, 273, 274, 275, 276, 277, 278, 279, 280, 281, 282, 283, 284, 285, 286, 287, 289, 292, 293, 294, 296, 297, 298, 299, 301, 302, 303, 304, 305, 307, 308, 309, 313, 314, 315, 316, 317, 318, 319, 320, 322, 323, 325, 326, 329, 330, 331, 332, 333, 334, 335, 337, 339, 341, 342, 343, 344, 347, 348, 349, 353, 354, 355, 356, 357, 358, 359, 360, 361, 362, 366, 367, 368, 369, 370, 371, 372, 374, 375, 376, 377, 379, 380, 381, 382, 385, 386, 387, 388, 389, 391, 393, 394, 395, 396, 397, 398, 399, 401, 402, 403, 404, 406, 407, 408, 409, 410, 411, 412, 413, 414, 415, 416, 417, 419, 420, 421, 422, 423, 424, 425, 427, 428, 429, 430, 431, 432, 433, 434, 435, 436, 437, 438, 439, 441, 442, 443, 444, 445, 446, 447, 448, 449, 451, 452, 453, 454, 456, 458, 461, 462, 463, 465, 466, 469, 470, 471, 472, 478, 479, 480, 481, 483, 484, 485, 486, 487, 488, 489, 490, 492, 493, 494, 495, 496, 497, 498, 500, 501, 502, 503, 504, 508, 510, 511, 512, 513, 514, 515, 516, 517, 518, 519, 520, 521, 522, 523, 525, 527, 528, 529, 531, 532, 533, 534, 535, 536, 537, 538, 539, 540, 541, 542, 543, 544, 545, 546, 547, 548, 549, 552, 553, 554, 557, 558, 559, 560, 561, 562, 566, 567, 568, 569, 570, 571, 572, 575, 576, 577, 578, 579, 580, 581, 582, 584, 586, 588, 590, 591, 592, 593, 594, 595, 596, 597, 598, 599, 600, 602, 603, 604, 606, 607, 608, 610, 611, 612, 613, 614, 615, 616, 617, 618, 619, 620, 621, 622, 623, 624, 626, 628, 629, 632, 633, 635, 637, 638, 640, 641, 642, 643, 644, 645, 646, 648, 649, 650, 653, 654, 655, 656, 658, 659, 660, 661, 663, 664, 665, 666, 668, 669, 671, 672, 673, 674, 675, 676, 677, 678, 679, 680, 681, 682, 683, 684, 685, 687, 688, 690, 691, 692, 693, 694, 695, 696, 697, 698, 701, 702, 703, 704, 705, 706, 708, 709, 710, 711, 712, 713, 714, 716, 719, 720, 721, 722, 723, 724, 725, 726, 727, 728, 730, 731, 732, 733, 734, 735, 736, 737, 742, 744, 745, 746, 747, 748, 749, 750, 751, 753, 754, 755, 756, 759, 760, 761, 762, 764, 765, 766, 767, 769, 770, 771, 775, 777, 778, 779, 781, 782, 783, 785, 788, 789, 790, 791, 792, 793, 794, 796, 797, 798, 800, 801, 802, 803, 804, 806, 808, 809, 810, 811, 812, 813, 814, 816, 819, 822, 824, 825, 826, 827, 828, 829, 831, 834, 835, 836, 837, 838, 839, 840, 841, 842, 843, 844, 845, 846, 847, 848, 851, 853, 854, 855, 857, 858, 859, 860, 861, 862, 863, 864, 865, 867, 868, 869, 870, 871, 874, 875, 876, 877, 880, 881, 882, 884, 885, 886, 887, 888, 889]
[8, 20, 22, 32, 34, 36, 39, 47, 55, 58, 62, 72, 77, 82, 83, 85, 87, 92, 94, 100, 101, 113, 114, 125, 130, 132, 136, 141, 147, 148, 151, 153, 175, 181, 191, 201, 206, 208, 222, 229, 230, 241, 254, 260, 261, 273, 282, 283, 286, 290, 295, 297, 307, 311, 320, 335, 342, 355, 369, 375, 376, 384, 385, 396, 402, 415, 426, 437, 438, 440, 448, 460, 461, 466, 477, 478, 482, 493, 494, 500, 503, 514, 517, 526, 544, 548, 558, 564, 570, 574, 580, 587, 620, 632, 641, 644, 652, 659, 709, 718, 729, 740, 754, 760, 764, 766, 769, 788, 792, 798, 799, 801, 805, 806, 825, 835, 837, 854, 858, 861, 869, 878]

[0, 1, 2, 3, 4, 5, 6, 8, 10, 11, 12, 13, 15, 16, 17, 19, 20, 21, 22, 23, 24, 25, 26, 27, 28, 29, 30, 31, 33, 34, 35, 36, 37, 39, 40, 41, 42, 43, 44, 45, 46, 48, 49, 50, 51, 53, 54, 55, 56, 57, 58, 59, 60, 61, 63, 64, 65, 66, 68, 69, 70, 71, 72, 74, 75, 76, 77, 79, 80, 83, 84, 86, 87, 89, 90, 91, 92, 93, 95, 96, 97, 98, 99, 100, 101, 102, 103, 104, 105, 106, 107, 108, 109, 110, 112, 114, 115, 117, 118, 119, 120, 121, 123, 124, 125, 128, 129, 132, 133, 135, 136, 137, 138, 141, 142, 143, 144, 145, 147, 149, 150, 152, 153, 154, 155, 156, 157, 159, 160, 162, 163, 164, 165, 166, 167, 168, 169, 172, 174, 175, 177, 180, 181, 182, 183, 187, 189, 190, 191, 192, 193, 196, 197, 198, 202, 203, 204, 206, 208, 209, 210, 212, 214, 215, 217, 218, 220, 221, 222, 223, 224, 225, 226, 227, 228, 229, 230, 232, 234, 235, 236, 237, 238, 239, 240, 241, 242, 243, 244, 245, 246, 247, 248, 249, 251, 252, 253, 254, 255, 257, 258, 260, 261, 262, 263, 264, 265, 266, 267, 268, 269, 270, 271, 272, 273, 274, 275, 276, 277, 278, 279, 280, 281, 282, 283, 284, 285, 286, 287, 289, 292, 293, 294, 295, 296, 297, 298, 299, 301, 302, 303, 304, 305, 307, 308, 309, 313, 314, 315, 316, 317, 318, 319, 320, 321, 322, 323, 325, 326, 329, 330, 331, 332, 333, 334, 335, 337, 339, 341, 342, 343, 344, 347, 348, 349, 353, 354, 355, 356, 357, 358, 359, 360, 361, 362, 364, 366, 367, 368, 369, 370, 371, 372, 374, 375, 376, 377, 379, 380, 381, 382, 385, 386, 387, 388, 389, 390, 391, 393, 394, 395, 396, 397, 398, 399, 401, 402, 403, 404, 406, 407, 408, 409, 410, 411, 412, 413, 414, 415, 416, 417, 418, 419, 420, 421, 422, 423, 424, 425, 426, 427, 428, 429, 430, 431, 432, 433, 434, 435, 436, 437, 438, 439, 441, 442, 443, 444, 445, 446, 447, 448, 449, 450, 451, 452, 453, 454, 456, 458, 461, 462, 463, 465, 466, 469, 470, 471, 472, 478, 479, 480, 481, 483, 484, 485, 486, 487, 488, 489, 490, 491, 492, 493, 494, 495, 496, 497, 498, 500, 501, 502, 503, 504, 507, 508, 510, 511, 512, 513, 514, 515, 516, 517, 518, 519, 520, 521, 522, 523, 525, 527, 528, 529, 531, 532, 533, 534, 535, 536, 537, 538, 539, 540, 541, 542, 543, 544, 545, 546, 547, 548, 549, 550, 552, 553, 554, 555, 557, 558, 559, 560, 561, 562, 566, 567, 568, 569, 570, 571, 572, 575, 576, 577, 578, 579, 580, 581, 582, 584, 586, 588, 590, 591, 592, 593, 594, 595, 596, 597, 598, 599, 600, 602, 603, 604, 606, 607, 608, 609, 610, 611, 612, 613, 614, 615, 616, 617, 618, 619, 620, 621, 622, 623, 624, 626, 628, 629, 632, 633, 635, 637, 638, 640, 641, 642, 643, 644, 645, 646, 648, 649, 650, 653, 654, 655, 656, 658, 659, 660, 661, 663, 664, 665, 666, 668, 669, 671, 672, 673, 674, 675, 676, 677, 678, 679, 680, 681, 682, 683, 684, 685, 687, 688, 690, 691, 692, 693, 694, 695, 696, 697, 698, 699, 701, 702, 703, 704, 705, 706, 708, 709, 710, 711, 712, 713, 714, 716, 717, 719, 720, 721, 722, 723, 724, 725, 726, 727, 728, 730, 731, 732, 733, 734, 735, 736, 737, 742, 744, 745, 746, 747, 748, 749, 750, 751, 753, 754, 755, 756, 759, 760, 761, 762, 764, 765, 766, 767, 768, 769, 770, 771, 775, 777, 778, 779, 781, 782, 783, 785, 788, 789, 790, 791, 792, 793, 794, 796, 797, 798, 800, 801, 802, 803, 804, 806, 807, 808, 809, 810, 811, 812, 813, 814, 816, 819, 822, 824, 825, 826, 827, 828, 829, 831, 834, 835, 836, 837, 838, 839, 840, 841, 842, 843, 844, 845, 846, 847, 848, 850, 851, 853, 854, 855, 857, 858, 859, 860, 861, 862, 863, 864, 865, 867, 868, 869, 870, 871, 874, 875, 876, 877, 880, 881, 882, 884, 885, 886, 887, 888, 889]
[8, 20, 22, 32, 34, 36, 39, 47, 55, 58, 62, 72, 77, 82, 83, 85, 87, 92, 94, 100, 101, 113, 114, 125, 130, 132, 136, 141, 147, 148, 151, 153, 175, 181, 191, 201, 206, 208, 222, 229, 230, 241, 254, 260, 261, 273, 282, 283, 286, 290, 295, 297, 307, 311, 320, 335, 342, 355, 369, 375, 376, 384, 385, 396, 402, 415, 426, 437, 438, 440, 448, 460, 461, 466, 477, 478, 482, 493, 494, 500, 503, 514, 517, 526, 544, 548, 558, 564, 570, 574, 580, 587, 620, 632, 641, 644, 652, 659, 709, 718, 729, 740, 754, 760, 764, 766, 769, 788, 792, 798, 799, 801, 805, 806, 825, 835, 837, 854, 858, 861, 869, 878]

[0, 1, 2, 3, 4, 5, 6, 8, 9, 10, 11, 12, 13, 15, 16, 17, 19, 20, 21, 22, 23, 24, 25, 26, 27, 28, 29, 30, 31, 33, 34, 35, 36, 37, 39, 40, 41, 42, 43, 44, 45, 46, 48, 49, 50, 51, 53, 54, 55, 56, 57, 58, 59, 60, 61, 63, 64, 65, 66, 68, 69, 70, 71, 72, 74, 75, 76, 77, 79, 80, 83, 84, 86, 87, 89, 90, 91, 92, 93, 95, 96, 97, 98, 99, 100, 101, 102, 103, 104, 105, 106, 107, 108, 109, 110, 111, 112, 114, 115, 117, 118, 119, 120, 121, 123, 124, 125, 126, 127, 128, 129, 132, 133, 134, 135, 136, 137, 138, 140, 141, 142, 143, 144, 145, 146, 147, 148, 149, 150, 152, 153, 154, 155, 156, 157, 159, 160, 162, 163, 164, 165, 166, 167, 168, 169, 170, 172, 174, 175, 177, 180, 181, 182, 183, 187, 189, 190, 191, 192, 193, 196, 197, 198, 202, 203, 204, 206, 208, 209, 210, 212, 214, 215, 217, 218, 220, 221, 222, 223, 224, 225, 226, 227, 228, 229, 230, 232, 234, 235, 236, 237, 238, 239, 240, 241, 242, 243, 244, 245, 246, 247, 248, 249, 251, 252, 253, 254, 255, 257, 258, 260, 261, 262, 263, 264, 265, 266, 267, 268, 269, 270, 271, 272, 273, 274, 275, 276, 277, 278, 279, 280, 281, 282, 283, 284, 285, 286, 287, 289, 292, 293, 294, 295, 296, 297, 298, 299, 300, 301, 302, 303, 304, 305, 306, 307, 308, 309, 313, 314, 315, 316, 317, 318, 319, 320, 321, 322, 323, 325, 326, 329, 330, 331, 332, 333, 334, 335, 337, 339, 341, 342, 343, 344, 347, 348, 349, 353, 354, 355, 356, 357, 358, 359, 360, 361, 362, 364, 366, 367, 368, 369, 370, 371, 372, 374, 375, 376, 377, 379, 380, 381, 382, 384, 385, 386, 387, 388, 389, 390, 391, 393, 394, 395, 396, 397, 398, 399, 401, 402, 403, 404, 406, 407, 408, 409, 410, 411, 412, 413, 414, 415, 416, 417, 418, 419, 420, 421, 422, 423, 424, 425, 426, 427, 428, 429, 430, 431, 432, 433, 434, 435, 436, 437, 438, 439, 441, 442, 443, 444, 445, 446, 447, 448, 449, 450, 451, 452, 453, 454, 456, 458, 461, 462, 463, 465, 466, 469, 470, 471, 472, 478, 479, 480, 481, 483, 484, 485, 486, 487, 488, 489, 490, 491, 492, 493, 494, 495, 496, 497, 498, 500, 501, 502, 503, 504, 507, 508, 510, 511, 512, 513, 514, 515, 516, 517, 518, 519, 520, 521, 522, 523, 525, 527, 528, 529, 531, 532, 533, 534, 535, 536, 537, 538, 539, 540, 541, 542, 543, 544, 545, 546, 547, 548, 549, 550, 551, 552, 553, 554, 555, 557, 558, 559, 560, 561, 562, 566, 567, 568, 569, 570, 571, 572, 575, 576, 577, 578, 579, 580, 581, 582, 584, 586, 588, 590, 591, 592, 593, 594, 595, 596, 597, 598, 599, 600, 602, 603, 604, 606, 607, 608, 609, 610, 611, 612, 613, 614, 615, 616, 617, 618, 619, 620, 621, 622, 623, 624, 626, 628, 629, 632, 633, 635, 637, 638, 640, 641, 642, 643, 644, 645, 646, 648, 649, 650, 653, 654, 655, 656, 658, 659, 660, 661, 663, 664, 665, 666, 668, 669, 671, 672, 673, 674, 675, 676, 677, 678, 679, 680, 681, 682, 683, 684, 685, 687, 688, 690, 691, 692, 693, 694, 695, 696, 697, 698, 699, 701, 702, 703, 704, 705, 706, 707, 708, 709, 710, 711, 712, 713, 714, 716, 717, 719, 720, 721, 722, 723, 724, 725, 726, 727, 728, 730, 731, 732, 733, 734, 735, 736, 737, 740, 741, 742, 744, 745, 746, 747, 748, 749, 750, 751, 753, 754, 755, 756, 759, 760, 761, 762, 763, 764, 765, 766, 767, 768, 769, 770, 771, 772, 773, 775, 777, 778, 779, 780, 781, 782, 783, 785, 788, 789, 790, 791, 792, 793, 794, 796, 797, 798, 800, 801, 802, 803, 804, 806, 807, 808, 809, 810, 811, 812, 813, 814, 815, 816, 819, 820, 822, 824, 825, 826, 827, 828, 829, 830, 831, 834, 835, 836, 837, 838, 839, 840, 841, 842, 843, 844, 845, 846, 847, 848, 850, 851, 853, 854, 855, 856, 857, 858, 859, 860, 861, 862, 863, 864, 865, 866, 867, 868, 869, 870, 871, 874, 875, 876, 877, 880, 881, 882, 884, 885, 886, 887, 888, 889]
[8, 20, 22, 32, 34, 36, 39, 47, 55, 58, 62, 72, 77, 82, 83, 85, 87, 92, 94, 100, 101, 113, 114, 125, 130, 132, 136, 141, 147, 148, 151, 153, 175, 181, 191, 201, 206, 208, 222, 229, 230, 241, 254, 260, 261, 273, 282, 283, 286, 290, 295, 297, 307, 311, 320, 335, 342, 355, 369, 375, 376, 384, 385, 396, 402, 415, 426, 437, 438, 440, 448, 460, 461, 466, 477, 478, 482, 493, 494, 500, 503, 514, 517, 526, 544, 548, 558, 564, 570, 574, 580, 587, 620, 632, 641, 644, 652, 659, 709, 718, 729, 740, 754, 760, 764, 766, 769, 788, 792, 798, 799, 801, 805, 806, 825, 835, 837, 854, 858, 861, 869, 878]

[0, 1, 2, 3, 4, 5, 6, 8, 9, 10, 11, 12, 13, 15, 16, 17, 19, 20, 21, 22, 23, 24, 25, 26, 27, 28, 29, 30, 31, 33, 34, 35, 36, 37, 38, 39, 40, 41, 42, 43, 44, 45, 46, 48, 49, 50, 51, 53, 54, 55, 56, 57, 58, 59, 60, 61, 63, 64, 65, 66, 68, 69, 70, 71, 72, 74, 75, 76, 77, 78, 79, 80, 81, 83, 84, 85, 86, 87, 88, 89, 90, 91, 92, 93, 94, 95, 96, 97, 98, 99, 100, 101, 102, 103, 104, 105, 106, 107, 108, 109, 110, 111, 112, 114, 115, 117, 118, 119, 120, 121, 123, 124, 125, 126, 127, 128, 129, 132, 133, 134, 135, 136, 137, 138, 140, 141, 142, 143, 144, 145, 146, 147, 148, 149, 150, 152, 153, 154, 155, 156, 157, 159, 160, 162, 163, 164, 165, 166, 167, 168, 169, 170, 172, 173, 174, 175, 177, 179, 180, 181, 182, 183, 185, 187, 188, 189, 190, 191, 192, 193, 196, 197, 198, 202, 203, 204, 206, 208, 209, 210, 212, 214, 215, 217, 218, 220, 221, 222, 223, 224, 225, 226, 227, 228, 229, 230, 232, 234, 235, 236, 237, 238, 239, 240, 241, 242, 243, 244, 245, 246, 247, 248, 249, 251, 252, 253, 254, 255, 257, 258, 260, 261, 262, 263, 264, 265, 266, 267, 268, 269, 270, 271, 272, 273, 274, 275, 276, 277, 278, 279, 280, 281, 282, 283, 284, 285, 286, 287, 289, 291, 292, 293, 294, 295, 296, 297, 298, 299, 300, 301, 302, 303, 304, 305, 306, 307, 308, 309, 313, 314, 315, 316, 317, 318, 319, 320, 321, 322, 323, 325, 326, 328, 329, 330, 331, 332, 333, 334, 335, 337, 338, 339, 341, 342, 343, 344, 347, 348, 349, 353, 354, 355, 356, 357, 358, 359, 360, 361, 362, 363, 364, 366, 367, 368, 369, 370, 371, 372, 374, 375, 376, 377, 379, 380, 381, 382, 383, 384, 385, 386, 387, 388, 389, 390, 391, 393, 394, 395, 396, 397, 398, 399, 401, 402, 403, 404, 406, 407, 408, 409, 410, 411, 412, 413, 414, 415, 416, 417, 418, 419, 420, 421, 422, 423, 424, 425, 426, 427, 428, 429, 430, 431, 432, 433, 434, 435, 436, 437, 438, 439, 440, 441, 442, 443, 444, 445, 446, 447, 448, 449, 450, 451, 452, 453, 454, 456, 458, 461, 462, 463, 465, 466, 469, 470, 471, 472, 476, 478, 479, 480, 481, 483, 484, 485, 486, 487, 488, 489, 490, 491, 492, 493, 494, 495, 496, 497, 498, 499, 500, 501, 502, 503, 504, 507, 508, 510, 511, 512, 513, 514, 515, 516, 517, 518, 519, 520, 521, 522, 523, 525, 527, 528, 529, 531, 532, 533, 534, 535, 536, 537, 538, 539, 540, 541, 542, 543, 544, 545, 546, 547, 548, 549, 550, 551, 552, 553, 554, 555, 557, 558, 559, 560, 561, 562, 563, 566, 567, 568, 569, 570, 571, 572, 575, 576, 577, 578, 579, 580, 581, 582, 584, 586, 588, 589, 590, 591, 592, 593, 594, 595, 596, 597, 598, 599, 600, 602, 603, 604, 606, 607, 608, 609, 610, 611, 612, 613, 614, 615, 616, 617, 618, 619, 620, 621, 622, 623, 624, 625, 626, 628, 629, 632, 633, 635, 637, 638, 640, 641, 642, 643, 644, 645, 646, 647, 648, 649, 650, 653, 654, 655, 656, 657, 658, 659, 660, 661, 663, 664, 665, 666, 668, 669, 671, 672, 673, 674, 675, 676, 677, 678, 679, 680, 681, 682, 683, 684, 685, 687, 688, 690, 691, 692, 693, 694, 695, 696, 697, 698, 699, 701, 702, 703, 704, 705, 706, 707, 708, 709, 710, 711, 712, 713, 714, 716, 717, 719, 720, 721, 722, 723, 724, 725, 726, 727, 728, 730, 731, 732, 733, 734, 735, 736, 737, 740, 741, 742, 743, 744, 745, 746, 747, 748, 749, 750, 751, 753, 754, 755, 756, 759, 760, 761, 762, 763, 764, 765, 766, 767, 768, 769, 770, 771, 772, 773, 775, 777, 778, 779, 780, 781, 782, 783, 785, 788, 789, 790, 791, 792, 793, 794, 796, 797, 798, 800, 801, 802, 803, 804, 806, 807, 808, 809, 810, 811, 812, 813, 814, 815, 816, 817, 819, 820, 822, 824, 825, 826, 827, 828, 829, 830, 831, 834, 835, 836, 837, 838, 839, 840, 841, 842, 843, 844, 845, 846, 847, 848, 850, 851, 853, 854, 855, 856, 857, 858, 859, 860, 861, 862, 863, 864, 865, 866, 867, 868, 869, 870, 871, 874, 875, 876, 877, 880, 881, 882, 884, 885, 886, 887, 888, 889]
[8, 20, 22, 32, 34, 36, 39, 47, 55, 58, 62, 72, 77, 82, 83, 85, 87, 92, 94, 100, 101, 113, 114, 125, 130, 132, 136, 141, 147, 148, 151, 153, 175, 181, 191, 201, 206, 208, 222, 229, 230, 241, 254, 260, 261, 273, 282, 283, 286, 290, 295, 297, 307, 311, 320, 335, 342, 355, 369, 375, 376, 384, 385, 396, 402, 415, 426, 437, 438, 440, 448, 460, 461, 466, 477, 478, 482, 493, 494, 500, 503, 514, 517, 526, 544, 548, 558, 564, 570, 574, 580, 587, 620, 632, 641, 644, 652, 659, 709, 718, 729, 740, 754, 760, 764, 766, 769, 788, 792, 798, 799, 801, 805, 806, 825, 835, 837, 854, 858, 861, 869, 878]

[0, 1, 2, 3, 4, 5, 6, 8, 9, 10, 11, 12, 13, 15, 16, 17, 19, 20, 21, 22, 23, 24, 25, 26, 27, 28, 29, 30, 31, 33, 34, 35, 36, 37, 38, 39, 40, 41, 42, 43, 44, 45, 46, 48, 49, 50, 51, 53, 54, 55, 56, 57, 58, 59, 60, 61, 63, 64, 65, 66, 68, 69, 70, 71, 72, 73, 74, 75, 76, 77, 78, 79, 80, 81, 83, 84, 85, 86, 87, 88, 89, 90, 91, 92, 93, 94, 95, 96, 97, 98, 99, 100, 101, 102, 103, 104, 105, 106, 107, 108, 109, 110, 111, 112, 114, 115, 117, 118, 119, 120, 121, 123, 124, 125, 126, 127, 128, 129, 132, 133, 134, 135, 136, 137, 138, 139, 140, 141, 142, 143, 144, 145, 146, 147, 148, 149, 150, 152, 153, 154, 155, 156, 157, 159, 160, 162, 163, 164, 165, 166, 167, 168, 169, 170, 172, 173, 174, 175, 177, 179, 180, 181, 182, 183, 185, 187, 188, 189, 190, 191, 192, 193, 194, 196, 197, 198, 200, 202, 203, 204, 206, 208, 209, 210, 212, 214, 215, 217, 218, 220, 221, 222, 223, 224, 225, 226, 227, 228, 229, 230, 232, 233, 234, 235, 236, 237, 238, 239, 240, 241, 242, 243, 244, 245, 246, 247, 248, 249, 251, 252, 253, 254, 255, 257, 258, 260, 261, 262, 263, 264, 265, 266, 267, 268, 269, 270, 271, 272, 273, 274, 275, 276, 277, 278, 279, 280, 281, 282, 283, 284, 285, 286, 287, 289, 291, 292, 293, 294, 295, 296, 297, 298, 299, 300, 301, 302, 303, 304, 305, 306, 307, 308, 309, 310, 313, 314, 315, 316, 317, 318, 319, 320, 321, 322, 323, 325, 326, 327, 328, 329, 330, 331, 332, 333, 334, 335, 337, 338, 339, 341, 342, 343, 344, 347, 348, 349, 351, 353, 354, 355, 356, 357, 358, 359, 360, 361, 362, 363, 364, 365, 366, 367, 368, 369, 370, 371, 372, 373, 374, 375, 376, 377, 379, 380, 381, 382, 383, 384, 385, 386, 387, 388, 389, 390, 391, 393, 394, 395, 396, 397, 398, 399, 400, 401, 402, 403, 404, 406, 407, 408, 409, 410, 411, 412, 413, 414, 415, 416, 417, 418, 419, 420, 421, 422, 423, 424, 425, 426, 427, 428, 429, 430, 431, 432, 433, 434, 435, 436, 437, 438, 439, 440, 441, 442, 443, 444, 445, 446, 447, 448, 449, 450, 451, 452, 453, 454, 456, 458, 459, 461, 462, 463, 465, 466, 469, 470, 471, 472, 475, 476, 478, 479, 480, 481, 483, 484, 485, 486, 487, 488, 489, 490, 491, 492, 493, 494, 495, 496, 497, 498, 499, 500, 501, 502, 503, 504, 507, 508, 510, 511, 512, 513, 514, 515, 516, 517, 518, 519, 520, 521, 522, 523, 525, 526, 527, 528, 529, 531, 532, 533, 534, 535, 536, 537, 538, 539, 540, 541, 542, 543, 544, 545, 546, 547, 548, 549, 550, 551, 552, 553, 554, 555, 557, 558, 559, 560, 561, 562, 563, 566, 567, 568, 569, 570, 571, 572, 575, 576, 577, 578, 579, 580, 581, 582, 584, 585, 586, 588, 589, 590, 591, 592, 593, 594, 595, 596, 597, 598, 599, 600, 601, 602, 603, 604, 605, 606, 607, 608, 609, 610, 611, 612, 613, 614, 615, 616, 617, 618, 619, 620, 621, 622, 623, 624, 625, 626, 628, 629, 632, 633, 635, 637, 638, 640, 641, 642, 643, 644, 645, 646, 647, 648, 649, 650, 653, 654, 655, 656, 657, 658, 659, 660, 661, 663, 664, 665, 666, 667, 668, 669, 671, 672, 673, 674, 675, 676, 677, 678, 679, 680, 681, 682, 683, 684, 685, 687, 688, 690, 691, 692, 693, 694, 695, 696, 697, 698, 699, 700, 701, 702, 703, 704, 705, 706, 707, 708, 709, 710, 711, 712, 713, 714, 716, 717, 718, 719, 720, 721, 722, 723, 724, 725, 726, 727, 728, 730, 731, 732, 733, 734, 735, 736, 737, 740, 741, 742, 743, 744, 745, 746, 747, 748, 749, 750, 751, 753, 754, 755, 756, 759, 760, 761, 762, 763, 764, 765, 766, 767, 768, 769, 770, 771, 772, 773, 775, 777, 778, 779, 780, 781, 782, 783, 785, 788, 789, 790, 791, 792, 793, 794, 796, 797, 798, 800, 801, 802, 803, 804, 806, 807, 808, 809, 810, 811, 812, 813, 814, 815, 816, 817, 819, 820, 821, 822, 824, 825, 826, 827, 828, 829, 830, 831, 832, 834, 835, 836, 837, 838, 839, 840, 841, 842, 843, 844, 845, 846, 847, 848, 850, 851, 852, 853, 854, 855, 856, 857, 858, 859, 860, 861, 862, 863, 864, 865, 866, 867, 868, 869, 870, 871, 873, 874, 875, 876, 877, 880, 881, 882, 884, 885, 886, 887, 888, 889]
[8, 20, 22, 32, 34, 36, 39, 47, 55, 58, 62, 72, 77, 82, 83, 85, 87, 92, 94, 100, 101, 113, 114, 125, 130, 132, 136, 141, 147, 148, 151, 153, 175, 181, 191, 201, 206, 208, 222, 229, 230, 241, 254, 260, 261, 273, 282, 283, 286, 290, 295, 297, 307, 311, 320, 335, 342, 355, 369, 375, 376, 384, 385, 396, 402, 415, 426, 437, 438, 440, 448, 460, 461, 466, 477, 478, 482, 493, 494, 500, 503, 514, 517, 526, 544, 548, 558, 564, 570, 574, 580, 587, 620, 632, 641, 644, 652, 659, 709, 718, 729, 740, 754, 760, 764, 766, 769, 788, 792, 798, 799, 801, 805, 806, 825, 835, 837, 854, 858, 861, 869, 878]

