[7, 17, 63, 215, 274, 297, 333, 393, 417, 449, 498, 532, 546, 567, 593, 603, 613, 663, 745, 767, 774, 888]
[21, 25, 118, 125, 146, 182, 222, 303, 324, 361, 364, 423, 464, 482, 492, 501, 625, 698, 770, 792, 818, 866]

[7, 17, 63, 215, 274, 297, 333, 393, 417, 449, 498, 532, 546, 567, 593, 603, 613, 663, 745, 767, 774, 888]
[5, 10, 13, 21, 25, 40, 45, 48, 50, 67, 75, 80, 95, 105, 110, 111, 118, 119, 125, 126, 133, 136, 139, 146, 156, 163, 167, 171, 174, 180, 182, 186, 188, 213, 216, 222, 225, 228, 236, 242, 247, 253, 254, 262, 279, 284, 301, 303, 306, 310, 324, 326, 327, 337, 361, 364, 365, 368, 372, 373, 384, 392, 394, 406, 409, 423, 446, 453, 464, 474, 482, 492, 501, 502, 504, 513, 516, 523, 536, 537, 539, 582, 586, 592, 594, 595, 609, 625, 628, 635, 640, 645, 662, 672, 675, 698, 715, 735, 736, 737, 738, 749, 770, 773, 776, 788, 792, 797, 799, 802, 805, 807, 818, 819, 830, 832, 834, 848, 864, 866, 876, 889]

[7, 17, 28, 32, 63, 75, 86, 118, 215, 274, 297, 333, 339, 374, 386, 393, 396, 417, 449, 464, 480, 498, 507, 532, 533, 538, 546, 567, 579, 593, 603, 613, 641, 654, 663, 683, 715, 717, 745, 767, 774, 778, 780, 786, 795, 821, 861, 883, 888]
[5, 10, 13, 21, 25, 40, 45, 48, 50, 67, 75, 80, 95, 105, 110, 111, 118, 119, 125, 126, 133, 136, 139, 146, 156, 163, 167, 171, 174, 180, 182, 186, 188, 213, 216, 222, 225, 228, 236, 242, 247, 253, 254, 262, 279, 284, 301, 303, 306, 310, 324, 326, 327, 337, 361, 364, 365, 368, 372, 373, 384, 392, 394, 406, 409, 423, 446, 453, 464, 474, 482, 492, 501, 502, 504, 513, 516, 523, 536, 537, 539, 582, 586, 592, 594, 595, 609, 625, 628, 635, 640, 645, 662, 672, 675, 698, 715, 735, 736, 737, 738, 749, 770, 773, 776, 788, 792, 797, 799, 802, 805, 807, 818, 819, 830, 832, 834, 848, 864, 866, 876, 889]

[7, 17, 28, 32, 34, 39, 54, 63, 75, 79, 86, 96, 105, 118, 162, 188, 215, 239, 274, 282, 297, 333, 339, 371, 374, 376, 386, 393, 396, 404, 417, 449, 453, 464, 478, 480, 484, 498, 507, 532, 533, 538, 546, 567, 579, 586, 593, 603, 613, 623, 641, 650, 654, 663, 683, 689, 715, 717, 743, 745, 753, 754, 767, 774, 778, 780, 786, 795, 820, 821, 846, 861, 883, 888]
[5, 10, 13, 21, 25, 40, 45, 48, 50, 67, 75, 80, 95, 105, 110, 111, 118, 119, 125, 126, 133, 136, 139, 146, 156, 163, 167, 171, 174, 180, 182, 186, 188, 213, 216, 222, 225, 228, 236, 242, 247, 253, 254, 262, 279, 284, 301, 303, 306, 310, 324, 326, 327, 337, 361, 364, 365, 368, 372, 373, 384, 392, 394, 406, 409, 423, 446, 453, 464, 474, 482, 492, 501, 502, 504, 513, 516, 523, 536, 537, 539, 582, 586, 592, 594, 595, 609, 625, 628, 635, 640, 645, 662, 672, 675, 698, 715, 735, 736, 737, 738, 749, 770, 773, 776, 788, 792, 797, 799, 802, 805, 807, 818, 819, 830, 832, 834, 848, 864, 866, 876, 889]

[7, 10, 17, 28, 32, 34, 39, 54, 63, 75, 79, 86, 96, 105, 118, 121, 162, 174, 188, 201, 210, 215, 239, 250, 274, 281, 282, 287, 295, 297, 298, 306, 308, 312, 333, 339, 345, 356, 366, 371, 374, 376, 386, 388, 393, 396, 400, 404, 417, 438, 449, 453, 464, 478, 480, 484, 498, 500, 507, 532, 533, 534, 538, 546, 547, 559, 567, 576, 579, 582, 586, 593, 603, 613, 623, 641, 650, 654, 663, 666, 683, 689, 714, 715, 717, 743, 745, 750, 753, 754, 766, 767, 774, 778, 780, 786, 795, 804, 820, 821, 846, 861, 874, 883, 888]
[5, 10, 13, 21, 25, 40, 45, 48, 50, 67, 75, 80, 95, 105, 110, 111, 118, 119, 125, 126, 133, 136, 139, 146, 156, 163, 167, 171, 174, 180, 182, 186, 188, 213, 216, 222, 225, 228, 236, 242, 247, 253, 254, 262, 279, 284, 301, 303, 306, 310, 324, 326, 327, 337, 361, 364, 365, 368, 372, 373, 384, 392, 394, 406, 409, 423, 446, 453, 464, 474, 482, 492, 501, 502, 504, 513, 516, 523, 536, 537, 539, 582, 586, 592, 594, 595, 609, 625, 628, 635, 640, 645, 662, 672, 675, 698, 715, 735, 736, 737, 738, 749, 770, 773, 776, 788, 792, 797, 799, 802, 805, 807, 818, 819, 830, 832, 834, 848, 864, 866, 876, 889]

[7, 10, 14, 17, 24, 26, 28, 32, 34, 39, 54, 63, 72, 75, 79, 86, 96, 105, 118, 121, 128, 162, 170, 174, 188, 198, 201, 210, 215, 239, 246, 250, 273, 274, 281, 282, 287, 295, 297, 298, 300, 306, 308, 312, 315, 333, 339, 345, 356, 366, 371, 374, 376, 386, 388, 393, 396, 400, 402, 404, 413, 417, 428, 438, 449, 453, 464, 469, 478, 480, 482, 484, 498, 500, 507, 530, 532, 533, 534, 538, 541, 546, 547, 551, 556, 559, 567, 570, 576, 579, 582, 586, 593, 603, 613, 623, 641, 650, 654, 663, 666, 677, 683, 689, 708, 714, 715, 717, 743, 745, 750, 753, 754, 766, 767, 774, 778, 780, 786, 795, 804, 808, 820, 821, 827, 846, 861, 874, 883, 888]
[5, 10, 13, 21, 25, 40, 45, 48, 50, 67, 75, 80, 95, 105, 110, 111, 118, 119, 125, 126, 133, 136, 139, 146, 156, 163, 167, 171, 174, 180, 182, 186, 188, 213, 216, 222, 225, 228, 236, 242, 247, 253, 254, 262, 279, 284, 301, 303, 306, 310, 324, 326, 327, 337, 361, 364, 365, 368, 372, 373, 384, 392, 394, 406, 409, 423, 446, 453, 464, 474, 482, 492, 501, 502, 504, 513, 516, 523, 536, 537, 539, 582, 586, 592, 594, 595, 609, 625, 628, 635, 640, 645, 662, 672, 675, 698, 715, 735, 736, 737, 738, 749, 770, 773, 776, 788, 792, 797, 799, 802, 805, 807, 818, 819, 830, 832, 834, 848, 864, 866, 876, 889]

[7, 10, 14, 17, 23, 24, 26, 28, 32, 34, 37, 39, 50, 54, 63, 72, 75, 79, 86, 95, 96, 105, 118, 121, 128, 159, 162, 170, 174, 181, 188, 198, 201, 210, 215, 239, 246, 250, 266, 267, 272, 273, 274, 281, 282, 287, 295, 297, 298, 300, 306, 308, 312, 315, 320, 333, 339, 345, 356, 366, 371, 374, 376, 381, 386, 388, 393, 396, 400, 402, 404, 413, 417, 419, 424, 428, 438, 446, 449, 453, 464, 469, 474, 478, 480, 482, 484, 498, 500, 501, 507, 514, 515, 527, 530, 532, 533, 534, 538, 541, 546, 547, 548, 551, 556, 559, 567, 570, 576, 579, 581, 582, 586, 593, 603, 613, 623, 641, 650, 654, 663, 666, 677, 683, 685, 689, 708, 714, 715, 717, 725, 743, 745, 750, 753, 754, 757, 766, 767, 774, 778, 780, 784, 786, 795, 804, 808, 820, 821, 827, 832, 838, 846, 861, 874, 883, 888]
[5, 10, 13, 21, 25, 40, 45, 48, 50, 67, 75, 80, 95, 105, 110, 111, 118, 119, 125, 126, 133, 136, 139, 146, 156, 163, 167, 171, 174, 180, 182, 186, 188, 213, 216, 222, 225, 228, 236, 242, 247, 253, 254, 262, 279, 284, 301, 303, 306, 310, 324, 326, 327, 337, 361, 364, 365, 368, 372, 373, 384, 392, 394, 406, 409, 423, 446, 453, 464, 474, 482, 492, 501, 502, 504, 513, 516, 523, 536, 537, 539, 582, 586, 592, 594, 595, 609, 625, 628, 635, 640, 645, 662, 672, 675, 698, 715, 735, 736, 737, 738, 749, 770, 773, 776, 788, 792, 797, 799, 802, 805, 807, 818, 819, 830, 832, 834, 848, 864, 866, 876, 889]

[7, 10, 14, 17, 23, 24, 26, 28, 32, 34, 37, 39, 44, 50, 54, 63, 72, 75, 79, 86, 95, 96, 103, 105, 118, 121, 124, 128, 151, 159, 160, 162, 165, 170, 174, 181, 182, 183, 188, 198, 201, 210, 215, 239, 246, 250, 266, 267, 272, 273, 274, 281, 282, 287, 295, 297, 298, 300, 305, 306, 308, 312, 315, 320, 333, 339, 345, 356, 366, 371, 374, 376, 381, 386, 388, 393, 396, 400, 402, 404, 413, 417, 419, 424, 428, 438, 439, 446, 449, 453, 464, 469, 474, 478, 480, 482, 484, 496, 498, 500, 501, 507, 508, 514, 515, 527, 528, 530, 532, 533, 534, 538, 541, 545, 546, 547, 548, 551, 556, 558, 559, 567, 570, 576, 579, 581, 582, 586, 590, 592, 593, 600, 603, 613, 623, 641, 650, 651, 654, 663, 666, 677, 678, 682, 683, 685, 689, 704, 708, 709, 714, 715, 717, 725, 743, 745, 750, 753, 754, 757, 766, 767, 774, 778, 780, 784, 786, 795, 804, 808, 820, 821, 823, 827, 830, 832, 838, 846, 861, 874, 883, 888]
[5, 10, 13, 21, 25, 40, 45, 48, 50, 67, 75, 80, 95, 105, 110, 111, 118, 119, 125, 126, 133, 136, 139, 146, 156, 163, 167, 171, 174, 180, 182, 186, 188, 213, 216, 222, 225, 228, 236, 242, 247, 253, 254, 262, 279, 284, 301, 303, 306, 310, 324, 326, 327, 337, 361, 364, 365, 368, 372, 373, 384, 392, 394, 406, 409, 423, 446, 453, 464, 474, 482, 492, 501, 502, 504, 513, 516, 523, 536, 537, 539, 582, 586, 592, 594, 595, 609, 625, 628, 635, 640, 645, 662, 672, 675, 698, 715, 735, 736, 737, 738, 749, 770, 773, 776, 788, 792, 797, 799, 802, 805, 807, 818, 819, 830, 832, 834, 848, 864, 866, 876, 889]

[7, 10, 14, 17, 23, 24, 26, 28, 32, 34, 37, 39, 44, 50, 54, 63, 72, 75, 79, 86, 95, 96, 103, 105, 106, 118, 121, 124, 128, 138, 146, 151, 159, 160, 162, 165, 170, 171, 174, 181, 182, 183, 188, 198, 201, 210, 215, 231, 239, 246, 250, 266, 267, 272, 273, 274, 278, 281, 282, 287, 295, 296, 297, 298, 300, 305, 306, 307, 308, 312, 315, 319, 320, 325, 330, 333, 339, 342, 344, 345, 356, 366, 368, 371, 374, 376, 381, 386, 388, 393, 396, 400, 402, 404, 413, 417, 419, 424, 428, 429, 435, 438, 439, 445, 446, 449, 453, 464, 469, 474, 478, 480, 482, 484, 487, 488, 496, 498, 500, 501, 507, 508, 514, 515, 527, 528, 530, 532, 533, 534, 538, 541, 545, 546, 547, 548, 551, 556, 558, 559, 567, 570, 576, 579, 581, 582, 586, 590, 592, 593, 600, 603, 613, 623, 641, 650, 651, 653, 654, 663, 666, 677, 678, 682, 683, 685, 689, 697, 704, 708, 709, 714, 715, 717, 723, 725, 743, 745, 750, 753, 754, 757, 766, 767, 774, 778, 780, 784, 786, 795, 804, 808, 819, 820, 821, 823, 827, 830, 832, 835, 838, 846, 851, 861, 874, 883, 888]
[5, 10, 13, 21, 25, 40, 45, 48, 50, 67, 75, 80, 95, 105, 110, 111, 118, 119, 125, 126, 133, 136, 139, 146, 156, 163, 167, 171, 174, 180, 182, 186, 188, 213, 216, 222, 225, 228, 236, 242, 247, 253, 254, 262, 279, 284, 301, 303, 306, 310, 324, 326, 327, 337, 361, 364, 365, 368, 372, 373, 384, 392, 394, 406, 409, 423, 446, 453, 464, 474, 482, 492, 501, 502, 504, 513, 516, 523, 536, 537, 539, 582, 586, 592, 594, 595, 609, 625, 628, 635, 640, 645, 662, 672, 675, 698, 715, 735, 736, 737, 738, 749, 770, 773, 776, 788, 792, 797, 799, 802, 805, 807, 818, 819, 830, 832, 834, 848, 864, 866, 876, 889]

[7, 10, 14, 17, 23, 24, 26, 28, 30, 32, 34, 37, 39, 44, 47, 50, 54, 63, 72, 75, 79, 86, 95, 96, 103, 105, 106, 118, 121, 124, 128, 138, 146, 151, 159, 160, 162, 165, 170, 171, 174, 181, 182, 183, 188, 196, 198, 201, 210, 215, 217, 231, 239, 240, 246, 250, 266, 267, 270, 272, 273, 274, 278, 281, 282, 287, 295, 296, 297, 298, 300, 305, 306, 307, 308, 312, 315, 319, 320, 322, 325, 329, 330, 333, 339, 342, 344, 345, 351, 356, 366, 368, 371, 374, 376, 381, 386, 388, 393, 396, 400, 402, 404, 413, 417, 419, 424, 428, 429, 435, 438, 439, 443, 445, 446, 449, 453, 464, 469, 473, 474, 478, 480, 481, 482, 484, 487, 488, 493, 496, 498, 500, 501, 507, 508, 511, 514, 515, 527, 528, 530, 532, 533, 534, 538, 541, 545, 546, 547, 548, 551, 556, 558, 559, 562, 565, 567, 570, 576, 579, 581, 582, 586, 590, 592, 593, 600, 603, 607, 613, 623, 636, 641, 642, 650, 651, 652, 653, 654, 663, 665, 666, 671, 677, 678, 682, 683, 685, 689, 697, 704, 708, 709, 714, 715, 717, 722, 723, 725, 739, 743, 745, 750, 753, 754, 757, 766, 767, 774, 778, 780, 784, 786, 795, 804, 808, 819, 820, 821, 823, 827, 830, 832, 835, 838, 846, 848, 851, 861, 874, 883, 888]
[5, 10, 13, 21, 25, 40, 45, 48, 50, 67, 75, 80, 95, 105, 110, 111, 118, 119, 125, 126, 133, 136, 139, 146, 156, 163, 167, 171, 174, 180, 182, 186, 188, 213, 216, 222, 225, 228, 236, 242, 247, 253, 254, 262, 279, 284, 301, 303, 306, 310, 324, 326, 327, 337, 361, 364, 365, 368, 372, 373, 384, 392, 394, 406, 409, 423, 446, 453, 464, 474, 482, 492, 501, 502, 504, 513, 516, 523, 536, 537, 539, 582, 586, 592, 594, 595, 609, 625, 628, 635, 640, 645, 662, 672, 675, 698, 715, 735, 736, 737, 738, 749, 770, 773, 776, 788, 792, 797, 799, 802, 805, 807, 818, 819, 830, 832, 834, 848, 864, 866, 876, 889]

[7, 10, 14, 17, 23, 24, 26, 28, 30, 32, 34, 37, 39, 44, 47, 50, 54, 60, 63, 72, 75, 79, 81, 86, 95, 96, 103, 105, 106, 118, 121, 124, 128, 129, 138, 146, 151, 159, 160, 162, 165, 170, 171, 174, 181, 182, 183, 188, 196, 198, 201, 210, 212, 215, 217, 231, 232, 239, 240, 246, 250, 266, 267, 270, 271, 272, 273, 274, 278, 281, 282, 287, 295, 296, 297, 298, 299, 300, 305, 306, 307, 308, 312, 315, 319, 320, 322, 325, 329, 330, 333, 339, 342, 344, 345, 351, 356, 366, 367, 368, 371, 374, 376, 381, 386, 388, 393, 396, 400, 402, 404, 413, 417, 418, 419, 422, 424, 428, 429, 432, 435, 438, 439, 443, 445, 446, 449, 453, 464, 469, 473, 474, 478, 480, 481, 482, 484, 487, 488, 493, 496, 498, 500, 501, 507, 508, 511, 514, 515, 518, 527, 528, 530, 532, 533, 534, 537, 538, 541, 545, 546, 547, 548, 551, 556, 558, 559, 562, 565, 567, 570, 576, 579, 580, 581, 582, 586, 589, 590, 591, 592, 593, 600, 603, 607, 613, 623, 634, 636, 641, 642, 650, 651, 652, 653, 654, 663, 665, 666, 671, 676, 677, 678, 682, 683, 685, 689, 691, 697, 704, 708, 709, 714, 715, 717, 722, 723, 725, 739, 743, 745, 750, 753, 754, 757, 766, 767, 769, 774, 778, 780, 784, 786, 788, 795, 804, 808, 818, 819, 820, 821, 823, 827, 830, 832, 835, 838, 846, 847, 848, 851, 857, 861, 874, 877, 883, 888]
[5, 10, 13, 21, 25, 40, 45, 48, 50, 67, 75, 80, 95, 105, 110, 111, 118, 119, 125, 126, 133, 136, 139, 146, 156, 163, 167, 171, 174, 180, 182, 186, 188, 213, 216, 222, 225, 228, 236, 242, 247, 253, 254, 262, 279, 284, 301, 303, 306, 310, 324, 326, 327, 337, 361, 364, 365, 368, 372, 373, 384, 392, 394, 406, 409, 423, 446, 453, 464, 474, 482, 492, 501, 502, 504, 513, 516, 523, 536, 537, 539, 582, 586, 592, 594, 595, 609, 625, 628, 635, 640, 645, 662, 672, 675, 698, 715, 735, 736, 737, 738, 749, 770, 773, 776, 788, 792, 797, 799, 802, 805, 807, 818, 819, 830, 832, 834, 848, 864, 866, 876, 889]

[7, 10, 14, 15, 17, 23, 24, 26, 28, 30, 32, 34, 37, 39, 44, 47, 50, 54, 60, 63, 65, 72, 75, 79, 81, 86, 95, 96, 97, 103, 105, 106, 118, 121, 124, 128, 129, 138, 142, 146, 151, 158, 159, 160, 162, 165, 170, 171, 174, 181, 182, 183, 188, 196, 198, 201, 210, 211, 212, 215, 217, 231, 232, 239, 240, 246, 250, 266, 267, 270, 271, 272, 273, 274, 278, 281, 282, 286, 287, 295, 296, 297, 298, 299, 300, 305, 306, 307, 308, 312, 313, 315, 319, 320, 322, 325, 329, 330, 333, 338, 339, 342, 344, 345, 351, 356, 366, 367, 368, 371, 374, 376, 381, 386, 388, 393, 396, 400, 401, 402, 404, 413, 417, 418, 419, 422, 424, 428, 429, 432, 435, 438, 439, 443, 445, 446, 449, 453, 455, 457, 464, 469, 473, 474, 478, 480, 481, 482, 484, 487, 488, 493, 496, 498, 500, 501, 507, 508, 511, 514, 515, 518, 527, 528, 530, 532, 533, 534, 537, 538, 541, 545, 546, 547, 548, 550, 551, 556, 558, 559, 562, 565, 567, 568, 570, 576, 579, 580, 581, 582, 586, 589, 590, 591, 592, 593, 600, 603, 607, 613, 621, 623, 634, 636, 641, 642, 650, 651, 652, 653, 654, 659, 663, 665, 666, 671, 676, 677, 678, 681, 682, 683, 685, 689, 691, 692, 697, 704, 708, 709, 714, 715, 717, 722, 723, 725, 739, 743, 745, 750, 753, 754, 756, 757, 766, 767, 769, 774, 778, 780, 784, 786, 788, 795, 796, 799, 804, 808, 818, 819, 820, 821, 822, 823, 827, 830, 832, 835, 838, 846, 847, 848, 851, 857, 860, 861, 862, 874, 876, 877, 883, 888]
[5, 10, 13, 21, 25, 40, 45, 48, 50, 67, 75, 80, 95, 105, 110, 111, 118, 119, 125, 126, 133, 136, 139, 146, 156, 163, 167, 171, 174, 180, 182, 186, 188, 213, 216, 222, 225, 228, 236, 242, 247, 253, 254, 262, 279, 284, 301, 303, 306, 310, 324, 326, 327, 337, 361, 364, 365, 368, 372, 373, 384, 392, 394, 406, 409, 423, 446, 453, 464, 474, 482, 492, 501, 502, 504, 513, 516, 523, 536, 537, 539, 582, 586, 592, 594, 595, 609, 625, 628, 635, 640, 645, 662, 672, 675, 698, 715, 735, 736, 737, 738, 749, 770, 773, 776, 788, 792, 797, 799, 802, 805, 807, 818, 819, 830, 832, 834, 848, 864, 866, 876, 889]

[7, 10, 14, 15, 17, 19, 22, 23, 24, 26, 28, 30, 32, 34, 37, 39, 44, 47, 50, 54, 56, 60, 63, 64, 65, 72, 75, 79, 81, 85, 86, 95, 96, 97, 102, 103, 105, 106, 107, 112, 118, 121, 124, 128, 129, 138, 142, 146, 151, 158, 159, 160, 162, 165, 170, 171, 174, 181, 182, 183, 185, 188, 196, 198, 201, 210, 211, 212, 215, 217, 231, 232, 239, 240, 246, 248, 250, 266, 267, 270, 271, 272, 273, 274, 278, 279, 281, 282, 286, 287, 292, 295, 296, 297, 298, 299, 300, 303, 305, 306, 307, 308, 309, 312, 313, 315, 319, 320, 322, 325, 329, 330, 333, 338, 339, 342, 344, 345, 351, 352, 356, 366, 367, 368, 371, 374, 376, 381, 386, 388, 393, 396, 400, 401, 402, 404, 413, 417, 418, 419, 422, 424, 428, 429, 432, 435, 438, 439, 443, 445, 446, 449, 453, 455, 457, 464, 469, 473, 474, 478, 480, 481, 482, 484, 486, 487, 488, 493, 496, 498, 500, 501, 507, 508, 511, 514, 515, 518, 527, 528, 530, 532, 533, 534, 537, 538, 541, 545, 546, 547, 548, 550, 551, 556, 558, 559, 562, 565, 567, 568, 570, 576, 579, 580, 581, 582, 586, 589, 590, 591, 592, 593, 600, 603, 607, 612, 613, 621, 623, 634, 636, 641, 642, 647, 650, 651, 652, 653, 654, 659, 663, 665, 666, 671, 676, 677, 678, 681, 682, 683, 685, 689, 691, 692, 694, 697, 704, 706, 708, 709, 714, 715, 717, 720, 722, 723, 725, 739, 740, 743, 745, 750, 753, 754, 756, 757, 759, 766, 767, 768, 769, 770, 774, 778, 780, 784, 786, 788, 795, 796, 799, 804, 808, 814, 818, 819, 820, 821, 822, 823, 827, 830, 832, 835, 838, 846, 847, 848, 851, 857, 860, 861, 862, 868, 869, 874, 876, 877, 883, 888]
[5, 10, 13, 21, 25, 40, 45, 48, 50, 67, 75, 80, 95, 105, 110, 111, 118, 119, 125, 126, 133, 136, 139, 146, 156, 163, 167, 171, 174, 180, 182, 186, 188, 213, 216, 222, 225, 228, 236, 242, 247, 253, 254, 262, 279, 284, 301, 303, 306, 310, 324, 326, 327, 337, 361, 364, 365, 368, 372, 373, 384, 392, 394, 406, 409, 423, 446, 453, 464, 474, 482, 492, 501, 502, 504, 513, 516, 523, 536, 537, 539, 582, 586, 592, 594, 595, 609, 625, 628, 635, 640, 645, 662, 672, 675, 698, 715, 735, 736, 737, 738, 749, 770, 773, 776, 788, 792, 797, 799, 802, 805, 807, 818, 819, 830, 832, 834, 848, 864, 866, 876, 889]

[3, 6, 7, 10, 14, 15, 17, 19, 22, 23, 24, 26, 28, 30, 32, 34, 37, 39, 44, 47, 50, 54, 56, 58, 60, 63, 64, 65, 72, 75, 79, 81, 85, 86, 95, 96, 97, 102, 103, 105, 106, 107, 112, 118, 121, 124, 128, 129, 136, 138, 142, 146, 151, 158, 159, 160, 162, 165, 170, 171, 174, 181, 182, 183, 185, 187, 188, 196, 198, 201, 204, 210, 211, 212, 215, 217, 231, 232, 237, 239, 240, 243, 246, 248, 250, 266, 267, 269, 270, 271, 272, 273, 274, 278, 279, 281, 282, 286, 287, 292, 295, 296, 297, 298, 299, 300, 303, 305, 306, 307, 308, 309, 312, 313, 315, 319, 320, 322, 325, 329, 330, 333, 338, 339, 342, 344, 345, 351, 352, 356, 366, 367, 368, 371, 374, 376, 377, 381, 386, 388, 393, 396, 400, 401, 402, 404, 413, 417, 418, 419, 422, 424, 428, 429, 430, 432, 435, 438, 439, 443, 445, 446, 449, 453, 455, 456, 457, 460, 464, 467, 469, 473, 474, 478, 480, 481, 482, 484, 486, 487, 488, 489, 493, 496, 498, 500, 501, 503, 504, 507, 508, 511, 514, 515, 518, 527, 528, 530, 532, 533, 534, 537, 538, 541, 545, 546, 547, 548, 550, 551, 553, 556, 558, 559, 562, 565, 567, 568, 570, 576, 579, 580, 581, 582, 583, 586, 589, 590, 591, 592, 593, 594, 600, 603, 607, 610, 612, 613, 621, 623, 634, 636, 641, 642, 647, 650, 651, 652, 653, 654, 659, 663, 665, 666, 671, 675, 676, 677, 678, 681, 682, 683, 685, 689, 691, 692, 694, 697, 704, 706, 708, 709, 714, 715, 717, 720, 722, 723, 725, 739, 740, 743, 745, 750, 753, 754, 756, 757, 759, 766, 767, 768, 769, 770, 774, 778, 780, 784, 786, 788, 795, 796, 799, 804, 808, 814, 817, 818, 819, 820, 821, 822, 823, 827, 830, 832, 835, 838, 839, 846, 847, 848, 851, 857, 860, 861, 862, 868, 869, 874, 876, 877, 883, 886, 888]
[5, 10, 13, 21, 25, 40, 45, 48, 50, 67, 75, 80, 95, 105, 110, 111, 118, 119, 125, 126, 133, 136, 139, 146, 156, 163, 167, 171, 174, 180, 182, 186, 188, 213, 216, 222, 225, 228, 236, 242, 247, 253, 254, 262, 279, 284, 301, 303, 306, 310, 324, 326, 327, 337, 361, 364, 365, 368, 372, 373, 384, 392, 394, 406, 409, 423, 446, 453, 464, 474, 482, 492, 501, 502, 504, 513, 516, 523, 536, 537, 539, 582, 586, 592, 594, 595, 609, 625, 628, 635, 640, 645, 662, 672, 675, 698, 715, 735, 736, 737, 738, 749, 770, 773, 776, 788, 792, 797, 799, 802, 805, 807, 818, 819, 830, 832, 834, 848, 864, 866, 876, 889]

[3, 6, 7, 10, 13, 14, 15, 17, 19, 22, 23, 24, 26, 28, 30, 32, 34, 37, 39, 44, 47, 50, 54, 56, 58, 60, 63, 64, 65, 72, 75, 79, 81, 84, 85, 86, 90, 95, 96, 97, 102, 103, 105, 106, 107, 112, 118, 121, 124, 127, 128, 129, 136, 138, 142, 146, 151, 158, 159, 160, 162, 165, 170, 171, 174, 181, 182, 183, 185, 187, 188, 195, 196, 198, 201, 204, 210, 211, 212, 215, 217, 221, 231, 232, 237, 239, 240, 243, 244, 245, 246, 248, 250, 258, 266, 267, 269, 270, 271, 272, 273, 274, 278, 279, 281, 282, 286, 287, 291, 292, 294, 295, 296, 297, 298, 299, 300, 303, 305, 306, 307, 308, 309, 312, 313, 315, 319, 320, 322, 325, 329, 330, 333, 338, 339, 342, 344, 345, 351, 352, 353, 356, 365, 366, 367, 368, 371, 374, 376, 377, 381, 386, 387, 388, 393, 395, 396, 400, 401, 402, 404, 413, 417, 418, 419, 422, 424, 428, 429, 430, 432, 435, 438, 439, 442, 443, 445, 446, 449, 453, 455, 456, 457, 460, 464, 467, 469, 473, 474, 478, 480, 481, 482, 484, 486, 487, 488, 489, 493, 496, 498, 500, 501, 503, 504, 507, 508, 511, 514, 515, 518, 527, 528, 530, 532, 533, 534, 537, 538, 541, 545, 546, 547, 548, 550, 551, 553, 556, 558, 559, 562, 563, 565, 567, 568, 570, 576, 579, 580, 581, 582, 583, 586, 588, 589, 590, 591, 592, 593, 594, 600, 603, 607, 609, 610, 612, 613, 621, 623, 634, 636, 641, 642, 647, 650, 651, 652, 653, 654, 659, 663, 665, 666, 671, 675, 676, 677, 678, 681, 682, 683, 685, 687, 689, 691, 692, 694, 697, 704, 706, 707, 708, 709, 714, 715, 716, 717, 720, 722, 723, 725, 739, 740, 743, 745, 750, 753, 754, 756, 757, 759, 766, 767, 768, 769, 770, 771, 774, 778, 780, 784, 786, 788, 795, 796, 799, 801, 804, 808, 810, 814, 817, 818, 819, 820, 821, 822, 823, 827, 830, 832, 835, 838, 839, 846, 847, 848, 851, 857, 860, 861, 862, 868, 869, 874, 876, 877, 883, 886, 888]
[5, 10, 13, 21, 25, 40, 45, 48, 50, 67, 75, 80, 95, 105, 110, 111, 118, 119, 125, 126, 133, 136, 139, 146, 156, 163, 167, 171, 174, 180, 182, 186, 188, 213, 216, 222, 225, 228, 236, 242, 247, 253, 254, 262, 279, 284, 301, 303, 306, 310, 324, 326, 327, 337, 361, 364, 365, 368, 372, 373, 384, 392, 394, 406, 409, 423, 446, 453, 464, 474, 482, 492, 501, 502, 504, 513, 516, 523, 536, 537, 539, 582, 586, 592, 594, 595, 609, 625, 628, 635, 640, 645, 662, 672, 675, 698, 715, 735, 736, 737, 738, 749, 770, 773, 776, 788, 792, 797, 799, 802, 805, 807, 818, 819, 830, 832, 834, 848, 864, 866, 876, 889]

[1, 3, 6, 7, 10, 13, 14, 15, 17, 19, 22, 23, 24, 26, 28, 30, 32, 33, 34, 37, 39, 44, 47, 50, 52, 54, 56, 58, 60, 63, 64, 65, 72, 75, 79, 81, 84, 85, 86, 90, 95, 96, 97, 102, 103, 105, 106, 107, 112, 118, 121, 124, 125, 126, 127, 128, 129, 136, 138, 142, 146, 151, 158, 159, 160, 162, 164, 165, 170, 171, 174, 181, 182, 183, 185, 187, 188, 195, 196, 198, 201, 204, 206, 210, 211, 212, 215, 216, 217, 221, 228, 231, 232, 237, 239, 240, 242, 243, 244, 245, 246, 248, 250, 258, 259, 266, 267, 269, 270, 271, 272, 273, 274, 276, 278, 279, 281, 282, 286, 287, 291, 292, 294, 295, 296, 297, 298, 299, 300, 303, 305, 306, 307, 308, 309, 312, 313, 315, 319, 320, 322, 325, 326, 329, 330, 332, 333, 338, 339, 342, 344, 345, 346, 351, 352, 353, 356, 365, 366, 367, 368, 371, 372, 374, 376, 377, 381, 386, 387, 388, 393, 395, 396, 400, 401, 402, 404, 413, 417, 418, 419, 422, 424, 428, 429, 430, 432, 435, 438, 439, 442, 443, 445, 446, 449, 451, 452, 453, 455, 456, 457, 460, 464, 467, 469, 473, 474, 478, 480, 481, 482, 484, 486, 487, 488, 489, 493, 496, 498, 500, 501, 503, 504, 507, 508, 511, 514, 515, 518, 527, 528, 530, 532, 533, 534, 537, 538, 541, 544, 545, 546, 547, 548, 550, 551, 553, 556, 558, 559, 562, 563, 565, 567, 568, 570, 576, 579, 580, 581, 582, 583, 586, 588, 589, 590, 591, 592, 593, 594, 597, 600, 603, 607, 609, 610, 612, 613, 621, 623, 631, 634, 636, 641, 642, 647, 650, 651, 652, 653, 654, 659, 663, 665, 666, 671, 675, 676, 677, 678, 681, 682, 683, 685, 687, 689, 691, 692, 694, 697, 704, 706, 707, 708, 709, 714, 715, 716, 717, 720, 722, 723, 725, 737, 739, 740, 743, 745, 750, 753, 754, 756, 757, 759, 766, 767, 768, 769, 770, 771, 774, 778, 780, 784, 786, 788, 790, 795, 796, 799, 801, 804, 807, 808, 810, 814, 817, 818, 819, 820, 821, 822, 823, 827, 830, 832, 835, 838, 839, 846, 847, 848, 851, 857, 860, 861, 862, 865, 868, 869, 874, 876, 877, 883, 886, 888]
[5, 10, 13, 21, 25, 40, 45, 48, 50, 67, 75, 80, 95, 105, 110, 111, 118, 119, 125, 126, 133, 136, 139, 146, 156, 163, 167, 171, 174, 180, 182, 186, 188, 213, 216, 222, 225, 228, 236, 242, 247, 253, 254, 262, 279, 284, 301, 303, 306, 310, 324, 326, 327, 337, 361, 364, 365, 368, 372, 373, 384, 392, 394, 406, 409, 423, 446, 453, 464, 474, 482, 492, 501, 502, 504, 513, 516, 523, 536, 537, 539, 582, 586, 592, 594, 595, 609, 625, 628, 635, 640, 645, 662, 672, 675, 698, 715, 735, 736, 737, 738, 749, 770, 773, 776, 788, 792, 797, 799, 802, 805, 807, 818, 819, 830, 832, 834, 848, 864, 866, 876, 889]

[1, 3, 6, 7, 10, 13, 14, 15, 16, 17, 19, 22, 23, 24, 26, 28, 30, 32, 33, 34, 37, 39, 44, 46, 47, 50, 52, 54, 56, 58, 60, 63, 64, 65, 70, 72, 75, 79, 81, 82, 84, 85, 86, 90, 95, 96, 97, 102, 103, 105, 106, 107, 112, 118, 121, 124, 125, 126, 127, 128, 129, 136, 138, 142, 146, 151, 153, 158, 159, 160, 162, 164, 165, 170, 171, 174, 181, 182, 183, 185, 187, 188, 195, 196, 198, 201, 204, 206, 210, 211, 212, 215, 216, 217, 221, 228, 231, 232, 237, 239, 240, 242, 243, 244, 245, 246, 248, 250, 258, 259, 264, 266, 267, 268, 269, 270, 271, 272, 273, 274, 276, 277, 278, 279, 280, 281, 282, 286, 287, 289, 291, 292, 294, 295, 296, 297, 298, 299, 300, 303, 305, 306, 307, 308, 309, 312, 313, 315, 319, 320, 322, 325, 326, 329, 330, 332, 333, 338, 339, 342, 343, 344, 345, 346, 351, 352, 353, 356, 365, 366, 367, 368, 371, 372, 374, 376, 377, 380, 381, 386, 387, 388, 393, 395, 396, 400, 401, 402, 404, 413, 417, 418, 419, 422, 424, 428, 429, 430, 432, 435, 438, 439, 442, 443, 445, 446, 449, 451, 452, 453, 455, 456, 457, 458, 460, 464, 467, 469, 473, 474, 478, 480, 481, 482, 484, 486, 487, 488, 489, 493, 496, 498, 500, 501, 503, 504, 507, 508, 511, 514, 515, 518, 527, 528, 530, 532, 533, 534, 537, 538, 541, 543, 544, 545, 546, 547, 548, 550, 551, 553, 556, 558, 559, 562, 563, 565, 567, 568, 570, 576, 579, 580, 581, 582, 583, 586, 588, 589, 590, 591, 592, 593, 594, 597, 599, 600, 602, 603, 607, 609, 610, 612, 613, 615, 621, 623, 624, 626, 631, 634, 636, 641, 642, 643, 647, 650, 651, 652, 653, 654, 659, 663, 665, 666, 671, 675, 676, 677, 678, 681, 682, 683, 685, 687, 689, 691, 692, 694, 697, 704, 706, 707, 708, 709, 713, 714, 715, 716, 717, 720, 722, 723, 725, 730, 737, 739, 740, 743, 745, 750, 753, 754, 756, 757, 759, 763, 766, 767, 768, 769, 770, 771, 774, 778, 780, 784, 786, 788, 790, 795, 796, 799, 801, 804, 807, 808, 810, 811, 814, 817, 818, 819, 820, 821, 822, 823, 827, 830, 832, 835, 838, 839, 846, 847, 848, 851, 857, 860, 861, 862, 865, 868, 869, 874, 875, 876, 877, 883, 886, 888]
[5, 10, 13, 21, 25, 40, 45, 48, 50, 67, 75, 80, 95, 105, 110, 111, 118, 119, 125, 126, 133, 136, 139, 146, 156, 163, 167, 171, 174, 180, 182, 186, 188, 213, 216, 222, 225, 228, 236, 242, 247, 253, 254, 262, 279, 284, 301, 303, 306, 310, 324, 326, 327, 337, 361, 364, 365, 368, 372, 373, 384, 392, 394, 406, 409, 423, 446, 453, 464, 474, 482, 492, 501, 502, 504, 513, 516, 523, 536, 537, 539, 582, 586, 592, 594, 595, 609, 625, 628, 635, 640, 645, 662, 672, 675, 698, 715, 735, 736, 737, 738, 749, 770, 773, 776, 788, 792, 797, 799, 802, 805, 807, 818, 819, 830, 832, 834, 848, 864, 866, 876, 889]

[1, 3, 6, 7, 9, 10, 13, 14, 15, 16, 17, 19, 22, 23, 24, 26, 28, 29, 30, 32, 33, 34, 37, 39, 44, 46, 47, 50, 52, 54, 56, 58, 60, 63, 64, 65, 66, 70, 72, 75, 79, 81, 82, 84, 85, 86, 90, 95, 96, 97, 102, 103, 105, 106, 107, 112, 118, 121, 124, 125, 126, 127, 128, 129, 136, 138, 142, 146, 151, 153, 158, 159, 160, 162, 163, 164, 165, 169, 170, 171, 174, 177, 181, 182, 183, 185, 187, 188, 195, 196, 198, 201, 204, 206, 210, 211, 212, 215, 216, 217, 221, 228, 231, 232, 237, 239, 240, 242, 243, 244, 245, 246, 248, 250, 255, 256, 258, 259, 264, 266, 267, 268, 269, 270, 271, 272, 273, 274, 276, 277, 278, 279, 280, 281, 282, 283, 286, 287, 289, 290, 291, 292, 294, 295, 296, 297, 298, 299, 300, 303, 305, 306, 307, 308, 309, 312, 313, 314, 315, 317, 319, 320, 322, 325, 326, 329, 330, 332, 333, 338, 339, 342, 343, 344, 345, 346, 351, 352, 353, 356, 364, 365, 366, 367, 368, 371, 372, 374, 376, 377, 380, 381, 386, 387, 388, 393, 395, 396, 399, 400, 401, 402, 404, 413, 417, 418, 419, 422, 424, 428, 429, 430, 432, 435, 438, 439, 442, 443, 445, 446, 449, 451, 452, 453, 455, 456, 457, 458, 460, 464, 466, 467, 469, 471, 473, 474, 478, 480, 481, 482, 484, 486, 487, 488, 489, 491, 493, 496, 497, 498, 500, 501, 503, 504, 506, 507, 508, 511, 514, 515, 518, 527, 528, 530, 532, 533, 534, 537, 538, 541, 543, 544, 545, 546, 547, 548, 550, 551, 553, 556, 558, 559, 562, 563, 564, 565, 567, 568, 570, 576, 579, 580, 581, 582, 583, 586, 588, 589, 590, 591, 592, 593, 594, 597, 599, 600, 602, 603, 607, 609, 610, 612, 613, 615, 621, 623, 624, 626, 631, 634, 636, 639, 641, 642, 643, 647, 650, 651, 652, 653, 654, 659, 663, 665, 666, 671, 675, 676, 677, 678, 681, 682, 683, 685, 687, 689, 691, 692, 694, 697, 704, 706, 707, 708, 709, 713, 714, 715, 716, 717, 720, 722, 723, 725, 730, 737, 739, 740, 743, 745, 750, 753, 754, 756, 757, 759, 760, 763, 766, 767, 768, 769, 770, 771, 774, 775, 778, 780, 784, 786, 788, 789, 790, 795, 796, 799, 801, 804, 807, 808, 810, 811, 814, 817, 818, 819, 820, 821, 822, 823, 827, 830, 832, 835, 838, 839, 846, 847, 848, 851, 857, 860, 861, 862, 863, 865, 868, 869, 874, 875, 876, 877, 883, 886, 888]
[5, 10, 13, 21, 25, 40, 45, 48, 50, 67, 75, 80, 95, 105, 110, 111, 118, 119, 125, 126, 133, 136, 139, 146, 156, 163, 167, 171, 174, 180, 182, 186, 188, 213, 216, 222, 225, 228, 236, 242, 247, 253, 254, 262, 279, 284, 301, 303, 306, 310, 324, 326, 327, 337, 361, 364, 365, 368, 372, 373, 384, 392, 394, 406, 409, 423, 446, 453, 464, 474, 482, 492, 501, 502, 504, 513, 516, 523, 536, 537, 539, 582, 586, 592, 594, 595, 609, 625, 628, 635, 640, 645, 662, 672, 675, 698, 715, 735, 736, 737, 738, 749, 770, 773, 776, 788, 792, 797, 799, 802, 805, 807, 818, 819, 830, 832, 834, 848, 864, 866, 876, 889]

[1, 3, 6, 7, 9, 10, 13, 14, 15, 16, 17, 19, 22, 23, 24, 26, 28, 29, 30, 32, 33, 34, 37, 39, 44, 45, 46, 47, 50, 52, 54, 56, 58, 59, 60, 63, 64, 65, 66, 67, 70, 72, 75, 79, 81, 82, 84, 85, 86, 90, 95, 96, 97, 102, 103, 105, 106, 107, 112, 118, 121, 124, 125, 126, 127, 128, 129, 136, 138, 142, 146, 151, 153, 158, 159, 160, 162, 163, 164, 165, 169, 170, 171, 174, 177, 181, 182, 183, 185, 187, 188, 195, 196, 198, 201, 204, 206, 210, 211, 212, 215, 216, 217, 221, 222, 228, 231, 232, 233, 237, 238, 239, 240, 242, 243, 244, 245, 246, 248, 250, 253, 255, 256, 258, 259, 264, 266, 267, 268, 269, 270, 271, 272, 273, 274, 276, 277, 278, 279, 280, 281, 282, 283, 286, 287, 289, 290, 291, 292, 294, 295, 296, 297, 298, 299, 300, 303, 305, 306, 307, 308, 309, 312, 313, 314, 315, 317, 319, 320, 322, 325, 326, 329, 330, 332, 333, 335, 338, 339, 342, 343, 344, 345, 346, 348, 351, 352, 353, 355, 356, 358, 364, 365, 366, 367, 368, 371, 372, 374, 376, 377, 380, 381, 386, 387, 388, 393, 395, 396, 399, 400, 401, 402, 404, 413, 417, 418, 419, 422, 424, 428, 429, 430, 432, 435, 438, 439, 442, 443, 445, 446, 449, 451, 452, 453, 455, 456, 457, 458, 460, 464, 466, 467, 469, 471, 473, 474, 475, 478, 480, 481, 482, 484, 486, 487, 488, 489, 491, 493, 496, 497, 498, 500, 501, 503, 504, 506, 507, 508, 511, 514, 515, 518, 526, 527, 528, 530, 532, 533, 534, 536, 537, 538, 541, 543, 544, 545, 546, 547, 548, 550, 551, 553, 554, 556, 558, 559, 562, 563, 564, 565, 566, 567, 568, 570, 572, 576, 579, 580, 581, 582, 583, 586, 588, 589, 590, 591, 592, 593, 594, 597, 599, 600, 602, 603, 607, 609, 610, 612, 613, 615, 621, 623, 624, 626, 627, 631, 634, 635, 636, 639, 641, 642, 643, 647, 650, 651, 652, 653, 654, 659, 663, 665, 666, 671, 675, 676, 677, 678, 681, 682, 683, 685, 687, 689, 691, 692, 693, 694, 697, 704, 706, 707, 708, 709, 713, 714, 715, 716, 717, 720, 722, 723, 725, 730, 735, 737, 739, 740, 743, 745, 747, 750, 753, 754, 756, 757, 759, 760, 763, 766, 767, 768, 769, 770, 771, 774, 775, 778, 780, 784, 786, 788, 789, 790, 794, 795, 796, 799, 801, 804, 807, 808, 810, 811, 814, 817, 818, 819, 820, 821, 822, 823, 824, 827, 830, 832, 835, 838, 839, 846, 847, 848, 851, 857, 860, 861, 862, 863, 864, 865, 868, 869, 874, 875, 876, 877, 883, 886, 888]
[5, 10, 13, 21, 25, 40, 45, 48, 50, 67, 75, 80, 95, 105, 110, 111, 118, 119, 125, 126, 133, 136, 139, 146, 156, 163, 167, 171, 174, 180, 182, 186, 188, 213, 216, 222, 225, 228, 236, 242, 247, 253, 254, 262, 279, 284, 301, 303, 306, 310, 324, 326, 327, 337, 361, 364, 365, 368, 372, 373, 384, 392, 394, 406, 409, 423, 446, 453, 464, 474, 482, 492, 501, 502, 504, 513, 516, 523, 536, 537, 539, 582, 586, 592, 594, 595, 609, 625, 628, 635, 640, 645, 662, 672, 675, 698, 715, 735, 736, 737, 738, 749, 770, 773, 776, 788, 792, 797, 799, 802, 805, 807, 818, 819, 830, 832, 834, 848, 864, 866, 876, 889]

[1, 3, 6, 7, 9, 10, 13, 14, 15, 16, 17, 19, 22, 23, 24, 26, 28, 29, 30, 32, 33, 34, 37, 39, 42, 44, 45, 46, 47, 50, 52, 54, 56, 58, 59, 60, 63, 64, 65, 66, 67, 70, 72, 75, 79, 80, 81, 82, 84, 85, 86, 90, 95, 96, 97, 102, 103, 105, 106, 107, 109, 111, 112, 117, 118, 121, 124, 125, 126, 127, 128, 129, 133, 136, 138, 142, 146, 151, 153, 156, 158, 159, 160, 162, 163, 164, 165, 166, 169, 170, 171, 174, 177, 181, 182, 183, 185, 187, 188, 195, 196, 198, 201, 204, 206, 210, 211, 212, 215, 216, 217, 221, 222, 228, 231, 232, 233, 237, 238, 239, 240, 242, 243, 244, 245, 246, 248, 250, 253, 255, 256, 258, 259, 264, 266, 267, 268, 269, 270, 271, 272, 273, 274, 275, 276, 277, 278, 279, 280, 281, 282, 283, 286, 287, 289, 290, 291, 292, 294, 295, 296, 297, 298, 299, 300, 303, 305, 306, 307, 308, 309, 312, 313, 314, 315, 317, 319, 320, 321, 322, 325, 326, 329, 330, 332, 333, 335, 338, 339, 342, 343, 344, 345, 346, 347, 348, 351, 352, 353, 355, 356, 358, 364, 365, 366, 367, 368, 371, 372, 374, 376, 377, 380, 381, 386, 387, 388, 393, 395, 396, 399, 400, 401, 402, 404, 411, 413, 417, 418, 419, 422, 424, 428, 429, 430, 432, 435, 438, 439, 442, 443, 445, 446, 449, 451, 452, 453, 455, 456, 457, 458, 460, 464, 465, 466, 467, 469, 471, 473, 474, 475, 478, 480, 481, 482, 484, 486, 487, 488, 489, 491, 493, 496, 497, 498, 500, 501, 503, 504, 506, 507, 508, 511, 514, 515, 518, 522, 526, 527, 528, 530, 531, 532, 533, 534, 535, 536, 537, 538, 540, 541, 543, 544, 545, 546, 547, 548, 550, 551, 553, 554, 556, 558, 559, 560, 562, 563, 564, 565, 566, 567, 568, 570, 572, 576, 579, 580, 581, 582, 583, 586, 588, 589, 590, 591, 592, 593, 594, 597, 599, 600, 602, 603, 607, 609, 610, 611, 612, 613, 615, 621, 623, 624, 626, 627, 631, 634, 635, 636, 639, 641, 642, 643, 647, 650, 651, 652, 653, 654, 658, 659, 663, 665, 666, 668, 671, 675, 676, 677, 678, 681, 682, 683, 685, 687, 689, 691, 692, 693, 694, 697, 704, 706, 707, 708, 709, 710, 713, 714, 715, 716, 717, 720, 722, 723, 725, 727, 730, 731, 735, 737, 739, 740, 743, 745, 747, 750, 753, 754, 756, 757, 759, 760, 763, 766, 767, 768, 769, 770, 771, 774, 775, 778, 780, 784, 786, 788, 789, 790, 794, 795, 796, 799, 801, 804, 807, 808, 810, 811, 814, 817, 818, 819, 820, 821, 822, 823, 824, 827, 830, 832, 835, 838, 839, 840, 846, 847, 848, 851, 857, 860, 861, 862, 863, 864, 865, 868, 869, 874, 875, 876, 877, 883, 886, 888]
[5, 10, 13, 21, 25, 40, 45, 48, 50, 67, 75, 80, 95, 105, 110, 111, 118, 119, 125, 126, 133, 136, 139, 146, 156, 163, 167, 171, 174, 180, 182, 186, 188, 213, 216, 222, 225, 228, 236, 242, 247, 253, 254, 262, 279, 284, 301, 303, 306, 310, 324, 326, 327, 337, 361, 364, 365, 368, 372, 373, 384, 392, 394, 406, 409, 423, 446, 453, 464, 474, 482, 492, 501, 502, 504, 513, 516, 523, 536, 537, 539, 582, 586, 592, 594, 595, 609, 625, 628, 635, 640, 645, 662, 672, 675, 698, 715, 735, 736, 737, 738, 749, 770, 773, 776, 788, 792, 797, 799, 802, 805, 807, 818, 819, 830, 832, 834, 848, 864, 866, 876, 889]

[1, 3, 6, 7, 9, 10, 13, 14, 15, 16, 17, 19, 22, 23, 24, 26, 28, 29, 30, 32, 33, 34, 37, 39, 41, 42, 44, 45, 46, 47, 50, 52, 54, 56, 58, 59, 60, 63, 64, 65, 66, 67, 70, 72, 75, 76, 79, 80, 81, 82, 84, 85, 86, 90, 95, 96, 97, 100, 102, 103, 105, 106, 107, 109, 111, 112, 117, 118, 121, 124, 125, 126, 127, 128, 129, 133, 136, 138, 142, 146, 151, 153, 156, 158, 159, 160, 162, 163, 164, 165, 166, 167, 169, 170, 171, 174, 177, 181, 182, 183, 185, 187, 188, 195, 196, 198, 201, 204, 206, 210, 211, 212, 215, 216, 217, 221, 222, 228, 231, 232, 233, 237, 238, 239, 240, 241, 242, 243, 244, 245, 246, 248, 250, 253, 255, 256, 258, 259, 264, 266, 267, 268, 269, 270, 271, 272, 273, 274, 275, 276, 277, 278, 279, 280, 281, 282, 283, 286, 287, 289, 290, 291, 292, 294, 295, 296, 297, 298, 299, 300, 303, 305, 306, 307, 308, 309, 310, 312, 313, 314, 315, 317, 319, 320, 321, 322, 325, 326, 329, 330, 332, 333, 335, 338, 339, 342, 343, 344, 345, 346, 347, 348, 351, 352, 353, 355, 356, 357, 358, 363, 364, 365, 366, 367, 368, 371, 372, 374, 376, 377, 380, 381, 386, 387, 388, 392, 393, 395, 396, 399, 400, 401, 402, 404, 411, 413, 417, 418, 419, 422, 424, 428, 429, 430, 431, 432, 435, 438, 439, 442, 443, 445, 446, 449, 451, 452, 453, 455, 456, 457, 458, 459, 460, 464, 465, 466, 467, 469, 471, 473, 474, 475, 478, 479, 480, 481, 482, 484, 486, 487, 488, 489, 491, 493, 496, 497, 498, 500, 501, 503, 504, 506, 507, 508, 509, 511, 512, 514, 515, 517, 518, 522, 526, 527, 528, 530, 531, 532, 533, 534, 535, 536, 537, 538, 540, 541, 543, 544, 545, 546, 547, 548, 550, 551, 553, 554, 556, 558, 559, 560, 562, 563, 564, 565, 566, 567, 568, 570, 572, 576, 579, 580, 581, 582, 583, 586, 588, 589, 590, 591, 592, 593, 594, 597, 599, 600, 602, 603, 607, 609, 610, 611, 612, 613, 615, 617, 618, 621, 623, 624, 626, 627, 631, 634, 635, 636, 639, 641, 642, 643, 645, 647, 650, 651, 652, 653, 654, 656, 658, 659, 662, 663, 665, 666, 668, 671, 675, 676, 677, 678, 681, 682, 683, 685, 687, 689, 691, 692, 693, 694, 697, 704, 706, 707, 708, 709, 710, 713, 714, 715, 716, 717, 720, 722, 723, 725, 727, 730, 731, 735, 737, 739, 740, 743, 745, 747, 750, 753, 754, 756, 757, 759, 760, 763, 764, 766, 767, 768, 769, 770, 771, 772, 774, 775, 778, 779, 780, 784, 786, 788, 789, 790, 794, 795, 796, 799, 801, 804, 807, 808, 810, 811, 814, 817, 818, 819, 820, 821, 822, 823, 824, 825, 827, 830, 832, 835, 838, 839, 840, 844, 846, 847, 848, 851, 857, 860, 861, 862, 863, 864, 865, 868, 869, 874, 875, 876, 877, 883, 886, 888]
[5, 10, 13, 21, 25, 40, 45, 48, 50, 67, 75, 80, 95, 105, 110, 111, 118, 119, 125, 126, 133, 136, 139, 146, 156, 163, 167, 171, 174, 180, 182, 186, 188, 213, 216, 222, 225, 228, 236, 242, 247, 253, 254, 262, 279, 284, 301, 303, 306, 310, 324, 326, 327, 337, 361, 364, 365, 368, 372, 373, 384, 392, 394, 406, 409, 423, 446, 453, 464, 474, 482, 492, 501, 502, 504, 513, 516, 523, 536, 537, 539, 582, 586, 592, 594, 595, 609, 625, 628, 635, 640, 645, 662, 672, 675, 698, 715, 735, 736, 737, 738, 749, 770, 773, 776, 788, 792, 797, 799, 802, 805, 807, 818, 819, 830, 832, 834, 848, 864, 866, 876, 889]

[1, 3, 6, 7, 9, 10, 13, 14, 15, 16, 17, 19, 22, 23, 24, 26, 28, 29, 30, 32, 33, 34, 37, 39, 41, 42, 44, 45, 46, 47, 50, 52, 54, 56, 58, 59, 60, 63, 64, 65, 66, 67, 70, 72, 75, 76, 79, 80, 81, 82, 84, 85, 86, 90, 95, 96, 97, 100, 102, 103, 104, 105, 106, 107, 109, 111, 112, 117, 118, 121, 124, 125, 126, 127, 128, 129, 131, 133, 135, 136, 137, 138, 142, 146, 151, 153, 156, 158, 159, 160, 162, 163, 164, 165, 166, 167, 169, 170, 171, 174, 177, 181, 182, 183, 185, 186, 187, 188, 193, 195, 196, 198, 201, 204, 206, 210, 211, 212, 215, 216, 217, 220, 221, 222, 228, 231, 232, 233, 237, 238, 239, 240, 241, 242, 243, 244, 245, 246, 248, 250, 253, 255, 256, 258, 259, 264, 266, 267, 268, 269, 270, 271, 272, 273, 274, 275, 276, 277, 278, 279, 280, 281, 282, 283, 286, 287, 289, 290, 291, 292, 294, 295, 296, 297, 298, 299, 300, 302, 303, 305, 306, 307, 308, 309, 310, 312, 313, 314, 315, 317, 319, 320, 321, 322, 325, 326, 329, 330, 332, 333, 335, 338, 339, 342, 343, 344, 345, 346, 347, 348, 351, 352, 353, 355, 356, 357, 358, 363, 364, 365, 366, 367, 368, 371, 372, 374, 376, 377, 380, 381, 386, 387, 388, 389, 392, 393, 395, 396, 399, 400, 401, 402, 404, 411, 413, 417, 418, 419, 422, 424, 427, 428, 429, 430, 431, 432, 433, 435, 436, 438, 439, 442, 443, 445, 446, 447, 449, 451, 452, 453, 455, 456, 457, 458, 459, 460, 464, 465, 466, 467, 469, 471, 473, 474, 475, 478, 479, 480, 481, 482, 484, 486, 487, 488, 489, 491, 493, 496, 497, 498, 500, 501, 503, 504, 506, 507, 508, 509, 511, 512, 514, 515, 517, 518, 522, 526, 527, 528, 530, 531, 532, 533, 534, 535, 536, 537, 538, 540, 541, 543, 544, 545, 546, 547, 548, 550, 551, 552, 553, 554, 556, 558, 559, 560, 562, 563, 564, 565, 566, 567, 568, 570, 572, 575, 576, 579, 580, 581, 582, 583, 586, 588, 589, 590, 591, 592, 593, 594, 597, 599, 600, 602, 603, 607, 609, 610, 611, 612, 613, 615, 617, 618, 620, 621, 623, 624, 626, 627, 631, 634, 635, 636, 639, 641, 642, 643, 645, 647, 650, 651, 652, 653, 654, 656, 658, 659, 662, 663, 665, 666, 668, 671, 675, 676, 677, 678, 681, 682, 683, 685, 686, 687, 689, 691, 692, 693, 694, 697, 698, 699, 704, 706, 707, 708, 709, 710, 711, 713, 714, 715, 716, 717, 720, 722, 723, 725, 727, 730, 731, 735, 737, 739, 740, 743, 745, 747, 750, 751, 753, 754, 756, 757, 759, 760, 763, 764, 766, 767, 768, 769, 770, 771, 772, 774, 775, 778, 779, 780, 784, 786, 787, 788, 789, 790, 794, 795, 796, 799, 801, 802, 804, 807, 808, 810, 811, 814, 817, 818, 819, 820, 821, 822, 823, 824, 825, 827, 830, 832, 835, 838, 839, 840, 844, 846, 847, 848, 851, 854, 857, 860, 861, 862, 863, 864, 865, 868, 869, 873, 874, 875, 876, 877, 883, 886, 888]
[5, 10, 13, 21, 25, 40, 45, 48, 50, 67, 75, 80, 95, 105, 110, 111, 118, 119, 125, 126, 133, 136, 139, 146, 156, 163, 167, 171, 174, 180, 182, 186, 188, 213, 216, 222, 225, 228, 236, 242, 247, 253, 254, 262, 279, 284, 301, 303, 306, 310, 324, 326, 327, 337, 361, 364, 365, 368, 372, 373, 384, 392, 394, 406, 409, 423, 446, 453, 464, 474, 482, 492, 501, 502, 504, 513, 516, 523, 536, 537, 539, 582, 586, 592, 594, 595, 609, 625, 628, 635, 640, 645, 662, 672, 675, 698, 715, 735, 736, 737, 738, 749, 770, 773, 776, 788, 792, 797, 799, 802, 805, 807, 818, 819, 830, 832, 834, 848, 864, 866, 876, 889]

[1, 3, 6, 7, 9, 10, 13, 14, 15, 16, 17, 19, 22, 23, 24, 26, 28, 29, 30, 32, 33, 34, 37, 39, 41, 42, 44, 45, 46, 47, 50, 52, 53, 54, 56, 58, 59, 60, 63, 64, 65, 66, 67, 69, 70, 71, 72, 75, 76, 79, 80, 81, 82, 84, 85, 86, 90, 95, 96, 97, 100, 102, 103, 104, 105, 106, 107, 109, 111, 112, 117, 118, 121, 124, 125, 126, 127, 128, 129, 131, 133, 135, 136, 137, 138, 142, 146, 151, 153, 156, 157, 158, 159, 160, 162, 163, 164, 165, 166, 167, 169, 170, 171, 174, 177, 181, 182, 183, 185, 186, 187, 188, 193, 195, 196, 198, 201, 203, 204, 206, 208, 210, 211, 212, 215, 216, 217, 220, 221, 222, 228, 231, 232, 233, 234, 237, 238, 239, 240, 241, 242, 243, 244, 245, 246, 248, 250, 253, 255, 256, 258, 259, 264, 266, 267, 268, 269, 270, 271, 272, 273, 274, 275, 276, 277, 278, 279, 280, 281, 282, 283, 286, 287, 288, 289, 290, 291, 292, 294, 295, 296, 297, 298, 299, 300, 302, 303, 305, 306, 307, 308, 309, 310, 312, 313, 314, 315, 317, 319, 320, 321, 322, 325, 326, 329, 330, 332, 333, 335, 338, 339, 342, 343, 344, 345, 346, 347, 348, 351, 352, 353, 355, 356, 357, 358, 359, 360, 363, 364, 365, 366, 367, 368, 371, 372, 374, 376, 377, 380, 381, 386, 387, 388, 389, 392, 393, 395, 396, 397, 399, 400, 401, 402, 404, 411, 413, 414, 417, 418, 419, 422, 424, 427, 428, 429, 430, 431, 432, 433, 434, 435, 436, 438, 439, 442, 443, 445, 446, 447, 449, 451, 452, 453, 455, 456, 457, 458, 459, 460, 464, 465, 466, 467, 469, 471, 473, 474, 475, 478, 479, 480, 481, 482, 484, 486, 487, 488, 489, 491, 493, 496, 497, 498, 500, 501, 503, 504, 505, 506, 507, 508, 509, 511, 512, 514, 515, 517, 518, 522, 523, 526, 527, 528, 529, 530, 531, 532, 533, 534, 535, 536, 537, 538, 540, 541, 543, 544, 545, 546, 547, 548, 550, 551, 552, 553, 554, 556, 558, 559, 560, 562, 563, 564, 565, 566, 567, 568, 570, 572, 575, 576, 579, 580, 581, 582, 583, 586, 588, 589, 590, 591, 592, 593, 594, 597, 599, 600, 602, 603, 607, 609, 610, 611, 612, 613, 615, 617, 618, 620, 621, 623, 624, 626, 627, 629, 630, 631, 634, 635, 636, 639, 641, 642, 643, 645, 647, 650, 651, 652, 653, 654, 656, 658, 659, 662, 663, 665, 666, 668, 671, 675, 676, 677, 678, 681, 682, 683, 685, 686, 687, 688, 689, 691, 692, 693, 694, 697, 698, 699, 703, 704, 706, 707, 708, 709, 710, 711, 713, 714, 715, 716, 717, 718, 720, 722, 723, 725, 727, 730, 731, 735, 737, 739, 740, 743, 745, 747, 750, 751, 753, 754, 756, 757, 759, 760, 763, 764, 766, 767, 768, 769, 770, 771, 772, 774, 775, 778, 779, 780, 784, 786, 787, 788, 789, 790, 794, 795, 796, 797, 799, 801, 802, 804, 807, 808, 810, 811, 814, 817, 818, 819, 820, 821, 822, 823, 824, 825, 827, 830, 832, 835, 836, 838, 839, 840, 841, 844, 846, 847, 848, 851, 854, 857, 860, 861, 862, 863, 864, 865, 868, 869, 873, 874, 875, 876, 877, 881, 883, 886, 888]
[5, 10, 13, 21, 25, 40, 45, 48, 50, 67, 75, 80, 95, 105, 110, 111, 118, 119, 125, 126, 133, 136, 139, 146, 156, 163, 167, 171, 174, 180, 182, 186, 188, 213, 216, 222, 225, 228, 236, 242, 247, 253, 254, 262, 279, 284, 301, 303, 306, 310, 324, 326, 327, 337, 361, 364, 365, 368, 372, 373, 384, 392, 394, 406, 409, 423, 446, 453, 464, 474, 482, 492, 501, 502, 504, 513, 516, 523, 536, 537, 539, 582, 586, 592, 594, 595, 609, 625, 628, 635, 640, 645, 662, 672, 675, 698, 715, 735, 736, 737, 738, 749, 770, 773, 776, 788, 792, 797, 799, 802, 805, 807, 818, 819, 830, 832, 834, 848, 864, 866, 876, 889]

[1, 3, 6, 7, 9, 10, 12, 13, 14, 15, 16, 17, 19, 22, 23, 24, 26, 28, 29, 30, 32, 33, 34, 37, 39, 41, 42, 44, 45, 46, 47, 50, 52, 53, 54, 56, 58, 59, 60, 63, 64, 65, 66, 67, 68, 69, 70, 71, 72, 75, 76, 79, 80, 81, 82, 84, 85, 86, 90, 95, 96, 97, 100, 102, 103, 104, 105, 106, 107, 109, 111, 112, 115, 117, 118, 121, 124, 125, 126, 127, 128, 129, 131, 133, 135, 136, 137, 138, 142, 146, 151, 153, 156, 157, 158, 159, 160, 162, 163, 164, 165, 166, 167, 169, 170, 171, 174, 177, 179, 181, 182, 183, 185, 186, 187, 188, 193, 195, 196, 197, 198, 201, 203, 204, 206, 208, 210, 211, 212, 215, 216, 217, 220, 221, 222, 227, 228, 231, 232, 233, 234, 237, 238, 239, 240, 241, 242, 243, 244, 245, 246, 248, 250, 252, 253, 254, 255, 256, 258, 259, 264, 266, 267, 268, 269, 270, 271, 272, 273, 274, 275, 276, 277, 278, 279, 280, 281, 282, 283, 286, 287, 288, 289, 290, 291, 292, 294, 295, 296, 297, 298, 299, 300, 302, 303, 305, 306, 307, 308, 309, 310, 312, 313, 314, 315, 317, 319, 320, 321, 322, 325, 326, 329, 330, 332, 333, 335, 338, 339, 342, 343, 344, 345, 346, 347, 348, 351, 352, 353, 354, 355, 356, 357, 358, 359, 360, 363, 364, 365, 366, 367, 368, 369, 370, 371, 372, 374, 376, 377, 380, 381, 385, 386, 387, 388, 389, 390, 392, 393, 395, 396, 397, 399, 400, 401, 402, 404, 406, 411, 413, 414, 417, 418, 419, 422, 424, 426, 427, 428, 429, 430, 431, 432, 433, 434, 435, 436, 438, 439, 442, 443, 444, 445, 446, 447, 449, 451, 452, 453, 455, 456, 457, 458, 459, 460, 464, 465, 466, 467, 469, 471, 473, 474, 475, 478, 479, 480, 481, 482, 484, 486, 487, 488, 489, 491, 493, 495, 496, 497, 498, 500, 501, 503, 504, 505, 506, 507, 508, 509, 510, 511, 512, 514, 515, 517, 518, 522, 523, 526, 527, 528, 529, 530, 531, 532, 533, 534, 535, 536, 537, 538, 540, 541, 543, 544, 545, 546, 547, 548, 550, 551, 552, 553, 554, 556, 558, 559, 560, 562, 563, 564, 565, 566, 567, 568, 570, 572, 575, 576, 579, 580, 581, 582, 583, 586, 587, 588, 589, 590, 591, 592, 593, 594, 595, 597, 599, 600, 602, 603, 607, 609, 610, 611, 612, 613, 615, 617, 618, 620, 621, 623, 624, 626, 627, 629, 630, 631, 634, 635, 636, 639, 641, 642, 643, 645, 647, 650, 651, 652, 653, 654, 656, 658, 659, 662, 663, 665, 666, 668, 671, 675, 676, 677, 678, 681, 682, 683, 685, 686, 687, 688, 689, 691, 692, 693, 694, 697, 698, 699, 703, 704, 706, 707, 708, 709, 710, 711, 713, 714, 715, 716, 717, 718, 720, 722, 723, 725, 727, 730, 731, 734, 735, 737, 739, 740, 743, 745, 747, 750, 751, 753, 754, 756, 757, 759, 760, 763, 764, 766, 767, 768, 769, 770, 771, 772, 774, 775, 776, 778, 779, 780, 781, 784, 786, 787, 788, 789, 790, 794, 795, 796, 797, 799, 801, 802, 804, 807, 808, 810, 811, 814, 817, 818, 819, 820, 821, 822, 823, 824, 825, 827, 830, 832, 835, 836, 838, 839, 840, 841, 844, 846, 847, 848, 851, 854, 855, 857, 860, 861, 862, 863, 864, 865, 868, 869, 873, 874, 875, 876, 877, 881, 883, 886, 888, 889]
[5, 10, 13, 21, 25, 40, 45, 48, 50, 67, 75, 80, 95, 105, 110, 111, 118, 119, 125, 126, 133, 136, 139, 146, 156, 163, 167, 171, 174, 180, 182, 186, 188, 213, 216, 222, 225, 228, 236, 242, 247, 253, 254, 262, 279, 284, 301, 303, 306, 310, 324, 326, 327, 337, 361, 364, 365, 368, 372, 373, 384, 392, 394, 406, 409, 423, 446, 453, 464, 474, 482, 492, 501, 502, 504, 513, 516, 523, 536, 537, 539, 582, 586, 592, 594, 595, 609, 625, 628, 635, 640, 645, 662, 672, 675, 698, 715, 735, 736, 737, 738, 749, 770, 773, 776, 788, 792, 797, 799, 802, 805, 807, 818, 819, 830, 832, 834, 848, 864, 866, 876, 889]

[0, 1, 2, 3, 6, 7, 8, 9, 10, 12, 13, 14, 15, 16, 17, 19, 22, 23, 24, 26, 28, 29, 30, 32, 33, 34, 37, 39, 41, 42, 44, 45, 46, 47, 50, 52, 53, 54, 56, 58, 59, 60, 63, 64, 65, 66, 67, 68, 69, 70, 71, 72, 75, 76, 79, 80, 81, 82, 84, 85, 86, 90, 95, 96, 97, 100, 102, 103, 104, 105, 106, 107, 109, 111, 112, 113, 115, 117, 118, 121, 124, 125, 126, 127, 128, 129, 131, 133, 134, 135, 136, 137, 138, 142, 143, 145, 146, 150, 151, 153, 155, 156, 157, 158, 159, 160, 162, 163, 164, 165, 166, 167, 169, 170, 171, 174, 177, 178, 179, 181, 182, 183, 185, 186, 187, 188, 193, 195, 196, 197, 198, 201, 203, 204, 206, 208, 210, 211, 212, 215, 216, 217, 220, 221, 222, 223, 225, 227, 228, 231, 232, 233, 234, 235, 237, 238, 239, 240, 241, 242, 243, 244, 245, 246, 248, 249, 250, 252, 253, 254, 255, 256, 258, 259, 264, 266, 267, 268, 269, 270, 271, 272, 273, 274, 275, 276, 277, 278, 279, 280, 281, 282, 283, 286, 287, 288, 289, 290, 291, 292, 294, 295, 296, 297, 298, 299, 300, 302, 303, 305, 306, 307, 308, 309, 310, 312, 313, 314, 315, 317, 319, 320, 321, 322, 325, 326, 329, 330, 332, 333, 335, 338, 339, 342, 343, 344, 345, 346, 347, 348, 351, 352, 353, 354, 355, 356, 357, 358, 359, 360, 363, 364, 365, 366, 367, 368, 369, 370, 371, 372, 374, 376, 377, 380, 381, 385, 386, 387, 388, 389, 390, 392, 393, 395, 396, 397, 399, 400, 401, 402, 404, 406, 411, 413, 414, 417, 418, 419, 422, 424, 426, 427, 428, 429, 430, 431, 432, 433, 434, 435, 436, 438, 439, 442, 443, 444, 445, 446, 447, 449, 451, 452, 453, 455, 456, 457, 458, 459, 460, 464, 465, 466, 467, 469, 471, 473, 474, 475, 478, 479, 480, 481, 482, 484, 486, 487, 488, 489, 491, 492, 493, 494, 495, 496, 497, 498, 500, 501, 503, 504, 505, 506, 507, 508, 509, 510, 511, 512, 514, 515, 517, 518, 522, 523, 524, 526, 527, 528, 529, 530, 531, 532, 533, 534, 535, 536, 537, 538, 540, 541, 543, 544, 545, 546, 547, 548, 550, 551, 552, 553, 554, 556, 558, 559, 560, 562, 563, 564, 565, 566, 567, 568, 570, 572, 575, 576, 577, 579, 580, 581, 582, 583, 586, 587, 588, 589, 590, 591, 592, 593, 594, 595, 597, 599, 600, 602, 603, 607, 609, 610, 611, 612, 613, 615, 617, 618, 620, 621, 623, 624, 625, 626, 627, 629, 630, 631, 634, 635, 636, 639, 641, 642, 643, 645, 647, 650, 651, 652, 653, 654, 655, 656, 658, 659, 662, 663, 665, 666, 668, 671, 673, 675, 676, 677, 678, 681, 682, 683, 685, 686, 687, 688, 689, 691, 692, 693, 694, 697, 698, 699, 703, 704, 706, 707, 708, 709, 710, 711, 713, 714, 715, 716, 717, 718, 720, 722, 723, 725, 727, 730, 731, 734, 735, 736, 737, 739, 740, 743, 745, 747, 750, 751, 752, 753, 754, 755, 756, 757, 759, 760, 763, 764, 766, 767, 768, 769, 770, 771, 772, 774, 775, 776, 778, 779, 780, 781, 784, 786, 787, 788, 789, 790, 794, 795, 796, 797, 799, 801, 802, 804, 807, 808, 810, 811, 814, 817, 818, 819, 820, 821, 822, 823, 824, 825, 827, 828, 830, 832, 835, 836, 838, 839, 840, 841, 844, 846, 847, 848, 851, 854, 855, 857, 860, 861, 862, 863, 864, 865, 868, 869, 873, 874, 875, 876, 877, 881, 883, 886, 888, 889]
[5, 10, 13, 21, 25, 40, 45, 48, 50, 67, 75, 80, 95, 105, 110, 111, 118, 119, 125, 126, 133, 136, 139, 146, 156, 163, 167, 171, 174, 180, 182, 186, 188, 213, 216, 222, 225, 228, 236, 242, 247, 253, 254, 262, 279, 284, 301, 303, 306, 310, 324, 326, 327, 337, 361, 364, 365, 368, 372, 373, 384, 392, 394, 406, 409, 423, 446, 453, 464, 474, 482, 492, 501, 502, 504, 513, 516, 523, 536, 537, 539, 582, 586, 592, 594, 595, 609, 625, 628, 635, 640, 645, 662, 672, 675, 698, 715, 735, 736, 737, 738, 749, 770, 773, 776, 788, 792, 797, 799, 802, 805, 807, 818, 819, 830, 832, 834, 848, 864, 866, 876, 889]

[0, 1, 2, 3, 4, 6, 7, 8, 9, 10, 12, 13, 14, 15, 16, 17, 18, 19, 20, 21, 22, 23, 24, 26, 28, 29, 30, 32, 33, 34, 36, 37, 39, 41, 42, 43, 44, 45, 46, 47, 50, 52, 53, 54, 56, 58, 59, 60, 63, 64, 65, 66, 67, 68, 69, 70, 71, 72, 75, 76, 79, 80, 81, 82, 84, 85, 86, 90, 91, 93, 95, 96, 97, 100, 102, 103, 104, 105, 106, 107, 108, 109, 111, 112, 113, 115, 117, 118, 121, 123, 124, 125, 126, 127, 128, 129, 131, 133, 134, 135, 136, 137, 138, 142, 143, 145, 146, 150, 151, 153, 155, 156, 157, 158, 159, 160, 162, 163, 164, 165, 166, 167, 169, 170, 171, 174, 177, 178, 179, 181, 182, 183, 185, 186, 187, 188, 193, 195, 196, 197, 198, 201, 203, 204, 206, 208, 210, 211, 212, 215, 216, 217, 218, 220, 221, 222, 223, 225, 227, 228, 231, 232, 233, 234, 235, 237, 238, 239, 240, 241, 242, 243, 244, 245, 246, 248, 249, 250, 252, 253, 254, 255, 256, 258, 259, 264, 266, 267, 268, 269, 270, 271, 272, 273, 274, 275, 276, 277, 278, 279, 280, 281, 282, 283, 286, 287, 288, 289, 290, 291, 292, 293, 294, 295, 296, 297, 298, 299, 300, 302, 303, 305, 306, 307, 308, 309, 310, 312, 313, 314, 315, 317, 319, 320, 321, 322, 325, 326, 329, 330, 332, 333, 335, 338, 339, 341, 342, 343, 344, 345, 346, 347, 348, 351, 352, 353, 354, 355, 356, 357, 358, 359, 360, 363, 364, 365, 366, 367, 368, 369, 370, 371, 372, 374, 376, 377, 378, 380, 381, 384, 385, 386, 387, 388, 389, 390, 392, 393, 395, 396, 397, 399, 400, 401, 402, 404, 406, 411, 413, 414, 417, 418, 419, 421, 422, 424, 426, 427, 428, 429, 430, 431, 432, 433, 434, 435, 436, 438, 439, 442, 443, 444, 445, 446, 447, 449, 451, 452, 453, 455, 456, 457, 458, 459, 460, 464, 465, 466, 467, 469, 471, 473, 474, 475, 478, 479, 480, 481, 482, 484, 486, 487, 488, 489, 491, 492, 493, 494, 495, 496, 497, 498, 500, 501, 503, 504, 505, 506, 507, 508, 509, 510, 511, 512, 514, 515, 517, 518, 521, 522, 523, 524, 526, 527, 528, 529, 530, 531, 532, 533, 534, 535, 536, 537, 538, 540, 541, 543, 544, 545, 546, 547, 548, 549, 550, 551, 552, 553, 554, 556, 558, 559, 560, 562, 563, 564, 565, 566, 567, 568, 570, 572, 575, 576, 577, 579, 580, 581, 582, 583, 586, 587, 588, 589, 590, 591, 592, 593, 594, 595, 597, 599, 600, 602, 603, 607, 609, 610, 611, 612, 613, 615, 617, 618, 620, 621, 623, 624, 625, 626, 627, 629, 630, 631, 634, 635, 636, 639, 641, 642, 643, 645, 647, 650, 651, 652, 653, 654, 655, 656, 658, 659, 662, 663, 665, 666, 668, 671, 673, 675, 676, 677, 678, 681, 682, 683, 684, 685, 686, 687, 688, 689, 691, 692, 693, 694, 697, 698, 699, 703, 704, 706, 707, 708, 709, 710, 711, 713, 714, 715, 716, 717, 718, 720, 722, 723, 725, 727, 730, 731, 734, 735, 736, 737, 739, 740, 743, 744, 745, 747, 750, 751, 752, 753, 754, 755, 756, 757, 759, 760, 763, 764, 765, 766, 767, 768, 769, 770, 771, 772, 774, 775, 776, 777, 778, 779, 780, 781, 784, 786, 787, 788, 789, 790, 794, 795, 796, 797, 799, 801, 802, 804, 807, 808, 810, 811, 814, 816, 817, 818, 819, 820, 821, 822, 823, 824, 825, 827, 828, 830, 832, 835, 836, 838, 839, 840, 841, 844, 846, 847, 848, 851, 854, 855, 857, 860, 861, 862, 863, 864, 865, 868, 869, 871, 873, 874, 875, 876, 877, 881, 883, 884, 886, 888, 889]
[5, 10, 13, 21, 25, 40, 45, 48, 50, 67, 75, 80, 95, 105, 110, 111, 118, 119, 125, 126, 133, 136, 139, 146, 156, 163, 167, 171, 174, 180, 182, 186, 188, 213, 216, 222, 225, 228, 236, 242, 247, 253, 254, 262, 279, 284, 301, 303, 306, 310, 324, 326, 327, 337, 361, 364, 365, 368, 372, 373, 384, 392, 394, 406, 409, 423, 446, 453, 464, 474, 482, 492, 501, 502, 504, 513, 516, 523, 536, 537, 539, 582, 586, 592, 594, 595, 609, 625, 628, 635, 640, 645, 662, 672, 675, 698, 715, 735, 736, 737, 738, 749, 770, 773, 776, 788, 792, 797, 799, 802, 805, 807, 818, 819, 830, 832, 834, 848, 864, 866, 876, 889]

[0, 1, 2, 3, 4, 6, 7, 8, 9, 10, 12, 13, 14, 15, 16, 17, 18, 19, 20, 21, 22, 23, 24, 26, 28, 29, 30, 32, 33, 34, 36, 37, 39, 41, 42, 43, 44, 45, 46, 47, 50, 52, 53, 54, 56, 58, 59, 60, 63, 64, 65, 66, 67, 68, 69, 70, 71, 72, 73, 75, 76, 79, 80, 81, 82, 84, 85, 86, 90, 91, 92, 93, 95, 96, 97, 100, 102, 103, 104, 105, 106, 107, 108, 109, 111, 112, 113, 114, 115, 116, 117, 118, 121, 123, 124, 125, 126, 127, 128, 129, 131, 133, 134, 135, 136, 137, 138, 142, 143, 145, 146, 150, 151, 153, 155, 156, 157, 158, 159, 160, 162, 163, 164, 165, 166, 167, 169, 170, 171, 174, 177, 178, 179, 181, 182, 183, 184, 185, 186, 187, 188, 193, 195, 196, 197, 198, 201, 203, 204, 205, 206, 208, 209, 210, 211, 212, 215, 216, 217, 218, 220, 221, 222, 223, 225, 227, 228, 230, 231, 232, 233, 234, 235, 237, 238, 239, 240, 241, 242, 243, 244, 245, 246, 248, 249, 250, 252, 253, 254, 255, 256, 258, 259, 264, 266, 267, 268, 269, 270, 271, 272, 273, 274, 275, 276, 277, 278, 279, 280, 281, 282, 283, 286, 287, 288, 289, 290, 291, 292, 293, 294, 295, 296, 297, 298, 299, 300, 302, 303, 305, 306, 307, 308, 309, 310, 312, 313, 314, 315, 317, 319, 320, 321, 322, 325, 326, 329, 330, 332, 333, 335, 338, 339, 341, 342, 343, 344, 345, 346, 347, 348, 350, 351, 352, 353, 354, 355, 356, 357, 358, 359, 360, 363, 364, 365, 366, 367, 368, 369, 370, 371, 372, 374, 376, 377, 378, 380, 381, 384, 385, 386, 387, 388, 389, 390, 392, 393, 395, 396, 397, 399, 400, 401, 402, 404, 406, 411, 413, 414, 417, 418, 419, 421, 422, 424, 426, 427, 428, 429, 430, 431, 432, 433, 434, 435, 436, 438, 439, 442, 443, 444, 445, 446, 447, 449, 451, 452, 453, 455, 456, 457, 458, 459, 460, 464, 465, 466, 467, 468, 469, 471, 473, 474, 475, 478, 479, 480, 481, 482, 483, 484, 486, 487, 488, 489, 491, 492, 493, 494, 495, 496, 497, 498, 500, 501, 503, 504, 505, 506, 507, 508, 509, 510, 511, 512, 514, 515, 517, 518, 521, 522, 523, 524, 526, 527, 528, 529, 530, 531, 532, 533, 534, 535, 536, 537, 538, 539, 540, 541, 543, 544, 545, 546, 547, 548, 549, 550, 551, 552, 553, 554, 556, 558, 559, 560, 562, 563, 564, 565, 566, 567, 568, 570, 572, 575, 576, 577, 579, 580, 581, 582, 583, 586, 587, 588, 589, 590, 591, 592, 593, 594, 595, 597, 599, 600, 602, 603, 607, 609, 610, 611, 612, 613, 614, 615, 617, 618, 620, 621, 623, 624, 625, 626, 627, 628, 629, 630, 631, 633, 634, 635, 636, 639, 641, 642, 643, 645, 646, 647, 650, 651, 652, 653, 654, 655, 656, 658, 659, 662, 663, 665, 666, 667, 668, 671, 673, 675, 676, 677, 678, 681, 682, 683, 684, 685, 686, 687, 688, 689, 691, 692, 693, 694, 697, 698, 699, 703, 704, 706, 707, 708, 709, 710, 711, 713, 714, 715, 716, 717, 718, 720, 722, 723, 725, 727, 730, 731, 734, 735, 736, 737, 739, 740, 743, 744, 745, 747, 750, 751, 752, 753, 754, 755, 756, 757, 759, 760, 763, 764, 765, 766, 767, 768, 769, 770, 771, 772, 774, 775, 776, 777, 778, 779, 780, 781, 784, 785, 786, 787, 788, 789, 790, 791, 794, 795, 796, 797, 799, 801, 802, 804, 807, 808, 810, 811, 814, 816, 817, 818, 819, 820, 821, 822, 823, 824, 825, 826, 827, 828, 830, 832, 835, 836, 838, 839, 840, 841, 844, 846, 847, 848, 851, 853, 854, 855, 857, 860, 861, 862, 863, 864, 865, 867, 868, 869, 871, 873, 874, 875, 876, 877, 879, 881, 883, 884, 885, 886, 887, 888, 889]
[5, 10, 13, 21, 25, 40, 45, 48, 50, 67, 75, 80, 95, 105, 110, 111, 118, 119, 125, 126, 133, 136, 139, 146, 156, 163, 167, 171, 174, 180, 182, 186, 188, 213, 216, 222, 225, 228, 236, 242, 247, 253, 254, 262, 279, 284, 301, 303, 306, 310, 324, 326, 327, 337, 361, 364, 365, 368, 372, 373, 384, 392, 394, 406, 409, 423, 446, 453, 464, 474, 482, 492, 501, 502, 504, 513, 516, 523, 536, 537, 539, 582, 586, 592, 594, 595, 609, 625, 628, 635, 640, 645, 662, 672, 675, 698, 715, 735, 736, 737, 738, 749, 770, 773, 776, 788, 792, 797, 799, 802, 805, 807, 818, 819, 830, 832, 834, 848, 864, 866, 876, 889]

[0, 1, 2, 3, 4, 6, 7, 8, 9, 10, 12, 13, 14, 15, 16, 17, 18, 19, 20, 21, 22, 23, 24, 26, 27, 28, 29, 30, 32, 33, 34, 35, 36, 37, 39, 41, 42, 43, 44, 45, 46, 47, 50, 52, 53, 54, 56, 58, 59, 60, 62, 63, 64, 65, 66, 67, 68, 69, 70, 71, 72, 73, 74, 75, 76, 79, 80, 81, 82, 84, 85, 86, 90, 91, 92, 93, 95, 96, 97, 100, 102, 103, 104, 105, 106, 107, 108, 109, 111, 112, 113, 114, 115, 116, 117, 118, 121, 123, 124, 125, 126, 127, 128, 129, 130, 131, 133, 134, 135, 136, 137, 138, 140, 142, 143, 145, 146, 150, 151, 153, 155, 156, 157, 158, 159, 160, 162, 163, 164, 165, 166, 167, 169, 170, 171, 174, 175, 177, 178, 179, 181, 182, 183, 184, 185, 186, 187, 188, 193, 195, 196, 197, 198, 201, 203, 204, 205, 206, 208, 209, 210, 211, 212, 215, 216, 217, 218, 219, 220, 221, 222, 223, 225, 227, 228, 230, 231, 232, 233, 234, 235, 237, 238, 239, 240, 241, 242, 243, 244, 245, 246, 248, 249, 250, 251, 252, 253, 254, 255, 256, 258, 259, 262, 264, 266, 267, 268, 269, 270, 271, 272, 273, 274, 275, 276, 277, 278, 279, 280, 281, 282, 283, 286, 287, 288, 289, 290, 291, 292, 293, 294, 295, 296, 297, 298, 299, 300, 302, 303, 305, 306, 307, 308, 309, 310, 312, 313, 314, 315, 317, 319, 320, 321, 322, 325, 326, 329, 330, 332, 333, 335, 338, 339, 341, 342, 343, 344, 345, 346, 347, 348, 350, 351, 352, 353, 354, 355, 356, 357, 358, 359, 360, 363, 364, 365, 366, 367, 368, 369, 370, 371, 372, 374, 376, 377, 378, 380, 381, 384, 385, 386, 387, 388, 389, 390, 392, 393, 395, 396, 397, 399, 400, 401, 402, 404, 406, 407, 408, 410, 411, 412, 413, 414, 417, 418, 419, 421, 422, 424, 426, 427, 428, 429, 430, 431, 432, 433, 434, 435, 436, 438, 439, 442, 443, 444, 445, 446, 447, 449, 451, 452, 453, 455, 456, 457, 458, 459, 460, 464, 465, 466, 467, 468, 469, 471, 473, 474, 475, 478, 479, 480, 481, 482, 483, 484, 486, 487, 488, 489, 491, 492, 493, 494, 495, 496, 497, 498, 500, 501, 503, 504, 505, 506, 507, 508, 509, 510, 511, 512, 514, 515, 517, 518, 521, 522, 523, 524, 526, 527, 528, 529, 530, 531, 532, 533, 534, 535, 536, 537, 538, 539, 540, 541, 543, 544, 545, 546, 547, 548, 549, 550, 551, 552, 553, 554, 556, 558, 559, 560, 562, 563, 564, 565, 566, 567, 568, 570, 572, 575, 576, 577, 579, 580, 581, 582, 583, 586, 587, 588, 589, 590, 591, 592, 593, 594, 595, 597, 599, 600, 602, 603, 607, 608, 609, 610, 611, 612, 613, 614, 615, 617, 618, 620, 621, 623, 624, 625, 626, 627, 628, 629, 630, 631, 632, 633, 634, 635, 636, 639, 640, 641, 642, 643, 645, 646, 647, 650, 651, 652, 653, 654, 655, 656, 658, 659, 662, 663, 665, 666, 667, 668, 671, 673, 675, 676, 677, 678, 681, 682, 683, 684, 685, 686, 687, 688, 689, 690, 691, 692, 693, 694, 696, 697, 698, 699, 703, 704, 705, 706, 707, 708, 709, 710, 711, 713, 714, 715, 716, 717, 718, 720, 721, 722, 723, 725, 727, 730, 731, 733, 734, 735, 736, 737, 739, 740, 743, 744, 745, 747, 750, 751, 752, 753, 754, 755, 756, 757, 759, 760, 763, 764, 765, 766, 767, 768, 769, 770, 771, 772, 774, 775, 776, 777, 778, 779, 780, 781, 784, 785, 786, 787, 788, 789, 790, 791, 792, 794, 795, 796, 797, 799, 801, 802, 804, 807, 808, 810, 811, 814, 816, 817, 818, 819, 820, 821, 822, 823, 824, 825, 826, 827, 828, 830, 832, 834, 835, 836, 838, 839, 840, 841, 844, 846, 847, 848, 851, 853, 854, 855, 857, 859, 860, 861, 862, 863, 864, 865, 867, 868, 869, 871, 873, 874, 875, 876, 877, 879, 881, 883, 884, 885, 886, 887, 888, 889]
[5, 10, 13, 21, 25, 40, 45, 48, 50, 67, 75, 80, 95, 105, 110, 111, 118, 119, 125, 126, 133, 136, 139, 146, 156, 163, 167, 171, 174, 180, 182, 186, 188, 213, 216, 222, 225, 228, 236, 242, 247, 253, 254, 262, 279, 284, 301, 303, 306, 310, 324, 326, 327, 337, 361, 364, 365, 368, 372, 373, 384, 392, 394, 406, 409, 423, 446, 453, 464, 474, 482, 492, 501, 502, 504, 513, 516, 523, 536, 537, 539, 582, 586, 592, 594, 595, 609, 625, 628, 635, 640, 645, 662, 672, 675, 698, 715, 735, 736, 737, 738, 749, 770, 773, 776, 788, 792, 797, 799, 802, 805, 807, 818, 819, 830, 832, 834, 848, 864, 866, 876, 889]

[0, 1, 2, 3, 4, 6, 7, 8, 9, 10, 12, 13, 14, 15, 16, 17, 18, 19, 20, 21, 22, 23, 24, 26, 27, 28, 29, 30, 32, 33, 34, 35, 36, 37, 39, 41, 42, 43, 44, 45, 46, 47, 50, 52, 53, 54, 56, 57, 58, 59, 60, 62, 63, 64, 65, 66, 67, 68, 69, 70, 71, 72, 73, 74, 75, 76, 79, 80, 81, 82, 84, 85, 86, 90, 91, 92, 93, 94, 95, 96, 97, 100, 102, 103, 104, 105, 106, 107, 108, 109, 111, 112, 113, 114, 115, 116, 117, 118, 119, 121, 123, 124, 125, 126, 127, 128, 129, 130, 131, 133, 134, 135, 136, 137, 138, 140, 142, 143, 145, 146, 150, 151, 153, 155, 156, 157, 158, 159, 160, 162, 163, 164, 165, 166, 167, 169, 170, 171, 174, 175, 177, 178, 179, 181, 182, 183, 184, 185, 186, 187, 188, 193, 195, 196, 197, 198, 200, 201, 203, 204, 205, 206, 208, 209, 210, 211, 212, 215, 216, 217, 218, 219, 220, 221, 222, 223, 225, 227, 228, 230, 231, 232, 233, 234, 235, 237, 238, 239, 240, 241, 242, 243, 244, 245, 246, 248, 249, 250, 251, 252, 253, 254, 255, 256, 258, 259, 262, 264, 266, 267, 268, 269, 270, 271, 272, 273, 274, 275, 276, 277, 278, 279, 280, 281, 282, 283, 286, 287, 288, 289, 290, 291, 292, 293, 294, 295, 296, 297, 298, 299, 300, 302, 303, 304, 305, 306, 307, 308, 309, 310, 312, 313, 314, 315, 317, 319, 320, 321, 322, 325, 326, 327, 329, 330, 332, 333, 335, 338, 339, 341, 342, 343, 344, 345, 346, 347, 348, 350, 351, 352, 353, 354, 355, 356, 357, 358, 359, 360, 362, 363, 364, 365, 366, 367, 368, 369, 370, 371, 372, 374, 376, 377, 378, 380, 381, 384, 385, 386, 387, 388, 389, 390, 392, 393, 394, 395, 396, 397, 399, 400, 401, 402, 404, 406, 407, 408, 410, 411, 412, 413, 414, 417, 418, 419, 421, 422, 424, 425, 426, 427, 428, 429, 430, 431, 432, 433, 434, 435, 436, 438, 439, 440, 442, 443, 444, 445, 446, 447, 449, 451, 452, 453, 455, 456, 457, 458, 459, 460, 464, 465, 466, 467, 468, 469, 471, 473, 474, 475, 476, 478, 479, 480, 481, 482, 483, 484, 486, 487, 488, 489, 491, 492, 493, 494, 495, 496, 497, 498, 500, 501, 503, 504, 505, 506, 507, 508, 509, 510, 511, 512, 514, 515, 517, 518, 521, 522, 523, 524, 526, 527, 528, 529, 530, 531, 532, 533, 534, 535, 536, 537, 538, 539, 540, 541, 543, 544, 545, 546, 547, 548, 549, 550, 551, 552, 553, 554, 556, 558, 559, 560, 562, 563, 564, 565, 566, 567, 568, 570, 572, 575, 576, 577, 579, 580, 581, 582, 583, 586, 587, 588, 589, 590, 591, 592, 593, 594, 595, 597, 599, 600, 602, 603, 605, 607, 608, 609, 610, 611, 612, 613, 614, 615, 617, 618, 620, 621, 622, 623, 624, 625, 626, 627, 628, 629, 630, 631, 632, 633, 634, 635, 636, 639, 640, 641, 642, 643, 645, 646, 647, 650, 651, 652, 653, 654, 655, 656, 658, 659, 662, 663, 665, 666, 667, 668, 670, 671, 673, 675, 676, 677, 678, 680, 681, 682, 683, 684, 685, 686, 687, 688, 689, 690, 691, 692, 693, 694, 696, 697, 698, 699, 703, 704, 705, 706, 707, 708, 709, 710, 711, 713, 714, 715, 716, 717, 718, 719, 720, 721, 722, 723, 725, 727, 730, 731, 733, 734, 735, 736, 737, 739, 740, 743, 744, 745, 746, 747, 750, 751, 752, 753, 754, 755, 756, 757, 759, 760, 763, 764, 765, 766, 767, 768, 769, 770, 771, 772, 773, 774, 775, 776, 777, 778, 779, 780, 781, 784, 785, 786, 787, 788, 789, 790, 791, 792, 794, 795, 796, 797, 799, 801, 802, 804, 807, 808, 810, 811, 812, 814, 816, 817, 818, 819, 820, 821, 822, 823, 824, 825, 826, 827, 828, 829, 830, 832, 834, 835, 836, 838, 839, 840, 841, 844, 846, 847, 848, 851, 852, 853, 854, 855, 857, 858, 859, 860, 861, 862, 863, 864, 865, 867, 868, 869, 871, 872, 873, 874, 875, 876, 877, 879, 880, 881, 882, 883, 884, 885, 886, 887, 888, 889]
[5, 10, 13, 21, 25, 40, 45, 48, 50, 67, 75, 80, 95, 105, 110, 111, 118, 119, 125, 126, 133, 136, 139, 146, 156, 163, 167, 171, 174, 180, 182, 186, 188, 213, 216, 222, 225, 228, 236, 242, 247, 253, 254, 262, 279, 284, 301, 303, 306, 310, 324, 326, 327, 337, 361, 364, 365, 368, 372, 373, 384, 392, 394, 406, 409, 423, 446, 453, 464, 474, 482, 492, 501, 502, 504, 513, 516, 523, 536, 537, 539, 582, 586, 592, 594, 595, 609, 625, 628, 635, 640, 645, 662, 672, 675, 698, 715, 735, 736, 737, 738, 749, 770, 773, 776, 788, 792, 797, 799, 802, 805, 807, 818, 819, 830, 832, 834, 848, 864, 866, 876, 889]

[0, 1, 2, 3, 4, 6, 7, 8, 9, 10, 12, 13, 14, 15, 16, 17, 18, 19, 20, 21, 22, 23, 24, 26, 27, 28, 29, 30, 32, 33, 34, 35, 36, 37, 39, 41, 42, 43, 44, 45, 46, 47, 48, 49, 50, 52, 53, 54, 56, 57, 58, 59, 60, 61, 62, 63, 64, 65, 66, 67, 68, 69, 70, 71, 72, 73, 74, 75, 76, 79, 80, 81, 82, 84, 85, 86, 90, 91, 92, 93, 94, 95, 96, 97, 100, 102, 103, 104, 105, 106, 107, 108, 109, 110, 111, 112, 113, 114, 115, 116, 117, 118, 119, 121, 123, 124, 125, 126, 127, 128, 129, 130, 131, 133, 134, 135, 136, 137, 138, 139, 140, 142, 143, 145, 146, 150, 151, 153, 155, 156, 157, 158, 159, 160, 161, 162, 163, 164, 165, 166, 167, 168, 169, 170, 171, 174, 175, 176, 177, 178, 179, 181, 182, 183, 184, 185, 186, 187, 188, 193, 194, 195, 196, 197, 198, 200, 201, 203, 204, 205, 206, 208, 209, 210, 211, 212, 215, 216, 217, 218, 219, 220, 221, 222, 223, 225, 227, 228, 230, 231, 232, 233, 234, 235, 236, 237, 238, 239, 240, 241, 242, 243, 244, 245, 246, 248, 249, 250, 251, 252, 253, 254, 255, 256, 258, 259, 261, 262, 264, 266, 267, 268, 269, 270, 271, 272, 273, 274, 275, 276, 277, 278, 279, 280, 281, 282, 283, 286, 287, 288, 289, 290, 291, 292, 293, 294, 295, 296, 297, 298, 299, 300, 302, 303, 304, 305, 306, 307, 308, 309, 310, 312, 313, 314, 315, 316, 317, 318, 319, 320, 321, 322, 325, 326, 327, 329, 330, 332, 333, 335, 338, 339, 341, 342, 343, 344, 345, 346, 347, 348, 350, 351, 352, 353, 354, 355, 356, 357, 358, 359, 360, 361, 362, 363, 364, 365, 366, 367, 368, 369, 370, 371, 372, 374, 376, 377, 378, 380, 381, 384, 385, 386, 387, 388, 389, 390, 392, 393, 394, 395, 396, 397, 399, 400, 401, 402, 404, 405, 406, 407, 408, 410, 411, 412, 413, 414, 415, 417, 418, 419, 421, 422, 424, 425, 426, 427, 428, 429, 430, 431, 432, 433, 434, 435, 436, 438, 439, 440, 442, 443, 444, 445, 446, 447, 449, 451, 452, 453, 455, 456, 457, 458, 459, 460, 461, 464, 465, 466, 467, 468, 469, 471, 472, 473, 474, 475, 476, 478, 479, 480, 481, 482, 483, 484, 486, 487, 488, 489, 491, 492, 493, 494, 495, 496, 497, 498, 500, 501, 503, 504, 505, 506, 507, 508, 509, 510, 511, 512, 513, 514, 515, 517, 518, 521, 522, 523, 524, 526, 527, 528, 529, 530, 531, 532, 533, 534, 535, 536, 537, 538, 539, 540, 541, 543, 544, 545, 546, 547, 548, 549, 550, 551, 552, 553, 554, 556, 558, 559, 560, 562, 563, 564, 565, 566, 567, 568, 570, 572, 575, 576, 577, 579, 580, 581, 582, 583, 586, 587, 588, 589, 590, 591, 592, 593, 594, 595, 597, 599, 600, 602, 603, 605, 607, 608, 609, 610, 611, 612, 613, 614, 615, 617, 618, 620, 621, 622, 623, 624, 625, 626, 627, 628, 629, 630, 631, 632, 633, 634, 635, 636, 639, 640, 641, 642, 643, 645, 646, 647, 650, 651, 652, 653, 654, 655, 656, 658, 659, 662, 663, 665, 666, 667, 668, 670, 671, 672, 673, 675, 676, 677, 678, 680, 681, 682, 683, 684, 685, 686, 687, 688, 689, 690, 691, 692, 693, 694, 696, 697, 698, 699, 703, 704, 705, 706, 707, 708, 709, 710, 711, 713, 714, 715, 716, 717, 718, 719, 720, 721, 722, 723, 725, 726, 727, 730, 731, 733, 734, 735, 736, 737, 739, 740, 742, 743, 744, 745, 746, 747, 750, 751, 752, 753, 754, 755, 756, 757, 759, 760, 763, 764, 765, 766, 767, 768, 769, 770, 771, 772, 773, 774, 775, 776, 777, 778, 779, 780, 781, 784, 785, 786, 787, 788, 789, 790, 791, 792, 794, 795, 796, 797, 799, 801, 802, 804, 807, 808, 810, 811, 812, 813, 814, 816, 817, 818, 819, 820, 821, 822, 823, 824, 825, 826, 827, 828, 829, 830, 832, 833, 834, 835, 836, 838, 839, 840, 841, 844, 846, 847, 848, 851, 852, 853, 854, 855, 857, 858, 859, 860, 861, 862, 863, 864, 865, 866, 867, 868, 869, 871, 872, 873, 874, 875, 876, 877, 879, 880, 881, 882, 883, 884, 885, 886, 887, 888, 889]
[5, 10, 13, 21, 25, 40, 45, 48, 50, 67, 75, 80, 95, 105, 110, 111, 118, 119, 125, 126, 133, 136, 139, 146, 156, 163, 167, 171, 174, 180, 182, 186, 188, 213, 216, 222, 225, 228, 236, 242, 247, 253, 254, 262, 279, 284, 301, 303, 306, 310, 324, 326, 327, 337, 361, 364, 365, 368, 372, 373, 384, 392, 394, 406, 409, 423, 446, 453, 464, 474, 482, 492, 501, 502, 504, 513, 516, 523, 536, 537, 539, 582, 586, 592, 594, 595, 609, 625, 628, 635, 640, 645, 662, 672, 675, 698, 715, 735, 736, 737, 738, 749, 770, 773, 776, 788, 792, 797, 799, 802, 805, 807, 818, 819, 830, 832, 834, 848, 864, 866, 876, 889]

[0, 1, 2, 3, 4, 6, 7, 8, 9, 10, 12, 13, 14, 15, 16, 17, 18, 19, 20, 21, 22, 23, 24, 26, 27, 28, 29, 30, 32, 33, 34, 35, 36, 37, 39, 41, 42, 43, 44, 45, 46, 47, 48, 49, 50, 52, 53, 54, 56, 57, 58, 59, 60, 61, 62, 63, 64, 65, 66, 67, 68, 69, 70, 71, 72, 73, 74, 75, 76, 79, 80, 81, 82, 84, 85, 86, 90, 91, 92, 93, 94, 95, 96, 97, 98, 100, 102, 103, 104, 105, 106, 107, 108, 109, 110, 111, 112, 113, 114, 115, 116, 117, 118, 119, 121, 123, 124, 125, 126, 127, 128, 129, 130, 131, 133, 134, 135, 136, 137, 138, 139, 140, 142, 143, 144, 145, 146, 148, 150, 151, 153, 155, 156, 157, 158, 159, 160, 161, 162, 163, 164, 165, 166, 167, 168, 169, 170, 171, 174, 175, 176, 177, 178, 179, 181, 182, 183, 184, 185, 186, 187, 188, 189, 193, 194, 195, 196, 197, 198, 200, 201, 203, 204, 205, 206, 208, 209, 210, 211, 212, 215, 216, 217, 218, 219, 220, 221, 222, 223, 225, 227, 228, 230, 231, 232, 233, 234, 235, 236, 237, 238, 239, 240, 241, 242, 243, 244, 245, 246, 247, 248, 249, 250, 251, 252, 253, 254, 255, 256, 258, 259, 261, 262, 263, 264, 266, 267, 268, 269, 270, 271, 272, 273, 274, 275, 276, 277, 278, 279, 280, 281, 282, 283, 286, 287, 288, 289, 290, 291, 292, 293, 294, 295, 296, 297, 298, 299, 300, 302, 303, 304, 305, 306, 307, 308, 309, 310, 312, 313, 314, 315, 316, 317, 318, 319, 320, 321, 322, 323, 325, 326, 327, 329, 330, 332, 333, 335, 336, 337, 338, 339, 341, 342, 343, 344, 345, 346, 347, 348, 349, 350, 351, 352, 353, 354, 355, 356, 357, 358, 359, 360, 361, 362, 363, 364, 365, 366, 367, 368, 369, 370, 371, 372, 374, 376, 377, 378, 380, 381, 384, 385, 386, 387, 388, 389, 390, 392, 393, 394, 395, 396, 397, 399, 400, 401, 402, 404, 405, 406, 407, 408, 410, 411, 412, 413, 414, 415, 416, 417, 418, 419, 420, 421, 422, 424, 425, 426, 427, 428, 429, 430, 431, 432, 433, 434, 435, 436, 438, 439, 440, 442, 443, 444, 445, 446, 447, 449, 451, 452, 453, 455, 456, 457, 458, 459, 460, 461, 464, 465, 466, 467, 468, 469, 471, 472, 473, 474, 475, 476, 478, 479, 480, 481, 482, 483, 484, 485, 486, 487, 488, 489, 491, 492, 493, 494, 495, 496, 497, 498, 500, 501, 503, 504, 505, 506, 507, 508, 509, 510, 511, 512, 513, 514, 515, 517, 518, 521, 522, 523, 524, 526, 527, 528, 529, 530, 531, 532, 533, 534, 535, 536, 537, 538, 539, 540, 541, 543, 544, 545, 546, 547, 548, 549, 550, 551, 552, 553, 554, 556, 558, 559, 560, 562, 563, 564, 565, 566, 567, 568, 570, 571, 572, 575, 576, 577, 579, 580, 581, 582, 583, 586, 587, 588, 589, 590, 591, 592, 593, 594, 595, 597, 599, 600, 602, 603, 605, 606, 607, 608, 609, 610, 611, 612, 613, 614, 615, 616, 617, 618, 620, 621, 622, 623, 624, 625, 626, 627, 628, 629, 630, 631, 632, 633, 634, 635, 636, 639, 640, 641, 642, 643, 645, 646, 647, 650, 651, 652, 653, 654, 655, 656, 657, 658, 659, 660, 661, 662, 663, 665, 666, 667, 668, 669, 670, 671, 672, 673, 675, 676, 677, 678, 679, 680, 681, 682, 683, 684, 685, 686, 687, 688, 689, 690, 691, 692, 693, 694, 696, 697, 698, 699, 703, 704, 705, 706, 707, 708, 709, 710, 711, 713, 714, 715, 716, 717, 718, 719, 720, 721, 722, 723, 725, 726, 727, 728, 730, 731, 733, 734, 735, 736, 737, 739, 740, 742, 743, 744, 745, 746, 747, 750, 751, 752, 753, 754, 755, 756, 757, 759, 760, 762, 763, 764, 765, 766, 767, 768, 769, 770, 771, 772, 773, 774, 775, 776, 777, 778, 779, 780, 781, 784, 785, 786, 787, 788, 789, 790, 791, 792, 794, 795, 796, 797, 799, 801, 802, 804, 807, 808, 810, 811, 812, 813, 814, 816, 817, 818, 819, 820, 821, 822, 823, 824, 825, 826, 827, 828, 829, 830, 832, 833, 834, 835, 836, 838, 839, 840, 841, 842, 844, 846, 847, 848, 851, 852, 853, 854, 855, 856, 857, 858, 859, 860, 861, 862, 863, 864, 865, 866, 867, 868, 869, 871, 872, 873, 874, 875, 876, 877, 879, 880, 881, 882, 883, 884, 885, 886, 887, 888, 889]
[5, 10, 13, 21, 25, 40, 45, 48, 50, 67, 75, 80, 95, 105, 110, 111, 118, 119, 125, 126, 133, 136, 139, 146, 156, 163, 167, 171, 174, 180, 182, 186, 188, 213, 216, 222, 225, 228, 236, 242, 247, 253, 254, 262, 279, 284, 301, 303, 306, 310, 324, 326, 327, 337, 361, 364, 365, 368, 372, 373, 384, 392, 394, 406, 409, 423, 446, 453, 464, 474, 482, 492, 501, 502, 504, 513, 516, 523, 536, 537, 539, 582, 586, 592, 594, 595, 609, 625, 628, 635, 640, 645, 662, 672, 675, 698, 715, 735, 736, 737, 738, 749, 770, 773, 776, 788, 792, 797, 799, 802, 805, 807, 818, 819, 830, 832, 834, 848, 864, 866, 876, 889]

[0, 1, 2, 3, 4, 5, 6, 7, 8, 9, 10, 11, 12, 13, 14, 15, 16, 17, 18, 19, 20, 21, 22, 23, 24, 26, 27, 28, 29, 30, 32, 33, 34, 35, 36, 37, 38, 39, 41, 42, 43, 44, 45, 46, 47, 48, 49, 50, 52, 53, 54, 56, 57, 58, 59, 60, 61, 62, 63, 64, 65, 66, 67, 68, 69, 70, 71, 72, 73, 74, 75, 76, 79, 80, 81, 82, 84, 85, 86, 90, 91, 92, 93, 94, 95, 96, 97, 98, 100, 102, 103, 104, 105, 106, 107, 108, 109, 110, 111, 112, 113, 114, 115, 116, 117, 118, 119, 121, 122, 123, 124, 125, 126, 127, 128, 129, 130, 131, 133, 134, 135, 136, 137, 138, 139, 140, 142, 143, 144, 145, 146, 147, 148, 150, 151, 153, 154, 155, 156, 157, 158, 159, 160, 161, 162, 163, 164, 165, 166, 167, 168, 169, 170, 171, 174, 175, 176, 177, 178, 179, 181, 182, 183, 184, 185, 186, 187, 188, 189, 193, 194, 195, 196, 197, 198, 200, 201, 203, 204, 205, 206, 208, 209, 210, 211, 212, 215, 216, 217, 218, 219, 220, 221, 222, 223, 225, 227, 228, 230, 231, 232, 233, 234, 235, 236, 237, 238, 239, 240, 241, 242, 243, 244, 245, 246, 247, 248, 249, 250, 251, 252, 253, 254, 255, 256, 258, 259, 260, 261, 262, 263, 264, 265, 266, 267, 268, 269, 270, 271, 272, 273, 274, 275, 276, 277, 278, 279, 280, 281, 282, 283, 284, 286, 287, 288, 289, 290, 291, 292, 293, 294, 295, 296, 297, 298, 299, 300, 302, 303, 304, 305, 306, 307, 308, 309, 310, 312, 313, 314, 315, 316, 317, 318, 319, 320, 321, 322, 323, 324, 325, 326, 327, 329, 330, 332, 333, 335, 336, 337, 338, 339, 341, 342, 343, 344, 345, 346, 347, 348, 349, 350, 351, 352, 353, 354, 355, 356, 357, 358, 359, 360, 361, 362, 363, 364, 365, 366, 367, 368, 369, 370, 371, 372, 374, 376, 377, 378, 380, 381, 382, 384, 385, 386, 387, 388, 389, 390, 392, 393, 394, 395, 396, 397, 399, 400, 401, 402, 404, 405, 406, 407, 408, 410, 411, 412, 413, 414, 415, 416, 417, 418, 419, 420, 421, 422, 424, 425, 426, 427, 428, 429, 430, 431, 432, 433, 434, 435, 436, 438, 439, 440, 442, 443, 444, 445, 446, 447, 449, 451, 452, 453, 454, 455, 456, 457, 458, 459, 460, 461, 464, 465, 466, 467, 468, 469, 471, 472, 473, 474, 475, 476, 478, 479, 480, 481, 482, 483, 484, 485, 486, 487, 488, 489, 491, 492, 493, 494, 495, 496, 497, 498, 500, 501, 502, 503, 504, 505, 506, 507, 508, 509, 510, 511, 512, 513, 514, 515, 516, 517, 518, 521, 522, 523, 524, 526, 527, 528, 529, 530, 531, 532, 533, 534, 535, 536, 537, 538, 539, 540, 541, 543, 544, 545, 546, 547, 548, 549, 550, 551, 552, 553, 554, 555, 556, 558, 559, 560, 562, 563, 564, 565, 566, 567, 568, 570, 571, 572, 575, 576, 577, 579, 580, 581, 582, 583, 586, 587, 588, 589, 590, 591, 592, 593, 594, 595, 597, 599, 600, 602, 603, 605, 606, 607, 608, 609, 610, 611, 612, 613, 614, 615, 616, 617, 618, 620, 621, 622, 623, 624, 625, 626, 627, 628, 629, 630, 631, 632, 633, 634, 635, 636, 638, 639, 640, 641, 642, 643, 644, 645, 646, 647, 650, 651, 652, 653, 654, 655, 656, 657, 658, 659, 660, 661, 662, 663, 665, 666, 667, 668, 669, 670, 671, 672, 673, 675, 676, 677, 678, 679, 680, 681, 682, 683, 684, 685, 686, 687, 688, 689, 690, 691, 692, 693, 694, 696, 697, 698, 699, 701, 703, 704, 705, 706, 707, 708, 709, 710, 711, 713, 714, 715, 716, 717, 718, 719, 720, 721, 722, 723, 725, 726, 727, 728, 730, 731, 733, 734, 735, 736, 737, 739, 740, 741, 742, 743, 744, 745, 746, 747, 750, 751, 752, 753, 754, 755, 756, 757, 759, 760, 762, 763, 764, 765, 766, 767, 768, 769, 770, 771, 772, 773, 774, 775, 776, 777, 778, 779, 780, 781, 782, 784, 785, 786, 787, 788, 789, 790, 791, 792, 794, 795, 796, 797, 799, 801, 802, 804, 807, 808, 810, 811, 812, 813, 814, 816, 817, 818, 819, 820, 821, 822, 823, 824, 825, 826, 827, 828, 829, 830, 831, 832, 833, 834, 835, 836, 838, 839, 840, 841, 842, 843, 844, 846, 847, 848, 849, 851, 852, 853, 854, 855, 856, 857, 858, 859, 860, 861, 862, 863, 864, 865, 866, 867, 868, 869, 870, 871, 872, 873, 874, 875, 876, 877, 879, 880, 881, 882, 883, 884, 885, 886, 887, 888, 889]
[5, 10, 13, 21, 25, 40, 45, 48, 50, 67, 75, 80, 95, 105, 110, 111, 118, 119, 125, 126, 133, 136, 139, 146, 156, 163, 167, 171, 174, 180, 182, 186, 188, 213, 216, 222, 225, 228, 236, 242, 247, 253, 254, 262, 279, 284, 301, 303, 306, 310, 324, 326, 327, 337, 361, 364, 365, 368, 372, 373, 384, 392, 394, 406, 409, 423, 446, 453, 464, 474, 482, 492, 501, 502, 504, 513, 516, 523, 536, 537, 539, 582, 586, 592, 594, 595, 609, 625, 628, 635, 640, 645, 662, 672, 675, 698, 715, 735, 736, 737, 738, 749, 770, 773, 776, 788, 792, 797, 799, 802, 805, 807, 818, 819, 830, 832, 834, 848, 864, 866, 876, 889]

