[34, 166, 169, 189, 216, 262, 314, 345, 409, 435, 456, 462, 505, 534, 554, 622, 634, 675, 742, 811, 883, 886]
[15, 25, 70, 108, 110, 136, 150, 179, 346, 404, 431, 485, 640, 642, 670, 710, 718, 752, 789, 816, 820, 823]

[34, 166, 169, 189, 216, 262, 314, 345, 409, 435, 456, 462, 505, 534, 554, 622, 634, 675, 742, 811, 883, 886]
[7, 15, 25, 31, 45, 53, 59, 60, 61, 62, 70, 78, 85, 94, 101, 102, 105, 106, 108, 110, 112, 121, 124, 129, 132, 136, 141, 142, 146, 150, 156, 159, 171, 179, 188, 192, 195, 202, 207, 215, 217, 229, 251, 263, 265, 266, 281, 291, 325, 339, 346, 368, 382, 392, 397, 404, 407, 408, 410, 430, 431, 442, 446, 447, 451, 468, 469, 472, 474, 485, 486, 493, 501, 504, 510, 515, 516, 524, 543, 574, 576, 582, 593, 602, 603, 615, 617, 626, 640, 642, 657, 659, 670, 693, 697, 702, 705, 708, 710, 712, 716, 718, 728, 732, 743, 752, 764, 784, 787, 789, 796, 816, 820, 821, 823, 827, 828, 834, 838, 844, 854, 857]

[34, 48, 91, 131, 133, 146, 166, 169, 189, 213, 216, 245, 262, 314, 345, 371, 379, 392, 393, 409, 435, 445, 456, 462, 505, 513, 534, 553, 554, 622, 627, 634, 640, 655, 674, 675, 730, 737, 742, 744, 747, 774, 785, 811, 883, 885, 886]
[7, 15, 25, 31, 45, 53, 59, 60, 61, 62, 70, 78, 85, 94, 101, 102, 105, 106, 108, 110, 112, 121, 124, 129, 132, 136, 141, 142, 146, 150, 156, 159, 171, 179, 188, 192, 195, 202, 207, 215, 217, 229, 251, 263, 265, 266, 281, 291, 325, 339, 346, 368, 382, 392, 397, 404, 407, 408, 410, 430, 431, 442, 446, 447, 451, 468, 469, 472, 474, 485, 486, 493, 501, 504, 510, 515, 516, 524, 543, 574, 576, 582, 593, 602, 603, 615, 617, 626, 640, 642, 657, 659, 670, 693, 697, 702, 705, 708, 710, 712, 716, 718, 728, 732, 743, 752, 764, 784, 787, 789, 796, 816, 820, 821, 823, 827, 828, 834, 838, 844, 854, 857]

[34, 48, 71, 91, 113, 131, 133, 139, 143, 146, 166, 169, 175, 188, 189, 213, 216, 220, 245, 262, 280, 298, 314, 345, 371, 379, 381, 392, 393, 409, 417, 422, 435, 445, 450, 456, 462, 465, 470, 505, 510, 513, 534, 535, 553, 554, 558, 568, 594, 617, 622, 627, 634, 640, 655, 674, 675, 703, 730, 736, 737, 742, 744, 747, 753, 774, 785, 811, 842, 883, 885, 886]
[7, 15, 25, 31, 45, 53, 59, 60, 61, 62, 70, 78, 85, 94, 101, 102, 105, 106, 108, 110, 112, 121, 124, 129, 132, 136, 141, 142, 146, 150, 156, 159, 171, 179, 188, 192, 195, 202, 207, 215, 217, 229, 251, 263, 265, 266, 281, 291, 325, 339, 346, 368, 382, 392, 397, 404, 407, 408, 410, 430, 431, 442, 446, 447, 451, 468, 469, 472, 474, 485, 486, 493, 501, 504, 510, 515, 516, 524, 543, 574, 576, 582, 593, 602, 603, 615, 617, 626, 640, 642, 657, 659, 670, 693, 697, 702, 705, 708, 710, 712, 716, 718, 728, 732, 743, 752, 764, 784, 787, 789, 796, 816, 820, 821, 823, 827, 828, 834, 838, 844, 854, 857]

[13, 18, 26, 33, 34, 48, 71, 91, 113, 131, 133, 135, 139, 143, 146, 166, 169, 175, 188, 189, 191, 213, 216, 220, 245, 262, 265, 275, 280, 298, 309, 314, 321, 345, 371, 379, 381, 383, 392, 393, 409, 417, 422, 435, 445, 450, 451, 453, 456, 462, 463, 465, 470, 505, 510, 513, 516, 525, 534, 535, 538, 553, 554, 558, 568, 579, 594, 617, 622, 627, 633, 634, 640, 655, 674, 675, 688, 703, 704, 730, 733, 736, 737, 742, 744, 747, 753, 764, 774, 785, 798, 800, 811, 817, 842, 856, 883, 885, 886]
[7, 15, 25, 31, 45, 53, 59, 60, 61, 62, 70, 78, 85, 94, 101, 102, 105, 106, 108, 110, 112, 121, 124, 129, 132, 136, 141, 142, 146, 150, 156, 159, 171, 179, 188, 192, 195, 202, 207, 215, 217, 229, 251, 263, 265, 266, 281, 291, 325, 339, 346, 368, 382, 392, 397, 404, 407, 408, 410, 430, 431, 442, 446, 447, 451, 468, 469, 472, 474, 485, 486, 493, 501, 504, 510, 515, 516, 524, 543, 574, 576, 582, 593, 602, 603, 615, 617, 626, 640, 642, 657, 659, 670, 693, 697, 702, 705, 708, 710, 712, 716, 718, 728, 732, 743, 752, 764, 784, 787, 789, 796, 816, 820, 821, 823, 827, 828, 834, 838, 844, 854, 857]

[13, 18, 26, 33, 34, 48, 50, 66, 71, 91, 113, 131, 133, 135, 139, 143, 146, 156, 166, 169, 175, 184, 188, 189, 191, 213, 216, 220, 224, 229, 245, 257, 262, 265, 275, 276, 280, 298, 300, 309, 314, 321, 343, 345, 371, 379, 381, 383, 392, 393, 399, 409, 411, 416, 417, 422, 434, 435, 438, 445, 450, 451, 453, 456, 462, 463, 465, 469, 470, 505, 510, 513, 516, 518, 525, 534, 535, 537, 538, 550, 553, 554, 558, 560, 561, 568, 579, 594, 601, 614, 617, 622, 624, 627, 633, 634, 640, 655, 670, 674, 675, 688, 689, 703, 704, 730, 732, 733, 736, 737, 742, 744, 747, 753, 764, 774, 785, 794, 795, 798, 800, 811, 814, 817, 821, 842, 843, 846, 856, 883, 885, 886]
[7, 15, 25, 31, 45, 53, 59, 60, 61, 62, 70, 78, 85, 94, 101, 102, 105, 106, 108, 110, 112, 121, 124, 129, 132, 136, 141, 142, 146, 150, 156, 159, 171, 179, 188, 192, 195, 202, 207, 215, 217, 229, 251, 263, 265, 266, 281, 291, 325, 339, 346, 368, 382, 392, 397, 404, 407, 408, 410, 430, 431, 442, 446, 447, 451, 468, 469, 472, 474, 485, 486, 493, 501, 504, 510, 515, 516, 524, 543, 574, 576, 582, 593, 602, 603, 615, 617, 626, 640, 642, 657, 659, 670, 693, 697, 702, 705, 708, 710, 712, 716, 718, 728, 732, 743, 752, 764, 784, 787, 789, 796, 816, 820, 821, 823, 827, 828, 834, 838, 844, 854, 857]

[0, 12, 13, 18, 26, 33, 34, 46, 48, 50, 66, 71, 79, 91, 113, 131, 133, 135, 139, 143, 146, 156, 166, 169, 172, 175, 183, 184, 188, 189, 191, 204, 213, 216, 220, 224, 229, 244, 245, 257, 260, 262, 265, 275, 276, 280, 282, 298, 300, 309, 310, 314, 321, 343, 345, 352, 371, 379, 381, 383, 386, 387, 392, 393, 395, 399, 403, 409, 411, 416, 417, 422, 434, 435, 438, 445, 450, 451, 453, 456, 462, 463, 465, 469, 470, 497, 505, 510, 513, 516, 518, 524, 525, 528, 534, 535, 537, 538, 550, 553, 554, 558, 560, 561, 568, 578, 579, 594, 601, 613, 614, 617, 618, 622, 624, 627, 633, 634, 640, 655, 656, 670, 674, 675, 688, 689, 703, 704, 722, 730, 732, 733, 735, 736, 737, 742, 744, 747, 753, 764, 769, 774, 785, 794, 795, 798, 800, 811, 814, 817, 821, 842, 843, 846, 856, 883, 884, 885, 886]
[7, 15, 25, 31, 45, 53, 59, 60, 61, 62, 70, 78, 85, 94, 101, 102, 105, 106, 108, 110, 112, 121, 124, 129, 132, 136, 141, 142, 146, 150, 156, 159, 171, 179, 188, 192, 195, 202, 207, 215, 217, 229, 251, 263, 265, 266, 281, 291, 325, 339, 346, 368, 382, 392, 397, 404, 407, 408, 410, 430, 431, 442, 446, 447, 451, 468, 469, 472, 474, 485, 486, 493, 501, 504, 510, 515, 516, 524, 543, 574, 576, 582, 593, 602, 603, 615, 617, 626, 640, 642, 657, 659, 670, 693, 697, 702, 705, 708, 710, 712, 716, 718, 728, 732, 743, 752, 764, 784, 787, 789, 796, 816, 820, 821, 823, 827, 828, 834, 838, 844, 854, 857]

[0, 12, 13, 18, 26, 32, 33, 34, 35, 46, 48, 50, 66, 71, 79, 91, 109, 113, 128, 131, 133, 135, 139, 143, 146, 156, 166, 169, 172, 175, 183, 184, 188, 189, 191, 204, 213, 216, 220, 224, 229, 244, 245, 249, 250, 257, 260, 261, 262, 265, 275, 276, 280, 282, 298, 300, 309, 310, 314, 321, 343, 345, 352, 358, 370, 371, 379, 381, 383, 386, 387, 392, 393, 395, 399, 403, 409, 411, 416, 417, 422, 423, 434, 435, 438, 445, 450, 451, 453, 456, 462, 463, 465, 469, 470, 493, 497, 505, 508, 510, 513, 516, 518, 520, 524, 525, 528, 534, 535, 537, 538, 545, 550, 553, 554, 558, 560, 561, 562, 566, 568, 569, 578, 579, 594, 600, 601, 609, 613, 614, 617, 618, 622, 624, 627, 633, 634, 640, 655, 656, 670, 674, 675, 688, 689, 703, 704, 717, 722, 730, 731, 732, 733, 734, 735, 736, 737, 742, 744, 747, 753, 764, 766, 769, 774, 785, 794, 795, 798, 800, 811, 814, 817, 821, 822, 842, 843, 846, 856, 863, 882, 883, 884, 885, 886]
[7, 15, 25, 31, 45, 53, 59, 60, 61, 62, 70, 78, 85, 94, 101, 102, 105, 106, 108, 110, 112, 121, 124, 129, 132, 136, 141, 142, 146, 150, 156, 159, 171, 179, 188, 192, 195, 202, 207, 215, 217, 229, 251, 263, 265, 266, 281, 291, 325, 339, 346, 368, 382, 392, 397, 404, 407, 408, 410, 430, 431, 442, 446, 447, 451, 468, 469, 472, 474, 485, 486, 493, 501, 504, 510, 515, 516, 524, 543, 574, 576, 582, 593, 602, 603, 615, 617, 626, 640, 642, 657, 659, 670, 693, 697, 702, 705, 708, 710, 712, 716, 718, 728, 732, 743, 752, 764, 784, 787, 789, 796, 816, 820, 821, 823, 827, 828, 834, 838, 844, 854, 857]

[0, 12, 13, 18, 26, 30, 32, 33, 34, 35, 39, 46, 48, 50, 66, 71, 79, 91, 96, 109, 113, 122, 126, 128, 131, 133, 135, 138, 139, 143, 146, 156, 165, 166, 169, 172, 175, 178, 183, 184, 188, 189, 191, 201, 204, 213, 216, 220, 224, 229, 244, 245, 249, 250, 257, 260, 261, 262, 265, 275, 276, 280, 282, 296, 297, 298, 300, 309, 310, 314, 321, 343, 345, 352, 358, 370, 371, 379, 381, 383, 386, 387, 392, 393, 395, 399, 403, 409, 411, 416, 417, 422, 423, 434, 435, 438, 439, 445, 450, 451, 453, 456, 462, 463, 465, 469, 470, 493, 496, 497, 498, 505, 508, 510, 513, 516, 518, 520, 524, 525, 528, 534, 535, 536, 537, 538, 545, 550, 553, 554, 557, 558, 560, 561, 562, 566, 568, 569, 578, 579, 594, 600, 601, 609, 613, 614, 617, 618, 620, 622, 624, 627, 633, 634, 640, 655, 656, 670, 674, 675, 687, 688, 689, 693, 703, 704, 717, 720, 722, 730, 731, 732, 733, 734, 735, 736, 737, 742, 744, 747, 753, 760, 764, 766, 769, 774, 784, 785, 794, 795, 798, 800, 809, 811, 814, 817, 821, 822, 823, 831, 842, 843, 846, 856, 863, 882, 883, 884, 885, 886]
[7, 15, 25, 31, 45, 53, 59, 60, 61, 62, 70, 78, 85, 94, 101, 102, 105, 106, 108, 110, 112, 121, 124, 129, 132, 136, 141, 142, 146, 150, 156, 159, 171, 179, 188, 192, 195, 202, 207, 215, 217, 229, 251, 263, 265, 266, 281, 291, 325, 339, 346, 368, 382, 392, 397, 404, 407, 408, 410, 430, 431, 442, 446, 447, 451, 468, 469, 472, 474, 485, 486, 493, 501, 504, 510, 515, 516, 524, 543, 574, 576, 582, 593, 602, 603, 615, 617, 626, 640, 642, 657, 659, 670, 693, 697, 702, 705, 708, 710, 712, 716, 718, 728, 732, 743, 752, 764, 784, 787, 789, 796, 816, 820, 821, 823, 827, 828, 834, 838, 844, 854, 857]

[0, 12, 13, 18, 26, 28, 30, 32, 33, 34, 35, 39, 42, 46, 48, 50, 66, 71, 76, 79, 91, 92, 96, 103, 109, 113, 121, 122, 126, 128, 131, 133, 135, 138, 139, 143, 146, 156, 160, 165, 166, 169, 172, 175, 178, 183, 184, 188, 189, 191, 200, 201, 204, 213, 216, 220, 224, 229, 244, 245, 249, 250, 257, 260, 261, 262, 265, 275, 276, 280, 282, 284, 296, 297, 298, 300, 309, 310, 314, 321, 326, 337, 343, 345, 352, 358, 360, 370, 371, 373, 379, 381, 383, 386, 387, 392, 393, 395, 399, 403, 409, 411, 416, 417, 422, 423, 434, 435, 438, 439, 444, 445, 450, 451, 453, 456, 457, 462, 463, 465, 469, 470, 473, 492, 493, 496, 497, 498, 505, 508, 510, 512, 513, 514, 516, 518, 520, 524, 525, 526, 528, 534, 535, 536, 537, 538, 545, 550, 553, 554, 557, 558, 560, 561, 562, 566, 568, 569, 578, 579, 594, 600, 601, 604, 609, 613, 614, 617, 618, 620, 622, 624, 627, 633, 634, 640, 655, 656, 670, 674, 675, 680, 687, 688, 689, 693, 703, 704, 717, 720, 722, 723, 730, 731, 732, 733, 734, 735, 736, 737, 742, 744, 747, 752, 753, 760, 764, 766, 769, 774, 784, 785, 794, 795, 798, 800, 809, 811, 814, 817, 821, 822, 823, 831, 842, 843, 846, 856, 861, 863, 882, 883, 884, 885, 886]
[7, 15, 25, 31, 45, 53, 59, 60, 61, 62, 70, 78, 85, 94, 101, 102, 105, 106, 108, 110, 112, 121, 124, 129, 132, 136, 141, 142, 146, 150, 156, 159, 171, 179, 188, 192, 195, 202, 207, 215, 217, 229, 251, 263, 265, 266, 281, 291, 325, 339, 346, 368, 382, 392, 397, 404, 407, 408, 410, 430, 431, 442, 446, 447, 451, 468, 469, 472, 474, 485, 486, 493, 501, 504, 510, 515, 516, 524, 543, 574, 576, 582, 593, 602, 603, 615, 617, 626, 640, 642, 657, 659, 670, 693, 697, 702, 705, 708, 710, 712, 716, 718, 728, 732, 743, 752, 764, 784, 787, 789, 796, 816, 820, 821, 823, 827, 828, 834, 838, 844, 854, 857]

[0, 12, 13, 17, 18, 26, 28, 30, 32, 33, 34, 35, 39, 42, 46, 48, 50, 62, 66, 71, 76, 79, 91, 92, 96, 98, 103, 104, 109, 113, 121, 122, 126, 128, 131, 133, 135, 138, 139, 143, 146, 152, 156, 160, 161, 165, 166, 169, 170, 172, 175, 178, 183, 184, 188, 189, 191, 200, 201, 204, 213, 216, 220, 224, 229, 244, 245, 249, 250, 254, 257, 260, 261, 262, 265, 275, 276, 280, 282, 284, 296, 297, 298, 300, 306, 309, 310, 314, 321, 326, 337, 343, 345, 352, 358, 360, 363, 370, 371, 373, 379, 381, 383, 386, 387, 392, 393, 395, 399, 403, 409, 410, 411, 416, 417, 422, 423, 434, 435, 438, 439, 444, 445, 448, 450, 451, 453, 456, 457, 462, 463, 465, 469, 470, 473, 492, 493, 496, 497, 498, 501, 505, 506, 508, 510, 512, 513, 514, 516, 518, 520, 524, 525, 526, 528, 534, 535, 536, 537, 538, 545, 550, 553, 554, 557, 558, 560, 561, 562, 566, 568, 569, 578, 579, 594, 600, 601, 604, 609, 613, 614, 617, 618, 620, 622, 624, 627, 633, 634, 640, 642, 655, 656, 670, 671, 674, 675, 680, 687, 688, 689, 693, 703, 704, 715, 717, 718, 720, 722, 723, 730, 731, 732, 733, 734, 735, 736, 737, 742, 744, 747, 752, 753, 758, 760, 761, 764, 766, 769, 774, 784, 785, 786, 794, 795, 798, 800, 809, 811, 813, 814, 817, 821, 822, 823, 831, 833, 842, 843, 846, 856, 861, 862, 863, 874, 882, 883, 884, 885, 886]
[7, 15, 25, 31, 45, 53, 59, 60, 61, 62, 70, 78, 85, 94, 101, 102, 105, 106, 108, 110, 112, 121, 124, 129, 132, 136, 141, 142, 146, 150, 156, 159, 171, 179, 188, 192, 195, 202, 207, 215, 217, 229, 251, 263, 265, 266, 281, 291, 325, 339, 346, 368, 382, 392, 397, 404, 407, 408, 410, 430, 431, 442, 446, 447, 451, 468, 469, 472, 474, 485, 486, 493, 501, 504, 510, 515, 516, 524, 543, 574, 576, 582, 593, 602, 603, 615, 617, 626, 640, 642, 657, 659, 670, 693, 697, 702, 705, 708, 710, 712, 716, 718, 728, 732, 743, 752, 764, 784, 787, 789, 796, 816, 820, 821, 823, 827, 828, 834, 838, 844, 854, 857]

[0, 12, 13, 16, 17, 18, 26, 28, 30, 32, 33, 34, 35, 39, 42, 46, 48, 50, 57, 62, 66, 71, 75, 76, 79, 91, 92, 96, 98, 103, 104, 109, 113, 115, 116, 117, 121, 122, 126, 128, 131, 133, 135, 136, 138, 139, 140, 143, 146, 152, 156, 160, 161, 165, 166, 169, 170, 172, 175, 178, 183, 184, 186, 188, 189, 191, 200, 201, 204, 213, 214, 216, 220, 224, 229, 244, 245, 249, 250, 254, 257, 260, 261, 262, 264, 265, 275, 276, 280, 282, 284, 296, 297, 298, 300, 306, 307, 309, 310, 314, 321, 326, 337, 343, 345, 352, 358, 360, 363, 370, 371, 373, 375, 376, 379, 381, 383, 386, 387, 392, 393, 395, 399, 403, 409, 410, 411, 414, 416, 417, 422, 423, 429, 434, 435, 438, 439, 444, 445, 448, 450, 451, 453, 456, 457, 462, 463, 465, 469, 470, 473, 492, 493, 496, 497, 498, 501, 505, 506, 508, 510, 512, 513, 514, 516, 518, 520, 524, 525, 526, 528, 534, 535, 536, 537, 538, 545, 546, 549, 550, 553, 554, 557, 558, 560, 561, 562, 566, 568, 569, 578, 579, 594, 595, 600, 601, 604, 609, 613, 614, 617, 618, 620, 622, 624, 627, 633, 634, 638, 640, 642, 647, 655, 656, 670, 671, 674, 675, 680, 687, 688, 689, 692, 693, 703, 704, 715, 717, 718, 720, 722, 723, 730, 731, 732, 733, 734, 735, 736, 737, 742, 744, 746, 747, 752, 753, 758, 760, 761, 764, 766, 769, 771, 774, 784, 785, 786, 791, 794, 795, 798, 800, 809, 811, 813, 814, 817, 821, 822, 823, 831, 833, 842, 843, 846, 856, 861, 862, 863, 874, 882, 883, 884, 885, 886]
[7, 15, 25, 31, 45, 53, 59, 60, 61, 62, 70, 78, 85, 94, 101, 102, 105, 106, 108, 110, 112, 121, 124, 129, 132, 136, 141, 142, 146, 150, 156, 159, 171, 179, 188, 192, 195, 202, 207, 215, 217, 229, 251, 263, 265, 266, 281, 291, 325, 339, 346, 368, 382, 392, 397, 404, 407, 408, 410, 430, 431, 442, 446, 447, 451, 468, 469, 472, 474, 485, 486, 493, 501, 504, 510, 515, 516, 524, 543, 574, 576, 582, 593, 602, 603, 615, 617, 626, 640, 642, 657, 659, 670, 693, 697, 702, 705, 708, 710, 712, 716, 718, 728, 732, 743, 752, 764, 784, 787, 789, 796, 816, 820, 821, 823, 827, 828, 834, 838, 844, 854, 857]

[0, 6, 12, 13, 16, 17, 18, 26, 28, 30, 32, 33, 34, 35, 38, 39, 42, 46, 48, 50, 57, 62, 66, 71, 75, 76, 79, 87, 91, 92, 96, 98, 103, 104, 109, 113, 115, 116, 117, 121, 122, 126, 128, 131, 133, 135, 136, 138, 139, 140, 143, 146, 152, 156, 160, 161, 165, 166, 169, 170, 172, 175, 177, 178, 183, 184, 186, 188, 189, 190, 191, 198, 200, 201, 204, 206, 213, 214, 216, 220, 224, 229, 244, 245, 249, 250, 254, 257, 260, 261, 262, 264, 265, 275, 276, 280, 282, 284, 296, 297, 298, 300, 306, 307, 309, 310, 314, 318, 321, 326, 337, 343, 345, 352, 353, 358, 360, 363, 370, 371, 373, 375, 376, 379, 381, 383, 384, 386, 387, 392, 393, 395, 399, 403, 409, 410, 411, 414, 416, 417, 420, 422, 423, 429, 434, 435, 438, 439, 444, 445, 448, 450, 451, 453, 456, 457, 462, 463, 465, 469, 470, 473, 483, 492, 493, 496, 497, 498, 501, 505, 506, 508, 510, 512, 513, 514, 516, 518, 520, 524, 525, 526, 528, 534, 535, 536, 537, 538, 545, 546, 549, 550, 553, 554, 557, 558, 560, 561, 562, 566, 567, 568, 569, 578, 579, 581, 589, 594, 595, 600, 601, 604, 609, 613, 614, 617, 618, 620, 622, 624, 627, 629, 633, 634, 638, 640, 642, 647, 655, 656, 670, 671, 674, 675, 680, 687, 688, 689, 691, 692, 693, 696, 697, 703, 704, 715, 717, 718, 720, 722, 723, 726, 730, 731, 732, 733, 734, 735, 736, 737, 742, 744, 745, 746, 747, 752, 753, 758, 760, 761, 764, 766, 769, 771, 774, 784, 785, 786, 791, 794, 795, 797, 798, 800, 809, 811, 813, 814, 817, 821, 822, 823, 827, 831, 833, 838, 842, 843, 846, 852, 856, 861, 862, 863, 874, 882, 883, 884, 885, 886]
[7, 15, 25, 31, 45, 53, 59, 60, 61, 62, 70, 78, 85, 94, 101, 102, 105, 106, 108, 110, 112, 121, 124, 129, 132, 136, 141, 142, 146, 150, 156, 159, 171, 179, 188, 192, 195, 202, 207, 215, 217, 229, 251, 263, 265, 266, 281, 291, 325, 339, 346, 368, 382, 392, 397, 404, 407, 408, 410, 430, 431, 442, 446, 447, 451, 468, 469, 472, 474, 485, 486, 493, 501, 504, 510, 515, 516, 524, 543, 574, 576, 582, 593, 602, 603, 615, 617, 626, 640, 642, 657, 659, 670, 693, 697, 702, 705, 708, 710, 712, 716, 718, 728, 732, 743, 752, 764, 784, 787, 789, 796, 816, 820, 821, 823, 827, 828, 834, 838, 844, 854, 857]

[0, 6, 12, 13, 16, 17, 18, 26, 28, 30, 32, 33, 34, 35, 38, 39, 42, 46, 48, 50, 51, 52, 57, 62, 66, 71, 75, 76, 79, 82, 87, 91, 92, 96, 98, 103, 104, 109, 113, 115, 116, 117, 121, 122, 126, 128, 130, 131, 133, 135, 136, 138, 139, 140, 143, 144, 146, 152, 156, 160, 161, 165, 166, 169, 170, 172, 175, 177, 178, 180, 183, 184, 186, 188, 189, 190, 191, 198, 200, 201, 204, 205, 206, 209, 213, 214, 216, 220, 224, 229, 244, 245, 247, 249, 250, 254, 257, 260, 261, 262, 264, 265, 275, 276, 278, 280, 282, 284, 290, 296, 297, 298, 300, 306, 307, 309, 310, 314, 318, 321, 326, 337, 343, 345, 352, 353, 358, 360, 363, 364, 370, 371, 373, 375, 376, 378, 379, 381, 383, 384, 386, 387, 392, 393, 395, 399, 400, 403, 408, 409, 410, 411, 414, 416, 417, 420, 422, 423, 429, 434, 435, 438, 439, 444, 445, 448, 450, 451, 453, 456, 457, 462, 463, 465, 469, 470, 473, 482, 483, 492, 493, 496, 497, 498, 501, 505, 506, 508, 510, 512, 513, 514, 516, 518, 520, 522, 524, 525, 526, 528, 534, 535, 536, 537, 538, 545, 546, 549, 550, 553, 554, 557, 558, 560, 561, 562, 566, 567, 568, 569, 578, 579, 581, 589, 594, 595, 600, 601, 604, 608, 609, 613, 614, 617, 618, 620, 622, 624, 625, 627, 629, 633, 634, 638, 640, 642, 647, 653, 655, 656, 661, 670, 671, 673, 674, 675, 680, 687, 688, 689, 691, 692, 693, 696, 697, 703, 704, 715, 717, 718, 720, 722, 723, 726, 730, 731, 732, 733, 734, 735, 736, 737, 742, 744, 745, 746, 747, 752, 753, 758, 760, 761, 764, 766, 769, 771, 774, 784, 785, 786, 788, 791, 794, 795, 797, 798, 800, 809, 811, 813, 814, 817, 821, 822, 823, 827, 831, 833, 838, 839, 842, 843, 846, 852, 856, 860, 861, 862, 863, 874, 882, 883, 884, 885, 886]
[7, 15, 25, 31, 45, 53, 59, 60, 61, 62, 70, 78, 85, 94, 101, 102, 105, 106, 108, 110, 112, 121, 124, 129, 132, 136, 141, 142, 146, 150, 156, 159, 171, 179, 188, 192, 195, 202, 207, 215, 217, 229, 251, 263, 265, 266, 281, 291, 325, 339, 346, 368, 382, 392, 397, 404, 407, 408, 410, 430, 431, 442, 446, 447, 451, 468, 469, 472, 474, 485, 486, 493, 501, 504, 510, 515, 516, 524, 543, 574, 576, 582, 593, 602, 603, 615, 617, 626, 640, 642, 657, 659, 670, 693, 697, 702, 705, 708, 710, 712, 716, 718, 728, 732, 743, 752, 764, 784, 787, 789, 796, 816, 820, 821, 823, 827, 828, 834, 838, 844, 854, 857]

[0, 6, 12, 13, 16, 17, 18, 20, 26, 28, 30, 32, 33, 34, 35, 38, 39, 42, 46, 47, 48, 50, 51, 52, 57, 62, 66, 71, 75, 76, 79, 82, 87, 91, 92, 96, 98, 103, 104, 109, 113, 114, 115, 116, 117, 121, 122, 126, 128, 130, 131, 133, 135, 136, 138, 139, 140, 143, 144, 146, 152, 153, 156, 160, 161, 165, 166, 169, 170, 172, 175, 177, 178, 180, 183, 184, 185, 186, 188, 189, 190, 191, 198, 200, 201, 204, 205, 206, 209, 213, 214, 216, 220, 224, 227, 229, 244, 245, 247, 249, 250, 254, 257, 260, 261, 262, 264, 265, 275, 276, 278, 280, 282, 284, 290, 291, 296, 297, 298, 300, 306, 307, 309, 310, 314, 318, 321, 323, 326, 333, 337, 343, 345, 352, 353, 358, 360, 363, 364, 370, 371, 373, 375, 376, 378, 379, 381, 383, 384, 385, 386, 387, 390, 392, 393, 395, 399, 400, 402, 403, 408, 409, 410, 411, 414, 416, 417, 420, 422, 423, 429, 434, 435, 438, 439, 444, 445, 448, 450, 451, 453, 456, 457, 462, 463, 465, 468, 469, 470, 473, 482, 483, 492, 493, 496, 497, 498, 501, 502, 505, 506, 508, 510, 512, 513, 514, 516, 518, 520, 522, 524, 525, 526, 528, 534, 535, 536, 537, 538, 545, 546, 549, 550, 553, 554, 557, 558, 560, 561, 562, 566, 567, 568, 569, 578, 579, 581, 588, 589, 594, 595, 600, 601, 604, 608, 609, 613, 614, 617, 618, 620, 622, 624, 625, 627, 629, 633, 634, 638, 640, 642, 644, 647, 653, 655, 656, 661, 664, 670, 671, 673, 674, 675, 680, 687, 688, 689, 690, 691, 692, 693, 696, 697, 698, 703, 704, 713, 715, 717, 718, 720, 722, 723, 724, 726, 730, 731, 732, 733, 734, 735, 736, 737, 742, 744, 745, 746, 747, 752, 753, 758, 760, 761, 764, 766, 767, 769, 771, 774, 784, 785, 786, 788, 791, 794, 795, 797, 798, 800, 809, 811, 813, 814, 817, 821, 822, 823, 827, 829, 831, 833, 838, 839, 842, 843, 846, 847, 852, 854, 856, 860, 861, 862, 863, 874, 882, 883, 884, 885, 886]
[7, 15, 25, 31, 45, 53, 59, 60, 61, 62, 70, 78, 85, 94, 101, 102, 105, 106, 108, 110, 112, 121, 124, 129, 132, 136, 141, 142, 146, 150, 156, 159, 171, 179, 188, 192, 195, 202, 207, 215, 217, 229, 251, 263, 265, 266, 281, 291, 325, 339, 346, 368, 382, 392, 397, 404, 407, 408, 410, 430, 431, 442, 446, 447, 451, 468, 469, 472, 474, 485, 486, 493, 501, 504, 510, 515, 516, 524, 543, 574, 576, 582, 593, 602, 603, 615, 617, 626, 640, 642, 657, 659, 670, 693, 697, 702, 705, 708, 710, 712, 716, 718, 728, 732, 743, 752, 764, 784, 787, 789, 796, 816, 820, 821, 823, 827, 828, 834, 838, 844, 854, 857]

[0, 4, 6, 12, 13, 15, 16, 17, 18, 20, 26, 28, 30, 32, 33, 34, 35, 38, 39, 42, 46, 47, 48, 50, 51, 52, 57, 62, 66, 71, 75, 76, 79, 82, 87, 91, 92, 96, 98, 101, 103, 104, 109, 113, 114, 115, 116, 117, 121, 122, 126, 128, 130, 131, 133, 135, 136, 138, 139, 140, 143, 144, 146, 152, 153, 156, 157, 160, 161, 165, 166, 168, 169, 170, 172, 175, 177, 178, 180, 183, 184, 185, 186, 188, 189, 190, 191, 193, 198, 200, 201, 204, 205, 206, 209, 213, 214, 216, 220, 224, 227, 229, 244, 245, 247, 249, 250, 254, 257, 260, 261, 262, 264, 265, 275, 276, 278, 280, 282, 284, 290, 291, 295, 296, 297, 298, 300, 306, 307, 309, 310, 314, 318, 321, 323, 326, 331, 333, 336, 337, 343, 345, 352, 353, 358, 360, 363, 364, 370, 371, 373, 375, 376, 378, 379, 381, 383, 384, 385, 386, 387, 390, 392, 393, 395, 396, 399, 400, 402, 403, 406, 408, 409, 410, 411, 414, 416, 417, 420, 422, 423, 429, 434, 435, 438, 439, 444, 445, 448, 450, 451, 453, 456, 457, 462, 463, 465, 468, 469, 470, 473, 478, 482, 483, 487, 492, 493, 495, 496, 497, 498, 501, 502, 505, 506, 508, 510, 512, 513, 514, 516, 518, 520, 522, 524, 525, 526, 528, 534, 535, 536, 537, 538, 539, 545, 546, 549, 550, 553, 554, 557, 558, 560, 561, 562, 566, 567, 568, 569, 576, 578, 579, 581, 588, 589, 594, 595, 600, 601, 604, 608, 609, 613, 614, 617, 618, 620, 622, 624, 625, 627, 629, 633, 634, 638, 640, 642, 644, 645, 647, 653, 655, 656, 657, 661, 664, 670, 671, 673, 674, 675, 680, 681, 687, 688, 689, 690, 691, 692, 693, 696, 697, 698, 703, 704, 713, 715, 717, 718, 720, 722, 723, 724, 726, 730, 731, 732, 733, 734, 735, 736, 737, 738, 742, 744, 745, 746, 747, 752, 753, 758, 760, 761, 764, 766, 767, 769, 771, 774, 779, 780, 784, 785, 786, 788, 791, 794, 795, 797, 798, 800, 806, 809, 811, 813, 814, 817, 821, 822, 823, 825, 827, 829, 831, 833, 838, 839, 842, 843, 846, 847, 852, 854, 856, 860, 861, 862, 863, 868, 874, 882, 883, 884, 885, 886]
[7, 15, 25, 31, 45, 53, 59, 60, 61, 62, 70, 78, 85, 94, 101, 102, 105, 106, 108, 110, 112, 121, 124, 129, 132, 136, 141, 142, 146, 150, 156, 159, 171, 179, 188, 192, 195, 202, 207, 215, 217, 229, 251, 263, 265, 266, 281, 291, 325, 339, 346, 368, 382, 392, 397, 404, 407, 408, 410, 430, 431, 442, 446, 447, 451, 468, 469, 472, 474, 485, 486, 493, 501, 504, 510, 515, 516, 524, 543, 574, 576, 582, 593, 602, 603, 615, 617, 626, 640, 642, 657, 659, 670, 693, 697, 702, 705, 708, 710, 712, 716, 718, 728, 732, 743, 752, 764, 784, 787, 789, 796, 816, 820, 821, 823, 827, 828, 834, 838, 844, 854, 857]

[0, 4, 6, 8, 9, 12, 13, 15, 16, 17, 18, 20, 26, 28, 30, 32, 33, 34, 35, 38, 39, 42, 46, 47, 48, 50, 51, 52, 57, 62, 66, 68, 71, 75, 76, 79, 81, 82, 84, 87, 88, 91, 92, 96, 98, 101, 103, 104, 109, 113, 114, 115, 116, 117, 121, 122, 126, 128, 130, 131, 133, 135, 136, 138, 139, 140, 143, 144, 146, 152, 153, 156, 157, 160, 161, 162, 165, 166, 168, 169, 170, 172, 173, 175, 177, 178, 180, 183, 184, 185, 186, 188, 189, 190, 191, 193, 198, 200, 201, 204, 205, 206, 209, 213, 214, 216, 220, 224, 227, 229, 234, 238, 244, 245, 247, 248, 249, 250, 253, 254, 257, 260, 261, 262, 264, 265, 275, 276, 278, 279, 280, 282, 284, 290, 291, 295, 296, 297, 298, 300, 306, 307, 309, 310, 314, 318, 321, 323, 326, 331, 333, 336, 337, 343, 345, 352, 353, 358, 360, 363, 364, 370, 371, 373, 375, 376, 378, 379, 381, 383, 384, 385, 386, 387, 390, 392, 393, 395, 396, 399, 400, 402, 403, 406, 408, 409, 410, 411, 414, 416, 417, 420, 422, 423, 429, 434, 435, 438, 439, 444, 445, 448, 450, 451, 453, 456, 457, 462, 463, 465, 468, 469, 470, 473, 478, 482, 483, 487, 492, 493, 495, 496, 497, 498, 501, 502, 505, 506, 508, 510, 512, 513, 514, 516, 518, 520, 522, 524, 525, 526, 528, 534, 535, 536, 537, 538, 539, 540, 545, 546, 549, 550, 553, 554, 557, 558, 560, 561, 562, 566, 567, 568, 569, 576, 578, 579, 581, 588, 589, 594, 595, 600, 601, 604, 608, 609, 613, 614, 617, 618, 619, 620, 622, 624, 625, 627, 629, 633, 634, 638, 640, 642, 644, 645, 647, 653, 655, 656, 657, 661, 664, 665, 670, 671, 673, 674, 675, 680, 681, 684, 687, 688, 689, 690, 691, 692, 693, 696, 697, 698, 703, 704, 713, 715, 717, 718, 720, 722, 723, 724, 726, 730, 731, 732, 733, 734, 735, 736, 737, 738, 742, 744, 745, 746, 747, 748, 752, 753, 758, 760, 761, 762, 764, 766, 767, 768, 769, 771, 774, 779, 780, 784, 785, 786, 788, 790, 791, 794, 795, 797, 798, 800, 804, 806, 809, 811, 813, 814, 815, 817, 821, 822, 823, 825, 827, 829, 831, 833, 838, 839, 842, 843, 846, 847, 852, 854, 856, 860, 861, 862, 863, 867, 868, 869, 874, 882, 883, 884, 885, 886]
[7, 15, 25, 31, 45, 53, 59, 60, 61, 62, 70, 78, 85, 94, 101, 102, 105, 106, 108, 110, 112, 121, 124, 129, 132, 136, 141, 142, 146, 150, 156, 159, 171, 179, 188, 192, 195, 202, 207, 215, 217, 229, 251, 263, 265, 266, 281, 291, 325, 339, 346, 368, 382, 392, 397, 404, 407, 408, 410, 430, 431, 442, 446, 447, 451, 468, 469, 472, 474, 485, 486, 493, 501, 504, 510, 515, 516, 524, 543, 574, 576, 582, 593, 602, 603, 615, 617, 626, 640, 642, 657, 659, 670, 693, 697, 702, 705, 708, 710, 712, 716, 718, 728, 732, 743, 752, 764, 784, 787, 789, 796, 816, 820, 821, 823, 827, 828, 834, 838, 844, 854, 857]

[0, 4, 6, 8, 9, 12, 13, 15, 16, 17, 18, 20, 26, 28, 30, 32, 33, 34, 35, 38, 39, 42, 46, 47, 48, 50, 51, 52, 57, 62, 66, 68, 71, 75, 76, 79, 81, 82, 84, 87, 88, 91, 92, 93, 96, 98, 101, 103, 104, 109, 113, 114, 115, 116, 117, 121, 122, 126, 128, 130, 131, 133, 135, 136, 137, 138, 139, 140, 143, 144, 146, 151, 152, 153, 156, 157, 160, 161, 162, 165, 166, 168, 169, 170, 172, 173, 175, 177, 178, 180, 183, 184, 185, 186, 188, 189, 190, 191, 193, 198, 200, 201, 204, 205, 206, 209, 213, 214, 216, 219, 220, 224, 227, 229, 234, 238, 242, 244, 245, 247, 248, 249, 250, 253, 254, 257, 260, 261, 262, 264, 265, 266, 275, 276, 278, 279, 280, 282, 284, 286, 289, 290, 291, 295, 296, 297, 298, 300, 303, 306, 307, 308, 309, 310, 314, 318, 321, 323, 326, 330, 331, 333, 336, 337, 343, 345, 352, 353, 354, 358, 360, 363, 364, 366, 370, 371, 373, 375, 376, 378, 379, 381, 383, 384, 385, 386, 387, 390, 392, 393, 395, 396, 399, 400, 402, 403, 406, 407, 408, 409, 410, 411, 412, 413, 414, 416, 417, 420, 422, 423, 429, 434, 435, 437, 438, 439, 442, 444, 445, 448, 450, 451, 453, 456, 457, 462, 463, 465, 468, 469, 470, 473, 478, 482, 483, 487, 492, 493, 495, 496, 497, 498, 501, 502, 505, 506, 508, 510, 512, 513, 514, 516, 518, 520, 522, 524, 525, 526, 528, 534, 535, 536, 537, 538, 539, 540, 545, 546, 549, 550, 553, 554, 556, 557, 558, 560, 561, 562, 566, 567, 568, 569, 576, 578, 579, 581, 588, 589, 594, 595, 600, 601, 604, 605, 608, 609, 613, 614, 617, 618, 619, 620, 622, 624, 625, 627, 629, 633, 634, 638, 640, 642, 644, 645, 646, 647, 653, 655, 656, 657, 661, 663, 664, 665, 666, 670, 671, 673, 674, 675, 680, 681, 684, 687, 688, 689, 690, 691, 692, 693, 696, 697, 698, 703, 704, 713, 715, 717, 718, 720, 722, 723, 724, 726, 730, 731, 732, 733, 734, 735, 736, 737, 738, 742, 744, 745, 746, 747, 748, 752, 753, 758, 760, 761, 762, 764, 766, 767, 768, 769, 771, 774, 779, 780, 784, 785, 786, 788, 790, 791, 794, 795, 797, 798, 800, 804, 806, 809, 811, 813, 814, 815, 816, 817, 821, 822, 823, 825, 827, 829, 831, 833, 838, 839, 842, 843, 846, 847, 852, 854, 855, 856, 860, 861, 862, 863, 867, 868, 869, 874, 882, 883, 884, 885, 886]
[7, 15, 25, 31, 45, 53, 59, 60, 61, 62, 70, 78, 85, 94, 101, 102, 105, 106, 108, 110, 112, 121, 124, 129, 132, 136, 141, 142, 146, 150, 156, 159, 171, 179, 188, 192, 195, 202, 207, 215, 217, 229, 251, 263, 265, 266, 281, 291, 325, 339, 346, 368, 382, 392, 397, 404, 407, 408, 410, 430, 431, 442, 446, 447, 451, 468, 469, 472, 474, 485, 486, 493, 501, 504, 510, 515, 516, 524, 543, 574, 576, 582, 593, 602, 603, 615, 617, 626, 640, 642, 657, 659, 670, 693, 697, 702, 705, 708, 710, 712, 716, 718, 728, 732, 743, 752, 764, 784, 787, 789, 796, 816, 820, 821, 823, 827, 828, 834, 838, 844, 854, 857]

[0, 4, 6, 8, 9, 12, 13, 15, 16, 17, 18, 20, 24, 26, 28, 30, 32, 33, 34, 35, 38, 39, 40, 42, 46, 47, 48, 50, 51, 52, 54, 56, 57, 62, 66, 68, 71, 74, 75, 76, 79, 80, 81, 82, 84, 87, 88, 91, 92, 93, 96, 98, 101, 103, 104, 109, 113, 114, 115, 116, 117, 121, 122, 126, 128, 130, 131, 133, 135, 136, 137, 138, 139, 140, 143, 144, 146, 149, 151, 152, 153, 156, 157, 160, 161, 162, 165, 166, 168, 169, 170, 172, 173, 175, 177, 178, 180, 183, 184, 185, 186, 188, 189, 190, 191, 193, 198, 200, 201, 204, 205, 206, 209, 213, 214, 216, 219, 220, 224, 226, 227, 228, 229, 234, 238, 242, 244, 245, 247, 248, 249, 250, 253, 254, 255, 257, 260, 261, 262, 263, 264, 265, 266, 275, 276, 277, 278, 279, 280, 282, 284, 285, 286, 289, 290, 291, 294, 295, 296, 297, 298, 300, 301, 303, 306, 307, 308, 309, 310, 314, 318, 321, 323, 326, 330, 331, 333, 336, 337, 343, 345, 352, 353, 354, 358, 360, 363, 364, 366, 370, 371, 373, 375, 376, 378, 379, 381, 383, 384, 385, 386, 387, 390, 392, 393, 395, 396, 399, 400, 402, 403, 406, 407, 408, 409, 410, 411, 412, 413, 414, 416, 417, 420, 422, 423, 429, 434, 435, 437, 438, 439, 442, 444, 445, 448, 450, 451, 453, 456, 457, 462, 463, 465, 468, 469, 470, 473, 478, 482, 483, 487, 492, 493, 495, 496, 497, 498, 501, 502, 505, 506, 508, 510, 512, 513, 514, 516, 518, 520, 522, 524, 525, 526, 528, 532, 534, 535, 536, 537, 538, 539, 540, 545, 546, 549, 550, 553, 554, 556, 557, 558, 560, 561, 562, 563, 566, 567, 568, 569, 576, 578, 579, 581, 588, 589, 594, 595, 600, 601, 604, 605, 608, 609, 610, 613, 614, 617, 618, 619, 620, 622, 624, 625, 627, 629, 633, 634, 635, 638, 640, 642, 644, 645, 646, 647, 653, 655, 656, 657, 661, 663, 664, 665, 666, 670, 671, 673, 674, 675, 680, 681, 684, 687, 688, 689, 690, 691, 692, 693, 696, 697, 698, 703, 704, 713, 715, 717, 718, 720, 722, 723, 724, 726, 728, 730, 731, 732, 733, 734, 735, 736, 737, 738, 740, 742, 744, 745, 746, 747, 748, 752, 753, 756, 758, 760, 761, 762, 764, 766, 767, 768, 769, 771, 774, 779, 780, 784, 785, 786, 788, 789, 790, 791, 794, 795, 797, 798, 800, 804, 806, 809, 811, 812, 813, 814, 815, 816, 817, 821, 822, 823, 825, 827, 829, 831, 833, 838, 839, 842, 843, 846, 847, 852, 854, 855, 856, 860, 861, 862, 863, 867, 868, 869, 872, 874, 882, 883, 884, 885, 886]
[7, 15, 25, 31, 45, 53, 59, 60, 61, 62, 70, 78, 85, 94, 101, 102, 105, 106, 108, 110, 112, 121, 124, 129, 132, 136, 141, 142, 146, 150, 156, 159, 171, 179, 188, 192, 195, 202, 207, 215, 217, 229, 251, 263, 265, 266, 281, 291, 325, 339, 346, 368, 382, 392, 397, 404, 407, 408, 410, 430, 431, 442, 446, 447, 451, 468, 469, 472, 474, 485, 486, 493, 501, 504, 510, 515, 516, 524, 543, 574, 576, 582, 593, 602, 603, 615, 617, 626, 640, 642, 657, 659, 670, 693, 697, 702, 705, 708, 710, 712, 716, 718, 728, 732, 743, 752, 764, 784, 787, 789, 796, 816, 820, 821, 823, 827, 828, 834, 838, 844, 854, 857]

[0, 4, 6, 8, 9, 12, 13, 15, 16, 17, 18, 20, 24, 26, 28, 30, 32, 33, 34, 35, 38, 39, 40, 42, 46, 47, 48, 50, 51, 52, 54, 56, 57, 62, 64, 66, 68, 71, 74, 75, 76, 79, 80, 81, 82, 84, 87, 88, 91, 92, 93, 96, 98, 101, 103, 104, 109, 113, 114, 115, 116, 117, 118, 121, 122, 126, 128, 130, 131, 133, 135, 136, 137, 138, 139, 140, 143, 144, 146, 149, 151, 152, 153, 156, 157, 160, 161, 162, 165, 166, 168, 169, 170, 172, 173, 175, 177, 178, 180, 183, 184, 185, 186, 188, 189, 190, 191, 193, 195, 198, 200, 201, 204, 205, 206, 209, 213, 214, 216, 219, 220, 224, 226, 227, 228, 229, 231, 234, 238, 242, 244, 245, 247, 248, 249, 250, 253, 254, 255, 257, 260, 261, 262, 263, 264, 265, 266, 275, 276, 277, 278, 279, 280, 282, 284, 285, 286, 287, 289, 290, 291, 294, 295, 296, 297, 298, 299, 300, 301, 303, 306, 307, 308, 309, 310, 314, 316, 318, 320, 321, 323, 326, 330, 331, 333, 336, 337, 343, 345, 349, 352, 353, 354, 358, 360, 363, 364, 365, 366, 370, 371, 373, 375, 376, 378, 379, 380, 381, 383, 384, 385, 386, 387, 388, 390, 392, 393, 395, 396, 399, 400, 402, 403, 406, 407, 408, 409, 410, 411, 412, 413, 414, 416, 417, 420, 422, 423, 425, 429, 434, 435, 437, 438, 439, 442, 444, 445, 448, 450, 451, 453, 456, 457, 462, 463, 465, 466, 468, 469, 470, 473, 478, 482, 483, 487, 489, 492, 493, 495, 496, 497, 498, 501, 502, 505, 506, 508, 510, 512, 513, 514, 516, 518, 520, 521, 522, 524, 525, 526, 528, 532, 534, 535, 536, 537, 538, 539, 540, 545, 546, 549, 550, 552, 553, 554, 556, 557, 558, 560, 561, 562, 563, 565, 566, 567, 568, 569, 574, 576, 578, 579, 581, 588, 589, 594, 595, 600, 601, 604, 605, 608, 609, 610, 613, 614, 617, 618, 619, 620, 622, 624, 625, 627, 629, 630, 633, 634, 635, 638, 640, 642, 644, 645, 646, 647, 653, 655, 656, 657, 659, 661, 663, 664, 665, 666, 670, 671, 673, 674, 675, 680, 681, 684, 687, 688, 689, 690, 691, 692, 693, 696, 697, 698, 703, 704, 706, 707, 708, 713, 715, 717, 718, 720, 722, 723, 724, 726, 728, 730, 731, 732, 733, 734, 735, 736, 737, 738, 740, 742, 744, 745, 746, 747, 748, 752, 753, 756, 758, 760, 761, 762, 764, 766, 767, 768, 769, 771, 774, 779, 780, 784, 785, 786, 788, 789, 790, 791, 794, 795, 797, 798, 800, 804, 806, 809, 811, 812, 813, 814, 815, 816, 817, 821, 822, 823, 825, 827, 829, 831, 833, 836, 838, 839, 842, 843, 846, 847, 852, 854, 855, 856, 860, 861, 862, 863, 867, 868, 869, 872, 874, 882, 883, 884, 885, 886]
[7, 15, 25, 31, 45, 53, 59, 60, 61, 62, 70, 78, 85, 94, 101, 102, 105, 106, 108, 110, 112, 121, 124, 129, 132, 136, 141, 142, 146, 150, 156, 159, 171, 179, 188, 192, 195, 202, 207, 215, 217, 229, 251, 263, 265, 266, 281, 291, 325, 339, 346, 368, 382, 392, 397, 404, 407, 408, 410, 430, 431, 442, 446, 447, 451, 468, 469, 472, 474, 485, 486, 493, 501, 504, 510, 515, 516, 524, 543, 574, 576, 582, 593, 602, 603, 615, 617, 626, 640, 642, 657, 659, 670, 693, 697, 702, 705, 708, 710, 712, 716, 718, 728, 732, 743, 752, 764, 784, 787, 789, 796, 816, 820, 821, 823, 827, 828, 834, 838, 844, 854, 857]

[0, 4, 6, 8, 9, 12, 13, 15, 16, 17, 18, 19, 20, 24, 26, 28, 30, 32, 33, 34, 35, 38, 39, 40, 42, 46, 47, 48, 50, 51, 52, 53, 54, 56, 57, 62, 64, 66, 68, 69, 71, 72, 74, 75, 76, 79, 80, 81, 82, 84, 87, 88, 91, 92, 93, 96, 98, 101, 103, 104, 109, 113, 114, 115, 116, 117, 118, 121, 122, 126, 128, 130, 131, 133, 135, 136, 137, 138, 139, 140, 143, 144, 146, 149, 151, 152, 153, 156, 157, 160, 161, 162, 165, 166, 168, 169, 170, 172, 173, 175, 177, 178, 179, 180, 183, 184, 185, 186, 188, 189, 190, 191, 193, 195, 198, 200, 201, 204, 205, 206, 209, 213, 214, 216, 219, 220, 224, 226, 227, 228, 229, 231, 234, 238, 242, 244, 245, 247, 248, 249, 250, 253, 254, 255, 257, 259, 260, 261, 262, 263, 264, 265, 266, 269, 275, 276, 277, 278, 279, 280, 282, 284, 285, 286, 287, 289, 290, 291, 294, 295, 296, 297, 298, 299, 300, 301, 303, 306, 307, 308, 309, 310, 314, 316, 318, 320, 321, 323, 325, 326, 330, 331, 333, 336, 337, 343, 345, 346, 349, 352, 353, 354, 358, 360, 363, 364, 365, 366, 370, 371, 373, 375, 376, 378, 379, 380, 381, 383, 384, 385, 386, 387, 388, 390, 392, 393, 395, 396, 399, 400, 402, 403, 406, 407, 408, 409, 410, 411, 412, 413, 414, 416, 417, 420, 422, 423, 425, 427, 429, 434, 435, 437, 438, 439, 440, 442, 444, 445, 448, 450, 451, 453, 456, 457, 462, 463, 465, 466, 468, 469, 470, 473, 478, 482, 483, 487, 489, 490, 492, 493, 495, 496, 497, 498, 501, 502, 505, 506, 508, 510, 512, 513, 514, 516, 518, 520, 521, 522, 524, 525, 526, 528, 532, 534, 535, 536, 537, 538, 539, 540, 545, 546, 549, 550, 552, 553, 554, 556, 557, 558, 560, 561, 562, 563, 565, 566, 567, 568, 569, 573, 574, 576, 578, 579, 581, 584, 588, 589, 594, 595, 600, 601, 604, 605, 608, 609, 610, 613, 614, 617, 618, 619, 620, 622, 624, 625, 627, 629, 630, 633, 634, 635, 638, 640, 642, 644, 645, 646, 647, 650, 653, 655, 656, 657, 659, 661, 663, 664, 665, 666, 670, 671, 673, 674, 675, 678, 680, 681, 684, 687, 688, 689, 690, 691, 692, 693, 696, 697, 698, 703, 704, 706, 707, 708, 711, 713, 715, 717, 718, 720, 722, 723, 724, 726, 728, 730, 731, 732, 733, 734, 735, 736, 737, 738, 740, 742, 744, 745, 746, 747, 748, 752, 753, 756, 757, 758, 760, 761, 762, 763, 764, 766, 767, 768, 769, 771, 774, 779, 780, 784, 785, 786, 788, 789, 790, 791, 794, 795, 797, 798, 800, 804, 806, 809, 810, 811, 812, 813, 814, 815, 816, 817, 819, 821, 822, 823, 825, 827, 829, 830, 831, 833, 836, 838, 839, 840, 842, 843, 846, 847, 851, 852, 854, 855, 856, 860, 861, 862, 863, 867, 868, 869, 870, 872, 874, 882, 883, 884, 885, 886]
[7, 15, 25, 31, 45, 53, 59, 60, 61, 62, 70, 78, 85, 94, 101, 102, 105, 106, 108, 110, 112, 121, 124, 129, 132, 136, 141, 142, 146, 150, 156, 159, 171, 179, 188, 192, 195, 202, 207, 215, 217, 229, 251, 263, 265, 266, 281, 291, 325, 339, 346, 368, 382, 392, 397, 404, 407, 408, 410, 430, 431, 442, 446, 447, 451, 468, 469, 472, 474, 485, 486, 493, 501, 504, 510, 515, 516, 524, 543, 574, 576, 582, 593, 602, 603, 615, 617, 626, 640, 642, 657, 659, 670, 693, 697, 702, 705, 708, 710, 712, 716, 718, 728, 732, 743, 752, 764, 784, 787, 789, 796, 816, 820, 821, 823, 827, 828, 834, 838, 844, 854, 857]

[0, 4, 6, 8, 9, 12, 13, 15, 16, 17, 18, 19, 20, 24, 26, 28, 30, 32, 33, 34, 35, 38, 39, 40, 42, 46, 47, 48, 50, 51, 52, 53, 54, 56, 57, 62, 64, 66, 68, 69, 71, 72, 74, 75, 76, 79, 80, 81, 82, 84, 87, 88, 91, 92, 93, 96, 98, 99, 101, 103, 104, 109, 113, 114, 115, 116, 117, 118, 120, 121, 122, 126, 128, 130, 131, 133, 135, 136, 137, 138, 139, 140, 141, 143, 144, 146, 149, 151, 152, 153, 156, 157, 160, 161, 162, 165, 166, 168, 169, 170, 172, 173, 175, 177, 178, 179, 180, 183, 184, 185, 186, 188, 189, 190, 191, 193, 195, 196, 198, 200, 201, 204, 205, 206, 209, 213, 214, 216, 219, 220, 223, 224, 226, 227, 228, 229, 231, 234, 238, 242, 244, 245, 247, 248, 249, 250, 253, 254, 255, 257, 259, 260, 261, 262, 263, 264, 265, 266, 269, 275, 276, 277, 278, 279, 280, 282, 284, 285, 286, 287, 289, 290, 291, 294, 295, 296, 297, 298, 299, 300, 301, 303, 306, 307, 308, 309, 310, 313, 314, 316, 317, 318, 320, 321, 323, 325, 326, 330, 331, 333, 336, 337, 343, 344, 345, 346, 349, 352, 353, 354, 358, 360, 363, 364, 365, 366, 370, 371, 373, 375, 376, 378, 379, 380, 381, 383, 384, 385, 386, 387, 388, 390, 392, 393, 395, 396, 399, 400, 402, 403, 406, 407, 408, 409, 410, 411, 412, 413, 414, 416, 417, 420, 422, 423, 424, 425, 427, 429, 434, 435, 437, 438, 439, 440, 442, 444, 445, 448, 450, 451, 453, 454, 456, 457, 462, 463, 465, 466, 468, 469, 470, 473, 478, 482, 483, 487, 489, 490, 492, 493, 495, 496, 497, 498, 501, 502, 505, 506, 508, 510, 512, 513, 514, 516, 518, 520, 521, 522, 524, 525, 526, 528, 532, 533, 534, 535, 536, 537, 538, 539, 540, 545, 546, 549, 550, 551, 552, 553, 554, 556, 557, 558, 559, 560, 561, 562, 563, 565, 566, 567, 568, 569, 573, 574, 575, 576, 578, 579, 581, 584, 587, 588, 589, 594, 595, 600, 601, 604, 605, 608, 609, 610, 613, 614, 616, 617, 618, 619, 620, 621, 622, 624, 625, 627, 628, 629, 630, 633, 634, 635, 638, 640, 642, 644, 645, 646, 647, 650, 651, 653, 655, 656, 657, 659, 661, 663, 664, 665, 666, 670, 671, 673, 674, 675, 678, 680, 681, 684, 687, 688, 689, 690, 691, 692, 693, 695, 696, 697, 698, 703, 704, 706, 707, 708, 711, 713, 715, 717, 718, 720, 722, 723, 724, 726, 728, 730, 731, 732, 733, 734, 735, 736, 737, 738, 740, 742, 744, 745, 746, 747, 748, 752, 753, 756, 757, 758, 759, 760, 761, 762, 763, 764, 766, 767, 768, 769, 771, 774, 779, 780, 784, 785, 786, 788, 789, 790, 791, 794, 795, 797, 798, 800, 803, 804, 806, 809, 810, 811, 812, 813, 814, 815, 816, 817, 819, 820, 821, 822, 823, 825, 827, 829, 830, 831, 833, 836, 838, 839, 840, 842, 843, 846, 847, 849, 851, 852, 854, 855, 856, 860, 861, 862, 863, 867, 868, 869, 870, 872, 874, 876, 882, 883, 884, 885, 886]
[7, 15, 25, 31, 45, 53, 59, 60, 61, 62, 70, 78, 85, 94, 101, 102, 105, 106, 108, 110, 112, 121, 124, 129, 132, 136, 141, 142, 146, 150, 156, 159, 171, 179, 188, 192, 195, 202, 207, 215, 217, 229, 251, 263, 265, 266, 281, 291, 325, 339, 346, 368, 382, 392, 397, 404, 407, 408, 410, 430, 431, 442, 446, 447, 451, 468, 469, 472, 474, 485, 486, 493, 501, 504, 510, 515, 516, 524, 543, 574, 576, 582, 593, 602, 603, 615, 617, 626, 640, 642, 657, 659, 670, 693, 697, 702, 705, 708, 710, 712, 716, 718, 728, 732, 743, 752, 764, 784, 787, 789, 796, 816, 820, 821, 823, 827, 828, 834, 838, 844, 854, 857]

[0, 4, 6, 8, 9, 12, 13, 15, 16, 17, 18, 19, 20, 24, 26, 28, 30, 32, 33, 34, 35, 38, 39, 40, 42, 46, 47, 48, 50, 51, 52, 53, 54, 56, 57, 62, 64, 66, 68, 69, 71, 72, 73, 74, 75, 76, 79, 80, 81, 82, 84, 87, 88, 91, 92, 93, 96, 98, 99, 101, 103, 104, 109, 113, 114, 115, 116, 117, 118, 120, 121, 122, 126, 128, 130, 131, 132, 133, 135, 136, 137, 138, 139, 140, 141, 143, 144, 146, 149, 151, 152, 153, 156, 157, 160, 161, 162, 165, 166, 168, 169, 170, 172, 173, 175, 177, 178, 179, 180, 183, 184, 185, 186, 188, 189, 190, 191, 193, 195, 196, 198, 200, 201, 204, 205, 206, 209, 213, 214, 216, 219, 220, 223, 224, 226, 227, 228, 229, 231, 234, 236, 238, 240, 242, 244, 245, 247, 248, 249, 250, 253, 254, 255, 257, 259, 260, 261, 262, 263, 264, 265, 266, 268, 269, 271, 275, 276, 277, 278, 279, 280, 282, 284, 285, 286, 287, 288, 289, 290, 291, 294, 295, 296, 297, 298, 299, 300, 301, 303, 306, 307, 308, 309, 310, 313, 314, 316, 317, 318, 319, 320, 321, 323, 325, 326, 328, 329, 330, 331, 333, 336, 337, 340, 343, 344, 345, 346, 347, 349, 352, 353, 354, 356, 358, 360, 363, 364, 365, 366, 369, 370, 371, 373, 375, 376, 378, 379, 380, 381, 383, 384, 385, 386, 387, 388, 390, 391, 392, 393, 395, 396, 399, 400, 402, 403, 406, 407, 408, 409, 410, 411, 412, 413, 414, 416, 417, 420, 422, 423, 424, 425, 427, 429, 433, 434, 435, 437, 438, 439, 440, 442, 444, 445, 448, 450, 451, 453, 454, 456, 457, 462, 463, 465, 466, 468, 469, 470, 473, 478, 481, 482, 483, 487, 489, 490, 492, 493, 495, 496, 497, 498, 501, 502, 505, 506, 508, 510, 512, 513, 514, 516, 518, 520, 521, 522, 524, 525, 526, 528, 532, 533, 534, 535, 536, 537, 538, 539, 540, 544, 545, 546, 549, 550, 551, 552, 553, 554, 556, 557, 558, 559, 560, 561, 562, 563, 565, 566, 567, 568, 569, 573, 574, 575, 576, 578, 579, 581, 584, 587, 588, 589, 594, 595, 600, 601, 604, 605, 608, 609, 610, 613, 614, 616, 617, 618, 619, 620, 621, 622, 624, 625, 627, 628, 629, 630, 633, 634, 635, 638, 640, 642, 644, 645, 646, 647, 649, 650, 651, 653, 654, 655, 656, 657, 659, 661, 663, 664, 665, 666, 670, 671, 673, 674, 675, 678, 680, 681, 684, 687, 688, 689, 690, 691, 692, 693, 694, 695, 696, 697, 698, 701, 703, 704, 706, 707, 708, 711, 713, 715, 717, 718, 720, 722, 723, 724, 726, 728, 730, 731, 732, 733, 734, 735, 736, 737, 738, 740, 742, 744, 745, 746, 747, 748, 752, 753, 756, 757, 758, 759, 760, 761, 762, 763, 764, 765, 766, 767, 768, 769, 771, 773, 774, 779, 780, 784, 785, 786, 788, 789, 790, 791, 794, 795, 797, 798, 800, 803, 804, 806, 809, 810, 811, 812, 813, 814, 815, 816, 817, 819, 820, 821, 822, 823, 825, 827, 829, 830, 831, 833, 836, 838, 839, 840, 842, 843, 846, 847, 849, 851, 852, 854, 855, 856, 860, 861, 862, 863, 867, 868, 869, 870, 872, 874, 876, 882, 883, 884, 885, 886, 889]
[7, 15, 25, 31, 45, 53, 59, 60, 61, 62, 70, 78, 85, 94, 101, 102, 105, 106, 108, 110, 112, 121, 124, 129, 132, 136, 141, 142, 146, 150, 156, 159, 171, 179, 188, 192, 195, 202, 207, 215, 217, 229, 251, 263, 265, 266, 281, 291, 325, 339, 346, 368, 382, 392, 397, 404, 407, 408, 410, 430, 431, 442, 446, 447, 451, 468, 469, 472, 474, 485, 486, 493, 501, 504, 510, 515, 516, 524, 543, 574, 576, 582, 593, 602, 603, 615, 617, 626, 640, 642, 657, 659, 670, 693, 697, 702, 705, 708, 710, 712, 716, 718, 728, 732, 743, 752, 764, 784, 787, 789, 796, 816, 820, 821, 823, 827, 828, 834, 838, 844, 854, 857]

[0, 4, 6, 8, 9, 10, 12, 13, 15, 16, 17, 18, 19, 20, 24, 26, 28, 30, 32, 33, 34, 35, 38, 39, 40, 42, 46, 47, 48, 50, 51, 52, 53, 54, 55, 56, 57, 62, 64, 66, 68, 69, 71, 72, 73, 74, 75, 76, 79, 80, 81, 82, 84, 87, 88, 91, 92, 93, 96, 98, 99, 101, 103, 104, 107, 109, 110, 113, 114, 115, 116, 117, 118, 120, 121, 122, 125, 126, 128, 130, 131, 132, 133, 135, 136, 137, 138, 139, 140, 141, 143, 144, 146, 149, 151, 152, 153, 156, 157, 160, 161, 162, 165, 166, 168, 169, 170, 172, 173, 175, 177, 178, 179, 180, 183, 184, 185, 186, 188, 189, 190, 191, 193, 195, 196, 198, 200, 201, 204, 205, 206, 209, 213, 214, 216, 219, 220, 223, 224, 226, 227, 228, 229, 231, 234, 236, 238, 240, 242, 243, 244, 245, 247, 248, 249, 250, 253, 254, 255, 257, 259, 260, 261, 262, 263, 264, 265, 266, 268, 269, 271, 275, 276, 277, 278, 279, 280, 282, 284, 285, 286, 287, 288, 289, 290, 291, 294, 295, 296, 297, 298, 299, 300, 301, 303, 306, 307, 308, 309, 310, 311, 313, 314, 316, 317, 318, 319, 320, 321, 323, 325, 326, 328, 329, 330, 331, 333, 336, 337, 340, 343, 344, 345, 346, 347, 349, 351, 352, 353, 354, 356, 357, 358, 360, 361, 363, 364, 365, 366, 369, 370, 371, 373, 375, 376, 378, 379, 380, 381, 383, 384, 385, 386, 387, 388, 390, 391, 392, 393, 395, 396, 399, 400, 402, 403, 406, 407, 408, 409, 410, 411, 412, 413, 414, 416, 417, 420, 422, 423, 424, 425, 427, 429, 433, 434, 435, 437, 438, 439, 440, 442, 444, 445, 447, 448, 450, 451, 453, 454, 456, 457, 462, 463, 465, 466, 468, 469, 470, 473, 477, 478, 481, 482, 483, 487, 488, 489, 490, 492, 493, 495, 496, 497, 498, 501, 502, 505, 506, 508, 510, 512, 513, 514, 516, 518, 520, 521, 522, 524, 525, 526, 528, 532, 533, 534, 535, 536, 537, 538, 539, 540, 542, 544, 545, 546, 547, 549, 550, 551, 552, 553, 554, 556, 557, 558, 559, 560, 561, 562, 563, 565, 566, 567, 568, 569, 573, 574, 575, 576, 578, 579, 581, 584, 587, 588, 589, 594, 595, 600, 601, 604, 605, 608, 609, 610, 613, 614, 616, 617, 618, 619, 620, 621, 622, 623, 624, 625, 627, 628, 629, 630, 633, 634, 635, 636, 638, 640, 642, 644, 645, 646, 647, 649, 650, 651, 653, 654, 655, 656, 657, 659, 661, 663, 664, 665, 666, 670, 671, 673, 674, 675, 678, 680, 681, 684, 687, 688, 689, 690, 691, 692, 693, 694, 695, 696, 697, 698, 699, 701, 703, 704, 706, 707, 708, 711, 713, 715, 716, 717, 718, 719, 720, 722, 723, 724, 726, 728, 730, 731, 732, 733, 734, 735, 736, 737, 738, 740, 742, 744, 745, 746, 747, 748, 752, 753, 754, 756, 757, 758, 759, 760, 761, 762, 763, 764, 765, 766, 767, 768, 769, 771, 773, 774, 779, 780, 781, 784, 785, 786, 788, 789, 790, 791, 794, 795, 797, 798, 800, 803, 804, 806, 807, 808, 809, 810, 811, 812, 813, 814, 815, 816, 817, 819, 820, 821, 822, 823, 825, 827, 829, 830, 831, 833, 836, 838, 839, 840, 842, 843, 846, 847, 849, 850, 851, 852, 854, 855, 856, 860, 861, 862, 863, 867, 868, 869, 870, 872, 874, 876, 882, 883, 884, 885, 886, 889]
[7, 15, 25, 31, 45, 53, 59, 60, 61, 62, 70, 78, 85, 94, 101, 102, 105, 106, 108, 110, 112, 121, 124, 129, 132, 136, 141, 142, 146, 150, 156, 159, 171, 179, 188, 192, 195, 202, 207, 215, 217, 229, 251, 263, 265, 266, 281, 291, 325, 339, 346, 368, 382, 392, 397, 404, 407, 408, 410, 430, 431, 442, 446, 447, 451, 468, 469, 472, 474, 485, 486, 493, 501, 504, 510, 515, 516, 524, 543, 574, 576, 582, 593, 602, 603, 615, 617, 626, 640, 642, 657, 659, 670, 693, 697, 702, 705, 708, 710, 712, 716, 718, 728, 732, 743, 752, 764, 784, 787, 789, 796, 816, 820, 821, 823, 827, 828, 834, 838, 844, 854, 857]

[0, 4, 6, 8, 9, 10, 11, 12, 13, 15, 16, 17, 18, 19, 20, 24, 25, 26, 27, 28, 30, 32, 33, 34, 35, 38, 39, 40, 42, 46, 47, 48, 50, 51, 52, 53, 54, 55, 56, 57, 59, 61, 62, 64, 65, 66, 68, 69, 71, 72, 73, 74, 75, 76, 77, 79, 80, 81, 82, 84, 87, 88, 91, 92, 93, 96, 98, 99, 101, 103, 104, 105, 107, 109, 110, 113, 114, 115, 116, 117, 118, 120, 121, 122, 125, 126, 128, 130, 131, 132, 133, 135, 136, 137, 138, 139, 140, 141, 143, 144, 146, 149, 151, 152, 153, 156, 157, 160, 161, 162, 165, 166, 168, 169, 170, 172, 173, 175, 177, 178, 179, 180, 183, 184, 185, 186, 187, 188, 189, 190, 191, 193, 195, 196, 198, 200, 201, 204, 205, 206, 208, 209, 213, 214, 216, 219, 220, 223, 224, 226, 227, 228, 229, 231, 234, 236, 238, 240, 242, 243, 244, 245, 247, 248, 249, 250, 252, 253, 254, 255, 257, 259, 260, 261, 262, 263, 264, 265, 266, 268, 269, 271, 275, 276, 277, 278, 279, 280, 282, 284, 285, 286, 287, 288, 289, 290, 291, 294, 295, 296, 297, 298, 299, 300, 301, 303, 306, 307, 308, 309, 310, 311, 313, 314, 316, 317, 318, 319, 320, 321, 323, 325, 326, 328, 329, 330, 331, 333, 336, 337, 338, 340, 343, 344, 345, 346, 347, 349, 351, 352, 353, 354, 356, 357, 358, 360, 361, 363, 364, 365, 366, 369, 370, 371, 373, 374, 375, 376, 378, 379, 380, 381, 383, 384, 385, 386, 387, 388, 389, 390, 391, 392, 393, 395, 396, 399, 400, 402, 403, 406, 407, 408, 409, 410, 411, 412, 413, 414, 416, 417, 419, 420, 422, 423, 424, 425, 427, 429, 430, 433, 434, 435, 437, 438, 439, 440, 442, 444, 445, 447, 448, 450, 451, 453, 454, 456, 457, 462, 463, 465, 466, 468, 469, 470, 473, 477, 478, 481, 482, 483, 486, 487, 488, 489, 490, 492, 493, 495, 496, 497, 498, 501, 502, 505, 506, 508, 510, 512, 513, 514, 515, 516, 518, 520, 521, 522, 524, 525, 526, 528, 532, 533, 534, 535, 536, 537, 538, 539, 540, 542, 544, 545, 546, 547, 549, 550, 551, 552, 553, 554, 555, 556, 557, 558, 559, 560, 561, 562, 563, 565, 566, 567, 568, 569, 573, 574, 575, 576, 578, 579, 581, 584, 587, 588, 589, 594, 595, 600, 601, 603, 604, 605, 608, 609, 610, 612, 613, 614, 616, 617, 618, 619, 620, 621, 622, 623, 624, 625, 627, 628, 629, 630, 633, 634, 635, 636, 638, 640, 642, 644, 645, 646, 647, 649, 650, 651, 653, 654, 655, 656, 657, 659, 661, 663, 664, 665, 666, 667, 670, 671, 673, 674, 675, 678, 679, 680, 681, 684, 687, 688, 689, 690, 691, 692, 693, 694, 695, 696, 697, 698, 699, 701, 703, 704, 706, 707, 708, 711, 713, 714, 715, 716, 717, 718, 719, 720, 722, 723, 724, 726, 728, 730, 731, 732, 733, 734, 735, 736, 737, 738, 740, 742, 744, 745, 746, 747, 748, 752, 753, 754, 756, 757, 758, 759, 760, 761, 762, 763, 764, 765, 766, 767, 768, 769, 771, 773, 774, 779, 780, 781, 784, 785, 786, 788, 789, 790, 791, 794, 795, 797, 798, 800, 803, 804, 806, 807, 808, 809, 810, 811, 812, 813, 814, 815, 816, 817, 819, 820, 821, 822, 823, 825, 826, 827, 829, 830, 831, 833, 836, 838, 839, 840, 842, 843, 846, 847, 849, 850, 851, 852, 854, 855, 856, 860, 861, 862, 863, 867, 868, 869, 870, 872, 874, 876, 882, 883, 884, 885, 886, 889]
[7, 15, 25, 31, 45, 53, 59, 60, 61, 62, 70, 78, 85, 94, 101, 102, 105, 106, 108, 110, 112, 121, 124, 129, 132, 136, 141, 142, 146, 150, 156, 159, 171, 179, 188, 192, 195, 202, 207, 215, 217, 229, 251, 263, 265, 266, 281, 291, 325, 339, 346, 368, 382, 392, 397, 404, 407, 408, 410, 430, 431, 442, 446, 447, 451, 468, 469, 472, 474, 485, 486, 493, 501, 504, 510, 515, 516, 524, 543, 574, 576, 582, 593, 602, 603, 615, 617, 626, 640, 642, 657, 659, 670, 693, 697, 702, 705, 708, 710, 712, 716, 718, 728, 732, 743, 752, 764, 784, 787, 789, 796, 816, 820, 821, 823, 827, 828, 834, 838, 844, 854, 857]

[0, 4, 6, 8, 9, 10, 11, 12, 13, 15, 16, 17, 18, 19, 20, 24, 25, 26, 27, 28, 30, 31, 32, 33, 34, 35, 38, 39, 40, 42, 46, 47, 48, 50, 51, 52, 53, 54, 55, 56, 57, 59, 61, 62, 64, 65, 66, 67, 68, 69, 71, 72, 73, 74, 75, 76, 77, 79, 80, 81, 82, 84, 87, 88, 91, 92, 93, 96, 98, 99, 101, 103, 104, 105, 107, 109, 110, 111, 112, 113, 114, 115, 116, 117, 118, 120, 121, 122, 125, 126, 127, 128, 130, 131, 132, 133, 135, 136, 137, 138, 139, 140, 141, 143, 144, 146, 149, 151, 152, 153, 156, 157, 159, 160, 161, 162, 165, 166, 168, 169, 170, 172, 173, 175, 177, 178, 179, 180, 183, 184, 185, 186, 187, 188, 189, 190, 191, 193, 195, 196, 198, 200, 201, 204, 205, 206, 208, 209, 213, 214, 216, 219, 220, 221, 223, 224, 226, 227, 228, 229, 231, 234, 236, 238, 240, 242, 243, 244, 245, 247, 248, 249, 250, 251, 252, 253, 254, 255, 257, 259, 260, 261, 262, 263, 264, 265, 266, 268, 269, 271, 275, 276, 277, 278, 279, 280, 282, 283, 284, 285, 286, 287, 288, 289, 290, 291, 293, 294, 295, 296, 297, 298, 299, 300, 301, 303, 306, 307, 308, 309, 310, 311, 313, 314, 316, 317, 318, 319, 320, 321, 323, 325, 326, 328, 329, 330, 331, 333, 336, 337, 338, 340, 343, 344, 345, 346, 347, 349, 351, 352, 353, 354, 356, 357, 358, 360, 361, 363, 364, 365, 366, 369, 370, 371, 373, 374, 375, 376, 378, 379, 380, 381, 383, 384, 385, 386, 387, 388, 389, 390, 391, 392, 393, 395, 396, 399, 400, 401, 402, 403, 406, 407, 408, 409, 410, 411, 412, 413, 414, 416, 417, 419, 420, 422, 423, 424, 425, 427, 428, 429, 430, 432, 433, 434, 435, 437, 438, 439, 440, 442, 444, 445, 447, 448, 450, 451, 453, 454, 456, 457, 462, 463, 465, 466, 468, 469, 470, 473, 477, 478, 481, 482, 483, 486, 487, 488, 489, 490, 492, 493, 495, 496, 497, 498, 501, 502, 505, 506, 508, 510, 512, 513, 514, 515, 516, 517, 518, 519, 520, 521, 522, 523, 524, 525, 526, 528, 532, 533, 534, 535, 536, 537, 538, 539, 540, 542, 544, 545, 546, 547, 549, 550, 551, 552, 553, 554, 555, 556, 557, 558, 559, 560, 561, 562, 563, 565, 566, 567, 568, 569, 571, 573, 574, 575, 576, 578, 579, 581, 582, 584, 587, 588, 589, 594, 595, 599, 600, 601, 603, 604, 605, 608, 609, 610, 612, 613, 614, 616, 617, 618, 619, 620, 621, 622, 623, 624, 625, 627, 628, 629, 630, 633, 634, 635, 636, 638, 640, 642, 644, 645, 646, 647, 648, 649, 650, 651, 653, 654, 655, 656, 657, 659, 661, 663, 664, 665, 666, 667, 670, 671, 673, 674, 675, 676, 678, 679, 680, 681, 684, 687, 688, 689, 690, 691, 692, 693, 694, 695, 696, 697, 698, 699, 701, 703, 704, 706, 707, 708, 711, 713, 714, 715, 716, 717, 718, 719, 720, 722, 723, 724, 726, 728, 730, 731, 732, 733, 734, 735, 736, 737, 738, 740, 742, 744, 745, 746, 747, 748, 749, 752, 753, 754, 756, 757, 758, 759, 760, 761, 762, 763, 764, 765, 766, 767, 768, 769, 771, 773, 774, 779, 780, 781, 784, 785, 786, 788, 789, 790, 791, 794, 795, 797, 798, 800, 801, 803, 804, 806, 807, 808, 809, 810, 811, 812, 813, 814, 815, 816, 817, 819, 820, 821, 822, 823, 825, 826, 827, 829, 830, 831, 833, 836, 838, 839, 840, 842, 843, 846, 847, 849, 850, 851, 852, 854, 855, 856, 857, 860, 861, 862, 863, 867, 868, 869, 870, 872, 874, 876, 879, 882, 883, 884, 885, 886, 889]
[7, 15, 25, 31, 45, 53, 59, 60, 61, 62, 70, 78, 85, 94, 101, 102, 105, 106, 108, 110, 112, 121, 124, 129, 132, 136, 141, 142, 146, 150, 156, 159, 171, 179, 188, 192, 195, 202, 207, 215, 217, 229, 251, 263, 265, 266, 281, 291, 325, 339, 346, 368, 382, 392, 397, 404, 407, 408, 410, 430, 431, 442, 446, 447, 451, 468, 469, 472, 474, 485, 486, 493, 501, 504, 510, 515, 516, 524, 543, 574, 576, 582, 593, 602, 603, 615, 617, 626, 640, 642, 657, 659, 670, 693, 697, 702, 705, 708, 710, 712, 716, 718, 728, 732, 743, 752, 764, 784, 787, 789, 796, 816, 820, 821, 823, 827, 828, 834, 838, 844, 854, 857]

[0, 4, 6, 7, 8, 9, 10, 11, 12, 13, 15, 16, 17, 18, 19, 20, 24, 25, 26, 27, 28, 30, 31, 32, 33, 34, 35, 38, 39, 40, 42, 46, 47, 48, 50, 51, 52, 53, 54, 55, 56, 57, 59, 61, 62, 64, 65, 66, 67, 68, 69, 71, 72, 73, 74, 75, 76, 77, 79, 80, 81, 82, 83, 84, 87, 88, 91, 92, 93, 94, 96, 98, 99, 101, 103, 104, 105, 107, 109, 110, 111, 112, 113, 114, 115, 116, 117, 118, 120, 121, 122, 125, 126, 127, 128, 130, 131, 132, 133, 135, 136, 137, 138, 139, 140, 141, 142, 143, 144, 145, 146, 149, 150, 151, 152, 153, 156, 157, 159, 160, 161, 162, 165, 166, 168, 169, 170, 172, 173, 174, 175, 177, 178, 179, 180, 183, 184, 185, 186, 187, 188, 189, 190, 191, 193, 195, 196, 198, 200, 201, 204, 205, 206, 208, 209, 213, 214, 216, 219, 220, 221, 223, 224, 226, 227, 228, 229, 231, 234, 236, 237, 238, 240, 242, 243, 244, 245, 247, 248, 249, 250, 251, 252, 253, 254, 255, 257, 259, 260, 261, 262, 263, 264, 265, 266, 268, 269, 271, 275, 276, 277, 278, 279, 280, 282, 283, 284, 285, 286, 287, 288, 289, 290, 291, 293, 294, 295, 296, 297, 298, 299, 300, 301, 303, 306, 307, 308, 309, 310, 311, 312, 313, 314, 316, 317, 318, 319, 320, 321, 323, 325, 326, 328, 329, 330, 331, 333, 336, 337, 338, 340, 343, 344, 345, 346, 347, 349, 351, 352, 353, 354, 355, 356, 357, 358, 360, 361, 363, 364, 365, 366, 369, 370, 371, 373, 374, 375, 376, 378, 379, 380, 381, 382, 383, 384, 385, 386, 387, 388, 389, 390, 391, 392, 393, 395, 396, 399, 400, 401, 402, 403, 406, 407, 408, 409, 410, 411, 412, 413, 414, 416, 417, 419, 420, 422, 423, 424, 425, 427, 428, 429, 430, 432, 433, 434, 435, 437, 438, 439, 440, 442, 444, 445, 447, 448, 450, 451, 453, 454, 456, 457, 462, 463, 465, 466, 468, 469, 470, 471, 473, 474, 477, 478, 481, 482, 483, 486, 487, 488, 489, 490, 492, 493, 495, 496, 497, 498, 501, 502, 505, 506, 508, 510, 512, 513, 514, 515, 516, 517, 518, 519, 520, 521, 522, 523, 524, 525, 526, 528, 532, 533, 534, 535, 536, 537, 538, 539, 540, 542, 544, 545, 546, 547, 549, 550, 551, 552, 553, 554, 555, 556, 557, 558, 559, 560, 561, 562, 563, 565, 566, 567, 568, 569, 570, 571, 573, 574, 575, 576, 577, 578, 579, 581, 582, 584, 587, 588, 589, 590, 594, 595, 599, 600, 601, 603, 604, 605, 608, 609, 610, 612, 613, 614, 616, 617, 618, 619, 620, 621, 622, 623, 624, 625, 626, 627, 628, 629, 630, 633, 634, 635, 636, 638, 640, 642, 644, 645, 646, 647, 648, 649, 650, 651, 652, 653, 654, 655, 656, 657, 659, 661, 663, 664, 665, 666, 667, 670, 671, 673, 674, 675, 676, 678, 679, 680, 681, 684, 687, 688, 689, 690, 691, 692, 693, 694, 695, 696, 697, 698, 699, 701, 703, 704, 705, 706, 707, 708, 710, 711, 713, 714, 715, 716, 717, 718, 719, 720, 722, 723, 724, 726, 728, 730, 731, 732, 733, 734, 735, 736, 737, 738, 740, 742, 744, 745, 746, 747, 748, 749, 751, 752, 753, 754, 756, 757, 758, 759, 760, 761, 762, 763, 764, 765, 766, 767, 768, 769, 771, 773, 774, 776, 779, 780, 781, 784, 785, 786, 788, 789, 790, 791, 794, 795, 797, 798, 800, 801, 803, 804, 806, 807, 808, 809, 810, 811, 812, 813, 814, 815, 816, 817, 819, 820, 821, 822, 823, 825, 826, 827, 829, 830, 831, 833, 835, 836, 838, 839, 840, 842, 843, 846, 847, 849, 850, 851, 852, 854, 855, 856, 857, 860, 861, 862, 863, 867, 868, 869, 870, 871, 872, 873, 874, 876, 879, 882, 883, 884, 885, 886, 889]
[7, 15, 25, 31, 45, 53, 59, 60, 61, 62, 70, 78, 85, 94, 101, 102, 105, 106, 108, 110, 112, 121, 124, 129, 132, 136, 141, 142, 146, 150, 156, 159, 171, 179, 188, 192, 195, 202, 207, 215, 217, 229, 251, 263, 265, 266, 281, 291, 325, 339, 346, 368, 382, 392, 397, 404, 407, 408, 410, 430, 431, 442, 446, 447, 451, 468, 469, 472, 474, 485, 486, 493, 501, 504, 510, 515, 516, 524, 543, 574, 576, 582, 593, 602, 603, 615, 617, 626, 640, 642, 657, 659, 670, 693, 697, 702, 705, 708, 710, 712, 716, 718, 728, 732, 743, 752, 764, 784, 787, 789, 796, 816, 820, 821, 823, 827, 828, 834, 838, 844, 854, 857]

[0, 4, 6, 7, 8, 9, 10, 11, 12, 13, 15, 16, 17, 18, 19, 20, 22, 24, 25, 26, 27, 28, 30, 31, 32, 33, 34, 35, 38, 39, 40, 42, 46, 47, 48, 49, 50, 51, 52, 53, 54, 55, 56, 57, 58, 59, 61, 62, 64, 65, 66, 67, 68, 69, 71, 72, 73, 74, 75, 76, 77, 79, 80, 81, 82, 83, 84, 87, 88, 91, 92, 93, 94, 96, 98, 99, 101, 103, 104, 105, 107, 109, 110, 111, 112, 113, 114, 115, 116, 117, 118, 120, 121, 122, 125, 126, 127, 128, 129, 130, 131, 132, 133, 135, 136, 137, 138, 139, 140, 141, 142, 143, 144, 145, 146, 149, 150, 151, 152, 153, 156, 157, 159, 160, 161, 162, 165, 166, 168, 169, 170, 171, 172, 173, 174, 175, 176, 177, 178, 179, 180, 182, 183, 184, 185, 186, 187, 188, 189, 190, 191, 193, 195, 196, 198, 200, 201, 203, 204, 205, 206, 208, 209, 213, 214, 215, 216, 219, 220, 221, 223, 224, 226, 227, 228, 229, 231, 232, 234, 236, 237, 238, 240, 241, 242, 243, 244, 245, 247, 248, 249, 250, 251, 252, 253, 254, 255, 257, 258, 259, 260, 261, 262, 263, 264, 265, 266, 268, 269, 271, 275, 276, 277, 278, 279, 280, 282, 283, 284, 285, 286, 287, 288, 289, 290, 291, 293, 294, 295, 296, 297, 298, 299, 300, 301, 302, 303, 306, 307, 308, 309, 310, 311, 312, 313, 314, 316, 317, 318, 319, 320, 321, 323, 325, 326, 328, 329, 330, 331, 333, 336, 337, 338, 340, 342, 343, 344, 345, 346, 347, 349, 350, 351, 352, 353, 354, 355, 356, 357, 358, 359, 360, 361, 362, 363, 364, 365, 366, 369, 370, 371, 373, 374, 375, 376, 378, 379, 380, 381, 382, 383, 384, 385, 386, 387, 388, 389, 390, 391, 392, 393, 395, 396, 399, 400, 401, 402, 403, 406, 407, 408, 409, 410, 411, 412, 413, 414, 416, 417, 419, 420, 422, 423, 424, 425, 427, 428, 429, 430, 432, 433, 434, 435, 437, 438, 439, 440, 442, 444, 445, 447, 448, 449, 450, 451, 452, 453, 454, 456, 457, 462, 463, 465, 466, 468, 469, 470, 471, 473, 474, 477, 478, 481, 482, 483, 486, 487, 488, 489, 490, 492, 493, 495, 496, 497, 498, 501, 502, 505, 506, 508, 510, 512, 513, 514, 515, 516, 517, 518, 519, 520, 521, 522, 523, 524, 525, 526, 528, 532, 533, 534, 535, 536, 537, 538, 539, 540, 542, 544, 545, 546, 547, 549, 550, 551, 552, 553, 554, 555, 556, 557, 558, 559, 560, 561, 562, 563, 565, 566, 567, 568, 569, 570, 571, 573, 574, 575, 576, 577, 578, 579, 581, 582, 584, 587, 588, 589, 590, 592, 594, 595, 599, 600, 601, 603, 604, 605, 608, 609, 610, 612, 613, 614, 616, 617, 618, 619, 620, 621, 622, 623, 624, 625, 626, 627, 628, 629, 630, 631, 633, 634, 635, 636, 638, 640, 642, 643, 644, 645, 646, 647, 648, 649, 650, 651, 652, 653, 654, 655, 656, 657, 659, 661, 663, 664, 665, 666, 667, 670, 671, 673, 674, 675, 676, 678, 679, 680, 681, 684, 687, 688, 689, 690, 691, 692, 693, 694, 695, 696, 697, 698, 699, 701, 703, 704, 705, 706, 707, 708, 710, 711, 713, 714, 715, 716, 717, 718, 719, 720, 722, 723, 724, 726, 728, 730, 731, 732, 733, 734, 735, 736, 737, 738, 740, 742, 744, 745, 746, 747, 748, 749, 751, 752, 753, 754, 756, 757, 758, 759, 760, 761, 762, 763, 764, 765, 766, 767, 768, 769, 771, 773, 774, 776, 779, 780, 781, 782, 784, 785, 786, 788, 789, 790, 791, 794, 795, 797, 798, 800, 801, 802, 803, 804, 806, 807, 808, 809, 810, 811, 812, 813, 814, 815, 816, 817, 819, 820, 821, 822, 823, 824, 825, 826, 827, 829, 830, 831, 833, 835, 836, 838, 839, 840, 842, 843, 846, 847, 849, 850, 851, 852, 854, 855, 856, 857, 860, 861, 862, 863, 867, 868, 869, 870, 871, 872, 873, 874, 876, 879, 882, 883, 884, 885, 886, 889]
[7, 15, 25, 31, 45, 53, 59, 60, 61, 62, 70, 78, 85, 94, 101, 102, 105, 106, 108, 110, 112, 121, 124, 129, 132, 136, 141, 142, 146, 150, 156, 159, 171, 179, 188, 192, 195, 202, 207, 215, 217, 229, 251, 263, 265, 266, 281, 291, 325, 339, 346, 368, 382, 392, 397, 404, 407, 408, 410, 430, 431, 442, 446, 447, 451, 468, 469, 472, 474, 485, 486, 493, 501, 504, 510, 515, 516, 524, 543, 574, 576, 582, 593, 602, 603, 615, 617, 626, 640, 642, 657, 659, 670, 693, 697, 702, 705, 708, 710, 712, 716, 718, 728, 732, 743, 752, 764, 784, 787, 789, 796, 816, 820, 821, 823, 827, 828, 834, 838, 844, 854, 857]

[0, 1, 4, 6, 7, 8, 9, 10, 11, 12, 13, 14, 15, 16, 17, 18, 19, 20, 22, 23, 24, 25, 26, 27, 28, 29, 30, 31, 32, 33, 34, 35, 38, 39, 40, 42, 46, 47, 48, 49, 50, 51, 52, 53, 54, 55, 56, 57, 58, 59, 61, 62, 64, 65, 66, 67, 68, 69, 71, 72, 73, 74, 75, 76, 77, 79, 80, 81, 82, 83, 84, 87, 88, 91, 92, 93, 94, 96, 98, 99, 101, 103, 104, 105, 107, 109, 110, 111, 112, 113, 114, 115, 116, 117, 118, 120, 121, 122, 123, 125, 126, 127, 128, 129, 130, 131, 132, 133, 135, 136, 137, 138, 139, 140, 141, 142, 143, 144, 145, 146, 147, 149, 150, 151, 152, 153, 156, 157, 159, 160, 161, 162, 165, 166, 168, 169, 170, 171, 172, 173, 174, 175, 176, 177, 178, 179, 180, 182, 183, 184, 185, 186, 187, 188, 189, 190, 191, 193, 194, 195, 196, 197, 198, 200, 201, 203, 204, 205, 206, 207, 208, 209, 213, 214, 215, 216, 219, 220, 221, 223, 224, 226, 227, 228, 229, 231, 232, 234, 236, 237, 238, 240, 241, 242, 243, 244, 245, 247, 248, 249, 250, 251, 252, 253, 254, 255, 257, 258, 259, 260, 261, 262, 263, 264, 265, 266, 268, 269, 271, 275, 276, 277, 278, 279, 280, 282, 283, 284, 285, 286, 287, 288, 289, 290, 291, 293, 294, 295, 296, 297, 298, 299, 300, 301, 302, 303, 306, 307, 308, 309, 310, 311, 312, 313, 314, 316, 317, 318, 319, 320, 321, 323, 325, 326, 328, 329, 330, 331, 333, 336, 337, 338, 339, 340, 342, 343, 344, 345, 346, 347, 349, 350, 351, 352, 353, 354, 355, 356, 357, 358, 359, 360, 361, 362, 363, 364, 365, 366, 369, 370, 371, 373, 374, 375, 376, 378, 379, 380, 381, 382, 383, 384, 385, 386, 387, 388, 389, 390, 391, 392, 393, 394, 395, 396, 399, 400, 401, 402, 403, 406, 407, 408, 409, 410, 411, 412, 413, 414, 416, 417, 419, 420, 422, 423, 424, 425, 427, 428, 429, 430, 431, 432, 433, 434, 435, 437, 438, 439, 440, 442, 444, 445, 447, 448, 449, 450, 451, 452, 453, 454, 456, 457, 460, 461, 462, 463, 465, 466, 467, 468, 469, 470, 471, 473, 474, 476, 477, 478, 481, 482, 483, 486, 487, 488, 489, 490, 492, 493, 495, 496, 497, 498, 501, 502, 505, 506, 508, 510, 512, 513, 514, 515, 516, 517, 518, 519, 520, 521, 522, 523, 524, 525, 526, 528, 532, 533, 534, 535, 536, 537, 538, 539, 540, 542, 544, 545, 546, 547, 549, 550, 551, 552, 553, 554, 555, 556, 557, 558, 559, 560, 561, 562, 563, 565, 566, 567, 568, 569, 570, 571, 573, 574, 575, 576, 577, 578, 579, 581, 582, 584, 587, 588, 589, 590, 592, 594, 595, 599, 600, 601, 603, 604, 605, 607, 608, 609, 610, 612, 613, 614, 616, 617, 618, 619, 620, 621, 622, 623, 624, 625, 626, 627, 628, 629, 630, 631, 633, 634, 635, 636, 638, 640, 641, 642, 643, 644, 645, 646, 647, 648, 649, 650, 651, 652, 653, 654, 655, 656, 657, 659, 661, 663, 664, 665, 666, 667, 668, 670, 671, 673, 674, 675, 676, 678, 679, 680, 681, 684, 687, 688, 689, 690, 691, 692, 693, 694, 695, 696, 697, 698, 699, 701, 703, 704, 705, 706, 707, 708, 710, 711, 713, 714, 715, 716, 717, 718, 719, 720, 721, 722, 723, 724, 726, 728, 730, 731, 732, 733, 734, 735, 736, 737, 738, 740, 742, 744, 745, 746, 747, 748, 749, 751, 752, 753, 754, 756, 757, 758, 759, 760, 761, 762, 763, 764, 765, 766, 767, 768, 769, 771, 773, 774, 776, 779, 780, 781, 782, 784, 785, 786, 788, 789, 790, 791, 794, 795, 797, 798, 800, 801, 802, 803, 804, 805, 806, 807, 808, 809, 810, 811, 812, 813, 814, 815, 816, 817, 819, 820, 821, 822, 823, 824, 825, 826, 827, 829, 830, 831, 832, 833, 835, 836, 838, 839, 840, 842, 843, 845, 846, 847, 849, 850, 851, 852, 854, 855, 856, 857, 859, 860, 861, 862, 863, 866, 867, 868, 869, 870, 871, 872, 873, 874, 876, 879, 882, 883, 884, 885, 886, 889]
[7, 15, 25, 31, 45, 53, 59, 60, 61, 62, 70, 78, 85, 94, 101, 102, 105, 106, 108, 110, 112, 121, 124, 129, 132, 136, 141, 142, 146, 150, 156, 159, 171, 179, 188, 192, 195, 202, 207, 215, 217, 229, 251, 263, 265, 266, 281, 291, 325, 339, 346, 368, 382, 392, 397, 404, 407, 408, 410, 430, 431, 442, 446, 447, 451, 468, 469, 472, 474, 485, 486, 493, 501, 504, 510, 515, 516, 524, 543, 574, 576, 582, 593, 602, 603, 615, 617, 626, 640, 642, 657, 659, 670, 693, 697, 702, 705, 708, 710, 712, 716, 718, 728, 732, 743, 752, 764, 784, 787, 789, 796, 816, 820, 821, 823, 827, 828, 834, 838, 844, 854, 857]

[0, 1, 2, 4, 6, 7, 8, 9, 10, 11, 12, 13, 14, 15, 16, 17, 18, 19, 20, 22, 23, 24, 25, 26, 27, 28, 29, 30, 31, 32, 33, 34, 35, 36, 38, 39, 40, 41, 42, 45, 46, 47, 48, 49, 50, 51, 52, 53, 54, 55, 56, 57, 58, 59, 61, 62, 64, 65, 66, 67, 68, 69, 71, 72, 73, 74, 75, 76, 77, 78, 79, 80, 81, 82, 83, 84, 87, 88, 91, 92, 93, 94, 96, 98, 99, 101, 103, 104, 105, 107, 109, 110, 111, 112, 113, 114, 115, 116, 117, 118, 120, 121, 122, 123, 124, 125, 126, 127, 128, 129, 130, 131, 132, 133, 134, 135, 136, 137, 138, 139, 140, 141, 142, 143, 144, 145, 146, 147, 149, 150, 151, 152, 153, 156, 157, 159, 160, 161, 162, 164, 165, 166, 168, 169, 170, 171, 172, 173, 174, 175, 176, 177, 178, 179, 180, 182, 183, 184, 185, 186, 187, 188, 189, 190, 191, 193, 194, 195, 196, 197, 198, 200, 201, 203, 204, 205, 206, 207, 208, 209, 213, 214, 215, 216, 219, 220, 221, 223, 224, 226, 227, 228, 229, 231, 232, 234, 236, 237, 238, 240, 241, 242, 243, 244, 245, 247, 248, 249, 250, 251, 252, 253, 254, 255, 257, 258, 259, 260, 261, 262, 263, 264, 265, 266, 268, 269, 271, 275, 276, 277, 278, 279, 280, 282, 283, 284, 285, 286, 287, 288, 289, 290, 291, 293, 294, 295, 296, 297, 298, 299, 300, 301, 302, 303, 304, 306, 307, 308, 309, 310, 311, 312, 313, 314, 316, 317, 318, 319, 320, 321, 323, 325, 326, 328, 329, 330, 331, 333, 336, 337, 338, 339, 340, 342, 343, 344, 345, 346, 347, 349, 350, 351, 352, 353, 354, 355, 356, 357, 358, 359, 360, 361, 362, 363, 364, 365, 366, 368, 369, 370, 371, 373, 374, 375, 376, 378, 379, 380, 381, 382, 383, 384, 385, 386, 387, 388, 389, 390, 391, 392, 393, 394, 395, 396, 399, 400, 401, 402, 403, 406, 407, 408, 409, 410, 411, 412, 413, 414, 416, 417, 419, 420, 422, 423, 424, 425, 427, 428, 429, 430, 431, 432, 433, 434, 435, 437, 438, 439, 440, 442, 444, 445, 446, 447, 448, 449, 450, 451, 452, 453, 454, 455, 456, 457, 460, 461, 462, 463, 465, 466, 467, 468, 469, 470, 471, 473, 474, 476, 477, 478, 481, 482, 483, 485, 486, 487, 488, 489, 490, 492, 493, 495, 496, 497, 498, 500, 501, 502, 503, 505, 506, 508, 510, 512, 513, 514, 515, 516, 517, 518, 519, 520, 521, 522, 523, 524, 525, 526, 528, 532, 533, 534, 535, 536, 537, 538, 539, 540, 542, 544, 545, 546, 547, 549, 550, 551, 552, 553, 554, 555, 556, 557, 558, 559, 560, 561, 562, 563, 565, 566, 567, 568, 569, 570, 571, 573, 574, 575, 576, 577, 578, 579, 581, 582, 584, 586, 587, 588, 589, 590, 592, 594, 595, 596, 599, 600, 601, 603, 604, 605, 607, 608, 609, 610, 612, 613, 614, 616, 617, 618, 619, 620, 621, 622, 623, 624, 625, 626, 627, 628, 629, 630, 631, 633, 634, 635, 636, 638, 640, 641, 642, 643, 644, 645, 646, 647, 648, 649, 650, 651, 652, 653, 654, 655, 656, 657, 659, 661, 663, 664, 665, 666, 667, 668, 669, 670, 671, 673, 674, 675, 676, 678, 679, 680, 681, 684, 687, 688, 689, 690, 691, 692, 693, 694, 695, 696, 697, 698, 699, 701, 703, 704, 705, 706, 707, 708, 710, 711, 713, 714, 715, 716, 717, 718, 719, 720, 721, 722, 723, 724, 726, 728, 730, 731, 732, 733, 734, 735, 736, 737, 738, 740, 742, 743, 744, 745, 746, 747, 748, 749, 751, 752, 753, 754, 756, 757, 758, 759, 760, 761, 762, 763, 764, 765, 766, 767, 768, 769, 771, 773, 774, 775, 776, 779, 780, 781, 782, 784, 785, 786, 788, 789, 790, 791, 792, 794, 795, 797, 798, 800, 801, 802, 803, 804, 805, 806, 807, 808, 809, 810, 811, 812, 813, 814, 815, 816, 817, 818, 819, 820, 821, 822, 823, 824, 825, 826, 827, 829, 830, 831, 832, 833, 835, 836, 838, 839, 840, 842, 843, 845, 846, 847, 849, 850, 851, 852, 854, 855, 856, 857, 859, 860, 861, 862, 863, 866, 867, 868, 869, 870, 871, 872, 873, 874, 876, 879, 880, 881, 882, 883, 884, 885, 886, 889]
[7, 15, 25, 31, 45, 53, 59, 60, 61, 62, 70, 78, 85, 94, 101, 102, 105, 106, 108, 110, 112, 121, 124, 129, 132, 136, 141, 142, 146, 150, 156, 159, 171, 179, 188, 192, 195, 202, 207, 215, 217, 229, 251, 263, 265, 266, 281, 291, 325, 339, 346, 368, 382, 392, 397, 404, 407, 408, 410, 430, 431, 442, 446, 447, 451, 468, 469, 472, 474, 485, 486, 493, 501, 504, 510, 515, 516, 524, 543, 574, 576, 582, 593, 602, 603, 615, 617, 626, 640, 642, 657, 659, 670, 693, 697, 702, 705, 708, 710, 712, 716, 718, 728, 732, 743, 752, 764, 784, 787, 789, 796, 816, 820, 821, 823, 827, 828, 834, 838, 844, 854, 857]

[0, 1, 2, 4, 6, 7, 8, 9, 10, 11, 12, 13, 14, 15, 16, 17, 18, 19, 20, 22, 23, 24, 25, 26, 27, 28, 29, 30, 31, 32, 33, 34, 35, 36, 38, 39, 40, 41, 42, 45, 46, 47, 48, 49, 50, 51, 52, 53, 54, 55, 56, 57, 58, 59, 61, 62, 64, 65, 66, 67, 68, 69, 71, 72, 73, 74, 75, 76, 77, 78, 79, 80, 81, 82, 83, 84, 87, 88, 90, 91, 92, 93, 94, 96, 98, 99, 100, 101, 103, 104, 105, 107, 109, 110, 111, 112, 113, 114, 115, 116, 117, 118, 120, 121, 122, 123, 124, 125, 126, 127, 128, 129, 130, 131, 132, 133, 134, 135, 136, 137, 138, 139, 140, 141, 142, 143, 144, 145, 146, 147, 149, 150, 151, 152, 153, 156, 157, 159, 160, 161, 162, 164, 165, 166, 168, 169, 170, 171, 172, 173, 174, 175, 176, 177, 178, 179, 180, 182, 183, 184, 185, 186, 187, 188, 189, 190, 191, 193, 194, 195, 196, 197, 198, 199, 200, 201, 203, 204, 205, 206, 207, 208, 209, 213, 214, 215, 216, 219, 220, 221, 223, 224, 226, 227, 228, 229, 230, 231, 232, 234, 236, 237, 238, 240, 241, 242, 243, 244, 245, 246, 247, 248, 249, 250, 251, 252, 253, 254, 255, 257, 258, 259, 260, 261, 262, 263, 264, 265, 266, 268, 269, 271, 275, 276, 277, 278, 279, 280, 281, 282, 283, 284, 285, 286, 287, 288, 289, 290, 291, 293, 294, 295, 296, 297, 298, 299, 300, 301, 302, 303, 304, 306, 307, 308, 309, 310, 311, 312, 313, 314, 315, 316, 317, 318, 319, 320, 321, 323, 325, 326, 328, 329, 330, 331, 333, 336, 337, 338, 339, 340, 342, 343, 344, 345, 346, 347, 348, 349, 350, 351, 352, 353, 354, 355, 356, 357, 358, 359, 360, 361, 362, 363, 364, 365, 366, 367, 368, 369, 370, 371, 373, 374, 375, 376, 378, 379, 380, 381, 382, 383, 384, 385, 386, 387, 388, 389, 390, 391, 392, 393, 394, 395, 396, 397, 399, 400, 401, 402, 403, 406, 407, 408, 409, 410, 411, 412, 413, 414, 416, 417, 419, 420, 422, 423, 424, 425, 427, 428, 429, 430, 431, 432, 433, 434, 435, 437, 438, 439, 440, 442, 444, 445, 446, 447, 448, 449, 450, 451, 452, 453, 454, 455, 456, 457, 459, 460, 461, 462, 463, 465, 466, 467, 468, 469, 470, 471, 473, 474, 476, 477, 478, 481, 482, 483, 484, 485, 486, 487, 488, 489, 490, 492, 493, 495, 496, 497, 498, 500, 501, 502, 503, 505, 506, 508, 509, 510, 512, 513, 514, 515, 516, 517, 518, 519, 520, 521, 522, 523, 524, 525, 526, 528, 532, 533, 534, 535, 536, 537, 538, 539, 540, 542, 544, 545, 546, 547, 549, 550, 551, 552, 553, 554, 555, 556, 557, 558, 559, 560, 561, 562, 563, 565, 566, 567, 568, 569, 570, 571, 573, 574, 575, 576, 577, 578, 579, 581, 582, 584, 585, 586, 587, 588, 589, 590, 592, 594, 595, 596, 599, 600, 601, 603, 604, 605, 606, 607, 608, 609, 610, 612, 613, 614, 616, 617, 618, 619, 620, 621, 622, 623, 624, 625, 626, 627, 628, 629, 630, 631, 633, 634, 635, 636, 638, 640, 641, 642, 643, 644, 645, 646, 647, 648, 649, 650, 651, 652, 653, 654, 655, 656, 657, 659, 661, 663, 664, 665, 666, 667, 668, 669, 670, 671, 672, 673, 674, 675, 676, 678, 679, 680, 681, 682, 684, 685, 687, 688, 689, 690, 691, 692, 693, 694, 695, 696, 697, 698, 699, 700, 701, 702, 703, 704, 705, 706, 707, 708, 709, 710, 711, 713, 714, 715, 716, 717, 718, 719, 720, 721, 722, 723, 724, 726, 728, 730, 731, 732, 733, 734, 735, 736, 737, 738, 739, 740, 742, 743, 744, 745, 746, 747, 748, 749, 751, 752, 753, 754, 756, 757, 758, 759, 760, 761, 762, 763, 764, 765, 766, 767, 768, 769, 771, 773, 774, 775, 776, 779, 780, 781, 782, 784, 785, 786, 788, 789, 790, 791, 792, 794, 795, 797, 798, 800, 801, 802, 803, 804, 805, 806, 807, 808, 809, 810, 811, 812, 813, 814, 815, 816, 817, 818, 819, 820, 821, 822, 823, 824, 825, 826, 827, 828, 829, 830, 831, 832, 833, 835, 836, 838, 839, 840, 842, 843, 845, 846, 847, 849, 850, 851, 852, 854, 855, 856, 857, 858, 859, 860, 861, 862, 863, 864, 866, 867, 868, 869, 870, 871, 872, 873, 874, 876, 879, 880, 881, 882, 883, 884, 885, 886, 889]
[7, 15, 25, 31, 45, 53, 59, 60, 61, 62, 70, 78, 85, 94, 101, 102, 105, 106, 108, 110, 112, 121, 124, 129, 132, 136, 141, 142, 146, 150, 156, 159, 171, 179, 188, 192, 195, 202, 207, 215, 217, 229, 251, 263, 265, 266, 281, 291, 325, 339, 346, 368, 382, 392, 397, 404, 407, 408, 410, 430, 431, 442, 446, 447, 451, 468, 469, 472, 474, 485, 486, 493, 501, 504, 510, 515, 516, 524, 543, 574, 576, 582, 593, 602, 603, 615, 617, 626, 640, 642, 657, 659, 670, 693, 697, 702, 705, 708, 710, 712, 716, 718, 728, 732, 743, 752, 764, 784, 787, 789, 796, 816, 820, 821, 823, 827, 828, 834, 838, 844, 854, 857]

[0, 1, 2, 4, 5, 6, 7, 8, 9, 10, 11, 12, 13, 14, 15, 16, 17, 18, 19, 20, 22, 23, 24, 25, 26, 27, 28, 29, 30, 31, 32, 33, 34, 35, 36, 38, 39, 40, 41, 42, 45, 46, 47, 48, 49, 50, 51, 52, 53, 54, 55, 56, 57, 58, 59, 61, 62, 64, 65, 66, 67, 68, 69, 71, 72, 73, 74, 75, 76, 77, 78, 79, 80, 81, 82, 83, 84, 86, 87, 88, 90, 91, 92, 93, 94, 96, 98, 99, 100, 101, 103, 104, 105, 106, 107, 109, 110, 111, 112, 113, 114, 115, 116, 117, 118, 120, 121, 122, 123, 124, 125, 126, 127, 128, 129, 130, 131, 132, 133, 134, 135, 136, 137, 138, 139, 140, 141, 142, 143, 144, 145, 146, 147, 149, 150, 151, 152, 153, 156, 157, 159, 160, 161, 162, 164, 165, 166, 168, 169, 170, 171, 172, 173, 174, 175, 176, 177, 178, 179, 180, 182, 183, 184, 185, 186, 187, 188, 189, 190, 191, 193, 194, 195, 196, 197, 198, 199, 200, 201, 203, 204, 205, 206, 207, 208, 209, 211, 213, 214, 215, 216, 218, 219, 220, 221, 223, 224, 226, 227, 228, 229, 230, 231, 232, 234, 235, 236, 237, 238, 240, 241, 242, 243, 244, 245, 246, 247, 248, 249, 250, 251, 252, 253, 254, 255, 257, 258, 259, 260, 261, 262, 263, 264, 265, 266, 268, 269, 270, 271, 273, 274, 275, 276, 277, 278, 279, 280, 281, 282, 283, 284, 285, 286, 287, 288, 289, 290, 291, 293, 294, 295, 296, 297, 298, 299, 300, 301, 302, 303, 304, 306, 307, 308, 309, 310, 311, 312, 313, 314, 315, 316, 317, 318, 319, 320, 321, 323, 325, 326, 328, 329, 330, 331, 333, 335, 336, 337, 338, 339, 340, 342, 343, 344, 345, 346, 347, 348, 349, 350, 351, 352, 353, 354, 355, 356, 357, 358, 359, 360, 361, 362, 363, 364, 365, 366, 367, 368, 369, 370, 371, 373, 374, 375, 376, 377, 378, 379, 380, 381, 382, 383, 384, 385, 386, 387, 388, 389, 390, 391, 392, 393, 394, 395, 396, 397, 399, 400, 401, 402, 403, 406, 407, 408, 409, 410, 411, 412, 413, 414, 416, 417, 419, 420, 422, 423, 424, 425, 427, 428, 429, 430, 431, 432, 433, 434, 435, 437, 438, 439, 440, 442, 444, 445, 446, 447, 448, 449, 450, 451, 452, 453, 454, 455, 456, 457, 458, 459, 460, 461, 462, 463, 464, 465, 466, 467, 468, 469, 470, 471, 472, 473, 474, 476, 477, 478, 479, 481, 482, 483, 484, 485, 486, 487, 488, 489, 490, 492, 493, 495, 496, 497, 498, 500, 501, 502, 503, 504, 505, 506, 507, 508, 509, 510, 512, 513, 514, 515, 516, 517, 518, 519, 520, 521, 522, 523, 524, 525, 526, 528, 530, 532, 533, 534, 535, 536, 537, 538, 539, 540, 541, 542, 544, 545, 546, 547, 549, 550, 551, 552, 553, 554, 555, 556, 557, 558, 559, 560, 561, 562, 563, 565, 566, 567, 568, 569, 570, 571, 573, 574, 575, 576, 577, 578, 579, 581, 582, 584, 585, 586, 587, 588, 589, 590, 592, 593, 594, 595, 596, 599, 600, 601, 603, 604, 605, 606, 607, 608, 609, 610, 612, 613, 614, 615, 616, 617, 618, 619, 620, 621, 622, 623, 624, 625, 626, 627, 628, 629, 630, 631, 633, 634, 635, 636, 638, 640, 641, 642, 643, 644, 645, 646, 647, 648, 649, 650, 651, 652, 653, 654, 655, 656, 657, 659, 661, 663, 664, 665, 666, 667, 668, 669, 670, 671, 672, 673, 674, 675, 676, 678, 679, 680, 681, 682, 684, 685, 687, 688, 689, 690, 691, 692, 693, 694, 695, 696, 697, 698, 699, 700, 701, 702, 703, 704, 705, 706, 707, 708, 709, 710, 711, 713, 714, 715, 716, 717, 718, 719, 720, 721, 722, 723, 724, 726, 728, 730, 731, 732, 733, 734, 735, 736, 737, 738, 739, 740, 742, 743, 744, 745, 746, 747, 748, 749, 750, 751, 752, 753, 754, 755, 756, 757, 758, 759, 760, 761, 762, 763, 764, 765, 766, 767, 768, 769, 771, 773, 774, 775, 776, 779, 780, 781, 782, 784, 785, 786, 787, 788, 789, 790, 791, 792, 794, 795, 797, 798, 800, 801, 802, 803, 804, 805, 806, 807, 808, 809, 810, 811, 812, 813, 814, 815, 816, 817, 818, 819, 820, 821, 822, 823, 824, 825, 826, 827, 828, 829, 830, 831, 832, 833, 835, 836, 838, 839, 840, 842, 843, 845, 846, 847, 849, 850, 851, 852, 854, 855, 856, 857, 858, 859, 860, 861, 862, 863, 864, 866, 867, 868, 869, 870, 871, 872, 873, 874, 875, 876, 879, 880, 881, 882, 883, 884, 885, 886, 889]
[7, 15, 25, 31, 45, 53, 59, 60, 61, 62, 70, 78, 85, 94, 101, 102, 105, 106, 108, 110, 112, 121, 124, 129, 132, 136, 141, 142, 146, 150, 156, 159, 171, 179, 188, 192, 195, 202, 207, 215, 217, 229, 251, 263, 265, 266, 281, 291, 325, 339, 346, 368, 382, 392, 397, 404, 407, 408, 410, 430, 431, 442, 446, 447, 451, 468, 469, 472, 474, 485, 486, 493, 501, 504, 510, 515, 516, 524, 543, 574, 576, 582, 593, 602, 603, 615, 617, 626, 640, 642, 657, 659, 670, 693, 697, 702, 705, 708, 710, 712, 716, 718, 728, 732, 743, 752, 764, 784, 787, 789, 796, 816, 820, 821, 823, 827, 828, 834, 838, 844, 854, 857]

