[28, 30, 142, 237, 263, 339, 392, 403, 419, 420, 456, 464, 494, 650, 653, 709, 742, 746, 761, 792, 793, 815]
[31, 51, 71, 98, 146, 196, 206, 232, 309, 310, 315, 353, 368, 406, 417, 426, 433, 508, 526, 563, 595, 725, 820, 857]

[28, 30, 142, 237, 263, 339, 392, 403, 419, 420, 456, 464, 494, 650, 653, 709, 742, 746, 761, 792, 793, 815]
[1, 13, 20, 23, 31, 32, 41, 51, 63, 71, 81, 85, 92, 95, 98, 101, 108, 113, 114, 118, 120, 122, 127, 131, 133, 146, 153, 166, 168, 169, 178, 185, 187, 189, 195, 196, 199, 206, 215, 232, 240, 241, 245, 261, 271, 278, 282, 303, 309, 310, 315, 319, 320, 324, 329, 342, 353, 361, 363, 368, 370, 376, 384, 386, 395, 405, 406, 407, 408, 414, 417, 418, 426, 429, 433, 450, 457, 460, 469, 472, 500, 508, 509, 517, 521, 526, 534, 562, 563, 577, 585, 595, 602, 605, 607, 634, 636, 638, 640, 662, 674, 685, 688, 691, 707, 725, 728, 729, 732, 737, 740, 749, 769, 770, 777, 781, 799, 820, 821, 849, 857, 866, 888, 889]

[16, 21, 28, 30, 42, 53, 74, 110, 120, 127, 142, 162, 203, 237, 257, 263, 266, 339, 343, 391, 392, 403, 419, 420, 442, 456, 462, 464, 492, 494, 519, 526, 603, 625, 650, 653, 659, 671, 709, 717, 742, 746, 761, 792, 793, 815, 886]
[1, 13, 20, 23, 31, 32, 41, 51, 63, 71, 81, 85, 92, 95, 98, 101, 108, 113, 114, 118, 120, 122, 127, 131, 133, 146, 153, 166, 168, 169, 178, 185, 187, 189, 195, 196, 199, 206, 215, 232, 240, 241, 245, 261, 271, 278, 282, 303, 309, 310, 315, 319, 320, 324, 329, 342, 353, 361, 363, 368, 370, 376, 384, 386, 395, 405, 406, 407, 408, 414, 417, 418, 426, 429, 433, 450, 457, 460, 469, 472, 500, 508, 509, 517, 521, 526, 534, 562, 563, 577, 585, 595, 602, 605, 607, 634, 636, 638, 640, 662, 674, 685, 688, 691, 707, 725, 728, 729, 732, 737, 740, 749, 769, 770, 777, 781, 799, 820, 821, 849, 857, 866, 888, 889]

[16, 21, 28, 30, 39, 42, 53, 73, 74, 82, 110, 120, 127, 131, 142, 158, 160, 161, 162, 203, 213, 237, 253, 257, 260, 262, 263, 266, 282, 339, 343, 352, 391, 392, 403, 419, 420, 430, 442, 456, 462, 464, 492, 494, 510, 519, 526, 543, 557, 595, 598, 603, 620, 625, 629, 650, 653, 654, 659, 671, 697, 709, 717, 742, 746, 761, 792, 793, 815, 818, 841, 886]
[1, 13, 20, 23, 31, 32, 41, 51, 63, 71, 81, 85, 92, 95, 98, 101, 108, 113, 114, 118, 120, 122, 127, 131, 133, 146, 153, 166, 168, 169, 178, 185, 187, 189, 195, 196, 199, 206, 215, 232, 240, 241, 245, 261, 271, 278, 282, 303, 309, 310, 315, 319, 320, 324, 329, 342, 353, 361, 363, 368, 370, 376, 384, 386, 395, 405, 406, 407, 408, 414, 417, 418, 426, 429, 433, 450, 457, 460, 469, 472, 500, 508, 509, 517, 521, 526, 534, 562, 563, 577, 585, 595, 602, 605, 607, 634, 636, 638, 640, 662, 674, 685, 688, 691, 707, 725, 728, 729, 732, 737, 740, 749, 769, 770, 777, 781, 799, 820, 821, 849, 857, 866, 888, 889]

[16, 21, 27, 28, 30, 39, 42, 53, 60, 73, 74, 82, 110, 120, 127, 131, 142, 153, 158, 160, 161, 162, 183, 198, 202, 203, 211, 213, 237, 241, 253, 257, 260, 262, 263, 266, 282, 283, 318, 333, 339, 343, 347, 352, 385, 390, 391, 392, 403, 419, 420, 430, 441, 442, 456, 462, 464, 485, 492, 494, 510, 519, 526, 543, 557, 571, 595, 598, 603, 620, 625, 629, 630, 650, 653, 654, 659, 671, 697, 702, 709, 717, 729, 730, 736, 742, 746, 748, 749, 761, 792, 793, 815, 818, 834, 841, 886]
[1, 13, 20, 23, 31, 32, 41, 51, 63, 71, 81, 85, 92, 95, 98, 101, 108, 113, 114, 118, 120, 122, 127, 131, 133, 146, 153, 166, 168, 169, 178, 185, 187, 189, 195, 196, 199, 206, 215, 232, 240, 241, 245, 261, 271, 278, 282, 303, 309, 310, 315, 319, 320, 324, 329, 342, 353, 361, 363, 368, 370, 376, 384, 386, 395, 405, 406, 407, 408, 414, 417, 418, 426, 429, 433, 450, 457, 460, 469, 472, 500, 508, 509, 517, 521, 526, 534, 562, 563, 577, 585, 595, 602, 605, 607, 634, 636, 638, 640, 662, 674, 685, 688, 691, 707, 725, 728, 729, 732, 737, 740, 749, 769, 770, 777, 781, 799, 820, 821, 849, 857, 866, 888, 889]

[16, 21, 27, 28, 30, 39, 42, 46, 53, 60, 73, 74, 82, 110, 120, 126, 127, 131, 142, 153, 158, 160, 161, 162, 183, 184, 198, 202, 203, 205, 211, 213, 225, 237, 241, 253, 257, 260, 262, 263, 266, 282, 283, 285, 318, 320, 333, 339, 343, 347, 352, 356, 385, 390, 391, 392, 399, 403, 414, 419, 420, 430, 441, 442, 456, 462, 464, 485, 492, 494, 507, 510, 518, 519, 526, 539, 543, 557, 571, 595, 598, 603, 611, 620, 625, 629, 630, 631, 650, 653, 654, 657, 659, 668, 671, 673, 697, 702, 709, 717, 729, 730, 736, 742, 746, 747, 748, 749, 761, 769, 780, 787, 792, 793, 805, 807, 810, 815, 818, 834, 841, 886]
[1, 13, 20, 23, 31, 32, 41, 51, 63, 71, 81, 85, 92, 95, 98, 101, 108, 113, 114, 118, 120, 122, 127, 131, 133, 146, 153, 166, 168, 169, 178, 185, 187, 189, 195, 196, 199, 206, 215, 232, 240, 241, 245, 261, 271, 278, 282, 303, 309, 310, 315, 319, 320, 324, 329, 342, 353, 361, 363, 368, 370, 376, 384, 386, 395, 405, 406, 407, 408, 414, 417, 418, 426, 429, 433, 450, 457, 460, 469, 472, 500, 508, 509, 517, 521, 526, 534, 562, 563, 577, 585, 595, 602, 605, 607, 634, 636, 638, 640, 662, 674, 685, 688, 691, 707, 725, 728, 729, 732, 737, 740, 749, 769, 770, 777, 781, 799, 820, 821, 849, 857, 866, 888, 889]

[8, 15, 16, 17, 21, 27, 28, 30, 35, 39, 42, 46, 53, 60, 71, 73, 74, 82, 86, 110, 120, 122, 126, 127, 131, 142, 153, 158, 160, 161, 162, 183, 184, 198, 202, 203, 205, 206, 211, 213, 225, 237, 241, 253, 257, 260, 262, 263, 266, 269, 282, 283, 285, 304, 306, 318, 320, 325, 333, 339, 343, 347, 352, 356, 385, 390, 391, 392, 399, 403, 406, 414, 419, 420, 424, 430, 441, 442, 456, 460, 462, 464, 474, 485, 492, 494, 507, 510, 511, 514, 518, 519, 526, 530, 539, 543, 557, 560, 571, 586, 595, 598, 603, 605, 611, 620, 625, 629, 630, 631, 650, 653, 654, 657, 659, 668, 671, 673, 678, 697, 702, 709, 717, 729, 730, 736, 737, 742, 746, 747, 748, 749, 761, 765, 768, 769, 773, 780, 787, 788, 792, 793, 805, 807, 810, 815, 818, 834, 841, 855, 886]
[1, 13, 20, 23, 31, 32, 41, 51, 63, 71, 81, 85, 92, 95, 98, 101, 108, 113, 114, 118, 120, 122, 127, 131, 133, 146, 153, 166, 168, 169, 178, 185, 187, 189, 195, 196, 199, 206, 215, 232, 240, 241, 245, 261, 271, 278, 282, 303, 309, 310, 315, 319, 320, 324, 329, 342, 353, 361, 363, 368, 370, 376, 384, 386, 395, 405, 406, 407, 408, 414, 417, 418, 426, 429, 433, 450, 457, 460, 469, 472, 500, 508, 509, 517, 521, 526, 534, 562, 563, 577, 585, 595, 602, 605, 607, 634, 636, 638, 640, 662, 674, 685, 688, 691, 707, 725, 728, 729, 732, 737, 740, 749, 769, 770, 777, 781, 799, 820, 821, 849, 857, 866, 888, 889]

[8, 15, 16, 17, 21, 27, 28, 29, 30, 35, 39, 42, 46, 51, 53, 60, 67, 71, 73, 74, 82, 86, 108, 109, 110, 120, 122, 126, 127, 128, 131, 142, 153, 158, 160, 161, 162, 171, 183, 184, 198, 202, 203, 205, 206, 211, 213, 222, 225, 237, 241, 253, 257, 260, 262, 263, 266, 267, 269, 282, 283, 285, 286, 304, 306, 318, 320, 325, 333, 339, 343, 347, 352, 356, 366, 371, 381, 385, 390, 391, 392, 399, 403, 406, 414, 419, 420, 424, 430, 441, 442, 456, 460, 462, 464, 474, 482, 485, 492, 494, 507, 510, 511, 513, 514, 518, 519, 526, 530, 539, 543, 555, 557, 560, 570, 571, 586, 595, 598, 599, 603, 605, 611, 620, 625, 629, 630, 631, 650, 653, 654, 657, 659, 668, 671, 673, 678, 697, 700, 702, 707, 709, 714, 717, 729, 730, 736, 737, 742, 746, 747, 748, 749, 761, 765, 766, 768, 769, 773, 780, 787, 788, 789, 791, 792, 793, 796, 805, 807, 810, 815, 818, 834, 841, 855, 867, 877, 881, 885, 886]
[1, 13, 20, 23, 31, 32, 41, 51, 63, 71, 81, 85, 92, 95, 98, 101, 108, 113, 114, 118, 120, 122, 127, 131, 133, 146, 153, 166, 168, 169, 178, 185, 187, 189, 195, 196, 199, 206, 215, 232, 240, 241, 245, 261, 271, 278, 282, 303, 309, 310, 315, 319, 320, 324, 329, 342, 353, 361, 363, 368, 370, 376, 384, 386, 395, 405, 406, 407, 408, 414, 417, 418, 426, 429, 433, 450, 457, 460, 469, 472, 500, 508, 509, 517, 521, 526, 534, 562, 563, 577, 585, 595, 602, 605, 607, 634, 636, 638, 640, 662, 674, 685, 688, 691, 707, 725, 728, 729, 732, 737, 740, 749, 769, 770, 777, 781, 799, 820, 821, 849, 857, 866, 888, 889]

[8, 15, 16, 17, 21, 27, 28, 29, 30, 35, 37, 39, 42, 46, 51, 53, 60, 67, 71, 73, 74, 77, 82, 86, 108, 109, 110, 111, 118, 120, 122, 126, 127, 128, 131, 142, 153, 158, 160, 161, 162, 171, 183, 184, 198, 202, 203, 205, 206, 211, 213, 222, 225, 237, 241, 244, 247, 253, 257, 260, 262, 263, 266, 267, 269, 282, 283, 285, 286, 304, 306, 318, 320, 325, 333, 339, 343, 347, 352, 356, 366, 371, 381, 382, 385, 390, 391, 392, 395, 399, 402, 403, 406, 414, 416, 419, 420, 423, 424, 427, 430, 434, 441, 442, 456, 460, 462, 464, 474, 477, 478, 482, 485, 492, 494, 507, 510, 511, 513, 514, 518, 519, 526, 530, 539, 543, 555, 557, 560, 570, 571, 574, 586, 587, 595, 598, 599, 603, 605, 611, 620, 625, 629, 630, 631, 650, 653, 654, 657, 659, 668, 671, 673, 678, 691, 697, 700, 702, 707, 708, 709, 714, 717, 729, 730, 736, 737, 740, 742, 746, 747, 748, 749, 759, 761, 763, 765, 766, 768, 769, 773, 780, 785, 787, 788, 789, 791, 792, 793, 795, 796, 802, 805, 807, 810, 812, 815, 818, 821, 823, 834, 841, 852, 855, 867, 877, 881, 885, 886]
[1, 13, 20, 23, 31, 32, 41, 51, 63, 71, 81, 85, 92, 95, 98, 101, 108, 113, 114, 118, 120, 122, 127, 131, 133, 146, 153, 166, 168, 169, 178, 185, 187, 189, 195, 196, 199, 206, 215, 232, 240, 241, 245, 261, 271, 278, 282, 303, 309, 310, 315, 319, 320, 324, 329, 342, 353, 361, 363, 368, 370, 376, 384, 386, 395, 405, 406, 407, 408, 414, 417, 418, 426, 429, 433, 450, 457, 460, 469, 472, 500, 508, 509, 517, 521, 526, 534, 562, 563, 577, 585, 595, 602, 605, 607, 634, 636, 638, 640, 662, 674, 685, 688, 691, 707, 725, 728, 729, 732, 737, 740, 749, 769, 770, 777, 781, 799, 820, 821, 849, 857, 866, 888, 889]

[8, 12, 15, 16, 17, 21, 27, 28, 29, 30, 35, 37, 39, 42, 46, 51, 53, 60, 67, 71, 72, 73, 74, 77, 82, 86, 91, 108, 109, 110, 111, 118, 120, 122, 126, 127, 128, 131, 142, 153, 158, 160, 161, 162, 168, 171, 172, 183, 184, 198, 202, 203, 205, 206, 211, 213, 222, 225, 237, 238, 239, 241, 244, 247, 253, 257, 259, 260, 262, 263, 266, 267, 269, 277, 282, 283, 285, 286, 304, 306, 312, 318, 319, 320, 325, 333, 339, 343, 347, 352, 356, 365, 366, 371, 381, 382, 385, 390, 391, 392, 395, 399, 402, 403, 406, 414, 416, 419, 420, 423, 424, 427, 430, 434, 441, 442, 456, 460, 462, 464, 468, 474, 477, 478, 482, 485, 487, 492, 494, 503, 504, 507, 510, 511, 513, 514, 518, 519, 526, 530, 539, 543, 555, 557, 560, 570, 571, 574, 585, 586, 587, 594, 595, 598, 599, 603, 605, 611, 620, 625, 629, 630, 631, 650, 653, 654, 657, 659, 668, 671, 673, 678, 691, 693, 697, 700, 702, 707, 708, 709, 714, 717, 718, 729, 730, 734, 736, 737, 740, 742, 746, 747, 748, 749, 759, 761, 763, 764, 765, 766, 768, 769, 771, 773, 780, 785, 787, 788, 789, 791, 792, 793, 795, 796, 802, 805, 807, 810, 812, 815, 817, 818, 821, 823, 834, 841, 852, 855, 864, 867, 872, 877, 881, 885, 886]
[1, 13, 20, 23, 31, 32, 41, 51, 63, 71, 81, 85, 92, 95, 98, 101, 108, 113, 114, 118, 120, 122, 127, 131, 133, 146, 153, 166, 168, 169, 178, 185, 187, 189, 195, 196, 199, 206, 215, 232, 240, 241, 245, 261, 271, 278, 282, 303, 309, 310, 315, 319, 320, 324, 329, 342, 353, 361, 363, 368, 370, 376, 384, 386, 395, 405, 406, 407, 408, 414, 417, 418, 426, 429, 433, 450, 457, 460, 469, 472, 500, 508, 509, 517, 521, 526, 534, 562, 563, 577, 585, 595, 602, 605, 607, 634, 636, 638, 640, 662, 674, 685, 688, 691, 707, 725, 728, 729, 732, 737, 740, 749, 769, 770, 777, 781, 799, 820, 821, 849, 857, 866, 888, 889]

[2, 8, 12, 15, 16, 17, 21, 27, 28, 29, 30, 35, 37, 39, 42, 46, 51, 53, 60, 67, 71, 72, 73, 74, 77, 82, 86, 89, 91, 108, 109, 110, 111, 118, 120, 122, 126, 127, 128, 131, 142, 153, 158, 160, 161, 162, 163, 168, 171, 172, 181, 183, 184, 198, 200, 202, 203, 205, 206, 211, 213, 222, 225, 235, 237, 238, 239, 241, 244, 247, 253, 256, 257, 259, 260, 262, 263, 266, 267, 269, 277, 282, 283, 285, 286, 290, 302, 304, 306, 310, 312, 318, 319, 320, 325, 333, 339, 343, 347, 352, 356, 365, 366, 371, 381, 382, 385, 390, 391, 392, 395, 399, 402, 403, 406, 412, 414, 416, 419, 420, 423, 424, 427, 430, 434, 441, 442, 456, 460, 462, 464, 468, 474, 477, 478, 482, 485, 487, 492, 494, 501, 503, 504, 507, 510, 511, 513, 514, 518, 519, 526, 528, 530, 539, 543, 555, 557, 560, 570, 571, 574, 585, 586, 587, 594, 595, 598, 599, 603, 605, 611, 620, 625, 629, 630, 631, 632, 641, 650, 653, 654, 657, 659, 668, 671, 673, 678, 691, 693, 697, 700, 702, 707, 708, 709, 714, 717, 718, 719, 729, 730, 734, 736, 737, 738, 740, 742, 746, 747, 748, 749, 759, 761, 763, 764, 765, 766, 768, 769, 771, 773, 776, 780, 784, 785, 787, 788, 789, 791, 792, 793, 794, 795, 796, 802, 805, 807, 810, 812, 815, 817, 818, 821, 823, 834, 840, 841, 845, 852, 853, 855, 860, 864, 867, 872, 874, 877, 881, 885, 886]
[1, 13, 20, 23, 31, 32, 41, 51, 63, 71, 81, 85, 92, 95, 98, 101, 108, 113, 114, 118, 120, 122, 127, 131, 133, 146, 153, 166, 168, 169, 178, 185, 187, 189, 195, 196, 199, 206, 215, 232, 240, 241, 245, 261, 271, 278, 282, 303, 309, 310, 315, 319, 320, 324, 329, 342, 353, 361, 363, 368, 370, 376, 384, 386, 395, 405, 406, 407, 408, 414, 417, 418, 426, 429, 433, 450, 457, 460, 469, 472, 500, 508, 509, 517, 521, 526, 534, 562, 563, 577, 585, 595, 602, 605, 607, 634, 636, 638, 640, 662, 674, 685, 688, 691, 707, 725, 728, 729, 732, 737, 740, 749, 769, 770, 777, 781, 799, 820, 821, 849, 857, 866, 888, 889]

[2, 8, 12, 15, 16, 17, 21, 27, 28, 29, 30, 35, 37, 39, 42, 46, 51, 53, 60, 67, 71, 72, 73, 74, 77, 82, 86, 89, 91, 94, 108, 109, 110, 111, 117, 118, 120, 122, 126, 127, 128, 131, 142, 153, 158, 160, 161, 162, 163, 168, 171, 172, 181, 183, 184, 197, 198, 200, 202, 203, 205, 206, 211, 213, 222, 225, 234, 235, 237, 238, 239, 241, 244, 245, 247, 250, 253, 256, 257, 259, 260, 262, 263, 266, 267, 269, 277, 282, 283, 285, 286, 287, 290, 302, 304, 306, 310, 312, 318, 319, 320, 325, 333, 339, 343, 347, 352, 356, 365, 366, 367, 371, 381, 382, 385, 390, 391, 392, 395, 399, 402, 403, 406, 411, 412, 414, 416, 419, 420, 423, 424, 427, 430, 434, 441, 442, 456, 460, 461, 462, 464, 468, 474, 477, 478, 480, 482, 485, 487, 491, 492, 494, 499, 501, 503, 504, 506, 507, 510, 511, 513, 514, 518, 519, 526, 528, 530, 533, 539, 543, 548, 555, 557, 560, 564, 570, 571, 574, 575, 585, 586, 587, 594, 595, 598, 599, 603, 605, 611, 620, 625, 629, 630, 631, 632, 641, 650, 653, 654, 657, 659, 665, 668, 671, 673, 678, 688, 691, 693, 697, 700, 702, 707, 708, 709, 714, 717, 718, 719, 726, 729, 730, 734, 736, 737, 738, 740, 742, 746, 747, 748, 749, 758, 759, 761, 763, 764, 765, 766, 768, 769, 771, 773, 776, 780, 784, 785, 787, 788, 789, 791, 792, 793, 794, 795, 796, 802, 805, 807, 810, 812, 815, 817, 818, 821, 823, 825, 834, 840, 841, 845, 852, 853, 855, 860, 864, 867, 872, 873, 874, 876, 877, 881, 885, 886]
[1, 13, 20, 23, 31, 32, 41, 51, 63, 71, 81, 85, 92, 95, 98, 101, 108, 113, 114, 118, 120, 122, 127, 131, 133, 146, 153, 166, 168, 169, 178, 185, 187, 189, 195, 196, 199, 206, 215, 232, 240, 241, 245, 261, 271, 278, 282, 303, 309, 310, 315, 319, 320, 324, 329, 342, 353, 361, 363, 368, 370, 376, 384, 386, 395, 405, 406, 407, 408, 414, 417, 418, 426, 429, 433, 450, 457, 460, 469, 472, 500, 508, 509, 517, 521, 526, 534, 562, 563, 577, 585, 595, 602, 605, 607, 634, 636, 638, 640, 662, 674, 685, 688, 691, 707, 725, 728, 729, 732, 737, 740, 749, 769, 770, 777, 781, 799, 820, 821, 849, 857, 866, 888, 889]

[2, 8, 12, 15, 16, 17, 21, 27, 28, 29, 30, 31, 35, 37, 39, 42, 46, 51, 53, 60, 67, 71, 72, 73, 74, 77, 82, 86, 89, 91, 93, 94, 107, 108, 109, 110, 111, 117, 118, 120, 122, 126, 127, 128, 131, 142, 152, 153, 156, 158, 160, 161, 162, 163, 168, 171, 172, 181, 183, 184, 185, 193, 197, 198, 200, 202, 203, 205, 206, 209, 211, 213, 222, 223, 225, 234, 235, 237, 238, 239, 241, 244, 245, 247, 250, 253, 256, 257, 259, 260, 262, 263, 266, 267, 269, 277, 282, 283, 285, 286, 287, 290, 302, 304, 306, 310, 312, 315, 318, 319, 320, 325, 333, 339, 343, 347, 350, 352, 356, 365, 366, 367, 371, 381, 382, 385, 390, 391, 392, 395, 399, 402, 403, 406, 411, 412, 414, 415, 416, 419, 420, 423, 424, 427, 428, 430, 434, 441, 442, 456, 460, 461, 462, 464, 468, 474, 475, 477, 478, 480, 482, 485, 486, 487, 491, 492, 493, 494, 499, 501, 503, 504, 506, 507, 510, 511, 513, 514, 518, 519, 526, 528, 530, 533, 539, 543, 545, 548, 555, 557, 560, 564, 570, 571, 574, 575, 585, 586, 587, 594, 595, 598, 599, 603, 605, 611, 620, 625, 629, 630, 631, 632, 641, 650, 653, 654, 657, 659, 665, 668, 671, 673, 677, 678, 688, 691, 693, 697, 700, 702, 707, 708, 709, 714, 717, 718, 719, 726, 729, 730, 734, 736, 737, 738, 740, 742, 746, 747, 748, 749, 758, 759, 761, 763, 764, 765, 766, 768, 769, 771, 773, 776, 777, 780, 784, 785, 787, 788, 789, 791, 792, 793, 794, 795, 796, 801, 802, 803, 805, 807, 810, 812, 813, 815, 816, 817, 818, 821, 823, 825, 834, 835, 840, 841, 845, 852, 853, 855, 860, 864, 865, 867, 872, 873, 874, 876, 877, 881, 885, 886]
[1, 13, 20, 23, 31, 32, 41, 51, 63, 71, 81, 85, 92, 95, 98, 101, 108, 113, 114, 118, 120, 122, 127, 131, 133, 146, 153, 166, 168, 169, 178, 185, 187, 189, 195, 196, 199, 206, 215, 232, 240, 241, 245, 261, 271, 278, 282, 303, 309, 310, 315, 319, 320, 324, 329, 342, 353, 361, 363, 368, 370, 376, 384, 386, 395, 405, 406, 407, 408, 414, 417, 418, 426, 429, 433, 450, 457, 460, 469, 472, 500, 508, 509, 517, 521, 526, 534, 562, 563, 577, 585, 595, 602, 605, 607, 634, 636, 638, 640, 662, 674, 685, 688, 691, 707, 725, 728, 729, 732, 737, 740, 749, 769, 770, 777, 781, 799, 820, 821, 849, 857, 866, 888, 889]

[2, 8, 12, 15, 16, 17, 21, 27, 28, 29, 30, 31, 35, 37, 39, 40, 42, 46, 51, 53, 60, 67, 71, 72, 73, 74, 76, 77, 79, 82, 86, 89, 91, 93, 94, 107, 108, 109, 110, 111, 117, 118, 120, 122, 126, 127, 128, 130, 131, 142, 152, 153, 156, 158, 160, 161, 162, 163, 168, 171, 172, 181, 183, 184, 185, 193, 197, 198, 200, 202, 203, 205, 206, 209, 211, 213, 222, 223, 225, 226, 234, 235, 237, 238, 239, 241, 244, 245, 247, 250, 253, 256, 257, 259, 260, 262, 263, 266, 267, 269, 277, 282, 283, 285, 286, 287, 290, 302, 304, 306, 310, 312, 315, 318, 319, 320, 325, 333, 339, 343, 347, 350, 352, 356, 358, 365, 366, 367, 371, 381, 382, 385, 390, 391, 392, 395, 399, 402, 403, 406, 411, 412, 414, 415, 416, 417, 419, 420, 423, 424, 427, 428, 430, 433, 434, 436, 440, 441, 442, 456, 460, 461, 462, 464, 468, 474, 475, 477, 478, 480, 482, 485, 486, 487, 491, 492, 493, 494, 499, 501, 503, 504, 506, 507, 510, 511, 513, 514, 518, 519, 526, 528, 530, 533, 539, 543, 545, 548, 555, 557, 560, 564, 570, 571, 574, 575, 579, 585, 586, 587, 594, 595, 598, 599, 603, 605, 611, 620, 625, 629, 630, 631, 632, 641, 650, 653, 654, 657, 658, 659, 665, 668, 671, 673, 677, 678, 680, 688, 691, 693, 697, 700, 701, 702, 707, 708, 709, 711, 714, 717, 718, 719, 726, 727, 729, 730, 731, 734, 736, 737, 738, 740, 742, 744, 746, 747, 748, 749, 758, 759, 760, 761, 763, 764, 765, 766, 768, 769, 771, 773, 776, 777, 780, 784, 785, 787, 788, 789, 791, 792, 793, 794, 795, 796, 801, 802, 803, 805, 807, 808, 810, 812, 813, 814, 815, 816, 817, 818, 821, 823, 825, 829, 834, 835, 836, 840, 841, 845, 849, 852, 853, 855, 860, 864, 865, 867, 872, 873, 874, 876, 877, 879, 881, 885, 886]
[1, 13, 20, 23, 31, 32, 41, 51, 63, 71, 81, 85, 92, 95, 98, 101, 108, 113, 114, 118, 120, 122, 127, 131, 133, 146, 153, 166, 168, 169, 178, 185, 187, 189, 195, 196, 199, 206, 215, 232, 240, 241, 245, 261, 271, 278, 282, 303, 309, 310, 315, 319, 320, 324, 329, 342, 353, 361, 363, 368, 370, 376, 384, 386, 395, 405, 406, 407, 408, 414, 417, 418, 426, 429, 433, 450, 457, 460, 469, 472, 500, 508, 509, 517, 521, 526, 534, 562, 563, 577, 585, 595, 602, 605, 607, 634, 636, 638, 640, 662, 674, 685, 688, 691, 707, 725, 728, 729, 732, 737, 740, 749, 769, 770, 777, 781, 799, 820, 821, 849, 857, 866, 888, 889]

[1, 2, 8, 12, 15, 16, 17, 21, 23, 27, 28, 29, 30, 31, 35, 37, 39, 40, 42, 46, 48, 51, 53, 60, 64, 66, 67, 71, 72, 73, 74, 76, 77, 79, 82, 86, 89, 91, 93, 94, 104, 106, 107, 108, 109, 110, 111, 115, 117, 118, 120, 122, 126, 127, 128, 130, 131, 140, 142, 143, 152, 153, 156, 158, 160, 161, 162, 163, 168, 171, 172, 181, 183, 184, 185, 193, 197, 198, 200, 202, 203, 205, 206, 207, 209, 211, 213, 222, 223, 225, 226, 234, 235, 237, 238, 239, 241, 244, 245, 247, 250, 253, 256, 257, 259, 260, 262, 263, 266, 267, 269, 277, 282, 283, 285, 286, 287, 290, 297, 302, 304, 306, 310, 311, 312, 315, 318, 319, 320, 325, 333, 339, 343, 347, 350, 352, 356, 358, 365, 366, 367, 371, 381, 382, 385, 387, 390, 391, 392, 395, 399, 402, 403, 406, 411, 412, 414, 415, 416, 417, 419, 420, 423, 424, 427, 428, 430, 433, 434, 436, 440, 441, 442, 456, 460, 461, 462, 464, 468, 474, 475, 477, 478, 480, 482, 483, 485, 486, 487, 491, 492, 493, 494, 499, 501, 503, 504, 506, 507, 510, 511, 513, 514, 515, 518, 519, 526, 528, 530, 533, 539, 543, 545, 548, 555, 557, 560, 564, 567, 570, 571, 574, 575, 579, 585, 586, 587, 594, 595, 598, 599, 603, 605, 610, 611, 620, 625, 627, 629, 630, 631, 632, 641, 642, 650, 652, 653, 654, 657, 658, 659, 665, 668, 671, 673, 677, 678, 680, 688, 691, 693, 697, 699, 700, 701, 702, 707, 708, 709, 711, 714, 717, 718, 719, 726, 727, 729, 730, 731, 734, 736, 737, 738, 740, 742, 744, 746, 747, 748, 749, 758, 759, 760, 761, 763, 764, 765, 766, 768, 769, 771, 773, 776, 777, 780, 784, 785, 787, 788, 789, 791, 792, 793, 794, 795, 796, 801, 802, 803, 805, 806, 807, 808, 810, 812, 813, 814, 815, 816, 817, 818, 821, 823, 825, 829, 832, 834, 835, 836, 840, 841, 845, 849, 852, 853, 855, 860, 864, 865, 867, 872, 873, 874, 876, 877, 879, 881, 885, 886, 889]
[1, 13, 20, 23, 31, 32, 41, 51, 63, 71, 81, 85, 92, 95, 98, 101, 108, 113, 114, 118, 120, 122, 127, 131, 133, 146, 153, 166, 168, 169, 178, 185, 187, 189, 195, 196, 199, 206, 215, 232, 240, 241, 245, 261, 271, 278, 282, 303, 309, 310, 315, 319, 320, 324, 329, 342, 353, 361, 363, 368, 370, 376, 384, 386, 395, 405, 406, 407, 408, 414, 417, 418, 426, 429, 433, 450, 457, 460, 469, 472, 500, 508, 509, 517, 521, 526, 534, 562, 563, 577, 585, 595, 602, 605, 607, 634, 636, 638, 640, 662, 674, 685, 688, 691, 707, 725, 728, 729, 732, 737, 740, 749, 769, 770, 777, 781, 799, 820, 821, 849, 857, 866, 888, 889]

[1, 2, 8, 12, 15, 16, 17, 21, 23, 27, 28, 29, 30, 31, 34, 35, 37, 39, 40, 42, 46, 48, 51, 52, 53, 59, 60, 64, 66, 67, 71, 72, 73, 74, 75, 76, 77, 79, 82, 86, 89, 91, 93, 94, 104, 106, 107, 108, 109, 110, 111, 112, 115, 117, 118, 120, 122, 126, 127, 128, 130, 131, 140, 141, 142, 143, 149, 152, 153, 154, 156, 158, 160, 161, 162, 163, 168, 171, 172, 181, 183, 184, 185, 193, 197, 198, 200, 202, 203, 205, 206, 207, 209, 211, 213, 222, 223, 225, 226, 227, 232, 234, 235, 237, 238, 239, 241, 244, 245, 247, 250, 253, 256, 257, 259, 260, 262, 263, 266, 267, 269, 277, 282, 283, 285, 286, 287, 288, 290, 297, 301, 302, 304, 306, 310, 311, 312, 315, 318, 319, 320, 325, 333, 335, 339, 343, 347, 350, 352, 356, 358, 365, 366, 367, 371, 381, 382, 385, 387, 390, 391, 392, 395, 399, 402, 403, 406, 411, 412, 414, 415, 416, 417, 419, 420, 423, 424, 427, 428, 430, 433, 434, 436, 440, 441, 442, 456, 458, 460, 461, 462, 464, 468, 474, 475, 477, 478, 480, 482, 483, 485, 486, 487, 491, 492, 493, 494, 499, 501, 503, 504, 506, 507, 510, 511, 513, 514, 515, 518, 519, 526, 528, 530, 533, 539, 543, 545, 548, 553, 555, 557, 560, 561, 563, 564, 567, 570, 571, 574, 575, 577, 579, 582, 585, 586, 587, 592, 594, 595, 598, 599, 603, 605, 610, 611, 612, 620, 625, 627, 629, 630, 631, 632, 641, 642, 646, 650, 652, 653, 654, 657, 658, 659, 665, 668, 669, 671, 672, 673, 677, 678, 680, 688, 691, 693, 695, 697, 699, 700, 701, 702, 707, 708, 709, 711, 714, 717, 718, 719, 726, 727, 729, 730, 731, 734, 736, 737, 738, 740, 742, 744, 746, 747, 748, 749, 758, 759, 760, 761, 763, 764, 765, 766, 768, 769, 771, 773, 776, 777, 780, 784, 785, 787, 788, 789, 791, 792, 793, 794, 795, 796, 801, 802, 803, 805, 806, 807, 808, 810, 812, 813, 814, 815, 816, 817, 818, 821, 823, 825, 829, 832, 834, 835, 836, 840, 841, 845, 849, 852, 853, 855, 860, 864, 865, 867, 872, 873, 874, 876, 877, 879, 881, 885, 886, 889]
[1, 13, 20, 23, 31, 32, 41, 51, 63, 71, 81, 85, 92, 95, 98, 101, 108, 113, 114, 118, 120, 122, 127, 131, 133, 146, 153, 166, 168, 169, 178, 185, 187, 189, 195, 196, 199, 206, 215, 232, 240, 241, 245, 261, 271, 278, 282, 303, 309, 310, 315, 319, 320, 324, 329, 342, 353, 361, 363, 368, 370, 376, 384, 386, 395, 405, 406, 407, 408, 414, 417, 418, 426, 429, 433, 450, 457, 460, 469, 472, 500, 508, 509, 517, 521, 526, 534, 562, 563, 577, 585, 595, 602, 605, 607, 634, 636, 638, 640, 662, 674, 685, 688, 691, 707, 725, 728, 729, 732, 737, 740, 749, 769, 770, 777, 781, 799, 820, 821, 849, 857, 866, 888, 889]

[1, 2, 8, 10, 12, 15, 16, 17, 21, 23, 25, 27, 28, 29, 30, 31, 34, 35, 37, 39, 40, 42, 45, 46, 48, 50, 51, 52, 53, 59, 60, 64, 66, 67, 69, 71, 72, 73, 74, 75, 76, 77, 79, 82, 86, 89, 91, 93, 94, 104, 106, 107, 108, 109, 110, 111, 112, 115, 117, 118, 120, 122, 126, 127, 128, 130, 131, 140, 141, 142, 143, 149, 152, 153, 154, 156, 157, 158, 160, 161, 162, 163, 168, 171, 172, 173, 181, 183, 184, 185, 190, 193, 197, 198, 200, 202, 203, 205, 206, 207, 209, 211, 213, 222, 223, 225, 226, 227, 232, 234, 235, 237, 238, 239, 241, 244, 245, 247, 250, 253, 254, 256, 257, 259, 260, 262, 263, 266, 267, 269, 277, 282, 283, 285, 286, 287, 288, 290, 297, 301, 302, 304, 306, 310, 311, 312, 315, 317, 318, 319, 320, 325, 333, 335, 339, 343, 347, 350, 352, 356, 358, 365, 366, 367, 371, 381, 382, 385, 387, 389, 390, 391, 392, 395, 396, 399, 402, 403, 406, 410, 411, 412, 414, 415, 416, 417, 419, 420, 421, 423, 424, 427, 428, 430, 433, 434, 436, 440, 441, 442, 456, 458, 459, 460, 461, 462, 464, 468, 472, 474, 475, 477, 478, 480, 482, 483, 485, 486, 487, 491, 492, 493, 494, 499, 501, 503, 504, 506, 507, 510, 511, 513, 514, 515, 518, 519, 526, 528, 530, 533, 539, 543, 545, 548, 553, 555, 557, 560, 561, 563, 564, 567, 570, 571, 573, 574, 575, 577, 579, 582, 585, 586, 587, 592, 594, 595, 598, 599, 601, 603, 605, 610, 611, 612, 620, 625, 627, 629, 630, 631, 632, 641, 642, 646, 649, 650, 652, 653, 654, 657, 658, 659, 665, 668, 669, 671, 672, 673, 677, 678, 680, 687, 688, 691, 693, 695, 697, 699, 700, 701, 702, 707, 708, 709, 711, 714, 717, 718, 719, 726, 727, 729, 730, 731, 734, 736, 737, 738, 740, 742, 744, 746, 747, 748, 749, 758, 759, 760, 761, 763, 764, 765, 766, 768, 769, 771, 773, 775, 776, 777, 780, 782, 784, 785, 787, 788, 789, 791, 792, 793, 794, 795, 796, 799, 801, 802, 803, 805, 806, 807, 808, 810, 812, 813, 814, 815, 816, 817, 818, 821, 823, 825, 829, 832, 834, 835, 836, 840, 841, 844, 845, 849, 852, 853, 855, 860, 864, 865, 866, 867, 872, 873, 874, 876, 877, 879, 881, 885, 886, 889]
[1, 13, 20, 23, 31, 32, 41, 51, 63, 71, 81, 85, 92, 95, 98, 101, 108, 113, 114, 118, 120, 122, 127, 131, 133, 146, 153, 166, 168, 169, 178, 185, 187, 189, 195, 196, 199, 206, 215, 232, 240, 241, 245, 261, 271, 278, 282, 303, 309, 310, 315, 319, 320, 324, 329, 342, 353, 361, 363, 368, 370, 376, 384, 386, 395, 405, 406, 407, 408, 414, 417, 418, 426, 429, 433, 450, 457, 460, 469, 472, 500, 508, 509, 517, 521, 526, 534, 562, 563, 577, 585, 595, 602, 605, 607, 634, 636, 638, 640, 662, 674, 685, 688, 691, 707, 725, 728, 729, 732, 737, 740, 749, 769, 770, 777, 781, 799, 820, 821, 849, 857, 866, 888, 889]

[1, 2, 8, 10, 12, 13, 15, 16, 17, 21, 23, 25, 27, 28, 29, 30, 31, 34, 35, 37, 39, 40, 41, 42, 45, 46, 48, 50, 51, 52, 53, 59, 60, 64, 66, 67, 69, 71, 72, 73, 74, 75, 76, 77, 79, 82, 84, 86, 89, 91, 93, 94, 103, 104, 106, 107, 108, 109, 110, 111, 112, 115, 117, 118, 119, 120, 122, 126, 127, 128, 130, 131, 134, 140, 141, 142, 143, 149, 152, 153, 154, 156, 157, 158, 160, 161, 162, 163, 168, 171, 172, 173, 181, 183, 184, 185, 190, 193, 197, 198, 200, 202, 203, 205, 206, 207, 209, 211, 213, 222, 223, 225, 226, 227, 232, 234, 235, 237, 238, 239, 241, 244, 245, 247, 250, 253, 254, 256, 257, 259, 260, 262, 263, 266, 267, 269, 277, 282, 283, 285, 286, 287, 288, 290, 297, 301, 302, 304, 306, 310, 311, 312, 315, 316, 317, 318, 319, 320, 325, 328, 332, 333, 335, 338, 339, 343, 347, 350, 352, 356, 358, 363, 365, 366, 367, 371, 381, 382, 384, 385, 387, 389, 390, 391, 392, 395, 396, 399, 402, 403, 406, 407, 410, 411, 412, 414, 415, 416, 417, 419, 420, 421, 423, 424, 427, 428, 430, 433, 434, 436, 440, 441, 442, 450, 456, 458, 459, 460, 461, 462, 464, 468, 472, 474, 475, 477, 478, 480, 482, 483, 485, 486, 487, 491, 492, 493, 494, 496, 499, 501, 503, 504, 506, 507, 510, 511, 513, 514, 515, 518, 519, 526, 528, 530, 533, 539, 543, 545, 548, 552, 553, 555, 557, 560, 561, 563, 564, 567, 570, 571, 573, 574, 575, 577, 579, 582, 585, 586, 587, 592, 594, 595, 597, 598, 599, 601, 602, 603, 605, 610, 611, 612, 620, 625, 627, 629, 630, 631, 632, 641, 642, 646, 649, 650, 652, 653, 654, 657, 658, 659, 665, 668, 669, 671, 672, 673, 677, 678, 680, 684, 687, 688, 691, 693, 695, 697, 699, 700, 701, 702, 707, 708, 709, 711, 714, 716, 717, 718, 719, 721, 723, 726, 727, 729, 730, 731, 734, 736, 737, 738, 740, 742, 744, 746, 747, 748, 749, 751, 758, 759, 760, 761, 763, 764, 765, 766, 768, 769, 771, 773, 775, 776, 777, 780, 782, 784, 785, 787, 788, 789, 791, 792, 793, 794, 795, 796, 799, 801, 802, 803, 805, 806, 807, 808, 810, 812, 813, 814, 815, 816, 817, 818, 821, 823, 825, 829, 832, 834, 835, 836, 840, 841, 844, 845, 849, 852, 853, 855, 860, 864, 865, 866, 867, 869, 872, 873, 874, 876, 877, 879, 880, 881, 885, 886, 889]
[1, 13, 20, 23, 31, 32, 41, 51, 63, 71, 81, 85, 92, 95, 98, 101, 108, 113, 114, 118, 120, 122, 127, 131, 133, 146, 153, 166, 168, 169, 178, 185, 187, 189, 195, 196, 199, 206, 215, 232, 240, 241, 245, 261, 271, 278, 282, 303, 309, 310, 315, 319, 320, 324, 329, 342, 353, 361, 363, 368, 370, 376, 384, 386, 395, 405, 406, 407, 408, 414, 417, 418, 426, 429, 433, 450, 457, 460, 469, 472, 500, 508, 509, 517, 521, 526, 534, 562, 563, 577, 585, 595, 602, 605, 607, 634, 636, 638, 640, 662, 674, 685, 688, 691, 707, 725, 728, 729, 732, 737, 740, 749, 769, 770, 777, 781, 799, 820, 821, 849, 857, 866, 888, 889]

[1, 2, 8, 10, 12, 13, 15, 16, 17, 21, 23, 25, 27, 28, 29, 30, 31, 34, 35, 37, 39, 40, 41, 42, 45, 46, 48, 50, 51, 52, 53, 59, 60, 64, 66, 67, 69, 71, 72, 73, 74, 75, 76, 77, 79, 82, 84, 86, 89, 91, 93, 94, 103, 104, 106, 107, 108, 109, 110, 111, 112, 115, 117, 118, 119, 120, 122, 126, 127, 128, 130, 131, 134, 140, 141, 142, 143, 149, 152, 153, 154, 156, 157, 158, 160, 161, 162, 163, 168, 171, 172, 173, 181, 183, 184, 185, 189, 190, 193, 197, 198, 200, 202, 203, 205, 206, 207, 209, 211, 213, 219, 221, 222, 223, 225, 226, 227, 231, 232, 234, 235, 237, 238, 239, 241, 244, 245, 247, 249, 250, 253, 254, 256, 257, 259, 260, 261, 262, 263, 264, 266, 267, 269, 277, 280, 282, 283, 285, 286, 287, 288, 290, 297, 301, 302, 304, 306, 309, 310, 311, 312, 315, 316, 317, 318, 319, 320, 325, 328, 331, 332, 333, 335, 338, 339, 343, 347, 350, 352, 356, 358, 363, 365, 366, 367, 371, 372, 381, 382, 384, 385, 387, 389, 390, 391, 392, 395, 396, 399, 402, 403, 406, 407, 408, 410, 411, 412, 414, 415, 416, 417, 419, 420, 421, 423, 424, 427, 428, 430, 433, 434, 436, 440, 441, 442, 450, 455, 456, 458, 459, 460, 461, 462, 463, 464, 468, 472, 474, 475, 477, 478, 480, 482, 483, 485, 486, 487, 491, 492, 493, 494, 496, 499, 501, 503, 504, 506, 507, 510, 511, 513, 514, 515, 518, 519, 526, 528, 530, 533, 539, 543, 545, 546, 548, 552, 553, 555, 556, 557, 560, 561, 563, 564, 567, 570, 571, 573, 574, 575, 577, 579, 580, 582, 585, 586, 587, 592, 594, 595, 597, 598, 599, 601, 602, 603, 605, 610, 611, 612, 618, 620, 625, 627, 629, 630, 631, 632, 637, 641, 642, 646, 649, 650, 651, 652, 653, 654, 657, 658, 659, 665, 668, 669, 671, 672, 673, 677, 678, 679, 680, 684, 687, 688, 691, 693, 695, 697, 699, 700, 701, 702, 707, 708, 709, 711, 714, 716, 717, 718, 719, 721, 723, 726, 727, 729, 730, 731, 734, 736, 737, 738, 740, 742, 744, 746, 747, 748, 749, 751, 758, 759, 760, 761, 763, 764, 765, 766, 768, 769, 771, 773, 775, 776, 777, 780, 782, 783, 784, 785, 787, 788, 789, 790, 791, 792, 793, 794, 795, 796, 799, 801, 802, 803, 805, 806, 807, 808, 810, 812, 813, 814, 815, 816, 817, 818, 821, 823, 825, 829, 832, 833, 834, 835, 836, 840, 841, 843, 844, 845, 849, 852, 853, 855, 860, 864, 865, 866, 867, 869, 872, 873, 874, 876, 877, 879, 880, 881, 885, 886, 889]
[1, 13, 20, 23, 31, 32, 41, 51, 63, 71, 81, 85, 92, 95, 98, 101, 108, 113, 114, 118, 120, 122, 127, 131, 133, 146, 153, 166, 168, 169, 178, 185, 187, 189, 195, 196, 199, 206, 215, 232, 240, 241, 245, 261, 271, 278, 282, 303, 309, 310, 315, 319, 320, 324, 329, 342, 353, 361, 363, 368, 370, 376, 384, 386, 395, 405, 406, 407, 408, 414, 417, 418, 426, 429, 433, 450, 457, 460, 469, 472, 500, 508, 509, 517, 521, 526, 534, 562, 563, 577, 585, 595, 602, 605, 607, 634, 636, 638, 640, 662, 674, 685, 688, 691, 707, 725, 728, 729, 732, 737, 740, 749, 769, 770, 777, 781, 799, 820, 821, 849, 857, 866, 888, 889]

[1, 2, 8, 10, 12, 13, 15, 16, 17, 21, 23, 25, 26, 27, 28, 29, 30, 31, 34, 35, 37, 39, 40, 41, 42, 45, 46, 48, 50, 51, 52, 53, 57, 59, 60, 64, 66, 67, 69, 70, 71, 72, 73, 74, 75, 76, 77, 79, 81, 82, 84, 86, 89, 91, 93, 94, 103, 104, 106, 107, 108, 109, 110, 111, 112, 115, 117, 118, 119, 120, 122, 126, 127, 128, 130, 131, 134, 135, 140, 141, 142, 143, 149, 152, 153, 154, 156, 157, 158, 160, 161, 162, 163, 168, 171, 172, 173, 181, 183, 184, 185, 189, 190, 193, 195, 197, 198, 200, 202, 203, 205, 206, 207, 209, 211, 212, 213, 219, 221, 222, 223, 225, 226, 227, 231, 232, 234, 235, 236, 237, 238, 239, 241, 242, 244, 245, 247, 249, 250, 253, 254, 256, 257, 259, 260, 261, 262, 263, 264, 266, 267, 269, 272, 277, 278, 280, 282, 283, 285, 286, 287, 288, 290, 297, 301, 302, 303, 304, 306, 309, 310, 311, 312, 315, 316, 317, 318, 319, 320, 325, 328, 331, 332, 333, 335, 338, 339, 343, 346, 347, 350, 352, 354, 356, 358, 362, 363, 365, 366, 367, 371, 372, 374, 381, 382, 384, 385, 387, 389, 390, 391, 392, 395, 396, 399, 402, 403, 406, 407, 408, 410, 411, 412, 414, 415, 416, 417, 419, 420, 421, 423, 424, 427, 428, 430, 433, 434, 436, 440, 441, 442, 450, 455, 456, 458, 459, 460, 461, 462, 463, 464, 468, 469, 472, 473, 474, 475, 477, 478, 480, 482, 483, 485, 486, 487, 490, 491, 492, 493, 494, 496, 499, 501, 503, 504, 506, 507, 509, 510, 511, 513, 514, 515, 518, 519, 520, 526, 528, 530, 533, 539, 542, 543, 545, 546, 548, 552, 553, 555, 556, 557, 560, 561, 563, 564, 567, 570, 571, 573, 574, 575, 577, 579, 580, 582, 585, 586, 587, 592, 594, 595, 597, 598, 599, 601, 602, 603, 605, 610, 611, 612, 618, 620, 625, 627, 629, 630, 631, 632, 637, 641, 642, 646, 649, 650, 651, 652, 653, 654, 657, 658, 659, 665, 668, 669, 671, 672, 673, 677, 678, 679, 680, 684, 687, 688, 691, 693, 695, 697, 698, 699, 700, 701, 702, 707, 708, 709, 711, 714, 716, 717, 718, 719, 721, 723, 726, 727, 728, 729, 730, 731, 734, 736, 737, 738, 740, 742, 744, 746, 747, 748, 749, 751, 758, 759, 760, 761, 763, 764, 765, 766, 768, 769, 771, 773, 775, 776, 777, 780, 782, 783, 784, 785, 787, 788, 789, 790, 791, 792, 793, 794, 795, 796, 799, 801, 802, 803, 805, 806, 807, 808, 810, 812, 813, 814, 815, 816, 817, 818, 821, 823, 825, 829, 832, 833, 834, 835, 836, 840, 841, 843, 844, 845, 849, 852, 853, 855, 860, 862, 864, 865, 866, 867, 869, 872, 873, 874, 876, 877, 879, 880, 881, 885, 886, 889]
[1, 13, 20, 23, 31, 32, 41, 51, 63, 71, 81, 85, 92, 95, 98, 101, 108, 113, 114, 118, 120, 122, 127, 131, 133, 146, 153, 166, 168, 169, 178, 185, 187, 189, 195, 196, 199, 206, 215, 232, 240, 241, 245, 261, 271, 278, 282, 303, 309, 310, 315, 319, 320, 324, 329, 342, 353, 361, 363, 368, 370, 376, 384, 386, 395, 405, 406, 407, 408, 414, 417, 418, 426, 429, 433, 450, 457, 460, 469, 472, 500, 508, 509, 517, 521, 526, 534, 562, 563, 577, 585, 595, 602, 605, 607, 634, 636, 638, 640, 662, 674, 685, 688, 691, 707, 725, 728, 729, 732, 737, 740, 749, 769, 770, 777, 781, 799, 820, 821, 849, 857, 866, 888, 889]

[1, 2, 8, 10, 12, 13, 15, 16, 17, 21, 23, 25, 26, 27, 28, 29, 30, 31, 34, 35, 37, 39, 40, 41, 42, 45, 46, 48, 50, 51, 52, 53, 57, 59, 60, 64, 66, 67, 69, 70, 71, 72, 73, 74, 75, 76, 77, 79, 81, 82, 84, 86, 89, 91, 93, 94, 96, 103, 104, 106, 107, 108, 109, 110, 111, 112, 115, 117, 118, 119, 120, 122, 126, 127, 128, 130, 131, 132, 134, 135, 140, 141, 142, 143, 149, 152, 153, 154, 156, 157, 158, 160, 161, 162, 163, 168, 170, 171, 172, 173, 177, 181, 183, 184, 185, 189, 190, 193, 195, 197, 198, 199, 200, 202, 203, 205, 206, 207, 209, 211, 212, 213, 219, 221, 222, 223, 225, 226, 227, 231, 232, 234, 235, 236, 237, 238, 239, 241, 242, 244, 245, 247, 249, 250, 253, 254, 256, 257, 259, 260, 261, 262, 263, 264, 266, 267, 269, 272, 277, 278, 280, 282, 283, 285, 286, 287, 288, 290, 297, 301, 302, 303, 304, 306, 309, 310, 311, 312, 315, 316, 317, 318, 319, 320, 322, 325, 326, 328, 331, 332, 333, 335, 336, 337, 338, 339, 343, 346, 347, 350, 352, 354, 356, 358, 360, 362, 363, 365, 366, 367, 371, 372, 374, 381, 382, 384, 385, 387, 389, 390, 391, 392, 395, 396, 399, 402, 403, 406, 407, 408, 410, 411, 412, 414, 415, 416, 417, 419, 420, 421, 423, 424, 427, 428, 430, 433, 434, 436, 440, 441, 442, 445, 447, 450, 453, 455, 456, 458, 459, 460, 461, 462, 463, 464, 468, 469, 472, 473, 474, 475, 477, 478, 480, 482, 483, 485, 486, 487, 488, 490, 491, 492, 493, 494, 496, 499, 501, 503, 504, 506, 507, 509, 510, 511, 513, 514, 515, 518, 519, 520, 526, 528, 530, 533, 539, 540, 542, 543, 545, 546, 548, 552, 553, 554, 555, 556, 557, 560, 561, 563, 564, 567, 570, 571, 573, 574, 575, 577, 579, 580, 582, 585, 586, 587, 591, 592, 594, 595, 597, 598, 599, 601, 602, 603, 605, 607, 610, 611, 612, 618, 620, 623, 625, 626, 627, 629, 630, 631, 632, 635, 637, 641, 642, 646, 649, 650, 651, 652, 653, 654, 657, 658, 659, 665, 668, 669, 671, 672, 673, 677, 678, 679, 680, 684, 686, 687, 688, 691, 693, 695, 697, 698, 699, 700, 701, 702, 707, 708, 709, 711, 714, 716, 717, 718, 719, 721, 723, 726, 727, 728, 729, 730, 731, 734, 736, 737, 738, 740, 742, 744, 746, 747, 748, 749, 750, 751, 757, 758, 759, 760, 761, 763, 764, 765, 766, 767, 768, 769, 771, 773, 775, 776, 777, 780, 782, 783, 784, 785, 787, 788, 789, 790, 791, 792, 793, 794, 795, 796, 799, 801, 802, 803, 805, 806, 807, 808, 810, 812, 813, 814, 815, 816, 817, 818, 821, 823, 825, 829, 832, 833, 834, 835, 836, 840, 841, 843, 844, 845, 849, 852, 853, 855, 860, 862, 864, 865, 866, 867, 869, 872, 873, 874, 876, 877, 879, 880, 881, 885, 886, 889]
[1, 13, 20, 23, 31, 32, 41, 51, 63, 71, 81, 85, 92, 95, 98, 101, 108, 113, 114, 118, 120, 122, 127, 131, 133, 146, 153, 166, 168, 169, 178, 185, 187, 189, 195, 196, 199, 206, 215, 232, 240, 241, 245, 261, 271, 278, 282, 303, 309, 310, 315, 319, 320, 324, 329, 342, 353, 361, 363, 368, 370, 376, 384, 386, 395, 405, 406, 407, 408, 414, 417, 418, 426, 429, 433, 450, 457, 460, 469, 472, 500, 508, 509, 517, 521, 526, 534, 562, 563, 577, 585, 595, 602, 605, 607, 634, 636, 638, 640, 662, 674, 685, 688, 691, 707, 725, 728, 729, 732, 737, 740, 749, 769, 770, 777, 781, 799, 820, 821, 849, 857, 866, 888, 889]

[0, 1, 2, 8, 10, 12, 13, 14, 15, 16, 17, 21, 23, 25, 26, 27, 28, 29, 30, 31, 34, 35, 37, 39, 40, 41, 42, 45, 46, 48, 50, 51, 52, 53, 57, 59, 60, 64, 66, 67, 69, 70, 71, 72, 73, 74, 75, 76, 77, 79, 81, 82, 84, 86, 89, 91, 93, 94, 96, 103, 104, 106, 107, 108, 109, 110, 111, 112, 115, 117, 118, 119, 120, 122, 126, 127, 128, 130, 131, 132, 134, 135, 140, 141, 142, 143, 149, 152, 153, 154, 156, 157, 158, 160, 161, 162, 163, 168, 170, 171, 172, 173, 177, 181, 183, 184, 185, 189, 190, 193, 195, 197, 198, 199, 200, 202, 203, 205, 206, 207, 209, 211, 212, 213, 218, 219, 221, 222, 223, 225, 226, 227, 231, 232, 234, 235, 236, 237, 238, 239, 241, 242, 244, 245, 247, 249, 250, 253, 254, 256, 257, 258, 259, 260, 261, 262, 263, 264, 266, 267, 269, 272, 277, 278, 280, 282, 283, 285, 286, 287, 288, 290, 297, 298, 299, 301, 302, 303, 304, 306, 308, 309, 310, 311, 312, 315, 316, 317, 318, 319, 320, 322, 325, 326, 328, 331, 332, 333, 335, 336, 337, 338, 339, 343, 345, 346, 347, 348, 350, 352, 354, 356, 358, 360, 362, 363, 365, 366, 367, 371, 372, 374, 381, 382, 384, 385, 387, 389, 390, 391, 392, 393, 395, 396, 398, 399, 401, 402, 403, 406, 407, 408, 410, 411, 412, 414, 415, 416, 417, 419, 420, 421, 423, 424, 427, 428, 430, 433, 434, 436, 438, 440, 441, 442, 444, 445, 447, 450, 452, 453, 455, 456, 458, 459, 460, 461, 462, 463, 464, 468, 469, 472, 473, 474, 475, 477, 478, 480, 482, 483, 485, 486, 487, 488, 490, 491, 492, 493, 494, 496, 499, 501, 503, 504, 506, 507, 509, 510, 511, 513, 514, 515, 518, 519, 520, 526, 528, 530, 533, 539, 540, 542, 543, 545, 546, 548, 552, 553, 554, 555, 556, 557, 560, 561, 563, 564, 567, 570, 571, 573, 574, 575, 577, 578, 579, 580, 582, 585, 586, 587, 591, 592, 594, 595, 597, 598, 599, 600, 601, 602, 603, 605, 607, 610, 611, 612, 618, 620, 623, 625, 626, 627, 629, 630, 631, 632, 635, 637, 641, 642, 645, 646, 649, 650, 651, 652, 653, 654, 657, 658, 659, 665, 668, 669, 671, 672, 673, 677, 678, 679, 680, 684, 686, 687, 688, 689, 691, 693, 695, 697, 698, 699, 700, 701, 702, 707, 708, 709, 711, 714, 715, 716, 717, 718, 719, 721, 723, 726, 727, 728, 729, 730, 731, 733, 734, 735, 736, 737, 738, 740, 742, 744, 746, 747, 748, 749, 750, 751, 757, 758, 759, 760, 761, 763, 764, 765, 766, 767, 768, 769, 771, 773, 775, 776, 777, 780, 782, 783, 784, 785, 787, 788, 789, 790, 791, 792, 793, 794, 795, 796, 799, 801, 802, 803, 805, 806, 807, 808, 810, 812, 813, 814, 815, 816, 817, 818, 821, 823, 825, 829, 832, 833, 834, 835, 836, 840, 841, 843, 844, 845, 847, 848, 849, 852, 853, 855, 860, 862, 864, 865, 866, 867, 869, 872, 873, 874, 876, 877, 878, 879, 880, 881, 885, 886, 889]
[1, 13, 20, 23, 31, 32, 41, 51, 63, 71, 81, 85, 92, 95, 98, 101, 108, 113, 114, 118, 120, 122, 127, 131, 133, 146, 153, 166, 168, 169, 178, 185, 187, 189, 195, 196, 199, 206, 215, 232, 240, 241, 245, 261, 271, 278, 282, 303, 309, 310, 315, 319, 320, 324, 329, 342, 353, 361, 363, 368, 370, 376, 384, 386, 395, 405, 406, 407, 408, 414, 417, 418, 426, 429, 433, 450, 457, 460, 469, 472, 500, 508, 509, 517, 521, 526, 534, 562, 563, 577, 585, 595, 602, 605, 607, 634, 636, 638, 640, 662, 674, 685, 688, 691, 707, 725, 728, 729, 732, 737, 740, 749, 769, 770, 777, 781, 799, 820, 821, 849, 857, 866, 888, 889]

[0, 1, 2, 8, 10, 12, 13, 14, 15, 16, 17, 21, 23, 24, 25, 26, 27, 28, 29, 30, 31, 34, 35, 37, 39, 40, 41, 42, 43, 45, 46, 48, 50, 51, 52, 53, 57, 59, 60, 64, 65, 66, 67, 69, 70, 71, 72, 73, 74, 75, 76, 77, 79, 81, 82, 84, 86, 89, 91, 93, 94, 96, 103, 104, 106, 107, 108, 109, 110, 111, 112, 115, 117, 118, 119, 120, 122, 126, 127, 128, 130, 131, 132, 134, 135, 140, 141, 142, 143, 145, 149, 152, 153, 154, 156, 157, 158, 160, 161, 162, 163, 168, 170, 171, 172, 173, 177, 181, 183, 184, 185, 189, 190, 191, 193, 195, 197, 198, 199, 200, 202, 203, 205, 206, 207, 209, 211, 212, 213, 218, 219, 220, 221, 222, 223, 225, 226, 227, 231, 232, 234, 235, 236, 237, 238, 239, 241, 242, 243, 244, 245, 247, 249, 250, 252, 253, 254, 256, 257, 258, 259, 260, 261, 262, 263, 264, 266, 267, 269, 272, 277, 278, 280, 282, 283, 285, 286, 287, 288, 290, 297, 298, 299, 301, 302, 303, 304, 306, 308, 309, 310, 311, 312, 315, 316, 317, 318, 319, 320, 322, 325, 326, 328, 331, 332, 333, 335, 336, 337, 338, 339, 343, 345, 346, 347, 348, 349, 350, 352, 354, 356, 358, 360, 361, 362, 363, 365, 366, 367, 371, 372, 374, 381, 382, 384, 385, 386, 387, 389, 390, 391, 392, 393, 395, 396, 397, 398, 399, 400, 401, 402, 403, 406, 407, 408, 410, 411, 412, 414, 415, 416, 417, 419, 420, 421, 423, 424, 427, 428, 430, 433, 434, 436, 438, 440, 441, 442, 444, 445, 447, 449, 450, 452, 453, 455, 456, 458, 459, 460, 461, 462, 463, 464, 468, 469, 472, 473, 474, 475, 477, 478, 480, 482, 483, 485, 486, 487, 488, 490, 491, 492, 493, 494, 496, 499, 501, 503, 504, 506, 507, 509, 510, 511, 513, 514, 515, 518, 519, 520, 526, 528, 530, 533, 537, 539, 540, 542, 543, 545, 546, 548, 552, 553, 554, 555, 556, 557, 558, 560, 561, 563, 564, 567, 570, 571, 573, 574, 575, 577, 578, 579, 580, 582, 585, 586, 587, 591, 592, 594, 595, 597, 598, 599, 600, 601, 602, 603, 605, 607, 610, 611, 612, 616, 617, 618, 620, 623, 625, 626, 627, 629, 630, 631, 632, 635, 637, 641, 642, 645, 646, 649, 650, 651, 652, 653, 654, 657, 658, 659, 665, 668, 669, 671, 672, 673, 677, 678, 679, 680, 684, 686, 687, 688, 689, 690, 691, 693, 695, 697, 698, 699, 700, 701, 702, 707, 708, 709, 711, 714, 715, 716, 717, 718, 719, 721, 723, 726, 727, 728, 729, 730, 731, 733, 734, 735, 736, 737, 738, 740, 742, 744, 746, 747, 748, 749, 750, 751, 757, 758, 759, 760, 761, 762, 763, 764, 765, 766, 767, 768, 769, 771, 773, 775, 776, 777, 780, 782, 783, 784, 785, 787, 788, 789, 790, 791, 792, 793, 794, 795, 796, 799, 801, 802, 803, 805, 806, 807, 808, 810, 811, 812, 813, 814, 815, 816, 817, 818, 821, 823, 825, 829, 830, 832, 833, 834, 835, 836, 837, 840, 841, 843, 844, 845, 846, 847, 848, 849, 852, 853, 855, 858, 860, 862, 864, 865, 866, 867, 869, 872, 873, 874, 876, 877, 878, 879, 880, 881, 885, 886, 889]
[1, 13, 20, 23, 31, 32, 41, 51, 63, 71, 81, 85, 92, 95, 98, 101, 108, 113, 114, 118, 120, 122, 127, 131, 133, 146, 153, 166, 168, 169, 178, 185, 187, 189, 195, 196, 199, 206, 215, 232, 240, 241, 245, 261, 271, 278, 282, 303, 309, 310, 315, 319, 320, 324, 329, 342, 353, 361, 363, 368, 370, 376, 384, 386, 395, 405, 406, 407, 408, 414, 417, 418, 426, 429, 433, 450, 457, 460, 469, 472, 500, 508, 509, 517, 521, 526, 534, 562, 563, 577, 585, 595, 602, 605, 607, 634, 636, 638, 640, 662, 674, 685, 688, 691, 707, 725, 728, 729, 732, 737, 740, 749, 769, 770, 777, 781, 799, 820, 821, 849, 857, 866, 888, 889]

[0, 1, 2, 3, 8, 10, 12, 13, 14, 15, 16, 17, 18, 21, 22, 23, 24, 25, 26, 27, 28, 29, 30, 31, 32, 34, 35, 37, 39, 40, 41, 42, 43, 45, 46, 48, 50, 51, 52, 53, 55, 57, 59, 60, 64, 65, 66, 67, 68, 69, 70, 71, 72, 73, 74, 75, 76, 77, 79, 80, 81, 82, 84, 86, 89, 91, 93, 94, 96, 103, 104, 106, 107, 108, 109, 110, 111, 112, 114, 115, 117, 118, 119, 120, 122, 126, 127, 128, 130, 131, 132, 134, 135, 140, 141, 142, 143, 144, 145, 149, 152, 153, 154, 156, 157, 158, 160, 161, 162, 163, 168, 169, 170, 171, 172, 173, 177, 181, 183, 184, 185, 189, 190, 191, 193, 195, 197, 198, 199, 200, 202, 203, 205, 206, 207, 209, 210, 211, 212, 213, 218, 219, 220, 221, 222, 223, 225, 226, 227, 231, 232, 234, 235, 236, 237, 238, 239, 241, 242, 243, 244, 245, 247, 249, 250, 252, 253, 254, 256, 257, 258, 259, 260, 261, 262, 263, 264, 266, 267, 269, 272, 277, 278, 280, 282, 283, 285, 286, 287, 288, 290, 297, 298, 299, 301, 302, 303, 304, 306, 308, 309, 310, 311, 312, 313, 315, 316, 317, 318, 319, 320, 322, 325, 326, 328, 329, 331, 332, 333, 335, 336, 337, 338, 339, 343, 345, 346, 347, 348, 349, 350, 352, 354, 356, 358, 359, 360, 361, 362, 363, 365, 366, 367, 371, 372, 374, 381, 382, 384, 385, 386, 387, 389, 390, 391, 392, 393, 395, 396, 397, 398, 399, 400, 401, 402, 403, 404, 406, 407, 408, 410, 411, 412, 414, 415, 416, 417, 419, 420, 421, 423, 424, 427, 428, 430, 431, 433, 434, 435, 436, 438, 440, 441, 442, 444, 445, 447, 449, 450, 452, 453, 455, 456, 458, 459, 460, 461, 462, 463, 464, 468, 469, 472, 473, 474, 475, 477, 478, 480, 482, 483, 485, 486, 487, 488, 490, 491, 492, 493, 494, 496, 499, 501, 503, 504, 506, 507, 509, 510, 511, 513, 514, 515, 518, 519, 520, 522, 526, 528, 530, 533, 537, 539, 540, 542, 543, 545, 546, 548, 552, 553, 554, 555, 556, 557, 558, 560, 561, 563, 564, 567, 570, 571, 573, 574, 575, 577, 578, 579, 580, 582, 585, 586, 587, 591, 592, 594, 595, 597, 598, 599, 600, 601, 602, 603, 605, 607, 610, 611, 612, 614, 616, 617, 618, 620, 623, 624, 625, 626, 627, 629, 630, 631, 632, 635, 637, 641, 642, 645, 646, 649, 650, 651, 652, 653, 654, 657, 658, 659, 665, 668, 669, 671, 672, 673, 676, 677, 678, 679, 680, 684, 686, 687, 688, 689, 690, 691, 692, 693, 695, 697, 698, 699, 700, 701, 702, 707, 708, 709, 711, 714, 715, 716, 717, 718, 719, 721, 723, 726, 727, 728, 729, 730, 731, 733, 734, 735, 736, 737, 738, 740, 742, 744, 746, 747, 748, 749, 750, 751, 757, 758, 759, 760, 761, 762, 763, 764, 765, 766, 767, 768, 769, 771, 773, 775, 776, 777, 778, 780, 782, 783, 784, 785, 786, 787, 788, 789, 790, 791, 792, 793, 794, 795, 796, 799, 801, 802, 803, 805, 806, 807, 808, 810, 811, 812, 813, 814, 815, 816, 817, 818, 821, 823, 825, 829, 830, 832, 833, 834, 835, 836, 837, 840, 841, 843, 844, 845, 846, 847, 848, 849, 852, 853, 855, 858, 860, 862, 863, 864, 865, 866, 867, 869, 872, 873, 874, 876, 877, 878, 879, 880, 881, 885, 886, 889]
[1, 13, 20, 23, 31, 32, 41, 51, 63, 71, 81, 85, 92, 95, 98, 101, 108, 113, 114, 118, 120, 122, 127, 131, 133, 146, 153, 166, 168, 169, 178, 185, 187, 189, 195, 196, 199, 206, 215, 232, 240, 241, 245, 261, 271, 278, 282, 303, 309, 310, 315, 319, 320, 324, 329, 342, 353, 361, 363, 368, 370, 376, 384, 386, 395, 405, 406, 407, 408, 414, 417, 418, 426, 429, 433, 450, 457, 460, 469, 472, 500, 508, 509, 517, 521, 526, 534, 562, 563, 577, 585, 595, 602, 605, 607, 634, 636, 638, 640, 662, 674, 685, 688, 691, 707, 725, 728, 729, 732, 737, 740, 749, 769, 770, 777, 781, 799, 820, 821, 849, 857, 866, 888, 889]

[0, 1, 2, 3, 8, 10, 11, 12, 13, 14, 15, 16, 17, 18, 21, 22, 23, 24, 25, 26, 27, 28, 29, 30, 31, 32, 34, 35, 37, 39, 40, 41, 42, 43, 45, 46, 48, 50, 51, 52, 53, 54, 55, 57, 59, 60, 64, 65, 66, 67, 68, 69, 70, 71, 72, 73, 74, 75, 76, 77, 79, 80, 81, 82, 84, 86, 89, 91, 93, 94, 96, 103, 104, 106, 107, 108, 109, 110, 111, 112, 114, 115, 117, 118, 119, 120, 122, 126, 127, 128, 130, 131, 132, 134, 135, 140, 141, 142, 143, 144, 145, 149, 152, 153, 154, 156, 157, 158, 160, 161, 162, 163, 168, 169, 170, 171, 172, 173, 177, 181, 183, 184, 185, 187, 189, 190, 191, 193, 195, 197, 198, 199, 200, 202, 203, 205, 206, 207, 209, 210, 211, 212, 213, 215, 218, 219, 220, 221, 222, 223, 225, 226, 227, 228, 231, 232, 234, 235, 236, 237, 238, 239, 241, 242, 243, 244, 245, 247, 249, 250, 252, 253, 254, 256, 257, 258, 259, 260, 261, 262, 263, 264, 265, 266, 267, 269, 272, 277, 278, 280, 282, 283, 284, 285, 286, 287, 288, 290, 294, 297, 298, 299, 301, 302, 303, 304, 305, 306, 308, 309, 310, 311, 312, 313, 315, 316, 317, 318, 319, 320, 322, 325, 326, 328, 329, 331, 332, 333, 335, 336, 337, 338, 339, 340, 343, 345, 346, 347, 348, 349, 350, 352, 353, 354, 355, 356, 358, 359, 360, 361, 362, 363, 365, 366, 367, 370, 371, 372, 374, 381, 382, 384, 385, 386, 387, 389, 390, 391, 392, 393, 395, 396, 397, 398, 399, 400, 401, 402, 403, 404, 406, 407, 408, 410, 411, 412, 414, 415, 416, 417, 419, 420, 421, 423, 424, 427, 428, 430, 431, 433, 434, 435, 436, 438, 440, 441, 442, 444, 445, 447, 449, 450, 452, 453, 455, 456, 458, 459, 460, 461, 462, 463, 464, 468, 469, 472, 473, 474, 475, 477, 478, 480, 482, 483, 485, 486, 487, 488, 490, 491, 492, 493, 494, 496, 499, 501, 503, 504, 506, 507, 509, 510, 511, 513, 514, 515, 516, 518, 519, 520, 522, 526, 528, 530, 533, 537, 539, 540, 542, 543, 544, 545, 546, 548, 550, 552, 553, 554, 555, 556, 557, 558, 560, 561, 563, 564, 567, 570, 571, 572, 573, 574, 575, 577, 578, 579, 580, 582, 585, 586, 587, 591, 592, 594, 595, 597, 598, 599, 600, 601, 602, 603, 605, 607, 610, 611, 612, 614, 616, 617, 618, 620, 623, 624, 625, 626, 627, 629, 630, 631, 632, 635, 636, 637, 641, 642, 644, 645, 646, 649, 650, 651, 652, 653, 654, 657, 658, 659, 665, 668, 669, 671, 672, 673, 676, 677, 678, 679, 680, 683, 684, 686, 687, 688, 689, 690, 691, 692, 693, 695, 697, 698, 699, 700, 701, 702, 707, 708, 709, 711, 713, 714, 715, 716, 717, 718, 719, 721, 723, 726, 727, 728, 729, 730, 731, 733, 734, 735, 736, 737, 738, 740, 742, 744, 746, 747, 748, 749, 750, 751, 757, 758, 759, 760, 761, 762, 763, 764, 765, 766, 767, 768, 769, 771, 773, 775, 776, 777, 778, 780, 782, 783, 784, 785, 786, 787, 788, 789, 790, 791, 792, 793, 794, 795, 796, 799, 801, 802, 803, 805, 806, 807, 808, 810, 811, 812, 813, 814, 815, 816, 817, 818, 821, 823, 825, 828, 829, 830, 832, 833, 834, 835, 836, 837, 840, 841, 843, 844, 845, 846, 847, 848, 849, 851, 852, 853, 854, 855, 856, 858, 860, 862, 863, 864, 865, 866, 867, 869, 872, 873, 874, 876, 877, 878, 879, 880, 881, 885, 886, 889]
[1, 13, 20, 23, 31, 32, 41, 51, 63, 71, 81, 85, 92, 95, 98, 101, 108, 113, 114, 118, 120, 122, 127, 131, 133, 146, 153, 166, 168, 169, 178, 185, 187, 189, 195, 196, 199, 206, 215, 232, 240, 241, 245, 261, 271, 278, 282, 303, 309, 310, 315, 319, 320, 324, 329, 342, 353, 361, 363, 368, 370, 376, 384, 386, 395, 405, 406, 407, 408, 414, 417, 418, 426, 429, 433, 450, 457, 460, 469, 472, 500, 508, 509, 517, 521, 526, 534, 562, 563, 577, 585, 595, 602, 605, 607, 634, 636, 638, 640, 662, 674, 685, 688, 691, 707, 725, 728, 729, 732, 737, 740, 749, 769, 770, 777, 781, 799, 820, 821, 849, 857, 866, 888, 889]

[0, 1, 2, 3, 8, 10, 11, 12, 13, 14, 15, 16, 17, 18, 19, 21, 22, 23, 24, 25, 26, 27, 28, 29, 30, 31, 32, 34, 35, 37, 39, 40, 41, 42, 43, 45, 46, 48, 50, 51, 52, 53, 54, 55, 57, 58, 59, 60, 64, 65, 66, 67, 68, 69, 70, 71, 72, 73, 74, 75, 76, 77, 79, 80, 81, 82, 84, 86, 89, 91, 92, 93, 94, 95, 96, 103, 104, 106, 107, 108, 109, 110, 111, 112, 113, 114, 115, 117, 118, 119, 120, 122, 126, 127, 128, 129, 130, 131, 132, 134, 135, 139, 140, 141, 142, 143, 144, 145, 149, 152, 153, 154, 156, 157, 158, 160, 161, 162, 163, 168, 169, 170, 171, 172, 173, 177, 181, 183, 184, 185, 186, 187, 189, 190, 191, 193, 195, 197, 198, 199, 200, 202, 203, 205, 206, 207, 209, 210, 211, 212, 213, 215, 218, 219, 220, 221, 222, 223, 225, 226, 227, 228, 231, 232, 234, 235, 236, 237, 238, 239, 241, 242, 243, 244, 245, 247, 249, 250, 252, 253, 254, 256, 257, 258, 259, 260, 261, 262, 263, 264, 265, 266, 267, 268, 269, 272, 277, 278, 280, 282, 283, 284, 285, 286, 287, 288, 290, 291, 292, 294, 297, 298, 299, 301, 302, 303, 304, 305, 306, 308, 309, 310, 311, 312, 313, 315, 316, 317, 318, 319, 320, 322, 325, 326, 328, 329, 331, 332, 333, 335, 336, 337, 338, 339, 340, 343, 345, 346, 347, 348, 349, 350, 352, 353, 354, 355, 356, 358, 359, 360, 361, 362, 363, 365, 366, 367, 370, 371, 372, 374, 377, 381, 382, 384, 385, 386, 387, 389, 390, 391, 392, 393, 395, 396, 397, 398, 399, 400, 401, 402, 403, 404, 406, 407, 408, 410, 411, 412, 414, 415, 416, 417, 419, 420, 421, 423, 424, 427, 428, 430, 431, 433, 434, 435, 436, 438, 440, 441, 442, 444, 445, 447, 449, 450, 452, 453, 455, 456, 458, 459, 460, 461, 462, 463, 464, 468, 469, 472, 473, 474, 475, 477, 478, 479, 480, 482, 483, 485, 486, 487, 488, 490, 491, 492, 493, 494, 496, 499, 501, 503, 504, 505, 506, 507, 509, 510, 511, 513, 514, 515, 516, 518, 519, 520, 522, 526, 528, 529, 530, 533, 537, 539, 540, 542, 543, 544, 545, 546, 548, 550, 552, 553, 554, 555, 556, 557, 558, 560, 561, 562, 563, 564, 567, 570, 571, 572, 573, 574, 575, 577, 578, 579, 580, 582, 585, 586, 587, 588, 591, 592, 594, 595, 597, 598, 599, 600, 601, 602, 603, 605, 607, 610, 611, 612, 614, 616, 617, 618, 620, 623, 624, 625, 626, 627, 629, 630, 631, 632, 635, 636, 637, 639, 641, 642, 644, 645, 646, 647, 649, 650, 651, 652, 653, 654, 657, 658, 659, 665, 667, 668, 669, 670, 671, 672, 673, 676, 677, 678, 679, 680, 683, 684, 686, 687, 688, 689, 690, 691, 692, 693, 695, 697, 698, 699, 700, 701, 702, 707, 708, 709, 711, 712, 713, 714, 715, 716, 717, 718, 719, 721, 723, 726, 727, 728, 729, 730, 731, 733, 734, 735, 736, 737, 738, 740, 742, 744, 746, 747, 748, 749, 750, 751, 757, 758, 759, 760, 761, 762, 763, 764, 765, 766, 767, 768, 769, 771, 773, 775, 776, 777, 778, 780, 782, 783, 784, 785, 786, 787, 788, 789, 790, 791, 792, 793, 794, 795, 796, 799, 801, 802, 803, 805, 806, 807, 808, 809, 810, 811, 812, 813, 814, 815, 816, 817, 818, 821, 823, 825, 827, 828, 829, 830, 832, 833, 834, 835, 836, 837, 840, 841, 843, 844, 845, 846, 847, 848, 849, 851, 852, 853, 854, 855, 856, 858, 860, 862, 863, 864, 865, 866, 867, 869, 872, 873, 874, 876, 877, 878, 879, 880, 881, 885, 886, 887, 889]
[1, 13, 20, 23, 31, 32, 41, 51, 63, 71, 81, 85, 92, 95, 98, 101, 108, 113, 114, 118, 120, 122, 127, 131, 133, 146, 153, 166, 168, 169, 178, 185, 187, 189, 195, 196, 199, 206, 215, 232, 240, 241, 245, 261, 271, 278, 282, 303, 309, 310, 315, 319, 320, 324, 329, 342, 353, 361, 363, 368, 370, 376, 384, 386, 395, 405, 406, 407, 408, 414, 417, 418, 426, 429, 433, 450, 457, 460, 469, 472, 500, 508, 509, 517, 521, 526, 534, 562, 563, 577, 585, 595, 602, 605, 607, 634, 636, 638, 640, 662, 674, 685, 688, 691, 707, 725, 728, 729, 732, 737, 740, 749, 769, 770, 777, 781, 799, 820, 821, 849, 857, 866, 888, 889]

[0, 1, 2, 3, 4, 8, 9, 10, 11, 12, 13, 14, 15, 16, 17, 18, 19, 20, 21, 22, 23, 24, 25, 26, 27, 28, 29, 30, 31, 32, 34, 35, 37, 39, 40, 41, 42, 43, 45, 46, 48, 50, 51, 52, 53, 54, 55, 57, 58, 59, 60, 61, 64, 65, 66, 67, 68, 69, 70, 71, 72, 73, 74, 75, 76, 77, 79, 80, 81, 82, 84, 86, 89, 91, 92, 93, 94, 95, 96, 101, 103, 104, 106, 107, 108, 109, 110, 111, 112, 113, 114, 115, 117, 118, 119, 120, 122, 126, 127, 128, 129, 130, 131, 132, 133, 134, 135, 139, 140, 141, 142, 143, 144, 145, 147, 149, 150, 152, 153, 154, 156, 157, 158, 160, 161, 162, 163, 166, 168, 169, 170, 171, 172, 173, 177, 181, 183, 184, 185, 186, 187, 189, 190, 191, 193, 195, 196, 197, 198, 199, 200, 202, 203, 205, 206, 207, 209, 210, 211, 212, 213, 215, 218, 219, 220, 221, 222, 223, 225, 226, 227, 228, 231, 232, 234, 235, 236, 237, 238, 239, 241, 242, 243, 244, 245, 247, 249, 250, 252, 253, 254, 255, 256, 257, 258, 259, 260, 261, 262, 263, 264, 265, 266, 267, 268, 269, 272, 277, 278, 279, 280, 282, 283, 284, 285, 286, 287, 288, 289, 290, 291, 292, 294, 297, 298, 299, 301, 302, 303, 304, 305, 306, 307, 308, 309, 310, 311, 312, 313, 315, 316, 317, 318, 319, 320, 322, 325, 326, 328, 329, 331, 332, 333, 335, 336, 337, 338, 339, 340, 343, 345, 346, 347, 348, 349, 350, 352, 353, 354, 355, 356, 358, 359, 360, 361, 362, 363, 365, 366, 367, 370, 371, 372, 374, 377, 381, 382, 384, 385, 386, 387, 389, 390, 391, 392, 393, 395, 396, 397, 398, 399, 400, 401, 402, 403, 404, 406, 407, 408, 410, 411, 412, 414, 415, 416, 417, 419, 420, 421, 423, 424, 427, 428, 430, 431, 433, 434, 435, 436, 437, 438, 440, 441, 442, 444, 445, 447, 449, 450, 452, 453, 455, 456, 458, 459, 460, 461, 462, 463, 464, 466, 468, 469, 472, 473, 474, 475, 477, 478, 479, 480, 481, 482, 483, 485, 486, 487, 488, 490, 491, 492, 493, 494, 496, 497, 498, 499, 501, 503, 504, 505, 506, 507, 509, 510, 511, 512, 513, 514, 515, 516, 517, 518, 519, 520, 522, 526, 528, 529, 530, 533, 535, 537, 539, 540, 542, 543, 544, 545, 546, 548, 550, 552, 553, 554, 555, 556, 557, 558, 560, 561, 562, 563, 564, 567, 570, 571, 572, 573, 574, 575, 576, 577, 578, 579, 580, 582, 585, 586, 587, 588, 591, 592, 594, 595, 597, 598, 599, 600, 601, 602, 603, 605, 607, 610, 611, 612, 614, 616, 617, 618, 620, 623, 624, 625, 626, 627, 629, 630, 631, 632, 635, 636, 637, 639, 641, 642, 644, 645, 646, 647, 649, 650, 651, 652, 653, 654, 657, 658, 659, 665, 667, 668, 669, 670, 671, 672, 673, 676, 677, 678, 679, 680, 683, 684, 686, 687, 688, 689, 690, 691, 692, 693, 695, 697, 698, 699, 700, 701, 702, 707, 708, 709, 710, 711, 712, 713, 714, 715, 716, 717, 718, 719, 721, 723, 726, 727, 728, 729, 730, 731, 733, 734, 735, 736, 737, 738, 740, 742, 744, 746, 747, 748, 749, 750, 751, 757, 758, 759, 760, 761, 762, 763, 764, 765, 766, 767, 768, 769, 770, 771, 773, 775, 776, 777, 778, 780, 782, 783, 784, 785, 786, 787, 788, 789, 790, 791, 792, 793, 794, 795, 796, 799, 801, 802, 803, 805, 806, 807, 808, 809, 810, 811, 812, 813, 814, 815, 816, 817, 818, 821, 823, 825, 827, 828, 829, 830, 832, 833, 834, 835, 836, 837, 840, 841, 843, 844, 845, 846, 847, 848, 849, 851, 852, 853, 854, 855, 856, 858, 860, 862, 863, 864, 865, 866, 867, 869, 872, 873, 874, 876, 877, 878, 879, 880, 881, 885, 886, 887, 889]
[1, 13, 20, 23, 31, 32, 41, 51, 63, 71, 81, 85, 92, 95, 98, 101, 108, 113, 114, 118, 120, 122, 127, 131, 133, 146, 153, 166, 168, 169, 178, 185, 187, 189, 195, 196, 199, 206, 215, 232, 240, 241, 245, 261, 271, 278, 282, 303, 309, 310, 315, 319, 320, 324, 329, 342, 353, 361, 363, 368, 370, 376, 384, 386, 395, 405, 406, 407, 408, 414, 417, 418, 426, 429, 433, 450, 457, 460, 469, 472, 500, 508, 509, 517, 521, 526, 534, 562, 563, 577, 585, 595, 602, 605, 607, 634, 636, 638, 640, 662, 674, 685, 688, 691, 707, 725, 728, 729, 732, 737, 740, 749, 769, 770, 777, 781, 799, 820, 821, 849, 857, 866, 888, 889]

[0, 1, 2, 3, 4, 8, 9, 10, 11, 12, 13, 14, 15, 16, 17, 18, 19, 20, 21, 22, 23, 24, 25, 26, 27, 28, 29, 30, 31, 32, 33, 34, 35, 37, 39, 40, 41, 42, 43, 45, 46, 48, 50, 51, 52, 53, 54, 55, 57, 58, 59, 60, 61, 63, 64, 65, 66, 67, 68, 69, 70, 71, 72, 73, 74, 75, 76, 77, 79, 80, 81, 82, 84, 86, 89, 91, 92, 93, 94, 95, 96, 101, 103, 104, 106, 107, 108, 109, 110, 111, 112, 113, 114, 115, 117, 118, 119, 120, 122, 126, 127, 128, 129, 130, 131, 132, 133, 134, 135, 136, 138, 139, 140, 141, 142, 143, 144, 145, 147, 149, 150, 152, 153, 154, 156, 157, 158, 160, 161, 162, 163, 166, 168, 169, 170, 171, 172, 173, 177, 181, 183, 184, 185, 186, 187, 189, 190, 191, 193, 195, 196, 197, 198, 199, 200, 201, 202, 203, 205, 206, 207, 209, 210, 211, 212, 213, 215, 218, 219, 220, 221, 222, 223, 224, 225, 226, 227, 228, 231, 232, 234, 235, 236, 237, 238, 239, 241, 242, 243, 244, 245, 247, 249, 250, 252, 253, 254, 255, 256, 257, 258, 259, 260, 261, 262, 263, 264, 265, 266, 267, 268, 269, 272, 277, 278, 279, 280, 282, 283, 284, 285, 286, 287, 288, 289, 290, 291, 292, 294, 296, 297, 298, 299, 301, 302, 303, 304, 305, 306, 307, 308, 309, 310, 311, 312, 313, 315, 316, 317, 318, 319, 320, 322, 324, 325, 326, 328, 329, 331, 332, 333, 335, 336, 337, 338, 339, 340, 342, 343, 345, 346, 347, 348, 349, 350, 352, 353, 354, 355, 356, 358, 359, 360, 361, 362, 363, 365, 366, 367, 370, 371, 372, 373, 374, 377, 378, 381, 382, 384, 385, 386, 387, 389, 390, 391, 392, 393, 395, 396, 397, 398, 399, 400, 401, 402, 403, 404, 406, 407, 408, 410, 411, 412, 413, 414, 415, 416, 417, 419, 420, 421, 423, 424, 427, 428, 430, 431, 433, 434, 435, 436, 437, 438, 440, 441, 442, 444, 445, 447, 448, 449, 450, 451, 452, 453, 455, 456, 458, 459, 460, 461, 462, 463, 464, 466, 468, 469, 472, 473, 474, 475, 477, 478, 479, 480, 481, 482, 483, 485, 486, 487, 488, 490, 491, 492, 493, 494, 496, 497, 498, 499, 501, 503, 504, 505, 506, 507, 509, 510, 511, 512, 513, 514, 515, 516, 517, 518, 519, 520, 522, 526, 528, 529, 530, 533, 535, 537, 539, 540, 542, 543, 544, 545, 546, 548, 549, 550, 552, 553, 554, 555, 556, 557, 558, 560, 561, 562, 563, 564, 567, 570, 571, 572, 573, 574, 575, 576, 577, 578, 579, 580, 582, 585, 586, 587, 588, 589, 591, 592, 594, 595, 597, 598, 599, 600, 601, 602, 603, 605, 607, 610, 611, 612, 614, 616, 617, 618, 620, 623, 624, 625, 626, 627, 629, 630, 631, 632, 635, 636, 637, 639, 641, 642, 644, 645, 646, 647, 649, 650, 651, 652, 653, 654, 657, 658, 659, 661, 665, 667, 668, 669, 670, 671, 672, 673, 676, 677, 678, 679, 680, 683, 684, 686, 687, 688, 689, 690, 691, 692, 693, 695, 697, 698, 699, 700, 701, 702, 707, 708, 709, 710, 711, 712, 713, 714, 715, 716, 717, 718, 719, 721, 722, 723, 724, 726, 727, 728, 729, 730, 731, 733, 734, 735, 736, 737, 738, 740, 742, 744, 746, 747, 748, 749, 750, 751, 757, 758, 759, 760, 761, 762, 763, 764, 765, 766, 767, 768, 769, 770, 771, 773, 775, 776, 777, 778, 780, 782, 783, 784, 785, 786, 787, 788, 789, 790, 791, 792, 793, 794, 795, 796, 798, 799, 800, 801, 802, 803, 805, 806, 807, 808, 809, 810, 811, 812, 813, 814, 815, 816, 817, 818, 821, 822, 823, 825, 826, 827, 828, 829, 830, 832, 833, 834, 835, 836, 837, 840, 841, 843, 844, 845, 846, 847, 848, 849, 851, 852, 853, 854, 855, 856, 858, 860, 862, 863, 864, 865, 866, 867, 869, 872, 873, 874, 876, 877, 878, 879, 880, 881, 882, 883, 885, 886, 887, 889]
[1, 13, 20, 23, 31, 32, 41, 51, 63, 71, 81, 85, 92, 95, 98, 101, 108, 113, 114, 118, 120, 122, 127, 131, 133, 146, 153, 166, 168, 169, 178, 185, 187, 189, 195, 196, 199, 206, 215, 232, 240, 241, 245, 261, 271, 278, 282, 303, 309, 310, 315, 319, 320, 324, 329, 342, 353, 361, 363, 368, 370, 376, 384, 386, 395, 405, 406, 407, 408, 414, 417, 418, 426, 429, 433, 450, 457, 460, 469, 472, 500, 508, 509, 517, 521, 526, 534, 562, 563, 577, 585, 595, 602, 605, 607, 634, 636, 638, 640, 662, 674, 685, 688, 691, 707, 725, 728, 729, 732, 737, 740, 749, 769, 770, 777, 781, 799, 820, 821, 849, 857, 866, 888, 889]

[0, 1, 2, 3, 4, 5, 8, 9, 10, 11, 12, 13, 14, 15, 16, 17, 18, 19, 20, 21, 22, 23, 24, 25, 26, 27, 28, 29, 30, 31, 32, 33, 34, 35, 37, 39, 40, 41, 42, 43, 45, 46, 48, 49, 50, 51, 52, 53, 54, 55, 56, 57, 58, 59, 60, 61, 63, 64, 65, 66, 67, 68, 69, 70, 71, 72, 73, 74, 75, 76, 77, 79, 80, 81, 82, 84, 86, 89, 91, 92, 93, 94, 95, 96, 98, 101, 103, 104, 106, 107, 108, 109, 110, 111, 112, 113, 114, 115, 117, 118, 119, 120, 121, 122, 123, 125, 126, 127, 128, 129, 130, 131, 132, 133, 134, 135, 136, 138, 139, 140, 141, 142, 143, 144, 145, 147, 149, 150, 152, 153, 154, 156, 157, 158, 160, 161, 162, 163, 166, 168, 169, 170, 171, 172, 173, 176, 177, 181, 183, 184, 185, 186, 187, 189, 190, 191, 193, 195, 196, 197, 198, 199, 200, 201, 202, 203, 205, 206, 207, 209, 210, 211, 212, 213, 215, 218, 219, 220, 221, 222, 223, 224, 225, 226, 227, 228, 231, 232, 234, 235, 236, 237, 238, 239, 240, 241, 242, 243, 244, 245, 247, 248, 249, 250, 252, 253, 254, 255, 256, 257, 258, 259, 260, 261, 262, 263, 264, 265, 266, 267, 268, 269, 272, 277, 278, 279, 280, 282, 283, 284, 285, 286, 287, 288, 289, 290, 291, 292, 294, 296, 297, 298, 299, 300, 301, 302, 303, 304, 305, 306, 307, 308, 309, 310, 311, 312, 313, 315, 316, 317, 318, 319, 320, 322, 324, 325, 326, 327, 328, 329, 331, 332, 333, 335, 336, 337, 338, 339, 340, 341, 342, 343, 345, 346, 347, 348, 349, 350, 352, 353, 354, 355, 356, 358, 359, 360, 361, 362, 363, 365, 366, 367, 370, 371, 372, 373, 374, 375, 376, 377, 378, 381, 382, 384, 385, 386, 387, 389, 390, 391, 392, 393, 394, 395, 396, 397, 398, 399, 400, 401, 402, 403, 404, 406, 407, 408, 410, 411, 412, 413, 414, 415, 416, 417, 419, 420, 421, 423, 424, 426, 427, 428, 430, 431, 433, 434, 435, 436, 437, 438, 440, 441, 442, 444, 445, 447, 448, 449, 450, 451, 452, 453, 455, 456, 458, 459, 460, 461, 462, 463, 464, 466, 468, 469, 472, 473, 474, 475, 477, 478, 479, 480, 481, 482, 483, 485, 486, 487, 488, 490, 491, 492, 493, 494, 496, 497, 498, 499, 501, 503, 504, 505, 506, 507, 508, 509, 510, 511, 512, 513, 514, 515, 516, 517, 518, 519, 520, 521, 522, 524, 525, 526, 528, 529, 530, 533, 535, 537, 539, 540, 542, 543, 544, 545, 546, 548, 549, 550, 552, 553, 554, 555, 556, 557, 558, 560, 561, 562, 563, 564, 567, 569, 570, 571, 572, 573, 574, 575, 576, 577, 578, 579, 580, 582, 585, 586, 587, 588, 589, 591, 592, 594, 595, 597, 598, 599, 600, 601, 602, 603, 605, 607, 610, 611, 612, 614, 616, 617, 618, 620, 623, 624, 625, 626, 627, 629, 630, 631, 632, 635, 636, 637, 639, 641, 642, 644, 645, 646, 647, 649, 650, 651, 652, 653, 654, 657, 658, 659, 661, 665, 667, 668, 669, 670, 671, 672, 673, 676, 677, 678, 679, 680, 683, 684, 686, 687, 688, 689, 690, 691, 692, 693, 694, 695, 697, 698, 699, 700, 701, 702, 707, 708, 709, 710, 711, 712, 713, 714, 715, 716, 717, 718, 719, 721, 722, 723, 724, 726, 727, 728, 729, 730, 731, 733, 734, 735, 736, 737, 738, 740, 742, 744, 745, 746, 747, 748, 749, 750, 751, 757, 758, 759, 760, 761, 762, 763, 764, 765, 766, 767, 768, 769, 770, 771, 773, 775, 776, 777, 778, 780, 782, 783, 784, 785, 786, 787, 788, 789, 790, 791, 792, 793, 794, 795, 796, 798, 799, 800, 801, 802, 803, 805, 806, 807, 808, 809, 810, 811, 812, 813, 814, 815, 816, 817, 818, 819, 821, 822, 823, 825, 826, 827, 828, 829, 830, 832, 833, 834, 835, 836, 837, 840, 841, 843, 844, 845, 846, 847, 848, 849, 851, 852, 853, 854, 855, 856, 858, 860, 862, 863, 864, 865, 866, 867, 869, 872, 873, 874, 876, 877, 878, 879, 880, 881, 882, 883, 885, 886, 887, 889]
[1, 13, 20, 23, 31, 32, 41, 51, 63, 71, 81, 85, 92, 95, 98, 101, 108, 113, 114, 118, 120, 122, 127, 131, 133, 146, 153, 166, 168, 169, 178, 185, 187, 189, 195, 196, 199, 206, 215, 232, 240, 241, 245, 261, 271, 278, 282, 303, 309, 310, 315, 319, 320, 324, 329, 342, 353, 361, 363, 368, 370, 376, 384, 386, 395, 405, 406, 407, 408, 414, 417, 418, 426, 429, 433, 450, 457, 460, 469, 472, 500, 508, 509, 517, 521, 526, 534, 562, 563, 577, 585, 595, 602, 605, 607, 634, 636, 638, 640, 662, 674, 685, 688, 691, 707, 725, 728, 729, 732, 737, 740, 749, 769, 770, 777, 781, 799, 820, 821, 849, 857, 866, 888, 889]

[0, 1, 2, 3, 4, 5, 8, 9, 10, 11, 12, 13, 14, 15, 16, 17, 18, 19, 20, 21, 22, 23, 24, 25, 26, 27, 28, 29, 30, 31, 32, 33, 34, 35, 37, 39, 40, 41, 42, 43, 45, 46, 48, 49, 50, 51, 52, 53, 54, 55, 56, 57, 58, 59, 60, 61, 63, 64, 65, 66, 67, 68, 69, 70, 71, 72, 73, 74, 75, 76, 77, 79, 80, 81, 82, 84, 86, 87, 89, 91, 92, 93, 94, 95, 96, 98, 101, 103, 104, 106, 107, 108, 109, 110, 111, 112, 113, 114, 115, 117, 118, 119, 120, 121, 122, 123, 125, 126, 127, 128, 129, 130, 131, 132, 133, 134, 135, 136, 138, 139, 140, 141, 142, 143, 144, 145, 147, 149, 150, 152, 153, 154, 156, 157, 158, 160, 161, 162, 163, 165, 166, 168, 169, 170, 171, 172, 173, 174, 176, 177, 181, 183, 184, 185, 186, 187, 188, 189, 190, 191, 193, 195, 196, 197, 198, 199, 200, 201, 202, 203, 205, 206, 207, 209, 210, 211, 212, 213, 215, 218, 219, 220, 221, 222, 223, 224, 225, 226, 227, 228, 231, 232, 234, 235, 236, 237, 238, 239, 240, 241, 242, 243, 244, 245, 247, 248, 249, 250, 252, 253, 254, 255, 256, 257, 258, 259, 260, 261, 262, 263, 264, 265, 266, 267, 268, 269, 272, 277, 278, 279, 280, 282, 283, 284, 285, 286, 287, 288, 289, 290, 291, 292, 294, 295, 296, 297, 298, 299, 300, 301, 302, 303, 304, 305, 306, 307, 308, 309, 310, 311, 312, 313, 315, 316, 317, 318, 319, 320, 322, 324, 325, 326, 327, 328, 329, 331, 332, 333, 335, 336, 337, 338, 339, 340, 341, 342, 343, 345, 346, 347, 348, 349, 350, 351, 352, 353, 354, 355, 356, 358, 359, 360, 361, 362, 363, 365, 366, 367, 370, 371, 372, 373, 374, 375, 376, 377, 378, 380, 381, 382, 384, 385, 386, 387, 388, 389, 390, 391, 392, 393, 394, 395, 396, 397, 398, 399, 400, 401, 402, 403, 404, 406, 407, 408, 410, 411, 412, 413, 414, 415, 416, 417, 419, 420, 421, 423, 424, 425, 426, 427, 428, 430, 431, 433, 434, 435, 436, 437, 438, 440, 441, 442, 444, 445, 447, 448, 449, 450, 451, 452, 453, 455, 456, 458, 459, 460, 461, 462, 463, 464, 466, 468, 469, 470, 472, 473, 474, 475, 477, 478, 479, 480, 481, 482, 483, 485, 486, 487, 488, 489, 490, 491, 492, 493, 494, 496, 497, 498, 499, 501, 503, 504, 505, 506, 507, 508, 509, 510, 511, 512, 513, 514, 515, 516, 517, 518, 519, 520, 521, 522, 524, 525, 526, 528, 529, 530, 533, 535, 537, 539, 540, 542, 543, 544, 545, 546, 548, 549, 550, 552, 553, 554, 555, 556, 557, 558, 559, 560, 561, 562, 563, 564, 567, 569, 570, 571, 572, 573, 574, 575, 576, 577, 578, 579, 580, 582, 585, 586, 587, 588, 589, 591, 592, 593, 594, 595, 597, 598, 599, 600, 601, 602, 603, 604, 605, 607, 610, 611, 612, 614, 616, 617, 618, 620, 621, 623, 624, 625, 626, 627, 629, 630, 631, 632, 634, 635, 636, 637, 639, 641, 642, 644, 645, 646, 647, 649, 650, 651, 652, 653, 654, 655, 657, 658, 659, 661, 665, 667, 668, 669, 670, 671, 672, 673, 676, 677, 678, 679, 680, 681, 682, 683, 684, 686, 687, 688, 689, 690, 691, 692, 693, 694, 695, 697, 698, 699, 700, 701, 702, 703, 707, 708, 709, 710, 711, 712, 713, 714, 715, 716, 717, 718, 719, 721, 722, 723, 724, 725, 726, 727, 728, 729, 730, 731, 733, 734, 735, 736, 737, 738, 740, 742, 744, 745, 746, 747, 748, 749, 750, 751, 752, 757, 758, 759, 760, 761, 762, 763, 764, 765, 766, 767, 768, 769, 770, 771, 773, 775, 776, 777, 778, 780, 782, 783, 784, 785, 786, 787, 788, 789, 790, 791, 792, 793, 794, 795, 796, 798, 799, 800, 801, 802, 803, 805, 806, 807, 808, 809, 810, 811, 812, 813, 814, 815, 816, 817, 818, 819, 821, 822, 823, 825, 826, 827, 828, 829, 830, 832, 833, 834, 835, 836, 837, 839, 840, 841, 842, 843, 844, 845, 846, 847, 848, 849, 851, 852, 853, 854, 855, 856, 858, 860, 862, 863, 864, 865, 866, 867, 869, 871, 872, 873, 874, 876, 877, 878, 879, 880, 881, 882, 883, 885, 886, 887, 889]
[1, 13, 20, 23, 31, 32, 41, 51, 63, 71, 81, 85, 92, 95, 98, 101, 108, 113, 114, 118, 120, 122, 127, 131, 133, 146, 153, 166, 168, 169, 178, 185, 187, 189, 195, 196, 199, 206, 215, 232, 240, 241, 245, 261, 271, 278, 282, 303, 309, 310, 315, 319, 320, 324, 329, 342, 353, 361, 363, 368, 370, 376, 384, 386, 395, 405, 406, 407, 408, 414, 417, 418, 426, 429, 433, 450, 457, 460, 469, 472, 500, 508, 509, 517, 521, 526, 534, 562, 563, 577, 585, 595, 602, 605, 607, 634, 636, 638, 640, 662, 674, 685, 688, 691, 707, 725, 728, 729, 732, 737, 740, 749, 769, 770, 777, 781, 799, 820, 821, 849, 857, 866, 888, 889]

[0, 1, 2, 3, 4, 5, 8, 9, 10, 11, 12, 13, 14, 15, 16, 17, 18, 19, 20, 21, 22, 23, 24, 25, 26, 27, 28, 29, 30, 31, 32, 33, 34, 35, 37, 39, 40, 41, 42, 43, 45, 46, 48, 49, 50, 51, 52, 53, 54, 55, 56, 57, 58, 59, 60, 61, 63, 64, 65, 66, 67, 68, 69, 70, 71, 72, 73, 74, 75, 76, 77, 79, 80, 81, 82, 84, 86, 87, 88, 89, 91, 92, 93, 94, 95, 96, 98, 100, 101, 103, 104, 106, 107, 108, 109, 110, 111, 112, 113, 114, 115, 117, 118, 119, 120, 121, 122, 123, 125, 126, 127, 128, 129, 130, 131, 132, 133, 134, 135, 136, 138, 139, 140, 141, 142, 143, 144, 145, 147, 148, 149, 150, 152, 153, 154, 156, 157, 158, 160, 161, 162, 163, 165, 166, 168, 169, 170, 171, 172, 173, 174, 176, 177, 181, 182, 183, 184, 185, 186, 187, 188, 189, 190, 191, 193, 195, 196, 197, 198, 199, 200, 201, 202, 203, 205, 206, 207, 208, 209, 210, 211, 212, 213, 215, 217, 218, 219, 220, 221, 222, 223, 224, 225, 226, 227, 228, 230, 231, 232, 234, 235, 236, 237, 238, 239, 240, 241, 242, 243, 244, 245, 247, 248, 249, 250, 252, 253, 254, 255, 256, 257, 258, 259, 260, 261, 262, 263, 264, 265, 266, 267, 268, 269, 270, 272, 273, 277, 278, 279, 280, 282, 283, 284, 285, 286, 287, 288, 289, 290, 291, 292, 293, 294, 295, 296, 297, 298, 299, 300, 301, 302, 303, 304, 305, 306, 307, 308, 309, 310, 311, 312, 313, 315, 316, 317, 318, 319, 320, 321, 322, 324, 325, 326, 327, 328, 329, 331, 332, 333, 335, 336, 337, 338, 339, 340, 341, 342, 343, 345, 346, 347, 348, 349, 350, 351, 352, 353, 354, 355, 356, 357, 358, 359, 360, 361, 362, 363, 365, 366, 367, 368, 370, 371, 372, 373, 374, 375, 376, 377, 378, 380, 381, 382, 384, 385, 386, 387, 388, 389, 390, 391, 392, 393, 394, 395, 396, 397, 398, 399, 400, 401, 402, 403, 404, 406, 407, 408, 410, 411, 412, 413, 414, 415, 416, 417, 419, 420, 421, 423, 424, 425, 426, 427, 428, 430, 431, 433, 434, 435, 436, 437, 438, 440, 441, 442, 444, 445, 447, 448, 449, 450, 451, 452, 453, 455, 456, 457, 458, 459, 460, 461, 462, 463, 464, 466, 467, 468, 469, 470, 472, 473, 474, 475, 477, 478, 479, 480, 481, 482, 483, 485, 486, 487, 488, 489, 490, 491, 492, 493, 494, 496, 497, 498, 499, 501, 503, 504, 505, 506, 507, 508, 509, 510, 511, 512, 513, 514, 515, 516, 517, 518, 519, 520, 521, 522, 523, 524, 525, 526, 528, 529, 530, 532, 533, 535, 537, 539, 540, 541, 542, 543, 544, 545, 546, 547, 548, 549, 550, 551, 552, 553, 554, 555, 556, 557, 558, 559, 560, 561, 562, 563, 564, 567, 569, 570, 571, 572, 573, 574, 575, 576, 577, 578, 579, 580, 582, 584, 585, 586, 587, 588, 589, 591, 592, 593, 594, 595, 597, 598, 599, 600, 601, 602, 603, 604, 605, 607, 610, 611, 612, 614, 616, 617, 618, 620, 621, 622, 623, 624, 625, 626, 627, 629, 630, 631, 632, 633, 634, 635, 636, 637, 639, 641, 642, 644, 645, 646, 647, 649, 650, 651, 652, 653, 654, 655, 657, 658, 659, 661, 665, 667, 668, 669, 670, 671, 672, 673, 676, 677, 678, 679, 680, 681, 682, 683, 684, 686, 687, 688, 689, 690, 691, 692, 693, 694, 695, 697, 698, 699, 700, 701, 702, 703, 707, 708, 709, 710, 711, 712, 713, 714, 715, 716, 717, 718, 719, 721, 722, 723, 724, 725, 726, 727, 728, 729, 730, 731, 733, 734, 735, 736, 737, 738, 740, 742, 744, 745, 746, 747, 748, 749, 750, 751, 752, 756, 757, 758, 759, 760, 761, 762, 763, 764, 765, 766, 767, 768, 769, 770, 771, 773, 775, 776, 777, 778, 780, 782, 783, 784, 785, 786, 787, 788, 789, 790, 791, 792, 793, 794, 795, 796, 798, 799, 800, 801, 802, 803, 804, 805, 806, 807, 808, 809, 810, 811, 812, 813, 814, 815, 816, 817, 818, 819, 821, 822, 823, 825, 826, 827, 828, 829, 830, 832, 833, 834, 835, 836, 837, 839, 840, 841, 842, 843, 844, 845, 846, 847, 848, 849, 851, 852, 853, 854, 855, 856, 858, 860, 862, 863, 864, 865, 866, 867, 869, 871, 872, 873, 874, 876, 877, 878, 879, 880, 881, 882, 883, 885, 886, 887, 889]
[1, 13, 20, 23, 31, 32, 41, 51, 63, 71, 81, 85, 92, 95, 98, 101, 108, 113, 114, 118, 120, 122, 127, 131, 133, 146, 153, 166, 168, 169, 178, 185, 187, 189, 195, 196, 199, 206, 215, 232, 240, 241, 245, 261, 271, 278, 282, 303, 309, 310, 315, 319, 320, 324, 329, 342, 353, 361, 363, 368, 370, 376, 384, 386, 395, 405, 406, 407, 408, 414, 417, 418, 426, 429, 433, 450, 457, 460, 469, 472, 500, 508, 509, 517, 521, 526, 534, 562, 563, 577, 585, 595, 602, 605, 607, 634, 636, 638, 640, 662, 674, 685, 688, 691, 707, 725, 728, 729, 732, 737, 740, 749, 769, 770, 777, 781, 799, 820, 821, 849, 857, 866, 888, 889]

[0, 1, 2, 3, 4, 5, 6, 8, 9, 10, 11, 12, 13, 14, 15, 16, 17, 18, 19, 20, 21, 22, 23, 24, 25, 26, 27, 28, 29, 30, 31, 32, 33, 34, 35, 37, 39, 40, 41, 42, 43, 45, 46, 48, 49, 50, 51, 52, 53, 54, 55, 56, 57, 58, 59, 60, 61, 62, 63, 64, 65, 66, 67, 68, 69, 70, 71, 72, 73, 74, 75, 76, 77, 79, 80, 81, 82, 84, 86, 87, 88, 89, 91, 92, 93, 94, 95, 96, 97, 98, 100, 101, 103, 104, 106, 107, 108, 109, 110, 111, 112, 113, 114, 115, 117, 118, 119, 120, 121, 122, 123, 125, 126, 127, 128, 129, 130, 131, 132, 133, 134, 135, 136, 138, 139, 140, 141, 142, 143, 144, 145, 147, 148, 149, 150, 152, 153, 154, 156, 157, 158, 160, 161, 162, 163, 165, 166, 168, 169, 170, 171, 172, 173, 174, 176, 177, 178, 181, 182, 183, 184, 185, 186, 187, 188, 189, 190, 191, 192, 193, 195, 196, 197, 198, 199, 200, 201, 202, 203, 205, 206, 207, 208, 209, 210, 211, 212, 213, 215, 217, 218, 219, 220, 221, 222, 223, 224, 225, 226, 227, 228, 230, 231, 232, 234, 235, 236, 237, 238, 239, 240, 241, 242, 243, 244, 245, 247, 248, 249, 250, 252, 253, 254, 255, 256, 257, 258, 259, 260, 261, 262, 263, 264, 265, 266, 267, 268, 269, 270, 272, 273, 274, 277, 278, 279, 280, 282, 283, 284, 285, 286, 287, 288, 289, 290, 291, 292, 293, 294, 295, 296, 297, 298, 299, 300, 301, 302, 303, 304, 305, 306, 307, 308, 309, 310, 311, 312, 313, 315, 316, 317, 318, 319, 320, 321, 322, 324, 325, 326, 327, 328, 329, 331, 332, 333, 335, 336, 337, 338, 339, 340, 341, 342, 343, 344, 345, 346, 347, 348, 349, 350, 351, 352, 353, 354, 355, 356, 357, 358, 359, 360, 361, 362, 363, 365, 366, 367, 368, 370, 371, 372, 373, 374, 375, 376, 377, 378, 380, 381, 382, 384, 385, 386, 387, 388, 389, 390, 391, 392, 393, 394, 395, 396, 397, 398, 399, 400, 401, 402, 403, 404, 406, 407, 408, 410, 411, 412, 413, 414, 415, 416, 417, 419, 420, 421, 423, 424, 425, 426, 427, 428, 430, 431, 433, 434, 435, 436, 437, 438, 440, 441, 442, 444, 445, 447, 448, 449, 450, 451, 452, 453, 455, 456, 457, 458, 459, 460, 461, 462, 463, 464, 466, 467, 468, 469, 470, 472, 473, 474, 475, 477, 478, 479, 480, 481, 482, 483, 484, 485, 486, 487, 488, 489, 490, 491, 492, 493, 494, 496, 497, 498, 499, 500, 501, 503, 504, 505, 506, 507, 508, 509, 510, 511, 512, 513, 514, 515, 516, 517, 518, 519, 520, 521, 522, 523, 524, 525, 526, 527, 528, 529, 530, 532, 533, 535, 537, 539, 540, 541, 542, 543, 544, 545, 546, 547, 548, 549, 550, 551, 552, 553, 554, 555, 556, 557, 558, 559, 560, 561, 562, 563, 564, 567, 569, 570, 571, 572, 573, 574, 575, 576, 577, 578, 579, 580, 581, 582, 584, 585, 586, 587, 588, 589, 591, 592, 593, 594, 595, 597, 598, 599, 600, 601, 602, 603, 604, 605, 607, 610, 611, 612, 614, 616, 617, 618, 619, 620, 621, 622, 623, 624, 625, 626, 627, 629, 630, 631, 632, 633, 634, 635, 636, 637, 639, 641, 642, 643, 644, 645, 646, 647, 648, 649, 650, 651, 652, 653, 654, 655, 656, 657, 658, 659, 661, 665, 667, 668, 669, 670, 671, 672, 673, 674, 676, 677, 678, 679, 680, 681, 682, 683, 684, 685, 686, 687, 688, 689, 690, 691, 692, 693, 694, 695, 696, 697, 698, 699, 700, 701, 702, 703, 707, 708, 709, 710, 711, 712, 713, 714, 715, 716, 717, 718, 719, 721, 722, 723, 724, 725, 726, 727, 728, 729, 730, 731, 733, 734, 735, 736, 737, 738, 740, 741, 742, 744, 745, 746, 747, 748, 749, 750, 751, 752, 753, 755, 756, 757, 758, 759, 760, 761, 762, 763, 764, 765, 766, 767, 768, 769, 770, 771, 773, 775, 776, 777, 778, 779, 780, 782, 783, 784, 785, 786, 787, 788, 789, 790, 791, 792, 793, 794, 795, 796, 798, 799, 800, 801, 802, 803, 804, 805, 806, 807, 808, 809, 810, 811, 812, 813, 814, 815, 816, 817, 818, 819, 821, 822, 823, 825, 826, 827, 828, 829, 830, 832, 833, 834, 835, 836, 837, 839, 840, 841, 842, 843, 844, 845, 846, 847, 848, 849, 850, 851, 852, 853, 854, 855, 856, 858, 860, 861, 862, 863, 864, 865, 866, 867, 869, 871, 872, 873, 874, 876, 877, 878, 879, 880, 881, 882, 883, 885, 886, 887, 889]
[1, 13, 20, 23, 31, 32, 41, 51, 63, 71, 81, 85, 92, 95, 98, 101, 108, 113, 114, 118, 120, 122, 127, 131, 133, 146, 153, 166, 168, 169, 178, 185, 187, 189, 195, 196, 199, 206, 215, 232, 240, 241, 245, 261, 271, 278, 282, 303, 309, 310, 315, 319, 320, 324, 329, 342, 353, 361, 363, 368, 370, 376, 384, 386, 395, 405, 406, 407, 408, 414, 417, 418, 426, 429, 433, 450, 457, 460, 469, 472, 500, 508, 509, 517, 521, 526, 534, 562, 563, 577, 585, 595, 602, 605, 607, 634, 636, 638, 640, 662, 674, 685, 688, 691, 707, 725, 728, 729, 732, 737, 740, 749, 769, 770, 777, 781, 799, 820, 821, 849, 857, 866, 888, 889]

